1
0.000 0.001 0.000000
0.001 0.002 0.000000
0.002 0.003 0.000000
0.003 0.004 0.000000
0.004 0.005 0.000000
0.005 0.006 0.000000
0.006 0.007 0.000000
0.007 0.008 0.000000
0.008 0.009 0.000000
0.009 0.010 0.000000
0.010 0.011 0.000000
0.011 0.012 0.000000
0.012 0.013 0.000000
0.013 0.014 0.000000
0.014 0.015 0.000000
0.015 0.016 0.000000
0.016 0.017 0.000000
0.017 0.018 0.000000
0.018 0.019 0.000000
0.019 0.020 0.000001
0.020 0.021 0.000007
0.021 0.022 0.000032
0.022 0.023 0.000118
0.023 0.024 0.000359
0.024 0.025 0.000927
0.025 0.026 0.002082
0.026 0.027 0.004164
0.027 0.028 0.007611
0.028 0.029 0.012830
0.029 0.030 0.020087
0.030 0.031 0.029812
0.031 0.032 0.041931
0.032 0.033 0.056837
0.033 0.034 0.074356
0.034 0.035 0.094132
0.035 0.036 0.115494
0.036 0.037 0.138557
0.037 0.038 0.163419
0.038 0.039 0.188017
0.039 0.040 0.212762
0.040 0.041 0.237779
0.041 0.042 0.261744
0.042 0.043 0.285203
0.043 0.044 0.307642
0.044 0.045 0.329109
0.045 0.046 0.347388
0.046 0.047 0.364095
0.047 0.048 0.381298
0.048 0.049 0.395505
0.049 0.050 0.405433
0.050 0.051 0.417074
0.051 0.052 0.428818
0.052 0.053 0.437583
0.053 0.054 0.443944
0.054 0.055 0.448937
0.055 0.056 0.454366
0.056 0.057 0.459270
0.057 0.058 0.644070
0.058 0.059 1.000000
0.059 0.060 0.817968
0.060 0.061 0.470650
0.061 0.062 0.468332
0.062 0.063 0.445727
0.063 0.064 0.440058
0.064 0.065 0.433101
0.065 0.066 0.426810
0.066 0.067 0.572881
0.067 0.068 0.570026
0.068 0.069 0.441297
0.069 0.070 0.399261
0.070 0.071 0.325380
0.071 0.072 0.320405
0.072 0.073 0.313027
0.073 0.074 0.308278
0.074 0.075 0.303344
0.075 0.076 0.297256
0.076 0.077 0.288770
0.077 0.078 0.281679
0.078 0.079 0.276610
0.079 0.080 0.270726
0.080 0.081 0.263198
0.081 0.082 0.253881
0.082 0.083 0.244187
0.083 0.084 0.237389
0.084 0.085 0.231543
0.085 0.086 0.226186
0.086 0.087 0.219435
0.087 0.088 0.214920
0.088 0.089 0.208423
0.089 0.090 0.200052
0.090 0.091 0.192743
0.091 0.092 0.182570
0.092 0.093 0.175318
0.093 0.094 0.171289
0.094 0.095 0.164003
0.095 0.096 0.156942
0.096 0.097 0.148827
0.097 0.098 0.141311
0.098 0.099 0.134632
0.099 0.100 0.129270
0.100 0.101 0.124481
0.101 0.102 0.119093
0.102 0.103 0.112308
0.103 0.104 0.107087
0.104 0.105 0.102014
0.105 0.106 0.095683
0.106 0.107 0.089956
0.107 0.108 0.083060
0.108 0.109 0.076504
0.109 0.110 0.072104
0.110 0.111 0.067649
0.111 0.112 0.063809
0.112 0.113 0.058415
0.113 0.114 0.053690
0.114 0.115 0.049579
0.115 0.116 0.044944
0.116 0.117 0.040324
0.117 0.118 0.035653
0.118 0.119 0.029054
0.119 0.120 0.026474
0.120 0.121 0.025340
0.121 0.122 0.022563
0.122 0.123 0.019726
0.123 0.124 0.016714
0.124 0.125 0.013224
0.125 0.126 0.009174
0.126 0.127 0.007513
0.127 0.128 0.005612
0.128 0.129 0.003782
0.129 0.130 0.001460
0.130 0.131 0.000818
0.131 0.132 0.000000
0.132 0.133 0.000000
0.133 0.134 0.000000
0.134 0.135 0.000000
0.135 0.136 0.000000
0.136 0.137 0.000000
0.137 0.138 0.000000
0.138 0.139 0.000000
0.139 0.140 0.000000
0.140 0.141 0.000000
0.141 0.142 0.000000
0.142 0.143 0.000000
0.143 0.144 0.000000
0.144 0.145 0.000000
0.145 0.146 0.000000
0.146 0.147 0.000000
0.147 0.148 0.000000
0.148 0.149 0.000000
0.149 0.150 0.000000
