1
0.000 0.001 0.000000
0.001 0.002 0.000000
0.002 0.003 0.000000
0.003 0.004 0.000000
0.004 0.005 0.000000
0.005 0.006 0.000000
0.006 0.007 0.000000
0.007 0.008 0.000000
0.008 0.009 0.000000
0.009 0.010 0.000000
0.010 0.011 0.000000
0.011 0.012 0.000000
0.012 0.013 0.000000
0.013 0.014 0.000000
0.014 0.015 0.000000
0.015 0.016 0.000000
0.016 0.017 0.000000
0.017 0.018 0.000000
0.018 0.019 0.000000
0.019 0.020 0.000000
0.020 0.021 0.000000
0.021 0.022 0.000001
0.022 0.023 0.000006
0.023 0.024 0.000030
0.024 0.025 0.000109
0.025 0.026 0.000331
0.026 0.027 0.000860
0.027 0.028 0.001965
0.028 0.029 0.004039
0.029 0.030 0.007542
0.030 0.031 0.012998
0.031 0.032 0.020880
0.032 0.033 0.031827
0.033 0.034 0.046002
0.034 0.035 0.063497
0.035 0.036 0.084720
0.036 0.037 0.108993
0.037 0.038 0.136134
0.038 0.039 0.166482
0.039 0.040 0.199455
0.040 0.041 0.233091
0.041 0.042 0.268111
0.042 0.043 0.303872
0.043 0.044 0.339335
0.044 0.045 0.375113
0.045 0.046 0.407714
0.046 0.047 0.439846
0.047 0.048 0.469962
0.048 0.049 0.497206
0.049 0.050 0.521608
0.050 0.051 0.545548
0.051 0.052 0.569178
0.052 0.053 0.585690
0.053 0.054 0.600066
0.054 0.055 0.614044
0.055 0.056 0.622717
0.056 0.057 0.627664
0.057 0.058 0.754628
0.058 0.059 1.000000
0.059 0.060 0.883661
0.060 0.061 0.646424
0.061 0.062 0.640026
0.062 0.063 0.618372
0.063 0.064 0.608099
0.064 0.065 0.597050
0.065 0.066 0.584070
0.066 0.067 0.683650
0.067 0.068 0.674501
0.068 0.069 0.562711
0.069 0.070 0.512619
0.070 0.071 0.448924
0.071 0.072 0.433740
0.072 0.073 0.411284
0.073 0.074 0.393010
0.074 0.075 0.372337
0.075 0.076 0.350412
0.076 0.077 0.328225
0.077 0.078 0.304395
0.078 0.079 0.287815
0.079 0.080 0.270750
0.080 0.081 0.249741
0.081 0.082 0.223202
0.082 0.083 0.203472
0.083 0.084 0.184954
0.084 0.085 0.164110
0.085 0.086 0.148349
0.086 0.087 0.130049
0.087 0.088 0.110595
0.088 0.089 0.093072
0.089 0.090 0.077667
0.090 0.091 0.063253
0.091 0.092 0.050996
0.092 0.093 0.037439
0.093 0.094 0.027783
0.094 0.095 0.016433
0.095 0.096 0.008049
0.096 0.097 0.002157
0.097 0.098 0.000000
0.098 0.099 0.000000
0.099 0.100 0.000000
0.100 0.101 0.000000
0.101 0.102 0.000000
0.102 0.103 0.000000
0.103 0.104 0.000000
0.104 0.105 0.000000
0.105 0.106 0.000000
0.106 0.107 0.000000
0.107 0.108 0.000000
0.108 0.109 0.000000
0.109 0.110 0.000000
0.110 0.111 0.000000
0.111 0.112 0.000000
0.112 0.113 0.000000
0.113 0.114 0.000000
0.114 0.115 0.000000
0.115 0.116 0.000000
0.116 0.117 0.000000
0.117 0.118 0.000000
0.118 0.119 0.000000
0.119 0.120 0.000000
0.120 0.121 0.000000
0.121 0.122 0.000000
0.122 0.123 0.000000
0.123 0.124 0.000000
0.124 0.125 0.000000
0.125 0.126 0.000000
0.126 0.127 0.000000
0.127 0.128 0.000000
0.128 0.129 0.000000
0.129 0.130 0.000000
0.130 0.131 0.000000
0.131 0.132 0.000000
0.132 0.133 0.000000
0.133 0.134 0.000000
0.134 0.135 0.000000
0.135 0.136 0.000000
0.136 0.137 0.000000
0.137 0.138 0.000000
0.138 0.139 0.000000
0.139 0.140 0.000000
0.140 0.141 0.000000
0.141 0.142 0.000000
0.142 0.143 0.000000
0.143 0.144 0.000000
0.144 0.145 0.000000
0.145 0.146 0.000000
0.146 0.147 0.000000
0.147 0.148 0.000000
0.148 0.149 0.000000
0.149 0.150 0.000000
