1
0.000 0.001 0.000000
0.001 0.002 0.000000
0.002 0.003 0.000000
0.003 0.004 0.000000
0.004 0.005 0.000000
0.005 0.006 0.000000
0.006 0.007 0.000000
0.007 0.008 0.000000
0.008 0.009 0.000000
0.009 0.010 0.000000
0.010 0.011 0.000000
0.011 0.012 0.000000
0.012 0.013 0.000000
0.013 0.014 0.000000
0.014 0.015 0.000000
0.015 0.016 0.000000
0.016 0.017 0.000000
0.017 0.018 0.000000
0.018 0.019 0.000003
0.019 0.020 0.000018
0.020 0.021 0.000089
0.021 0.022 0.000331
0.022 0.023 0.000993
0.023 0.024 0.002508
0.024 0.025 0.005515
0.025 0.026 0.010773
0.026 0.027 0.019040
0.027 0.028 0.031135
0.028 0.029 0.047682
0.029 0.030 0.068764
0.030 0.031 0.093929
0.031 0.032 0.123823
0.032 0.033 0.157858
0.033 0.034 0.194854
0.034 0.035 0.234020
0.035 0.036 0.274816
0.036 0.037 0.315524
0.037 0.038 0.354454
0.038 0.039 0.392817
0.039 0.040 0.430726
0.040 0.041 0.464363
0.041 0.042 0.495404
0.042 0.043 0.524320
0.043 0.044 0.547311
0.044 0.045 0.571864
0.045 0.046 0.591993
0.046 0.047 0.608407
0.047 0.048 0.623147
0.048 0.049 0.634190
0.049 0.050 0.639311
0.050 0.051 0.643802
0.051 0.052 0.647764
0.052 0.053 0.647688
0.053 0.054 0.644207
0.054 0.055 0.637662
0.055 0.056 0.627928
0.056 0.057 0.623789
0.057 0.058 0.751801
0.058 0.059 1.000000
0.059 0.060 0.854296
0.060 0.061 0.591350
0.061 0.062 0.578032
0.062 0.063 0.549569
0.063 0.064 0.530672
0.064 0.065 0.513396
0.065 0.066 0.497403
0.066 0.067 0.588975
0.067 0.068 0.571217
0.068 0.069 0.465693
0.069 0.070 0.421697
0.070 0.071 0.362400
0.071 0.072 0.348637
0.072 0.073 0.330391
0.073 0.074 0.319501
0.074 0.075 0.307201
0.075 0.076 0.289904
0.076 0.077 0.271498
0.077 0.078 0.253195
0.078 0.079 0.244438
0.079 0.080 0.234377
0.080 0.081 0.221136
0.081 0.082 0.205752
0.082 0.083 0.191260
0.083 0.084 0.176646
0.084 0.085 0.163175
0.085 0.086 0.150720
0.086 0.087 0.135054
0.087 0.088 0.125463
0.088 0.089 0.114970
0.089 0.090 0.103928
0.090 0.091 0.092148
0.091 0.092 0.080816
0.092 0.093 0.070692
0.093 0.094 0.059066
0.094 0.095 0.051625
0.095 0.096 0.044633
0.096 0.097 0.036099
0.097 0.098 0.027284
0.098 0.099 0.016712
0.099 0.100 0.012321
0.100 0.101 0.009625
0.101 0.102 0.003754
0.102 0.103 0.002180
0.103 0.104 0.000000
0.104 0.105 0.000000
0.105 0.106 0.000000
0.106 0.107 0.000000
0.107 0.108 0.000000
0.108 0.109 0.000000
0.109 0.110 0.000000
0.110 0.111 0.000000
0.111 0.112 0.000000
0.112 0.113 0.000000
0.113 0.114 0.000000
0.114 0.115 0.000000
0.115 0.116 0.000000
0.116 0.117 0.000000
0.117 0.118 0.000000
0.118 0.119 0.000000
0.119 0.120 0.000000
0.120 0.121 0.000000
0.121 0.122 0.000000
0.122 0.123 0.000000
0.123 0.124 0.000000
0.124 0.125 0.000000
0.125 0.126 0.000000
0.126 0.127 0.000000
0.127 0.128 0.000000
0.128 0.129 0.000000
0.129 0.130 0.000000
0.130 0.131 0.000000
0.131 0.132 0.000000
0.132 0.133 0.000000
0.133 0.134 0.000000
0.134 0.135 0.000000
0.135 0.136 0.000000
0.136 0.137 0.000000
0.137 0.138 0.000000
0.138 0.139 0.000000
0.139 0.140 0.000000
0.140 0.141 0.000000
0.141 0.142 0.000000
0.142 0.143 0.000000
0.143 0.144 0.000000
0.144 0.145 0.000000
0.145 0.146 0.000000
0.146 0.147 0.000000
0.147 0.148 0.000000
0.148 0.149 0.000000
0.149 0.150 0.000000
