1
0.000 0.001 0.000000
0.001 0.002 0.000000
0.002 0.003 0.000000
0.003 0.004 0.000000
0.004 0.005 0.000000
0.005 0.006 0.000000
0.006 0.007 0.000000
0.007 0.008 0.000000
0.008 0.009 0.000000
0.009 0.010 0.000000
0.010 0.011 0.000000
0.011 0.012 0.000000
0.012 0.013 0.000000
0.013 0.014 0.000001
0.014 0.015 0.000009
0.015 0.016 0.000065
0.016 0.017 0.000309
0.017 0.018 0.001077
0.018 0.019 0.002948
0.019 0.020 0.006745
0.020 0.021 0.013393
0.021 0.022 0.023605
0.022 0.023 0.037886
0.023 0.024 0.056511
0.024 0.025 0.079217
0.025 0.026 0.105269
0.026 0.027 0.133991
0.027 0.028 0.165148
0.028 0.029 0.197357
0.029 0.030 0.229067
0.030 0.031 0.260832
0.031 0.032 0.291434
0.032 0.033 0.320189
0.033 0.034 0.347515
0.034 0.035 0.372654
0.035 0.036 0.394394
0.036 0.037 0.414769
0.037 0.038 0.433722
0.038 0.039 0.447467
0.039 0.040 0.458863
0.040 0.041 0.469469
0.041 0.042 0.476795
0.042 0.043 0.483345
0.043 0.044 0.488123
0.044 0.045 0.491955
0.045 0.046 0.493079
0.046 0.047 0.491400
0.047 0.048 0.492492
0.048 0.049 0.492165
0.049 0.050 0.487504
0.050 0.051 0.482258
0.051 0.052 0.479011
0.052 0.053 0.475090
0.053 0.054 0.468550
0.054 0.055 0.461626
0.055 0.056 0.457390
0.056 0.057 0.452687
0.057 0.058 0.640928
0.058 0.059 1.000000
0.059 0.060 0.794668
0.060 0.061 0.433392
0.061 0.062 0.425668
0.062 0.063 0.399634
0.063 0.064 0.390589
0.064 0.065 0.380418
0.065 0.066 0.372391
0.066 0.067 0.503785
0.067 0.068 0.495711
0.068 0.069 0.377362
0.069 0.070 0.337684
0.070 0.071 0.270948
0.071 0.072 0.264646
0.072 0.073 0.257307
0.073 0.074 0.252739
0.074 0.075 0.247760
0.075 0.076 0.242103
0.076 0.077 0.234332
0.077 0.078 0.228041
0.078 0.079 0.224395
0.079 0.080 0.219533
0.080 0.081 0.212819
0.081 0.082 0.205434
0.082 0.083 0.198822
0.083 0.084 0.192646
0.084 0.085 0.187217
0.085 0.086 0.182370
0.086 0.087 0.176007
0.087 0.088 0.172109
0.088 0.089 0.167132
0.089 0.090 0.160008
0.090 0.091 0.153571
0.091 0.092 0.144712
0.092 0.093 0.138892
0.093 0.094 0.136177
0.094 0.095 0.130382
0.095 0.096 0.124766
0.096 0.097 0.118874
0.097 0.098 0.111453
0.098 0.099 0.104739
0.099 0.100 0.099310
0.100 0.101 0.094881
0.101 0.102 0.089814
0.102 0.103 0.082971
0.103 0.104 0.078094
0.104 0.105 0.073873
0.105 0.106 0.068588
0.106 0.107 0.063270
0.107 0.108 0.057857
0.108 0.109 0.053270
0.109 0.110 0.048436
0.110 0.111 0.043564
0.111 0.112 0.040233
0.112 0.113 0.035770
0.113 0.114 0.031667
0.114 0.115 0.028555
0.115 0.116 0.024950
0.116 0.117 0.021358
0.117 0.118 0.018311
0.118 0.119 0.014244
0.119 0.120 0.011864
0.120 0.121 0.011027
0.121 0.122 0.008969
0.122 0.123 0.006587
0.123 0.124 0.004884
0.124 0.125 0.002793
0.125 0.126 0.001273
0.126 0.127 0.000350
0.127 0.128 0.000000
0.128 0.129 0.000000
0.129 0.130 0.000000
0.130 0.131 0.000000
0.131 0.132 0.000000
0.132 0.133 0.000000
0.133 0.134 0.000000
0.134 0.135 0.000000
0.135 0.136 0.000000
0.136 0.137 0.000000
0.137 0.138 0.000000
0.138 0.139 0.000000
0.139 0.140 0.000000
0.140 0.141 0.000000
0.141 0.142 0.000000
0.142 0.143 0.000000
0.143 0.144 0.000000
0.144 0.145 0.000000
0.145 0.146 0.000000
0.146 0.147 0.000000
0.147 0.148 0.000000
0.148 0.149 0.000000
0.149 0.150 0.000000
