1
0.000 0.001 0.000000
0.001 0.002 0.000000
0.002 0.003 0.000000
0.003 0.004 0.000000
0.004 0.005 0.000000
0.005 0.006 0.000000
0.006 0.007 0.000000
0.007 0.008 0.000000
0.008 0.009 0.000000
0.009 0.010 0.000000
0.010 0.011 0.000000
0.011 0.012 0.000000
0.012 0.013 0.000000
0.013 0.014 0.000000
0.014 0.015 0.000000
0.015 0.016 0.000000
0.016 0.017 0.000000
0.017 0.018 0.000002
0.018 0.019 0.000017
0.019 0.020 0.000086
0.020 0.021 0.000335
0.021 0.022 0.001035
0.022 0.023 0.002656
0.023 0.024 0.005865
0.024 0.025 0.011456
0.025 0.026 0.020237
0.026 0.027 0.032831
0.027 0.028 0.049840
0.028 0.029 0.071542
0.029 0.030 0.097476
0.030 0.031 0.126970
0.031 0.032 0.159642
0.032 0.033 0.196101
0.033 0.034 0.233149
0.034 0.035 0.269996
0.035 0.036 0.308806
0.036 0.037 0.346044
0.037 0.038 0.379619
0.038 0.039 0.413146
0.039 0.040 0.447287
0.040 0.041 0.475568
0.041 0.042 0.501481
0.042 0.043 0.526185
0.043 0.044 0.548222
0.044 0.045 0.567334
0.045 0.046 0.581698
0.046 0.047 0.594405
0.047 0.048 0.604628
0.048 0.049 0.612506
0.049 0.050 0.614885
0.050 0.051 0.618669
0.051 0.052 0.624131
0.052 0.053 0.621770
0.053 0.054 0.616714
0.054 0.055 0.613327
0.055 0.056 0.609743
0.056 0.057 0.603133
0.057 0.058 0.737194
0.058 0.059 1.000000
0.059 0.060 0.849705
0.060 0.061 0.578418
0.061 0.062 0.565269
0.062 0.063 0.534483
0.063 0.064 0.518733
0.064 0.065 0.505315
0.065 0.066 0.493423
0.066 0.067 0.591992
0.067 0.068 0.580990
0.068 0.069 0.473779
0.069 0.070 0.428882
0.070 0.071 0.369934
0.071 0.072 0.359110
0.072 0.073 0.344124
0.073 0.074 0.332257
0.074 0.075 0.319363
0.075 0.076 0.302835
0.076 0.077 0.286490
0.077 0.078 0.272518
0.078 0.079 0.262647
0.079 0.080 0.250507
0.080 0.081 0.233923
0.081 0.082 0.215769
0.082 0.083 0.199121
0.083 0.084 0.183234
0.084 0.085 0.167907
0.085 0.086 0.153565
0.086 0.087 0.136856
0.087 0.088 0.120615
0.088 0.089 0.101365
0.089 0.090 0.084930
0.090 0.091 0.071628
0.091 0.092 0.055877
0.092 0.093 0.039055
0.093 0.094 0.023794
0.094 0.095 0.011678
0.095 0.096 0.001231
0.096 0.097 0.000000
0.097 0.098 0.000000
0.098 0.099 0.000000
0.099 0.100 0.000000
0.100 0.101 0.000000
0.101 0.102 0.000000
0.102 0.103 0.000000
0.103 0.104 0.000000
0.104 0.105 0.000000
0.105 0.106 0.000000
0.106 0.107 0.000000
0.107 0.108 0.000000
0.108 0.109 0.000000
0.109 0.110 0.000000
0.110 0.111 0.000000
0.111 0.112 0.000000
0.112 0.113 0.000000
0.113 0.114 0.000000
0.114 0.115 0.000000
0.115 0.116 0.000000
0.116 0.117 0.000000
0.117 0.118 0.000000
0.118 0.119 0.000000
0.119 0.120 0.000000
0.120 0.121 0.000000
0.121 0.122 0.000000
0.122 0.123 0.000000
0.123 0.124 0.000000
0.124 0.125 0.000000
0.125 0.126 0.000000
0.126 0.127 0.000000
0.127 0.128 0.000000
0.128 0.129 0.000000
0.129 0.130 0.000000
0.130 0.131 0.000000
0.131 0.132 0.000000
0.132 0.133 0.000000
0.133 0.134 0.000000
0.134 0.135 0.000000
0.135 0.136 0.000000
0.136 0.137 0.000000
0.137 0.138 0.000000
0.138 0.139 0.000000
0.139 0.140 0.000000
0.140 0.141 0.000000
0.141 0.142 0.000000
0.142 0.143 0.000000
0.143 0.144 0.000000
0.144 0.145 0.000000
0.145 0.146 0.000000
0.146 0.147 0.000000
0.147 0.148 0.000000
0.148 0.149 0.000000
0.149 0.150 0.000000
