1
0.000 0.001 0.000000
0.001 0.002 0.000000
0.002 0.003 0.000000
0.003 0.004 0.000000
0.004 0.005 0.000000
0.005 0.006 0.000000
0.006 0.007 0.000000
0.007 0.008 0.000000
0.008 0.009 0.000000
0.009 0.010 0.000000
0.010 0.011 0.000000
0.011 0.012 0.000000
0.012 0.013 0.000000
0.013 0.014 0.000000
0.014 0.015 0.000000
0.015 0.016 0.000000
0.016 0.017 0.000001
0.017 0.018 0.000008
0.018 0.019 0.000046
0.019 0.020 0.000203
0.020 0.021 0.000690
0.021 0.022 0.001908
0.022 0.023 0.004462
0.023 0.024 0.009128
0.024 0.025 0.016773
0.025 0.026 0.028061
0.026 0.027 0.043425
0.027 0.028 0.063467
0.028 0.029 0.088048
0.029 0.030 0.116203
0.030 0.031 0.147849
0.031 0.032 0.181969
0.032 0.033 0.217763
0.033 0.034 0.254204
0.034 0.035 0.290745
0.035 0.036 0.326980
0.036 0.037 0.361076
0.037 0.038 0.393713
0.038 0.039 0.423149
0.039 0.040 0.450871
0.040 0.041 0.476011
0.041 0.042 0.497504
0.042 0.043 0.517641
0.043 0.044 0.534010
0.044 0.045 0.547974
0.045 0.046 0.558110
0.046 0.047 0.563424
0.047 0.048 0.569271
0.048 0.049 0.573066
0.049 0.050 0.574037
0.050 0.051 0.572900
0.051 0.052 0.573400
0.052 0.053 0.572844
0.053 0.054 0.568524
0.054 0.055 0.561770
0.055 0.056 0.555701
0.056 0.057 0.549277
0.057 0.058 0.702914
0.058 0.059 1.000000
0.059 0.060 0.825524
0.060 0.061 0.514206
0.061 0.062 0.504406
0.062 0.063 0.478781
0.063 0.064 0.465340
0.064 0.065 0.451864
0.065 0.066 0.440773
0.066 0.067 0.553053
0.067 0.068 0.541959
0.068 0.069 0.428538
0.069 0.070 0.385359
0.070 0.071 0.320810
0.071 0.072 0.307827
0.072 0.073 0.296096
0.073 0.074 0.290036
0.074 0.075 0.282567
0.075 0.076 0.272273
0.076 0.077 0.259945
0.077 0.078 0.249298
0.078 0.079 0.242572
0.079 0.080 0.234524
0.080 0.081 0.223616
0.081 0.082 0.211344
0.082 0.083 0.199331
0.083 0.084 0.190120
0.084 0.085 0.181991
0.085 0.086 0.174938
0.086 0.087 0.165818
0.087 0.088 0.158913
0.088 0.089 0.151608
0.089 0.090 0.142024
0.090 0.091 0.131997
0.091 0.092 0.119836
0.092 0.093 0.113330
0.093 0.094 0.109110
0.094 0.095 0.102240
0.095 0.096 0.095683
0.096 0.097 0.087903
0.097 0.098 0.079004
0.098 0.099 0.069770
0.099 0.100 0.062295
0.100 0.101 0.059473
0.101 0.102 0.054864
0.102 0.103 0.048182
0.103 0.104 0.042884
0.104 0.105 0.038970
0.105 0.106 0.034100
0.106 0.107 0.028146
0.107 0.108 0.023876
0.108 0.109 0.020080
0.109 0.110 0.015992
0.110 0.111 0.012183
0.111 0.112 0.008218
0.112 0.113 0.005996
0.113 0.114 0.003965
0.114 0.115 0.001100
0.115 0.116 0.000000
0.116 0.117 0.000000
0.117 0.118 0.000000
0.118 0.119 0.000000
0.119 0.120 0.000000
0.120 0.121 0.000000
0.121 0.122 0.000000
0.122 0.123 0.000000
0.123 0.124 0.000000
0.124 0.125 0.000000
0.125 0.126 0.000000
0.126 0.127 0.000000
0.127 0.128 0.000000
0.128 0.129 0.000000
0.129 0.130 0.000000
0.130 0.131 0.000000
0.131 0.132 0.000000
0.132 0.133 0.000000
0.133 0.134 0.000000
0.134 0.135 0.000000
0.135 0.136 0.000000
0.136 0.137 0.000000
0.137 0.138 0.000000
0.138 0.139 0.000000
0.139 0.140 0.000000
0.140 0.141 0.000000
0.141 0.142 0.000000
0.142 0.143 0.000000
0.143 0.144 0.000000
0.144 0.145 0.000000
0.145 0.146 0.000000
0.146 0.147 0.000000
0.147 0.148 0.000000
0.148 0.149 0.000000
0.149 0.150 0.000000
