1
0.000 0.001 0.000000
0.001 0.002 0.000000
0.002 0.003 0.000000
0.003 0.004 0.000000
0.004 0.005 0.000000
0.005 0.006 0.000000
0.006 0.007 0.000000
0.007 0.008 0.000000
0.008 0.009 0.000000
0.009 0.010 0.000000
0.010 0.011 0.000000
0.011 0.012 0.000000
0.012 0.013 0.000000
0.013 0.014 0.000000
0.014 0.015 0.000000
0.015 0.016 0.000000
0.016 0.017 0.000000
0.017 0.018 0.000000
0.018 0.019 0.000000
0.019 0.020 0.000000
0.020 0.021 0.000003
0.021 0.022 0.000015
0.022 0.023 0.000061
0.023 0.024 0.000206
0.024 0.025 0.000580
0.025 0.026 0.001403
0.026 0.027 0.002979
0.027 0.028 0.005732
0.028 0.029 0.010142
0.029 0.030 0.016525
0.030 0.031 0.025357
0.031 0.032 0.036853
0.032 0.033 0.051184
0.033 0.034 0.068233
0.034 0.035 0.087847
0.035 0.036 0.109631
0.036 0.037 0.133450
0.037 0.038 0.158796
0.038 0.039 0.184534
0.039 0.040 0.210938
0.040 0.041 0.237160
0.041 0.042 0.262606
0.042 0.043 0.288054
0.043 0.044 0.311981
0.044 0.045 0.334279
0.045 0.046 0.355913
0.046 0.047 0.375195
0.047 0.048 0.394836
0.048 0.049 0.412729
0.049 0.050 0.426464
0.050 0.051 0.438230
0.051 0.052 0.450502
0.052 0.053 0.460958
0.053 0.054 0.467784
0.054 0.055 0.472859
0.055 0.056 0.478346
0.056 0.057 0.482554
0.057 0.058 0.659783
0.058 0.059 1.000000
0.059 0.060 0.826364
0.060 0.061 0.493031
0.061 0.062 0.491406
0.062 0.063 0.470512
0.063 0.064 0.465072
0.064 0.065 0.458138
0.065 0.066 0.452504
0.066 0.067 0.596239
0.067 0.068 0.591977
0.068 0.069 0.463350
0.069 0.070 0.419410
0.070 0.071 0.345625
0.071 0.072 0.338069
0.072 0.073 0.327270
0.073 0.074 0.323034
0.074 0.075 0.317795
0.075 0.076 0.311086
0.076 0.077 0.301765
0.077 0.078 0.293867
0.078 0.079 0.289241
0.079 0.080 0.283087
0.080 0.081 0.274055
0.081 0.082 0.263416
0.082 0.083 0.254037
0.083 0.084 0.245162
0.084 0.085 0.236837
0.085 0.086 0.228146
0.086 0.087 0.220153
0.087 0.088 0.215085
0.088 0.089 0.208556
0.089 0.090 0.199364
0.090 0.091 0.190917
0.091 0.092 0.179337
0.092 0.093 0.171520
0.093 0.094 0.167340
0.094 0.095 0.159232
0.095 0.096 0.151265
0.096 0.097 0.141785
0.097 0.098 0.133147
0.098 0.099 0.125230
0.099 0.100 0.118872
0.100 0.101 0.113902
0.101 0.102 0.108004
0.102 0.103 0.099816
0.103 0.104 0.093534
0.104 0.105 0.088258
0.105 0.106 0.081544
0.106 0.107 0.074156
0.107 0.108 0.068027
0.108 0.109 0.062852
0.109 0.110 0.057206
0.110 0.111 0.051904
0.111 0.112 0.047599
0.112 0.113 0.041842
0.113 0.114 0.036919
0.114 0.115 0.031244
0.115 0.116 0.027232
0.116 0.117 0.023625
0.117 0.118 0.019635
0.118 0.119 0.014407
0.119 0.120 0.011499
0.120 0.121 0.008895
0.121 0.122 0.006878
0.122 0.123 0.004781
0.123 0.124 0.001841
0.124 0.125 0.001080
0.125 0.126 0.000000
0.126 0.127 0.000000
0.127 0.128 0.000000
0.128 0.129 0.000000
0.129 0.130 0.000000
0.130 0.131 0.000000
0.131 0.132 0.000000
0.132 0.133 0.000000
0.133 0.134 0.000000
0.134 0.135 0.000000
0.135 0.136 0.000000
0.136 0.137 0.000000
0.137 0.138 0.000000
0.138 0.139 0.000000
0.139 0.140 0.000000
0.140 0.141 0.000000
0.141 0.142 0.000000
0.142 0.143 0.000000
0.143 0.144 0.000000
0.144 0.145 0.000000
0.145 0.146 0.000000
0.146 0.147 0.000000
0.147 0.148 0.000000
0.148 0.149 0.000000
0.149 0.150 0.000000
