1
0.000 0.001 0.000000
0.001 0.002 0.000000
0.002 0.003 0.000000
0.003 0.004 0.000000
0.004 0.005 0.000000
0.005 0.006 0.000000
0.006 0.007 0.000000
0.007 0.008 0.000000
0.008 0.009 0.000000
0.009 0.010 0.000001
0.010 0.011 0.000011
0.011 0.012 0.000093
0.012 0.013 0.000505
0.013 0.014 0.002059
0.014 0.015 0.006170
0.015 0.016 0.014542
0.016 0.017 0.028768
0.017 0.018 0.049973
0.018 0.019 0.077627
0.019 0.020 0.111729
0.020 0.021 0.151416
0.021 0.022 0.193910
0.022 0.023 0.238482
0.023 0.024 0.283975
0.024 0.025 0.328071
0.025 0.026 0.369123
0.026 0.027 0.407572
0.027 0.028 0.444440
0.028 0.029 0.476850
0.029 0.030 0.503598
0.030 0.031 0.528170
0.031 0.032 0.548454
0.032 0.033 0.564366
0.033 0.034 0.579227
0.034 0.035 0.590768
0.035 0.036 0.595556
0.036 0.037 0.600901
0.037 0.038 0.607391
0.038 0.039 0.605357
0.039 0.040 0.601681
0.040 0.041 0.599114
0.041 0.042 0.592814
0.042 0.043 0.587742
0.043 0.044 0.582378
0.044 0.045 0.576224
0.045 0.046 0.567269
0.046 0.047 0.555971
0.047 0.048 0.548700
0.048 0.049 0.541299
0.049 0.050 0.529957
0.050 0.051 0.517437
0.051 0.052 0.507945
0.052 0.053 0.499305
0.053 0.054 0.487789
0.054 0.055 0.476500
0.055 0.056 0.468797
0.056 0.057 0.460115
0.057 0.058 0.645863
0.058 0.059 1.000000
0.059 0.060 0.790163
0.060 0.061 0.429624
0.061 0.062 0.419619
0.062 0.063 0.392124
0.063 0.064 0.381369
0.064 0.065 0.369292
0.065 0.066 0.360159
0.066 0.067 0.484944
0.067 0.068 0.475556
0.068 0.069 0.361502
0.069 0.070 0.322261
0.070 0.071 0.257799
0.071 0.072 0.250934
0.072 0.073 0.243571
0.073 0.074 0.238622
0.074 0.075 0.232965
0.075 0.076 0.227373
0.076 0.077 0.219726
0.077 0.078 0.213126
0.078 0.079 0.209551
0.079 0.080 0.204591
0.080 0.081 0.197387
0.081 0.082 0.189921
0.082 0.083 0.183781
0.083 0.084 0.178354
0.084 0.085 0.173244
0.085 0.086 0.168698
0.086 0.087 0.162154
0.087 0.088 0.158495
0.088 0.089 0.154024
0.089 0.090 0.147305
0.090 0.091 0.141598
0.091 0.092 0.132887
0.092 0.093 0.127538
0.093 0.094 0.125570
0.094 0.095 0.120217
0.095 0.096 0.114938
0.096 0.097 0.109553
0.097 0.098 0.102697
0.098 0.099 0.096830
0.099 0.100 0.091761
0.100 0.101 0.087510
0.101 0.102 0.083074
0.102 0.103 0.076665
0.103 0.104 0.071926
0.104 0.105 0.068249
0.105 0.106 0.063518
0.106 0.107 0.058838
0.107 0.108 0.053011
0.108 0.109 0.048043
0.109 0.110 0.042531
0.110 0.111 0.037518
0.111 0.112 0.033556
0.112 0.113 0.028456
0.113 0.114 0.024186
0.114 0.115 0.019729
0.115 0.116 0.014260
0.116 0.117 0.010162
0.117 0.118 0.006398
0.118 0.119 0.002672
0.119 0.120 0.000269
0.120 0.121 0.000000
0.121 0.122 0.000000
0.122 0.123 0.000000
0.123 0.124 0.000000
0.124 0.125 0.000000
0.125 0.126 0.000000
0.126 0.127 0.000000
0.127 0.128 0.000000
0.128 0.129 0.000000
0.129 0.130 0.000000
0.130 0.131 0.000000
0.131 0.132 0.000000
0.132 0.133 0.000000
0.133 0.134 0.000000
0.134 0.135 0.000000
0.135 0.136 0.000000
0.136 0.137 0.000000
0.137 0.138 0.000000
0.138 0.139 0.000000
0.139 0.140 0.000000
0.140 0.141 0.000000
0.141 0.142 0.000000
0.142 0.143 0.000000
0.143 0.144 0.000000
0.144 0.145 0.000000
0.145 0.146 0.000000
0.146 0.147 0.000000
0.147 0.148 0.000000
0.148 0.149 0.000000
0.149 0.150 0.000000
