1
0.000 0.001 0.000000
0.001 0.002 0.000000
0.002 0.003 0.000000
0.003 0.004 0.000000
0.004 0.005 0.000000
0.005 0.006 0.000000
0.006 0.007 0.000000
0.007 0.008 0.000000
0.008 0.009 0.000000
0.009 0.010 0.000000
0.010 0.011 0.000000
0.011 0.012 0.000000
0.012 0.013 0.000000
0.013 0.014 0.000000
0.014 0.015 0.000000
0.015 0.016 0.000005
0.016 0.017 0.000033
0.017 0.018 0.000164
0.018 0.019 0.000595
0.019 0.020 0.001713
0.020 0.021 0.004117
0.021 0.022 0.008523
0.022 0.023 0.015675
0.023 0.024 0.026223
0.024 0.025 0.040547
0.025 0.026 0.058656
0.026 0.027 0.080359
0.027 0.028 0.105481
0.028 0.029 0.133364
0.029 0.030 0.162784
0.030 0.031 0.193132
0.031 0.032 0.223617
0.032 0.033 0.254315
0.033 0.034 0.284114
0.034 0.035 0.311782
0.035 0.036 0.337974
0.036 0.037 0.362492
0.037 0.038 0.384973
0.038 0.039 0.404311
0.039 0.040 0.421236
0.040 0.041 0.435692
0.041 0.042 0.448125
0.042 0.043 0.459217
0.043 0.044 0.467234
0.044 0.045 0.474702
0.045 0.046 0.478261
0.046 0.047 0.479869
0.047 0.048 0.483527
0.048 0.049 0.484318
0.049 0.050 0.482175
0.050 0.051 0.480312
0.051 0.052 0.478879
0.052 0.053 0.474212
0.053 0.054 0.468973
0.054 0.055 0.463700
0.055 0.056 0.458216
0.056 0.057 0.452567
0.057 0.058 0.640249
0.058 0.059 1.000000
0.059 0.060 0.796681
0.060 0.061 0.434243
0.061 0.062 0.425224
0.062 0.063 0.398524
0.063 0.064 0.390476
0.064 0.065 0.381628
0.065 0.066 0.372394
0.066 0.067 0.506910
0.067 0.068 0.498981
0.068 0.069 0.376627
0.069 0.070 0.336629
0.070 0.071 0.268319
0.071 0.072 0.262148
0.072 0.073 0.254058
0.073 0.074 0.247732
0.074 0.075 0.242075
0.075 0.076 0.235021
0.076 0.077 0.228100
0.077 0.078 0.222690
0.078 0.079 0.218214
0.079 0.080 0.213505
0.080 0.081 0.208259
0.081 0.082 0.201623
0.082 0.083 0.194866
0.083 0.084 0.188520
0.084 0.085 0.182982
0.085 0.086 0.177763
0.086 0.087 0.172300
0.087 0.088 0.167716
0.088 0.089 0.161385
0.089 0.090 0.155648
0.090 0.091 0.150415
0.091 0.092 0.143739
0.092 0.093 0.138525
0.093 0.094 0.135213
0.094 0.095 0.130190
0.095 0.096 0.125597
0.096 0.097 0.121007
0.097 0.098 0.115131
0.098 0.099 0.109533
0.099 0.100 0.105248
0.100 0.101 0.100871
0.101 0.102 0.096974
0.102 0.103 0.092866
0.103 0.104 0.089553
0.104 0.105 0.085738
0.105 0.106 0.081244
0.106 0.107 0.077410
0.107 0.108 0.072929
0.108 0.109 0.069362
0.109 0.110 0.066094
0.110 0.111 0.062414
0.111 0.112 0.058527
0.112 0.113 0.054681
0.113 0.114 0.051077
0.114 0.115 0.048391
0.115 0.116 0.045598
0.116 0.117 0.042322
0.117 0.118 0.039540
0.118 0.119 0.036028
0.119 0.120 0.033204
0.120 0.121 0.031333
0.121 0.122 0.028362
0.122 0.123 0.026443
0.123 0.124 0.024427
0.124 0.125 0.021925
0.125 0.126 0.019404
0.126 0.127 0.017397
0.127 0.128 0.014951
0.128 0.129 0.012506
0.129 0.130 0.010981
0.130 0.131 0.009274
0.131 0.132 0.008287
0.132 0.133 0.006895
0.133 0.134 0.005240
0.134 0.135 0.003426
0.135 0.136 0.002565
0.136 0.137 0.001744
0.137 0.138 0.000616
0.138 0.139 0.000315
0.139 0.140 0.000000
0.140 0.141 0.000000
0.141 0.142 0.000000
0.142 0.143 0.000000
0.143 0.144 0.000000
0.144 0.145 0.000000
0.145 0.146 0.000000
0.146 0.147 0.000000
0.147 0.148 0.000000
0.148 0.149 0.000000
0.149 0.150 0.000000
