1
0.000 0.001 0.000000
0.001 0.002 0.000000
0.002 0.003 0.000000
0.003 0.004 0.000000
0.004 0.005 0.000000
0.005 0.006 0.000000
0.006 0.007 0.000000
0.007 0.008 0.000000
0.008 0.009 0.000000
0.009 0.010 0.000000
0.010 0.011 0.000000
0.011 0.012 0.000000
0.012 0.013 0.000000
0.013 0.014 0.000000
0.014 0.015 0.000000
0.015 0.016 0.000000
0.016 0.017 0.000006
0.017 0.018 0.000038
0.018 0.019 0.000182
0.019 0.020 0.000644
0.020 0.021 0.001825
0.021 0.022 0.004311
0.022 0.023 0.008818
0.023 0.024 0.016086
0.024 0.025 0.026727
0.025 0.026 0.041071
0.026 0.027 0.059179
0.027 0.028 0.081029
0.028 0.029 0.106068
0.029 0.030 0.133393
0.030 0.031 0.162498
0.031 0.032 0.192599
0.032 0.033 0.223158
0.033 0.034 0.253451
0.034 0.035 0.282572
0.035 0.036 0.310258
0.036 0.037 0.336679
0.037 0.038 0.361594
0.038 0.039 0.383398
0.039 0.040 0.403048
0.040 0.041 0.420625
0.041 0.042 0.435902
0.042 0.043 0.449508
0.043 0.044 0.460386
0.044 0.045 0.470153
0.045 0.046 0.476603
0.046 0.047 0.481043
0.047 0.048 0.486414
0.048 0.049 0.489124
0.049 0.050 0.488124
0.050 0.051 0.487540
0.051 0.052 0.487664
0.052 0.053 0.484922
0.053 0.054 0.480704
0.054 0.055 0.476029
0.055 0.056 0.472191
0.056 0.057 0.467949
0.057 0.058 0.650468
0.058 0.059 1.000000
0.059 0.060 0.803327
0.060 0.061 0.451772
0.061 0.062 0.443872
0.062 0.063 0.417226
0.063 0.064 0.407880
0.064 0.065 0.397633
0.065 0.066 0.388056
0.066 0.067 0.517909
0.067 0.068 0.509984
0.068 0.069 0.390075
0.069 0.070 0.349500
0.070 0.071 0.281835
0.071 0.072 0.275062
0.072 0.073 0.266338
0.073 0.074 0.259993
0.074 0.075 0.253817
0.075 0.076 0.246759
0.076 0.077 0.237353
0.077 0.078 0.231102
0.078 0.079 0.226469
0.079 0.080 0.221201
0.080 0.081 0.214771
0.081 0.082 0.207045
0.082 0.083 0.199704
0.083 0.084 0.192825
0.084 0.085 0.186687
0.085 0.086 0.180941
0.086 0.087 0.173863
0.087 0.088 0.169921
0.088 0.089 0.164486
0.089 0.090 0.157724
0.090 0.091 0.151760
0.091 0.092 0.143796
0.092 0.093 0.137993
0.093 0.094 0.134615
0.094 0.095 0.128909
0.095 0.096 0.123458
0.096 0.097 0.117442
0.097 0.098 0.111372
0.098 0.099 0.105869
0.099 0.100 0.101526
0.100 0.101 0.097647
0.101 0.102 0.093216
0.102 0.103 0.087934
0.103 0.104 0.083775
0.104 0.105 0.079581
0.105 0.106 0.074067
0.106 0.107 0.070321
0.107 0.108 0.065775
0.108 0.109 0.062057
0.109 0.110 0.058372
0.110 0.111 0.054585
0.111 0.112 0.051240
0.112 0.113 0.046715
0.113 0.114 0.042253
0.114 0.115 0.039483
0.115 0.116 0.036441
0.116 0.117 0.033258
0.117 0.118 0.030143
0.118 0.119 0.025995
0.119 0.120 0.023419
0.120 0.121 0.021621
0.121 0.122 0.019601
0.122 0.123 0.017559
0.123 0.124 0.015394
0.124 0.125 0.012823
0.125 0.126 0.009955
0.126 0.127 0.008525
0.127 0.128 0.006828
0.128 0.129 0.005263
0.129 0.130 0.003441
0.130 0.131 0.002416
0.131 0.132 0.001675
0.132 0.133 0.000467
0.133 0.134 0.000000
0.134 0.135 0.000000
0.135 0.136 0.000000
0.136 0.137 0.000000
0.137 0.138 0.000000
0.138 0.139 0.000000
0.139 0.140 0.000000
0.140 0.141 0.000000
0.141 0.142 0.000000
0.142 0.143 0.000000
0.143 0.144 0.000000
0.144 0.145 0.000000
0.145 0.146 0.000000
0.146 0.147 0.000000
0.147 0.148 0.000000
0.148 0.149 0.000000
0.149 0.150 0.000000
