1
0.000 0.001 0.000000
0.001 0.002 0.000000
0.002 0.003 0.000000
0.003 0.004 0.000000
0.004 0.005 0.000000
0.005 0.006 0.000000
0.006 0.007 0.000000
0.007 0.008 0.000000
0.008 0.009 0.000000
0.009 0.010 0.000000
0.010 0.011 0.000000
0.011 0.012 0.000000
0.012 0.013 0.000000
0.013 0.014 0.000000
0.014 0.015 0.000000
0.015 0.016 0.000000
0.016 0.017 0.000000
0.017 0.018 0.000000
0.018 0.019 0.000000
0.019 0.020 0.000001
0.020 0.021 0.000008
0.021 0.022 0.000043
0.022 0.023 0.000168
0.023 0.024 0.000534
0.024 0.025 0.001431
0.025 0.026 0.003313
0.026 0.027 0.006798
0.027 0.028 0.012652
0.028 0.029 0.021685
0.029 0.030 0.034655
0.030 0.031 0.052027
0.031 0.032 0.073737
0.032 0.033 0.100517
0.033 0.034 0.131730
0.034 0.035 0.166543
0.035 0.036 0.204757
0.036 0.037 0.244515
0.037 0.038 0.287188
0.038 0.039 0.332024
0.039 0.040 0.376323
0.040 0.041 0.418955
0.041 0.042 0.461623
0.042 0.043 0.501424
0.043 0.044 0.538673
0.044 0.045 0.575805
0.045 0.046 0.605027
0.046 0.047 0.634001
0.047 0.048 0.658042
0.048 0.049 0.675841
0.049 0.050 0.693447
0.050 0.051 0.709586
0.051 0.052 0.723366
0.052 0.053 0.727848
0.053 0.054 0.732806
0.054 0.055 0.737411
0.055 0.056 0.730930
0.056 0.057 0.719637
0.057 0.058 0.811907
0.058 0.059 1.000000
0.059 0.060 0.897490
0.060 0.061 0.696445
0.061 0.062 0.677688
0.062 0.063 0.650418
0.063 0.064 0.632090
0.064 0.065 0.610195
0.065 0.066 0.583550
0.066 0.067 0.643603
0.067 0.068 0.625218
0.068 0.069 0.528005
0.069 0.070 0.474663
0.070 0.071 0.416590
0.071 0.072 0.393893
0.072 0.073 0.362738
0.073 0.074 0.334055
0.074 0.075 0.303769
0.075 0.076 0.276599
0.076 0.077 0.248164
0.077 0.078 0.221344
0.078 0.079 0.193318
0.079 0.080 0.167655
0.080 0.081 0.145921
0.081 0.082 0.116914
0.082 0.083 0.096828
0.083 0.084 0.077647
0.084 0.085 0.058793
0.085 0.086 0.044344
0.086 0.087 0.027033
0.087 0.088 0.013436
0.088 0.089 0.002214
0.089 0.090 0.000000
0.090 0.091 0.000000
0.091 0.092 0.000000
0.092 0.093 0.000000
0.093 0.094 0.000000
0.094 0.095 0.000000
0.095 0.096 0.000000
0.096 0.097 0.000000
0.097 0.098 0.000000
0.098 0.099 0.000000
0.099 0.100 0.000000
0.100 0.101 0.000000
0.101 0.102 0.000000
0.102 0.103 0.000000
0.103 0.104 0.000000
0.104 0.105 0.000000
0.105 0.106 0.000000
0.106 0.107 0.000000
0.107 0.108 0.000000
0.108 0.109 0.000000
0.109 0.110 0.000000
0.110 0.111 0.000000
0.111 0.112 0.000000
0.112 0.113 0.000000
0.113 0.114 0.000000
0.114 0.115 0.000000
0.115 0.116 0.000000
0.116 0.117 0.000000
0.117 0.118 0.000000
0.118 0.119 0.000000
0.119 0.120 0.000000
0.120 0.121 0.000000
0.121 0.122 0.000000
0.122 0.123 0.000000
0.123 0.124 0.000000
0.124 0.125 0.000000
0.125 0.126 0.000000
0.126 0.127 0.000000
0.127 0.128 0.000000
0.128 0.129 0.000000
0.129 0.130 0.000000
0.130 0.131 0.000000
0.131 0.132 0.000000
0.132 0.133 0.000000
0.133 0.134 0.000000
0.134 0.135 0.000000
0.135 0.136 0.000000
0.136 0.137 0.000000
0.137 0.138 0.000000
0.138 0.139 0.000000
0.139 0.140 0.000000
0.140 0.141 0.000000
0.141 0.142 0.000000
0.142 0.143 0.000000
0.143 0.144 0.000000
0.144 0.145 0.000000
0.145 0.146 0.000000
0.146 0.147 0.000000
0.147 0.148 0.000000
0.148 0.149 0.000000
0.149 0.150 0.000000
