1
0.000 0.001 0.000000
0.001 0.002 0.000000
0.002 0.003 0.000000
0.003 0.004 0.000000
0.004 0.005 0.000000
0.005 0.006 0.000000
0.006 0.007 0.000000
0.007 0.008 0.000000
0.008 0.009 0.000000
0.009 0.010 0.000000
0.010 0.011 0.000000
0.011 0.012 0.000000
0.012 0.013 0.000000
0.013 0.014 0.000000
0.014 0.015 0.000000
0.015 0.016 0.000000
0.016 0.017 0.000002
0.017 0.018 0.000016
0.018 0.019 0.000080
0.019 0.020 0.000296
0.020 0.021 0.000881
0.021 0.022 0.002180
0.022 0.023 0.004668
0.023 0.024 0.008896
0.024 0.025 0.015380
0.025 0.026 0.024515
0.026 0.027 0.036523
0.027 0.028 0.051653
0.028 0.029 0.069689
0.029 0.030 0.089794
0.030 0.031 0.112210
0.031 0.032 0.136167
0.032 0.033 0.161015
0.033 0.034 0.186619
0.034 0.035 0.211980
0.035 0.036 0.236349
0.036 0.037 0.260686
0.037 0.038 0.284630
0.038 0.039 0.305293
0.039 0.040 0.324428
0.040 0.041 0.342717
0.041 0.042 0.358742
0.042 0.043 0.373534
0.043 0.044 0.386416
0.044 0.045 0.398663
0.045 0.046 0.407581
0.046 0.047 0.414062
0.047 0.048 0.422429
0.048 0.049 0.428739
0.049 0.050 0.431087
0.050 0.051 0.433016
0.051 0.052 0.435974
0.052 0.053 0.437008
0.053 0.054 0.435785
0.054 0.055 0.434173
0.055 0.056 0.434268
0.056 0.057 0.433757
0.057 0.058 0.628596
0.058 0.059 1.000000
0.059 0.060 0.797126
0.060 0.061 0.430133
0.061 0.062 0.425428
0.062 0.063 0.401019
0.063 0.064 0.394777
0.064 0.065 0.387130
0.065 0.066 0.380667
0.066 0.067 0.523159
0.067 0.068 0.517321
0.068 0.069 0.392790
0.069 0.070 0.352555
0.070 0.071 0.282052
0.071 0.072 0.277048
0.072 0.073 0.270654
0.073 0.074 0.266435
0.074 0.075 0.262204
0.075 0.076 0.257360
0.076 0.077 0.250300
0.077 0.078 0.244796
0.078 0.079 0.241358
0.079 0.080 0.236906
0.080 0.081 0.230994
0.081 0.082 0.224087
0.082 0.083 0.217589
0.083 0.084 0.211518
0.084 0.085 0.206300
0.085 0.086 0.201539
0.086 0.087 0.195586
0.087 0.088 0.191882
0.088 0.089 0.186656
0.089 0.090 0.179462
0.090 0.091 0.173149
0.091 0.092 0.164270
0.092 0.093 0.158253
0.093 0.094 0.155416
0.094 0.095 0.149508
0.095 0.096 0.143821
0.096 0.097 0.137986
0.097 0.098 0.130425
0.098 0.099 0.123647
0.099 0.100 0.118202
0.100 0.101 0.113456
0.101 0.102 0.108099
0.102 0.103 0.101388
0.103 0.104 0.096026
0.104 0.105 0.091369
0.105 0.106 0.085590
0.106 0.107 0.080339
0.107 0.108 0.073707
0.108 0.109 0.069008
0.109 0.110 0.064223
0.110 0.111 0.059462
0.111 0.112 0.055063
0.112 0.113 0.050156
0.113 0.114 0.045856
0.114 0.115 0.042072
0.115 0.116 0.037554
0.116 0.117 0.033934
0.117 0.118 0.030224
0.118 0.119 0.025249
0.119 0.120 0.022178
0.120 0.121 0.021050
0.121 0.122 0.018441
0.122 0.123 0.015495
0.123 0.124 0.013241
0.124 0.125 0.010606
0.125 0.126 0.007755
0.126 0.127 0.006116
0.127 0.128 0.004036
0.128 0.129 0.002774
0.129 0.130 0.001344
0.130 0.131 0.000338
0.131 0.132 0.000000
0.132 0.133 0.000000
0.133 0.134 0.000000
0.134 0.135 0.000000
0.135 0.136 0.000000
0.136 0.137 0.000000
0.137 0.138 0.000000
0.138 0.139 0.000000
0.139 0.140 0.000000
0.140 0.141 0.000000
0.141 0.142 0.000000
0.142 0.143 0.000000
0.143 0.144 0.000000
0.144 0.145 0.000000
0.145 0.146 0.000000
0.146 0.147 0.000000
0.147 0.148 0.000000
0.148 0.149 0.000000
0.149 0.150 0.000000
