1
0.000 0.001 0.000000
0.001 0.002 0.000000
0.002 0.003 0.000000
0.003 0.004 0.000000
0.004 0.005 0.000000
0.005 0.006 0.000000
0.006 0.007 0.000000
0.007 0.008 0.000000
0.008 0.009 0.000000
0.009 0.010 0.000000
0.010 0.011 0.000000
0.011 0.012 0.000000
0.012 0.013 0.000000
0.013 0.014 0.000000
0.014 0.015 0.000000
0.015 0.016 0.000000
0.016 0.017 0.000005
0.017 0.018 0.000033
0.018 0.019 0.000159
0.019 0.020 0.000580
0.020 0.021 0.001687
0.021 0.022 0.004107
0.022 0.023 0.008611
0.023 0.024 0.016200
0.024 0.025 0.027701
0.025 0.026 0.043664
0.026 0.027 0.064236
0.027 0.028 0.089651
0.028 0.029 0.119477
0.029 0.030 0.152430
0.030 0.031 0.188125
0.031 0.032 0.225428
0.032 0.033 0.263545
0.033 0.034 0.301566
0.034 0.035 0.338988
0.035 0.036 0.374828
0.036 0.037 0.407650
0.037 0.038 0.437388
0.038 0.039 0.462502
0.039 0.040 0.488467
0.040 0.041 0.511561
0.041 0.042 0.531321
0.042 0.043 0.549225
0.043 0.044 0.563079
0.044 0.045 0.575115
0.045 0.046 0.583270
0.046 0.047 0.587010
0.047 0.048 0.592081
0.048 0.049 0.595250
0.049 0.050 0.591825
0.050 0.051 0.587260
0.051 0.052 0.584515
0.052 0.053 0.580811
0.053 0.054 0.573038
0.054 0.055 0.561818
0.055 0.056 0.556042
0.056 0.057 0.550342
0.057 0.058 0.703532
0.058 0.059 1.000000
0.059 0.060 0.826280
0.060 0.061 0.517797
0.061 0.062 0.506516
0.062 0.063 0.479386
0.063 0.064 0.464259
0.064 0.065 0.449462
0.065 0.066 0.437296
0.066 0.067 0.546631
0.067 0.068 0.534227
0.068 0.069 0.421459
0.069 0.070 0.376663
0.070 0.071 0.314254
0.071 0.072 0.304255
0.072 0.073 0.292074
0.073 0.074 0.285775
0.074 0.075 0.278087
0.075 0.076 0.267501
0.076 0.077 0.254940
0.077 0.078 0.244059
0.078 0.079 0.237050
0.079 0.080 0.228834
0.080 0.081 0.217898
0.081 0.082 0.205605
0.082 0.083 0.193342
0.083 0.084 0.184300
0.084 0.085 0.176426
0.085 0.086 0.169644
0.086 0.087 0.160903
0.087 0.088 0.154298
0.088 0.089 0.147271
0.089 0.090 0.138070
0.090 0.091 0.128403
0.091 0.092 0.117645
0.092 0.093 0.109736
0.093 0.094 0.102935
0.094 0.095 0.096720
0.095 0.096 0.090811
0.096 0.097 0.083728
0.097 0.098 0.075569
0.098 0.099 0.066881
0.099 0.100 0.060678
0.100 0.101 0.057239
0.101 0.102 0.051663
0.102 0.103 0.043215
0.103 0.104 0.038845
0.104 0.105 0.035710
0.105 0.106 0.031761
0.106 0.107 0.027561
0.107 0.108 0.022648
0.108 0.109 0.018217
0.109 0.110 0.012711
0.110 0.111 0.010065
0.111 0.112 0.007869
0.112 0.113 0.005309
0.113 0.114 0.002074
0.114 0.115 0.001270
0.115 0.116 0.000000
0.116 0.117 0.000000
0.117 0.118 0.000000
0.118 0.119 0.000000
0.119 0.120 0.000000
0.120 0.121 0.000000
0.121 0.122 0.000000
0.122 0.123 0.000000
0.123 0.124 0.000000
0.124 0.125 0.000000
0.125 0.126 0.000000
0.126 0.127 0.000000
0.127 0.128 0.000000
0.128 0.129 0.000000
0.129 0.130 0.000000
0.130 0.131 0.000000
0.131 0.132 0.000000
0.132 0.133 0.000000
0.133 0.134 0.000000
0.134 0.135 0.000000
0.135 0.136 0.000000
0.136 0.137 0.000000
0.137 0.138 0.000000
0.138 0.139 0.000000
0.139 0.140 0.000000
0.140 0.141 0.000000
0.141 0.142 0.000000
0.142 0.143 0.000000
0.143 0.144 0.000000
0.144 0.145 0.000000
0.145 0.146 0.000000
0.146 0.147 0.000000
0.147 0.148 0.000000
0.148 0.149 0.000000
0.149 0.150 0.000000
