1
0.000 0.001 0.000000
0.001 0.002 0.000000
0.002 0.003 0.000000
0.003 0.004 0.000000
0.004 0.005 0.000000
0.005 0.006 0.000000
0.006 0.007 0.000000
0.007 0.008 0.000000
0.008 0.009 0.000000
0.009 0.010 0.000000
0.010 0.011 0.000000
0.011 0.012 0.000000
0.012 0.013 0.000000
0.013 0.014 0.000000
0.014 0.015 0.000000
0.015 0.016 0.000000
0.016 0.017 0.000000
0.017 0.018 0.000000
0.018 0.019 0.000000
0.019 0.020 0.000000
0.020 0.021 0.000002
0.021 0.022 0.000013
0.022 0.023 0.000053
0.023 0.024 0.000176
0.024 0.025 0.000494
0.025 0.026 0.001199
0.026 0.027 0.002562
0.027 0.028 0.004958
0.028 0.029 0.008834
0.029 0.030 0.014518
0.030 0.031 0.022439
0.031 0.032 0.032815
0.032 0.033 0.045841
0.033 0.034 0.061525
0.034 0.035 0.079821
0.035 0.036 0.100189
0.036 0.037 0.122482
0.037 0.038 0.146562
0.038 0.039 0.170980
0.039 0.040 0.195870
0.040 0.041 0.222199
0.041 0.042 0.248039
0.042 0.043 0.274030
0.043 0.044 0.299015
0.044 0.045 0.323243
0.045 0.046 0.345338
0.046 0.047 0.365254
0.047 0.048 0.385346
0.048 0.049 0.403820
0.049 0.050 0.418631
0.050 0.051 0.431206
0.051 0.052 0.443910
0.052 0.053 0.454997
0.053 0.054 0.462549
0.054 0.055 0.468515
0.055 0.056 0.474471
0.056 0.057 0.479155
0.057 0.058 0.655456
0.058 0.059 1.000000
0.059 0.060 0.827633
0.060 0.061 0.494328
0.061 0.062 0.493300
0.062 0.063 0.473027
0.063 0.064 0.468248
0.064 0.065 0.461784
0.065 0.066 0.456410
0.066 0.067 0.602186
0.067 0.068 0.598301
0.068 0.069 0.468684
0.069 0.070 0.424669
0.070 0.071 0.350503
0.071 0.072 0.343059
0.072 0.073 0.333155
0.073 0.074 0.327304
0.074 0.075 0.319070
0.075 0.076 0.312697
0.076 0.077 0.303736
0.077 0.078 0.296233
0.078 0.079 0.292190
0.079 0.080 0.286408
0.080 0.081 0.277533
0.081 0.082 0.267252
0.082 0.083 0.258170
0.083 0.084 0.249631
0.084 0.085 0.241678
0.085 0.086 0.234370
0.086 0.087 0.224658
0.087 0.088 0.217942
0.088 0.089 0.209083
0.089 0.090 0.200436
0.090 0.091 0.192172
0.091 0.092 0.181044
0.092 0.093 0.173757
0.093 0.094 0.170215
0.094 0.095 0.162675
0.095 0.096 0.155325
0.096 0.097 0.147260
0.097 0.098 0.137220
0.098 0.099 0.127905
0.099 0.100 0.120368
0.100 0.101 0.114412
0.101 0.102 0.106308
0.102 0.103 0.098943
0.103 0.104 0.093434
0.104 0.105 0.088851
0.105 0.106 0.082939
0.106 0.107 0.077219
0.107 0.108 0.070132
0.108 0.109 0.064064
0.109 0.110 0.057557
0.110 0.111 0.051390
0.111 0.112 0.045350
0.112 0.113 0.040556
0.113 0.114 0.036561
0.114 0.115 0.032656
0.115 0.116 0.028037
0.116 0.117 0.023860
0.117 0.118 0.019364
0.118 0.119 0.013071
0.119 0.120 0.011153
0.120 0.121 0.010190
0.121 0.122 0.007877
0.122 0.123 0.005474
0.123 0.124 0.002107
0.124 0.125 0.001235
0.125 0.126 0.000000
0.126 0.127 0.000000
0.127 0.128 0.000000
0.128 0.129 0.000000
0.129 0.130 0.000000
0.130 0.131 0.000000
0.131 0.132 0.000000
0.132 0.133 0.000000
0.133 0.134 0.000000
0.134 0.135 0.000000
0.135 0.136 0.000000
0.136 0.137 0.000000
0.137 0.138 0.000000
0.138 0.139 0.000000
0.139 0.140 0.000000
0.140 0.141 0.000000
0.141 0.142 0.000000
0.142 0.143 0.000000
0.143 0.144 0.000000
0.144 0.145 0.000000
0.145 0.146 0.000000
0.146 0.147 0.000000
0.147 0.148 0.000000
0.148 0.149 0.000000
0.149 0.150 0.000000
