1
0.000 0.001 0.000000
0.001 0.002 0.000000
0.002 0.003 0.000000
0.003 0.004 0.000000
0.004 0.005 0.000000
0.005 0.006 0.000000
0.006 0.007 0.000000
0.007 0.008 0.000000
0.008 0.009 0.000000
0.009 0.010 0.000000
0.010 0.011 0.000000
0.011 0.012 0.000000
0.012 0.013 0.000000
0.013 0.014 0.000000
0.014 0.015 0.000000
0.015 0.016 0.000000
0.016 0.017 0.000000
0.017 0.018 0.000000
0.018 0.019 0.000000
0.019 0.020 0.000000
0.020 0.021 0.000001
0.021 0.022 0.000004
0.022 0.023 0.000018
0.023 0.024 0.000067
0.024 0.025 0.000209
0.025 0.026 0.000555
0.026 0.027 0.001279
0.027 0.028 0.002650
0.028 0.029 0.005002
0.029 0.030 0.008629
0.030 0.031 0.013928
0.031 0.032 0.021197
0.032 0.033 0.030612
0.033 0.034 0.042382
0.034 0.035 0.056615
0.035 0.036 0.072978
0.036 0.037 0.091567
0.037 0.038 0.111987
0.038 0.039 0.132897
0.039 0.040 0.155007
0.040 0.041 0.178511
0.041 0.042 0.201916
0.042 0.043 0.225935
0.043 0.044 0.249100
0.044 0.045 0.272327
0.045 0.046 0.294743
0.046 0.047 0.313888
0.047 0.048 0.334585
0.048 0.049 0.355361
0.049 0.050 0.371427
0.050 0.051 0.385095
0.051 0.052 0.400253
0.052 0.053 0.416045
0.053 0.054 0.427400
0.054 0.055 0.435989
0.055 0.056 0.446884
0.056 0.057 0.457633
0.057 0.058 0.644112
0.058 0.059 1.000000
0.059 0.060 0.824240
0.060 0.061 0.482369
0.061 0.062 0.484599
0.062 0.063 0.467993
0.063 0.064 0.465011
0.064 0.065 0.460748
0.065 0.066 0.460016
0.066 0.067 0.614869
0.067 0.068 0.613859
0.068 0.069 0.483094
0.069 0.070 0.440242
0.070 0.071 0.364473
0.071 0.072 0.358526
0.072 0.073 0.351094
0.073 0.074 0.350581
0.074 0.075 0.347848
0.075 0.076 0.341782
0.076 0.077 0.331926
0.077 0.078 0.324369
0.078 0.079 0.322449
0.079 0.080 0.317760
0.080 0.081 0.308784
0.081 0.082 0.298797
0.082 0.083 0.290108
0.083 0.084 0.281151
0.084 0.085 0.273548
0.085 0.086 0.267361
0.086 0.087 0.257830
0.087 0.088 0.252308
0.088 0.089 0.246612
0.089 0.090 0.235929
0.090 0.091 0.224031
0.091 0.092 0.209659
0.092 0.093 0.200766
0.093 0.094 0.196478
0.094 0.095 0.186918
0.095 0.096 0.177666
0.096 0.097 0.166596
0.097 0.098 0.153197
0.098 0.099 0.139037
0.099 0.100 0.128991
0.100 0.101 0.123727
0.101 0.102 0.114947
0.102 0.103 0.101741
0.103 0.104 0.091415
0.104 0.105 0.083999
0.105 0.106 0.074575
0.106 0.107 0.064204
0.107 0.108 0.052957
0.108 0.109 0.042245
0.109 0.110 0.032038
0.110 0.111 0.023496
0.111 0.112 0.017084
0.112 0.113 0.010826
0.113 0.114 0.005920
0.114 0.115 0.000785
0.115 0.116 0.000000
0.116 0.117 0.000000
0.117 0.118 0.000000
0.118 0.119 0.000000
0.119 0.120 0.000000
0.120 0.121 0.000000
0.121 0.122 0.000000
0.122 0.123 0.000000
0.123 0.124 0.000000
0.124 0.125 0.000000
0.125 0.126 0.000000
0.126 0.127 0.000000
0.127 0.128 0.000000
0.128 0.129 0.000000
0.129 0.130 0.000000
0.130 0.131 0.000000
0.131 0.132 0.000000
0.132 0.133 0.000000
0.133 0.134 0.000000
0.134 0.135 0.000000
0.135 0.136 0.000000
0.136 0.137 0.000000
0.137 0.138 0.000000
0.138 0.139 0.000000
0.139 0.140 0.000000
0.140 0.141 0.000000
0.141 0.142 0.000000
0.142 0.143 0.000000
0.143 0.144 0.000000
0.144 0.145 0.000000
0.145 0.146 0.000000
0.146 0.147 0.000000
0.147 0.148 0.000000
0.148 0.149 0.000000
0.149 0.150 0.000000
