1
0.000 0.001 0.000000
0.001 0.002 0.000000
0.002 0.003 0.000000
0.003 0.004 0.000000
0.004 0.005 0.000000
0.005 0.006 0.000000
0.006 0.007 0.000000
0.007 0.008 0.000000
0.008 0.009 0.000000
0.009 0.010 0.000000
0.010 0.011 0.000000
0.011 0.012 0.000000
0.012 0.013 0.000000
0.013 0.014 0.000000
0.014 0.015 0.000000
0.015 0.016 0.000000
0.016 0.017 0.000000
0.017 0.018 0.000001
0.018 0.019 0.000012
0.019 0.020 0.000071
0.020 0.021 0.000305
0.021 0.022 0.001019
0.022 0.023 0.002799
0.023 0.024 0.006554
0.024 0.025 0.013497
0.025 0.026 0.024964
0.026 0.027 0.042098
0.027 0.028 0.065952
0.028 0.029 0.097133
0.029 0.030 0.135240
0.030 0.031 0.180368
0.031 0.032 0.230226
0.032 0.033 0.285589
0.033 0.034 0.343660
0.034 0.035 0.403139
0.035 0.036 0.462348
0.036 0.037 0.518062
0.037 0.038 0.573592
0.038 0.039 0.625856
0.039 0.040 0.673540
0.040 0.041 0.713831
0.041 0.042 0.754621
0.042 0.043 0.789258
0.043 0.044 0.820014
0.044 0.045 0.844965
0.045 0.046 0.858017
0.046 0.047 0.871335
0.047 0.048 0.878598
0.048 0.049 0.876639
0.049 0.050 0.869860
0.050 0.051 0.869229
0.051 0.052 0.865751
0.052 0.053 0.853702
0.053 0.054 0.840356
0.054 0.055 0.824312
0.055 0.056 0.800693
0.056 0.057 0.774952
0.057 0.058 0.846118
0.058 0.059 1.000000
0.059 0.060 0.886895
0.060 0.061 0.687437
0.061 0.062 0.659960
0.062 0.063 0.621231
0.063 0.064 0.590840
0.064 0.065 0.560054
0.065 0.066 0.523608
0.066 0.067 0.574401
0.067 0.068 0.552966
0.068 0.069 0.460267
0.069 0.070 0.410175
0.070 0.071 0.356542
0.071 0.072 0.333505
0.072 0.073 0.301278
0.073 0.074 0.279312
0.074 0.075 0.257018
0.075 0.076 0.235276
0.076 0.077 0.214336
0.077 0.078 0.190951
0.078 0.079 0.165191
0.079 0.080 0.149564
0.080 0.081 0.132438
0.081 0.082 0.111616
0.082 0.083 0.094027
0.083 0.084 0.075936
0.084 0.085 0.063790
0.085 0.086 0.051239
0.086 0.087 0.037368
0.087 0.088 0.021246
0.088 0.089 0.012802
0.089 0.090 0.003247
0.090 0.091 0.000000
0.091 0.092 0.000000
0.092 0.093 0.000000
0.093 0.094 0.000000
0.094 0.095 0.000000
0.095 0.096 0.000000
0.096 0.097 0.000000
0.097 0.098 0.000000
0.098 0.099 0.000000
0.099 0.100 0.000000
0.100 0.101 0.000000
0.101 0.102 0.000000
0.102 0.103 0.000000
0.103 0.104 0.000000
0.104 0.105 0.000000
0.105 0.106 0.000000
0.106 0.107 0.000000
0.107 0.108 0.000000
0.108 0.109 0.000000
0.109 0.110 0.000000
0.110 0.111 0.000000
0.111 0.112 0.000000
0.112 0.113 0.000000
0.113 0.114 0.000000
0.114 0.115 0.000000
0.115 0.116 0.000000
0.116 0.117 0.000000
0.117 0.118 0.000000
0.118 0.119 0.000000
0.119 0.120 0.000000
0.120 0.121 0.000000
0.121 0.122 0.000000
0.122 0.123 0.000000
0.123 0.124 0.000000
0.124 0.125 0.000000
0.125 0.126 0.000000
0.126 0.127 0.000000
0.127 0.128 0.000000
0.128 0.129 0.000000
0.129 0.130 0.000000
0.130 0.131 0.000000
0.131 0.132 0.000000
0.132 0.133 0.000000
0.133 0.134 0.000000
0.134 0.135 0.000000
0.135 0.136 0.000000
0.136 0.137 0.000000
0.137 0.138 0.000000
0.138 0.139 0.000000
0.139 0.140 0.000000
0.140 0.141 0.000000
0.141 0.142 0.000000
0.142 0.143 0.000000
0.143 0.144 0.000000
0.144 0.145 0.000000
0.145 0.146 0.000000
0.146 0.147 0.000000
0.147 0.148 0.000000
0.148 0.149 0.000000
0.149 0.150 0.000000
