1
0.000 0.001 0.000000
0.001 0.002 0.000000
0.002 0.003 0.000000
0.003 0.004 0.000000
0.004 0.005 0.000000
0.005 0.006 0.000000
0.006 0.007 0.000000
0.007 0.008 0.000000
0.008 0.009 0.000000
0.009 0.010 0.000000
0.010 0.011 0.000000
0.011 0.012 0.000000
0.012 0.013 0.000000
0.013 0.014 0.000000
0.014 0.015 0.000000
0.015 0.016 0.000003
0.016 0.017 0.000026
0.017 0.018 0.000135
0.018 0.019 0.000510
0.019 0.020 0.001519
0.020 0.021 0.003757
0.021 0.022 0.007976
0.022 0.023 0.014981
0.023 0.024 0.025512
0.024 0.025 0.040099
0.025 0.026 0.058815
0.026 0.027 0.081430
0.027 0.028 0.107994
0.028 0.029 0.137751
0.029 0.030 0.169255
0.030 0.031 0.202369
0.031 0.032 0.235821
0.032 0.033 0.269296
0.033 0.034 0.302172
0.034 0.035 0.333420
0.035 0.036 0.362472
0.036 0.037 0.389884
0.037 0.038 0.415640
0.038 0.039 0.437261
0.039 0.040 0.456624
0.040 0.041 0.473851
0.041 0.042 0.487877
0.042 0.043 0.500432
0.043 0.044 0.510632
0.044 0.045 0.519497
0.045 0.046 0.524301
0.046 0.047 0.526584
0.047 0.048 0.530393
0.048 0.049 0.532006
0.049 0.050 0.529316
0.050 0.051 0.525952
0.051 0.052 0.523970
0.052 0.053 0.520128
0.053 0.054 0.513843
0.054 0.055 0.506971
0.055 0.056 0.501245
0.056 0.057 0.494712
0.057 0.058 0.667608
0.058 0.059 1.000000
0.059 0.060 0.808347
0.060 0.061 0.468742
0.061 0.062 0.459391
0.062 0.063 0.432402
0.063 0.064 0.421250
0.064 0.065 0.409260
0.065 0.066 0.398794
0.066 0.067 0.521800
0.067 0.068 0.512041
0.068 0.069 0.394939
0.069 0.070 0.353323
0.070 0.071 0.286208
0.071 0.072 0.278848
0.072 0.073 0.269750
0.073 0.074 0.263606
0.074 0.075 0.257023
0.075 0.076 0.249506
0.076 0.077 0.240150
0.077 0.078 0.232046
0.078 0.079 0.226456
0.079 0.080 0.219947
0.080 0.081 0.211585
0.081 0.082 0.201582
0.082 0.083 0.194169
0.083 0.084 0.187231
0.084 0.085 0.180960
0.085 0.086 0.175255
0.086 0.087 0.168026
0.087 0.088 0.162976
0.088 0.089 0.156783
0.089 0.090 0.148876
0.090 0.091 0.141223
0.091 0.092 0.132860
0.092 0.093 0.127186
0.093 0.094 0.124212
0.094 0.095 0.118516
0.095 0.096 0.113007
0.096 0.097 0.107158
0.097 0.098 0.099951
0.098 0.099 0.093449
0.099 0.100 0.087718
0.100 0.101 0.083983
0.101 0.102 0.079810
0.102 0.103 0.074249
0.103 0.104 0.070000
0.104 0.105 0.066281
0.105 0.106 0.061621
0.106 0.107 0.057222
0.107 0.108 0.051479
0.108 0.109 0.047831
0.109 0.110 0.043959
0.110 0.111 0.040266
0.111 0.112 0.037222
0.112 0.113 0.033133
0.113 0.114 0.029617
0.114 0.115 0.025844
0.115 0.116 0.022889
0.116 0.117 0.020148
0.117 0.118 0.017200
0.118 0.119 0.013330
0.119 0.120 0.010878
0.120 0.121 0.010192
0.121 0.122 0.008455
0.122 0.123 0.006662
0.123 0.124 0.004389
0.124 0.125 0.003156
0.125 0.126 0.001955
0.126 0.127 0.000538
0.127 0.128 0.000000
0.128 0.129 0.000000
0.129 0.130 0.000000
0.130 0.131 0.000000
0.131 0.132 0.000000
0.132 0.133 0.000000
0.133 0.134 0.000000
0.134 0.135 0.000000
0.135 0.136 0.000000
0.136 0.137 0.000000
0.137 0.138 0.000000
0.138 0.139 0.000000
0.139 0.140 0.000000
0.140 0.141 0.000000
0.141 0.142 0.000000
0.142 0.143 0.000000
0.143 0.144 0.000000
0.144 0.145 0.000000
0.145 0.146 0.000000
0.146 0.147 0.000000
0.147 0.148 0.000000
0.148 0.149 0.000000
0.149 0.150 0.000000
