1
0.000 0.001 0.000000
0.001 0.002 0.000000
0.002 0.003 0.000000
0.003 0.004 0.000000
0.004 0.005 0.000000
0.005 0.006 0.000000
0.006 0.007 0.000000
0.007 0.008 0.000000
0.008 0.009 0.000000
0.009 0.010 0.000000
0.010 0.011 0.000000
0.011 0.012 0.000000
0.012 0.013 0.000000
0.013 0.014 0.000000
0.014 0.015 0.000001
0.015 0.016 0.000008
0.016 0.017 0.000062
0.017 0.018 0.000313
0.018 0.019 0.001160
0.019 0.020 0.003399
0.020 0.021 0.008266
0.021 0.022 0.017277
0.022 0.023 0.031994
0.023 0.024 0.053671
0.024 0.025 0.083206
0.025 0.026 0.120520
0.026 0.027 0.164968
0.027 0.028 0.215811
0.028 0.029 0.271741
0.029 0.030 0.331716
0.030 0.031 0.392712
0.031 0.032 0.451565
0.032 0.033 0.511360
0.033 0.034 0.568163
0.034 0.035 0.619649
0.035 0.036 0.667629
0.036 0.037 0.708621
0.037 0.038 0.746892
0.038 0.039 0.782657
0.039 0.040 0.813062
0.040 0.041 0.835755
0.041 0.042 0.855985
0.042 0.043 0.870831
0.043 0.044 0.881334
0.044 0.045 0.890470
0.045 0.046 0.889019
0.046 0.047 0.888890
0.047 0.048 0.883968
0.048 0.049 0.873281
0.049 0.050 0.863053
0.050 0.051 0.853230
0.051 0.052 0.842759
0.052 0.053 0.823413
0.053 0.054 0.805777
0.054 0.055 0.790285
0.055 0.056 0.766490
0.056 0.057 0.738575
0.057 0.058 0.821295
0.058 0.059 1.000000
0.059 0.060 0.876943
0.060 0.061 0.662666
0.061 0.062 0.635021
0.062 0.063 0.598096
0.063 0.064 0.572063
0.064 0.065 0.544960
0.065 0.066 0.515302
0.066 0.067 0.566357
0.067 0.068 0.543764
0.068 0.069 0.450555
0.069 0.070 0.400504
0.070 0.071 0.346880
0.071 0.072 0.324132
0.072 0.073 0.297795
0.073 0.074 0.273552
0.074 0.075 0.247630
0.075 0.076 0.226485
0.076 0.077 0.206358
0.077 0.078 0.182986
0.078 0.079 0.164187
0.079 0.080 0.147264
0.080 0.081 0.127721
0.081 0.082 0.108777
0.082 0.083 0.092858
0.083 0.084 0.077815
0.084 0.085 0.064793
0.085 0.086 0.050118
0.086 0.087 0.038185
0.087 0.088 0.025361
0.088 0.089 0.014773
0.089 0.090 0.008758
0.090 0.091 0.001745
0.091 0.092 0.000000
0.092 0.093 0.000000
0.093 0.094 0.000000
0.094 0.095 0.000000
0.095 0.096 0.000000
0.096 0.097 0.000000
0.097 0.098 0.000000
0.098 0.099 0.000000
0.099 0.100 0.000000
0.100 0.101 0.000000
0.101 0.102 0.000000
0.102 0.103 0.000000
0.103 0.104 0.000000
0.104 0.105 0.000000
0.105 0.106 0.000000
0.106 0.107 0.000000
0.107 0.108 0.000000
0.108 0.109 0.000000
0.109 0.110 0.000000
0.110 0.111 0.000000
0.111 0.112 0.000000
0.112 0.113 0.000000
0.113 0.114 0.000000
0.114 0.115 0.000000
0.115 0.116 0.000000
0.116 0.117 0.000000
0.117 0.118 0.000000
0.118 0.119 0.000000
0.119 0.120 0.000000
0.120 0.121 0.000000
0.121 0.122 0.000000
0.122 0.123 0.000000
0.123 0.124 0.000000
0.124 0.125 0.000000
0.125 0.126 0.000000
0.126 0.127 0.000000
0.127 0.128 0.000000
0.128 0.129 0.000000
0.129 0.130 0.000000
0.130 0.131 0.000000
0.131 0.132 0.000000
0.132 0.133 0.000000
0.133 0.134 0.000000
0.134 0.135 0.000000
0.135 0.136 0.000000
0.136 0.137 0.000000
0.137 0.138 0.000000
0.138 0.139 0.000000
0.139 0.140 0.000000
0.140 0.141 0.000000
0.141 0.142 0.000000
0.142 0.143 0.000000
0.143 0.144 0.000000
0.144 0.145 0.000000
0.145 0.146 0.000000
0.146 0.147 0.000000
0.147 0.148 0.000000
0.148 0.149 0.000000
0.149 0.150 0.000000
