1
0.000 0.001 0.000000
0.001 0.002 0.000000
0.002 0.003 0.000000
0.003 0.004 0.000000
0.004 0.005 0.000000
0.005 0.006 0.000000
0.006 0.007 0.000000
0.007 0.008 0.000000
0.008 0.009 0.000000
0.009 0.010 0.000000
0.010 0.011 0.000000
0.011 0.012 0.000000
0.012 0.013 0.000000
0.013 0.014 0.000000
0.014 0.015 0.000000
0.015 0.016 0.000000
0.016 0.017 0.000000
0.017 0.018 0.000000
0.018 0.019 0.000000
0.019 0.020 0.000000
0.020 0.021 0.000000
0.021 0.022 0.000001
0.022 0.023 0.000007
0.023 0.024 0.000028
0.024 0.025 0.000099
0.025 0.026 0.000291
0.026 0.027 0.000728
0.027 0.028 0.001619
0.028 0.029 0.003249
0.029 0.030 0.005925
0.030 0.031 0.010022
0.031 0.032 0.015906
0.032 0.033 0.023892
0.033 0.034 0.034184
0.034 0.035 0.046920
0.035 0.036 0.062072
0.036 0.037 0.079597
0.037 0.038 0.099131
0.038 0.039 0.120080
0.039 0.040 0.142859
0.040 0.041 0.166799
0.041 0.042 0.191025
0.042 0.043 0.216387
0.043 0.044 0.241579
0.044 0.045 0.266829
0.045 0.046 0.291114
0.046 0.047 0.313148
0.047 0.048 0.336109
0.048 0.049 0.358724
0.049 0.050 0.377122
0.050 0.051 0.393924
0.051 0.052 0.411967
0.052 0.053 0.428893
0.053 0.054 0.441903
0.054 0.055 0.452971
0.055 0.056 0.465338
0.056 0.057 0.476836
0.057 0.058 0.656150
0.058 0.059 1.000000
0.059 0.060 0.835159
0.060 0.061 0.507575
0.061 0.062 0.509937
0.062 0.063 0.493000
0.063 0.064 0.490224
0.064 0.065 0.486515
0.065 0.066 0.485495
0.066 0.067 0.637774
0.067 0.068 0.637252
0.068 0.069 0.506854
0.069 0.070 0.462900
0.070 0.071 0.387673
0.071 0.072 0.381671
0.072 0.073 0.373221
0.073 0.074 0.370793
0.074 0.075 0.366324
0.075 0.076 0.358333
0.076 0.077 0.347134
0.077 0.078 0.338185
0.078 0.079 0.334498
0.079 0.080 0.328115
0.080 0.081 0.317229
0.081 0.082 0.304794
0.082 0.083 0.293742
0.083 0.084 0.282666
0.084 0.085 0.272692
0.085 0.086 0.263973
0.086 0.087 0.251955
0.087 0.088 0.242937
0.088 0.089 0.234164
0.089 0.090 0.221718
0.090 0.091 0.208849
0.091 0.092 0.192629
0.092 0.093 0.183209
0.093 0.094 0.177565
0.094 0.095 0.167439
0.095 0.096 0.157601
0.096 0.097 0.145374
0.097 0.098 0.133366
0.098 0.099 0.121021
0.099 0.100 0.111878
0.100 0.101 0.106335
0.101 0.102 0.097361
0.102 0.103 0.087146
0.103 0.104 0.079155
0.104 0.105 0.073163
0.105 0.106 0.064866
0.106 0.107 0.058294
0.107 0.108 0.050336
0.108 0.109 0.042606
0.109 0.110 0.036252
0.110 0.111 0.030404
0.111 0.112 0.025627
0.112 0.113 0.019174
0.113 0.114 0.015205
0.114 0.115 0.010352
0.115 0.116 0.006988
0.116 0.117 0.003319
0.117 0.118 0.000886
0.118 0.119 0.000000
0.119 0.120 0.000000
0.120 0.121 0.000000
0.121 0.122 0.000000
0.122 0.123 0.000000
0.123 0.124 0.000000
0.124 0.125 0.000000
0.125 0.126 0.000000
0.126 0.127 0.000000
0.127 0.128 0.000000
0.128 0.129 0.000000
0.129 0.130 0.000000
0.130 0.131 0.000000
0.131 0.132 0.000000
0.132 0.133 0.000000
0.133 0.134 0.000000
0.134 0.135 0.000000
0.135 0.136 0.000000
0.136 0.137 0.000000
0.137 0.138 0.000000
0.138 0.139 0.000000
0.139 0.140 0.000000
0.140 0.141 0.000000
0.141 0.142 0.000000
0.142 0.143 0.000000
0.143 0.144 0.000000
0.144 0.145 0.000000
0.145 0.146 0.000000
0.146 0.147 0.000000
0.147 0.148 0.000000
0.148 0.149 0.000000
0.149 0.150 0.000000
