1
0.000 0.001 0.000000
0.001 0.002 0.000000
0.002 0.003 0.000000
0.003 0.004 0.000000
0.004 0.005 0.000000
0.005 0.006 0.000000
0.006 0.007 0.000000
0.007 0.008 0.000000
0.008 0.009 0.000000
0.009 0.010 0.000000
0.010 0.011 0.000000
0.011 0.012 0.000000
0.012 0.013 0.000000
0.013 0.014 0.000000
0.014 0.015 0.000000
0.015 0.016 0.000000
0.016 0.017 0.000006
0.017 0.018 0.000043
0.018 0.019 0.000219
0.019 0.020 0.000839
0.020 0.021 0.002553
0.021 0.022 0.006471
0.022 0.023 0.014087
0.023 0.024 0.027138
0.024 0.025 0.047397
0.025 0.026 0.075986
0.026 0.027 0.113495
0.027 0.028 0.160404
0.028 0.029 0.215849
0.029 0.030 0.277880
0.030 0.031 0.345980
0.031 0.032 0.416043
0.032 0.033 0.487286
0.033 0.034 0.557459
0.034 0.035 0.625856
0.035 0.036 0.689034
0.036 0.037 0.746825
0.037 0.038 0.802550
0.038 0.039 0.852651
0.039 0.040 0.894010
0.040 0.041 0.927726
0.041 0.042 0.955736
0.042 0.043 0.975849
0.043 0.044 0.986570
0.044 0.045 1.000000
0.045 0.046 0.999945
0.046 0.047 0.999743
0.047 0.048 0.995752
0.048 0.049 0.980905
0.049 0.050 0.961934
0.050 0.051 0.943251
0.051 0.052 0.921208
0.052 0.053 0.900338
0.053 0.054 0.879573
0.054 0.055 0.853141
0.055 0.056 0.817311
0.056 0.057 0.782802
0.057 0.058 0.822875
0.058 0.059 0.920967
0.059 0.060 0.823584
0.060 0.061 0.661564
0.061 0.062 0.628990
0.062 0.063 0.591488
0.063 0.064 0.556468
0.064 0.065 0.520130
0.065 0.066 0.477043
0.066 0.067 0.500463
0.067 0.068 0.473813
0.068 0.069 0.395116
0.069 0.070 0.347808
0.070 0.071 0.300667
0.071 0.072 0.269329
0.072 0.073 0.241295
0.073 0.074 0.218011
0.074 0.075 0.194574
0.075 0.076 0.171171
0.076 0.077 0.144873
0.077 0.078 0.124588
0.078 0.079 0.102846
0.079 0.080 0.085198
0.080 0.081 0.065894
0.081 0.082 0.050590
0.082 0.083 0.037585
0.083 0.084 0.023096
0.084 0.085 0.015250
0.085 0.086 0.004138
0.086 0.087 0.000000
0.087 0.088 0.000000
0.088 0.089 0.000000
0.089 0.090 0.000000
0.090 0.091 0.000000
0.091 0.092 0.000000
0.092 0.093 0.000000
0.093 0.094 0.000000
0.094 0.095 0.000000
0.095 0.096 0.000000
0.096 0.097 0.000000
0.097 0.098 0.000000
0.098 0.099 0.000000
0.099 0.100 0.000000
0.100 0.101 0.000000
0.101 0.102 0.000000
0.102 0.103 0.000000
0.103 0.104 0.000000
0.104 0.105 0.000000
0.105 0.106 0.000000
0.106 0.107 0.000000
0.107 0.108 0.000000
0.108 0.109 0.000000
0.109 0.110 0.000000
0.110 0.111 0.000000
0.111 0.112 0.000000
0.112 0.113 0.000000
0.113 0.114 0.000000
0.114 0.115 0.000000
0.115 0.116 0.000000
0.116 0.117 0.000000
0.117 0.118 0.000000
0.118 0.119 0.000000
0.119 0.120 0.000000
0.120 0.121 0.000000
0.121 0.122 0.000000
0.122 0.123 0.000000
0.123 0.124 0.000000
0.124 0.125 0.000000
0.125 0.126 0.000000
0.126 0.127 0.000000
0.127 0.128 0.000000
0.128 0.129 0.000000
0.129 0.130 0.000000
0.130 0.131 0.000000
0.131 0.132 0.000000
0.132 0.133 0.000000
0.133 0.134 0.000000
0.134 0.135 0.000000
0.135 0.136 0.000000
0.136 0.137 0.000000
0.137 0.138 0.000000
0.138 0.139 0.000000
0.139 0.140 0.000000
0.140 0.141 0.000000
0.141 0.142 0.000000
0.142 0.143 0.000000
0.143 0.144 0.000000
0.144 0.145 0.000000
0.145 0.146 0.000000
0.146 0.147 0.000000
0.147 0.148 0.000000
0.148 0.149 0.000000
0.149 0.150 0.000000
