1
0.000 0.001 0.000000
0.001 0.002 0.000000
0.002 0.003 0.000000
0.003 0.004 0.000000
0.004 0.005 0.000000
0.005 0.006 0.000000
0.006 0.007 0.000000
0.007 0.008 0.000000
0.008 0.009 0.000000
0.009 0.010 0.000000
0.010 0.011 0.000000
0.011 0.012 0.000000
0.012 0.013 0.000000
0.013 0.014 0.000000
0.014 0.015 0.000001
0.015 0.016 0.000010
0.016 0.017 0.000075
0.017 0.018 0.000370
0.018 0.019 0.001352
0.019 0.020 0.003928
0.020 0.021 0.009511
0.021 0.022 0.019873
0.022 0.023 0.036681
0.023 0.024 0.061537
0.024 0.025 0.095753
0.025 0.026 0.138589
0.026 0.027 0.189614
0.027 0.028 0.248541
0.028 0.029 0.312975
0.029 0.030 0.381941
0.030 0.031 0.453129
0.031 0.032 0.521607
0.032 0.033 0.588379
0.033 0.034 0.652243
0.034 0.035 0.712400
0.035 0.036 0.767761
0.036 0.037 0.814183
0.037 0.038 0.859183
0.038 0.039 0.897937
0.039 0.040 0.927417
0.040 0.041 0.952531
0.041 0.042 0.974185
0.042 0.043 0.989228
0.043 0.044 0.995045
0.044 0.045 1.000000
0.045 0.046 0.995021
0.046 0.047 0.988701
0.047 0.048 0.980033
0.048 0.049 0.963098
0.049 0.050 0.946533
0.050 0.051 0.928928
0.051 0.052 0.907607
0.052 0.053 0.884041
0.053 0.054 0.863029
0.054 0.055 0.835964
0.055 0.056 0.798203
0.056 0.057 0.762244
0.057 0.058 0.785084
0.058 0.059 0.850916
0.059 0.060 0.765153
0.060 0.061 0.632692
0.061 0.062 0.597352
0.062 0.063 0.560816
0.063 0.064 0.522286
0.064 0.065 0.481633
0.065 0.066 0.439754
0.066 0.067 0.439299
0.067 0.068 0.402205
0.068 0.069 0.333335
0.069 0.070 0.289375
0.070 0.071 0.245942
0.071 0.072 0.218315
0.072 0.073 0.182961
0.073 0.074 0.161345
0.074 0.075 0.139598
0.075 0.076 0.114887
0.076 0.077 0.095789
0.077 0.078 0.071979
0.078 0.079 0.052966
0.079 0.080 0.036060
0.080 0.081 0.023929
0.081 0.082 0.014412
0.082 0.083 0.002512
0.083 0.084 0.000000
0.084 0.085 0.000000
0.085 0.086 0.000000
0.086 0.087 0.000000
0.087 0.088 0.000000
0.088 0.089 0.000000
0.089 0.090 0.000000
0.090 0.091 0.000000
0.091 0.092 0.000000
0.092 0.093 0.000000
0.093 0.094 0.000000
0.094 0.095 0.000000
0.095 0.096 0.000000
0.096 0.097 0.000000
0.097 0.098 0.000000
0.098 0.099 0.000000
0.099 0.100 0.000000
0.100 0.101 0.000000
0.101 0.102 0.000000
0.102 0.103 0.000000
0.103 0.104 0.000000
0.104 0.105 0.000000
0.105 0.106 0.000000
0.106 0.107 0.000000
0.107 0.108 0.000000
0.108 0.109 0.000000
0.109 0.110 0.000000
0.110 0.111 0.000000
0.111 0.112 0.000000
0.112 0.113 0.000000
0.113 0.114 0.000000
0.114 0.115 0.000000
0.115 0.116 0.000000
0.116 0.117 0.000000
0.117 0.118 0.000000
0.118 0.119 0.000000
0.119 0.120 0.000000
0.120 0.121 0.000000
0.121 0.122 0.000000
0.122 0.123 0.000000
0.123 0.124 0.000000
0.124 0.125 0.000000
0.125 0.126 0.000000
0.126 0.127 0.000000
0.127 0.128 0.000000
0.128 0.129 0.000000
0.129 0.130 0.000000
0.130 0.131 0.000000
0.131 0.132 0.000000
0.132 0.133 0.000000
0.133 0.134 0.000000
0.134 0.135 0.000000
0.135 0.136 0.000000
0.136 0.137 0.000000
0.137 0.138 0.000000
0.138 0.139 0.000000
0.139 0.140 0.000000
0.140 0.141 0.000000
0.141 0.142 0.000000
0.142 0.143 0.000000
0.143 0.144 0.000000
0.144 0.145 0.000000
0.145 0.146 0.000000
0.146 0.147 0.000000
0.147 0.148 0.000000
0.148 0.149 0.000000
0.149 0.150 0.000000
