1
0.000 0.001 0.000000
0.001 0.002 0.000000
0.002 0.003 0.000000
0.003 0.004 0.000000
0.004 0.005 0.000000
0.005 0.006 0.000000
0.006 0.007 0.000000
0.007 0.008 0.000000
0.008 0.009 0.000000
0.009 0.010 0.000000
0.010 0.011 0.000000
0.011 0.012 0.000000
0.012 0.013 0.000000
0.013 0.014 0.000000
0.014 0.015 0.000000
0.015 0.016 0.000000
0.016 0.017 0.000000
0.017 0.018 0.000002
0.018 0.019 0.000017
0.019 0.020 0.000082
0.020 0.021 0.000306
0.021 0.022 0.000925
0.022 0.023 0.002352
0.023 0.024 0.005176
0.024 0.025 0.010148
0.025 0.026 0.018032
0.026 0.027 0.029509
0.027 0.028 0.045216
0.028 0.029 0.065451
0.029 0.030 0.090135
0.030 0.031 0.118850
0.031 0.032 0.150705
0.032 0.033 0.186837
0.033 0.034 0.224635
0.034 0.035 0.262521
0.035 0.036 0.301806
0.036 0.037 0.339951
0.037 0.038 0.376360
0.038 0.039 0.413105
0.039 0.040 0.449934
0.040 0.041 0.481203
0.041 0.042 0.510518
0.042 0.043 0.537604
0.043 0.044 0.562925
0.044 0.045 0.585631
0.045 0.046 0.601333
0.046 0.047 0.617453
0.047 0.048 0.629545
0.048 0.049 0.637734
0.049 0.050 0.642460
0.050 0.051 0.648375
0.051 0.052 0.655115
0.052 0.053 0.651840
0.053 0.054 0.646771
0.054 0.055 0.645038
0.055 0.056 0.640402
0.056 0.057 0.630819
0.057 0.058 0.754019
0.058 0.059 1.000000
0.059 0.060 0.861528
0.060 0.061 0.607162
0.061 0.062 0.591636
0.062 0.063 0.559349
0.063 0.064 0.543059
0.064 0.065 0.527847
0.065 0.066 0.512680
0.066 0.067 0.603348
0.067 0.068 0.591478
0.068 0.069 0.487115
0.069 0.070 0.440055
0.070 0.071 0.381641
0.071 0.072 0.369814
0.072 0.073 0.352999
0.073 0.074 0.336556
0.074 0.075 0.319370
0.075 0.076 0.300845
0.076 0.077 0.283258
0.077 0.078 0.266222
0.078 0.079 0.251897
0.079 0.080 0.236633
0.080 0.081 0.217340
0.081 0.082 0.195507
0.082 0.083 0.176452
0.083 0.084 0.159398
0.084 0.085 0.141290
0.085 0.086 0.122864
0.086 0.087 0.102665
0.087 0.088 0.086021
0.088 0.089 0.066321
0.089 0.090 0.051319
0.090 0.091 0.041803
0.091 0.092 0.029034
0.092 0.093 0.018135
0.093 0.094 0.007901
0.094 0.095 0.001385
0.095 0.096 0.000000
0.096 0.097 0.000000
0.097 0.098 0.000000
0.098 0.099 0.000000
0.099 0.100 0.000000
0.100 0.101 0.000000
0.101 0.102 0.000000
0.102 0.103 0.000000
0.103 0.104 0.000000
0.104 0.105 0.000000
0.105 0.106 0.000000
0.106 0.107 0.000000
0.107 0.108 0.000000
0.108 0.109 0.000000
0.109 0.110 0.000000
0.110 0.111 0.000000
0.111 0.112 0.000000
0.112 0.113 0.000000
0.113 0.114 0.000000
0.114 0.115 0.000000
0.115 0.116 0.000000
0.116 0.117 0.000000
0.117 0.118 0.000000
0.118 0.119 0.000000
0.119 0.120 0.000000
0.120 0.121 0.000000
0.121 0.122 0.000000
0.122 0.123 0.000000
0.123 0.124 0.000000
0.124 0.125 0.000000
0.125 0.126 0.000000
0.126 0.127 0.000000
0.127 0.128 0.000000
0.128 0.129 0.000000
0.129 0.130 0.000000
0.130 0.131 0.000000
0.131 0.132 0.000000
0.132 0.133 0.000000
0.133 0.134 0.000000
0.134 0.135 0.000000
0.135 0.136 0.000000
0.136 0.137 0.000000
0.137 0.138 0.000000
0.138 0.139 0.000000
0.139 0.140 0.000000
0.140 0.141 0.000000
0.141 0.142 0.000000
0.142 0.143 0.000000
0.143 0.144 0.000000
0.144 0.145 0.000000
0.145 0.146 0.000000
0.146 0.147 0.000000
0.147 0.148 0.000000
0.148 0.149 0.000000
0.149 0.150 0.000000
