1
0.000 0.001 0.000000
0.001 0.002 0.000000
0.002 0.003 0.000000
0.003 0.004 0.000000
0.004 0.005 0.000000
0.005 0.006 0.000000
0.006 0.007 0.000000
0.007 0.008 0.000000
0.008 0.009 0.000000
0.009 0.010 0.000000
0.010 0.011 0.000000
0.011 0.012 0.000000
0.012 0.013 0.000000
0.013 0.014 0.000000
0.014 0.015 0.000000
0.015 0.016 0.000000
0.016 0.017 0.000000
0.017 0.018 0.000001
0.018 0.019 0.000009
0.019 0.020 0.000046
0.020 0.021 0.000179
0.021 0.022 0.000554
0.022 0.023 0.001430
0.023 0.024 0.003181
0.024 0.025 0.006269
0.025 0.026 0.011173
0.026 0.027 0.018288
0.027 0.028 0.028000
0.028 0.029 0.040500
0.029 0.030 0.055469
0.030 0.031 0.073045
0.031 0.032 0.092731
0.032 0.033 0.114129
0.033 0.034 0.137185
0.034 0.035 0.160903
0.035 0.036 0.184151
0.036 0.037 0.208066
0.037 0.038 0.232387
0.038 0.039 0.254448
0.039 0.040 0.275816
0.040 0.041 0.296221
0.041 0.042 0.313841
0.042 0.043 0.331301
0.043 0.044 0.347313
0.044 0.045 0.361909
0.045 0.046 0.374175
0.046 0.047 0.384073
0.047 0.048 0.395259
0.048 0.049 0.404513
0.049 0.050 0.410119
0.050 0.051 0.414330
0.051 0.052 0.419424
0.052 0.053 0.423092
0.053 0.054 0.424083
0.054 0.055 0.424959
0.055 0.056 0.427687
0.056 0.057 0.428536
0.057 0.058 0.624708
0.058 0.059 1.000000
0.059 0.060 0.800060
0.060 0.061 0.432713
0.061 0.062 0.429341
0.062 0.063 0.405927
0.063 0.064 0.400933
0.064 0.065 0.393786
0.065 0.066 0.388463
0.066 0.067 0.536261
0.067 0.068 0.531999
0.068 0.069 0.405212
0.069 0.070 0.364246
0.070 0.071 0.291751
0.071 0.072 0.287289
0.072 0.073 0.281840
0.073 0.074 0.277730
0.074 0.075 0.273206
0.075 0.076 0.269197
0.076 0.077 0.262693
0.077 0.078 0.257224
0.078 0.079 0.254327
0.079 0.080 0.249970
0.080 0.081 0.243394
0.081 0.082 0.236117
0.082 0.083 0.230097
0.083 0.084 0.224999
0.084 0.085 0.220131
0.085 0.086 0.215657
0.086 0.087 0.208999
0.087 0.088 0.205619
0.088 0.089 0.200573
0.089 0.090 0.193095
0.090 0.091 0.187463
0.091 0.092 0.177556
0.092 0.093 0.171510
0.093 0.094 0.169727
0.094 0.095 0.163735
0.095 0.096 0.157727
0.096 0.097 0.151904
0.097 0.098 0.144034
0.098 0.099 0.137864
0.099 0.100 0.132135
0.100 0.101 0.126467
0.101 0.102 0.121150
0.102 0.103 0.113797
0.103 0.104 0.108433
0.104 0.105 0.103767
0.105 0.106 0.097691
0.106 0.107 0.092043
0.107 0.108 0.084876
0.108 0.109 0.078886
0.109 0.110 0.072308
0.110 0.111 0.066190
0.111 0.112 0.061331
0.112 0.113 0.054635
0.113 0.114 0.049152
0.114 0.115 0.043665
0.115 0.116 0.037089
0.116 0.117 0.031300
0.117 0.118 0.024914
0.118 0.119 0.016887
0.119 0.120 0.011818
0.120 0.121 0.008468
0.121 0.122 0.004231
0.122 0.123 0.000442
0.123 0.124 0.000000
0.124 0.125 0.000000
0.125 0.126 0.000000
0.126 0.127 0.000000
0.127 0.128 0.000000
0.128 0.129 0.000000
0.129 0.130 0.000000
0.130 0.131 0.000000
0.131 0.132 0.000000
0.132 0.133 0.000000
0.133 0.134 0.000000
0.134 0.135 0.000000
0.135 0.136 0.000000
0.136 0.137 0.000000
0.137 0.138 0.000000
0.138 0.139 0.000000
0.139 0.140 0.000000
0.140 0.141 0.000000
0.141 0.142 0.000000
0.142 0.143 0.000000
0.143 0.144 0.000000
0.144 0.145 0.000000
0.145 0.146 0.000000
0.146 0.147 0.000000
0.147 0.148 0.000000
0.148 0.149 0.000000
0.149 0.150 0.000000
