1
0.000 0.001 0.000000
0.001 0.002 0.000000
0.002 0.003 0.000000
0.003 0.004 0.000000
0.004 0.005 0.000000
0.005 0.006 0.000000
0.006 0.007 0.000000
0.007 0.008 0.000000
0.008 0.009 0.000000
0.009 0.010 0.000000
0.010 0.011 0.000000
0.011 0.012 0.000000
0.012 0.013 0.000000
0.013 0.014 0.000000
0.014 0.015 0.000000
0.015 0.016 0.000001
0.016 0.017 0.000005
0.017 0.018 0.000034
0.018 0.019 0.000150
0.019 0.020 0.000517
0.020 0.021 0.001447
0.021 0.022 0.003424
0.022 0.023 0.007070
0.023 0.024 0.013045
0.024 0.025 0.021995
0.025 0.026 0.034325
0.026 0.027 0.050206
0.027 0.028 0.069867
0.028 0.029 0.092980
0.029 0.030 0.118706
0.030 0.031 0.146880
0.031 0.032 0.176360
0.032 0.033 0.206934
0.033 0.034 0.238065
0.034 0.035 0.268749
0.035 0.036 0.298115
0.036 0.037 0.326357
0.037 0.038 0.353338
0.038 0.039 0.377335
0.039 0.040 0.399962
0.040 0.041 0.420412
0.041 0.042 0.437722
0.042 0.043 0.454247
0.043 0.044 0.468066
0.044 0.045 0.480554
0.045 0.046 0.489957
0.046 0.047 0.495989
0.047 0.048 0.503037
0.048 0.049 0.508599
0.049 0.050 0.509636
0.050 0.051 0.509368
0.051 0.052 0.510729
0.052 0.053 0.510629
0.053 0.054 0.507406
0.054 0.055 0.503326
0.055 0.056 0.500559
0.056 0.057 0.496930
0.057 0.058 0.668986
0.058 0.059 1.000000
0.059 0.060 0.814184
0.060 0.061 0.479943
0.061 0.062 0.471707
0.062 0.063 0.446333
0.063 0.064 0.436025
0.064 0.065 0.424786
0.065 0.066 0.415620
0.066 0.067 0.540252
0.067 0.068 0.531603
0.068 0.069 0.414529
0.069 0.070 0.372614
0.070 0.071 0.306100
0.071 0.072 0.297611
0.072 0.073 0.287302
0.073 0.074 0.280922
0.074 0.075 0.273602
0.075 0.076 0.264515
0.076 0.077 0.254384
0.077 0.078 0.245612
0.078 0.079 0.240102
0.079 0.080 0.233316
0.080 0.081 0.224000
0.081 0.082 0.213622
0.082 0.083 0.204463
0.083 0.084 0.195183
0.084 0.085 0.188227
0.085 0.086 0.182017
0.086 0.087 0.173844
0.087 0.088 0.168155
0.088 0.089 0.161560
0.089 0.090 0.152877
0.090 0.091 0.144197
0.091 0.092 0.134768
0.092 0.093 0.128426
0.093 0.094 0.124938
0.094 0.095 0.118430
0.095 0.096 0.112117
0.096 0.097 0.105221
0.097 0.098 0.096496
0.098 0.099 0.089706
0.099 0.100 0.084318
0.100 0.101 0.080323
0.101 0.102 0.075444
0.102 0.103 0.068746
0.103 0.104 0.063099
0.104 0.105 0.059663
0.105 0.106 0.055275
0.106 0.107 0.050942
0.107 0.108 0.045647
0.108 0.109 0.041070
0.109 0.110 0.035726
0.110 0.111 0.031981
0.111 0.112 0.028978
0.112 0.113 0.025048
0.113 0.114 0.021718
0.114 0.115 0.017918
0.115 0.116 0.014879
0.116 0.117 0.012178
0.117 0.118 0.008901
0.118 0.119 0.006197
0.119 0.120 0.004650
0.120 0.121 0.003191
0.121 0.122 0.002101
0.122 0.123 0.000580
0.123 0.124 0.000000
0.124 0.125 0.000000
0.125 0.126 0.000000
0.126 0.127 0.000000
0.127 0.128 0.000000
0.128 0.129 0.000000
0.129 0.130 0.000000
0.130 0.131 0.000000
0.131 0.132 0.000000
0.132 0.133 0.000000
0.133 0.134 0.000000
0.134 0.135 0.000000
0.135 0.136 0.000000
0.136 0.137 0.000000
0.137 0.138 0.000000
0.138 0.139 0.000000
0.139 0.140 0.000000
0.140 0.141 0.000000
0.141 0.142 0.000000
0.142 0.143 0.000000
0.143 0.144 0.000000
0.144 0.145 0.000000
0.145 0.146 0.000000
0.146 0.147 0.000000
0.147 0.148 0.000000
0.148 0.149 0.000000
0.149 0.150 0.000000
