1
0.000 0.001 0.000000
0.001 0.002 0.000000
0.002 0.003 0.000000
0.003 0.004 0.000000
0.004 0.005 0.000000
0.005 0.006 0.000000
0.006 0.007 0.000000
0.007 0.008 0.000000
0.008 0.009 0.000000
0.009 0.010 0.000000
0.010 0.011 0.000000
0.011 0.012 0.000000
0.012 0.013 0.000000
0.013 0.014 0.000000
0.014 0.015 0.000005
0.015 0.016 0.000038
0.016 0.017 0.000199
0.017 0.018 0.000743
0.018 0.019 0.002150
0.019 0.020 0.005138
0.020 0.021 0.010554
0.021 0.022 0.019119
0.022 0.023 0.031386
0.023 0.024 0.047718
0.024 0.025 0.067971
0.025 0.026 0.091601
0.026 0.027 0.118129
0.027 0.028 0.146907
0.028 0.029 0.177163
0.029 0.030 0.207520
0.030 0.031 0.237401
0.031 0.032 0.266434
0.032 0.033 0.294657
0.033 0.034 0.321591
0.034 0.035 0.345770
0.035 0.036 0.367275
0.036 0.037 0.387343
0.037 0.038 0.405962
0.038 0.039 0.420460
0.039 0.040 0.432863
0.040 0.041 0.443334
0.041 0.042 0.451714
0.042 0.043 0.459476
0.043 0.044 0.464582
0.044 0.045 0.468898
0.045 0.046 0.470141
0.046 0.047 0.470098
0.047 0.048 0.472129
0.048 0.049 0.471591
0.049 0.050 0.467301
0.050 0.051 0.464063
0.051 0.052 0.462034
0.052 0.053 0.457137
0.053 0.054 0.451174
0.054 0.055 0.445397
0.055 0.056 0.441008
0.056 0.057 0.436702
0.057 0.058 0.630725
0.058 0.059 1.000000
0.059 0.060 0.790930
0.060 0.061 0.421588
0.061 0.062 0.414405
0.062 0.063 0.387521
0.063 0.064 0.379596
0.064 0.065 0.370968
0.065 0.066 0.362674
0.066 0.067 0.498449
0.067 0.068 0.490789
0.068 0.069 0.369261
0.069 0.070 0.329993
0.070 0.071 0.262197
0.071 0.072 0.256908
0.072 0.073 0.250044
0.073 0.074 0.244895
0.074 0.075 0.240313
0.075 0.076 0.234937
0.076 0.077 0.227873
0.077 0.078 0.222477
0.078 0.079 0.218325
0.079 0.080 0.213712
0.080 0.081 0.208405
0.081 0.082 0.201913
0.082 0.083 0.195327
0.083 0.084 0.189068
0.084 0.085 0.183762
0.085 0.086 0.178854
0.086 0.087 0.173552
0.087 0.088 0.169414
0.088 0.089 0.163808
0.089 0.090 0.157266
0.090 0.091 0.151417
0.091 0.092 0.143738
0.092 0.093 0.138267
0.093 0.094 0.134903
0.094 0.095 0.129623
0.095 0.096 0.124719
0.096 0.097 0.119773
0.097 0.098 0.113510
0.098 0.099 0.107406
0.099 0.100 0.103416
0.100 0.101 0.099767
0.101 0.102 0.095487
0.102 0.103 0.090761
0.103 0.104 0.086956
0.104 0.105 0.082823
0.105 0.106 0.077631
0.106 0.107 0.073935
0.107 0.108 0.069561
0.108 0.109 0.066055
0.109 0.110 0.062760
0.110 0.111 0.059167
0.111 0.112 0.055832
0.112 0.113 0.051140
0.113 0.114 0.047522
0.114 0.115 0.044719
0.115 0.116 0.041769
0.116 0.117 0.038445
0.117 0.118 0.035497
0.118 0.119 0.031592
0.119 0.120 0.029211
0.120 0.121 0.027792
0.121 0.122 0.025564
0.122 0.123 0.023344
0.123 0.124 0.020764
0.124 0.125 0.018456
0.125 0.126 0.016133
0.126 0.127 0.014327
0.127 0.128 0.012124
0.128 0.129 0.009969
0.129 0.130 0.008469
0.130 0.131 0.006781
0.131 0.132 0.005715
0.132 0.133 0.004087
0.133 0.134 0.002927
0.134 0.135 0.001656
0.135 0.136 0.001051
0.136 0.137 0.000286
0.137 0.138 0.000000
0.138 0.139 0.000000
0.139 0.140 0.000000
0.140 0.141 0.000000
0.141 0.142 0.000000
0.142 0.143 0.000000
0.143 0.144 0.000000
0.144 0.145 0.000000
0.145 0.146 0.000000
0.146 0.147 0.000000
0.147 0.148 0.000000
0.148 0.149 0.000000
0.149 0.150 0.000000
