1
0.000 0.001 0.000000
0.001 0.002 0.000000
0.002 0.003 0.000000
0.003 0.004 0.000000
0.004 0.005 0.000000
0.005 0.006 0.000000
0.006 0.007 0.000000
0.007 0.008 0.000000
0.008 0.009 0.000000
0.009 0.010 0.000000
0.010 0.011 0.000000
0.011 0.012 0.000000
0.012 0.013 0.000000
0.013 0.014 0.000000
0.014 0.015 0.000000
0.015 0.016 0.000001
0.016 0.017 0.000010
0.017 0.018 0.000054
0.018 0.019 0.000224
0.019 0.020 0.000718
0.020 0.021 0.001896
0.021 0.022 0.004261
0.022 0.023 0.008495
0.023 0.024 0.015222
0.024 0.025 0.025037
0.025 0.026 0.038274
0.026 0.027 0.054961
0.027 0.028 0.075126
0.028 0.029 0.098539
0.029 0.030 0.124367
0.030 0.031 0.152079
0.031 0.032 0.180782
0.032 0.033 0.210352
0.033 0.034 0.239643
0.034 0.035 0.267801
0.035 0.036 0.294816
0.036 0.037 0.320762
0.037 0.038 0.345234
0.038 0.039 0.366553
0.039 0.040 0.385865
0.040 0.041 0.402853
0.041 0.042 0.416810
0.042 0.043 0.431578
0.043 0.044 0.443243
0.044 0.045 0.454448
0.045 0.046 0.462263
0.046 0.047 0.467511
0.047 0.048 0.473723
0.048 0.049 0.477253
0.049 0.050 0.477345
0.050 0.051 0.477534
0.051 0.052 0.478040
0.052 0.053 0.475472
0.053 0.054 0.471909
0.054 0.055 0.467916
0.055 0.056 0.463627
0.056 0.057 0.459064
0.057 0.058 0.644157
0.058 0.059 1.000000
0.059 0.060 0.801102
0.060 0.061 0.442947
0.061 0.062 0.434033
0.062 0.063 0.408662
0.063 0.064 0.401156
0.064 0.065 0.392469
0.065 0.066 0.383810
0.066 0.067 0.518613
0.067 0.068 0.511270
0.068 0.069 0.389419
0.069 0.070 0.348976
0.070 0.071 0.280208
0.071 0.072 0.274006
0.072 0.073 0.265764
0.073 0.074 0.259751
0.074 0.075 0.254118
0.075 0.076 0.247596
0.076 0.077 0.239291
0.077 0.078 0.232379
0.078 0.079 0.226908
0.079 0.080 0.220363
0.080 0.081 0.214865
0.081 0.082 0.208208
0.082 0.083 0.201558
0.083 0.084 0.195277
0.084 0.085 0.189904
0.085 0.086 0.184901
0.086 0.087 0.179276
0.087 0.088 0.175047
0.088 0.089 0.169126
0.089 0.090 0.162214
0.090 0.091 0.156241
0.091 0.092 0.148256
0.092 0.093 0.142175
0.093 0.094 0.138397
0.094 0.095 0.132455
0.095 0.096 0.126185
0.096 0.097 0.121813
0.097 0.098 0.116016
0.098 0.099 0.110741
0.099 0.100 0.106633
0.100 0.101 0.102848
0.101 0.102 0.098523
0.102 0.103 0.093549
0.103 0.104 0.089625
0.104 0.105 0.085476
0.105 0.106 0.080478
0.106 0.107 0.076100
0.107 0.108 0.070936
0.108 0.109 0.066670
0.109 0.110 0.062085
0.110 0.111 0.058840
0.111 0.112 0.055862
0.112 0.113 0.051733
0.113 0.114 0.047977
0.114 0.115 0.044990
0.115 0.116 0.041779
0.116 0.117 0.038291
0.117 0.118 0.035038
0.118 0.119 0.030835
0.119 0.120 0.027931
0.120 0.121 0.025647
0.121 0.122 0.023684
0.122 0.123 0.021725
0.123 0.124 0.019648
0.124 0.125 0.017089
0.125 0.126 0.014528
0.126 0.127 0.012529
0.127 0.128 0.010169
0.128 0.129 0.007592
0.129 0.130 0.006322
0.130 0.131 0.004888
0.131 0.132 0.003955
0.132 0.133 0.002753
0.133 0.134 0.001006
0.134 0.135 0.000584
0.135 0.136 0.000000
0.136 0.137 0.000000
0.137 0.138 0.000000
0.138 0.139 0.000000
0.139 0.140 0.000000
0.140 0.141 0.000000
0.141 0.142 0.000000
0.142 0.143 0.000000
0.143 0.144 0.000000
0.144 0.145 0.000000
0.145 0.146 0.000000
0.146 0.147 0.000000
0.147 0.148 0.000000
0.148 0.149 0.000000
0.149 0.150 0.000000
