1
0.000 0.001 0.000000
0.001 0.002 0.000000
0.002 0.003 0.000000
0.003 0.004 0.000000
0.004 0.005 0.000000
0.005 0.006 0.000000
0.006 0.007 0.000000
0.007 0.008 0.000000
0.008 0.009 0.000000
0.009 0.010 0.000000
0.010 0.011 0.000000
0.011 0.012 0.000000
0.012 0.013 0.000000
0.013 0.014 0.000000
0.014 0.015 0.000000
0.015 0.016 0.000000
0.016 0.017 0.000000
0.017 0.018 0.000002
0.018 0.019 0.000011
0.019 0.020 0.000055
0.020 0.021 0.000207
0.021 0.022 0.000624
0.022 0.023 0.001573
0.023 0.024 0.003440
0.024 0.025 0.006703
0.025 0.026 0.011835
0.026 0.027 0.019238
0.027 0.028 0.029358
0.028 0.029 0.042381
0.029 0.030 0.057959
0.030 0.031 0.076246
0.031 0.032 0.096811
0.032 0.033 0.119042
0.033 0.034 0.143071
0.034 0.035 0.168156
0.035 0.036 0.192749
0.036 0.037 0.218172
0.037 0.038 0.243813
0.038 0.039 0.266437
0.039 0.040 0.288393
0.040 0.041 0.310043
0.041 0.042 0.329099
0.042 0.043 0.347751
0.043 0.044 0.364599
0.044 0.045 0.380330
0.045 0.046 0.393609
0.046 0.047 0.403286
0.047 0.048 0.414706
0.048 0.049 0.425218
0.049 0.050 0.431069
0.050 0.051 0.434696
0.051 0.052 0.439871
0.052 0.053 0.445022
0.053 0.054 0.446372
0.054 0.055 0.446473
0.055 0.056 0.449048
0.056 0.057 0.450531
0.057 0.058 0.639149
0.058 0.059 1.000000
0.059 0.060 0.806042
0.060 0.061 0.450249
0.061 0.062 0.446460
0.062 0.063 0.423928
0.063 0.064 0.417445
0.064 0.065 0.409342
0.065 0.066 0.404099
0.066 0.067 0.546163
0.067 0.068 0.541000
0.068 0.069 0.417092
0.069 0.070 0.375821
0.070 0.071 0.304800
0.071 0.072 0.298790
0.072 0.073 0.291859
0.073 0.074 0.288503
0.074 0.075 0.283964
0.075 0.076 0.278589
0.076 0.077 0.270451
0.077 0.078 0.263714
0.078 0.079 0.260810
0.079 0.080 0.256007
0.080 0.081 0.248217
0.081 0.082 0.239848
0.082 0.083 0.232864
0.083 0.084 0.226401
0.084 0.085 0.220512
0.085 0.086 0.215408
0.086 0.087 0.207730
0.087 0.088 0.203520
0.088 0.089 0.198454
0.089 0.090 0.190180
0.090 0.091 0.182550
0.091 0.092 0.171556
0.092 0.093 0.164844
0.093 0.094 0.162274
0.094 0.095 0.155373
0.095 0.096 0.148584
0.096 0.097 0.141281
0.097 0.098 0.132044
0.098 0.099 0.123555
0.099 0.100 0.116713
0.100 0.101 0.111643
0.101 0.102 0.105614
0.102 0.103 0.096759
0.103 0.104 0.090102
0.104 0.105 0.085032
0.105 0.106 0.078496
0.106 0.107 0.071885
0.107 0.108 0.063786
0.108 0.109 0.056561
0.109 0.110 0.049256
0.110 0.111 0.042179
0.111 0.112 0.037337
0.112 0.113 0.030848
0.113 0.114 0.026238
0.114 0.115 0.021090
0.115 0.116 0.015969
0.116 0.117 0.012380
0.117 0.118 0.008269
0.118 0.119 0.004404
0.119 0.120 0.002238
0.120 0.121 0.000482
0.121 0.122 0.000000
0.122 0.123 0.000000
0.123 0.124 0.000000
0.124 0.125 0.000000
0.125 0.126 0.000000
0.126 0.127 0.000000
0.127 0.128 0.000000
0.128 0.129 0.000000
0.129 0.130 0.000000
0.130 0.131 0.000000
0.131 0.132 0.000000
0.132 0.133 0.000000
0.133 0.134 0.000000
0.134 0.135 0.000000
0.135 0.136 0.000000
0.136 0.137 0.000000
0.137 0.138 0.000000
0.138 0.139 0.000000
0.139 0.140 0.000000
0.140 0.141 0.000000
0.141 0.142 0.000000
0.142 0.143 0.000000
0.143 0.144 0.000000
0.144 0.145 0.000000
0.145 0.146 0.000000
0.146 0.147 0.000000
0.147 0.148 0.000000
0.148 0.149 0.000000
0.149 0.150 0.000000
