1
0.000 0.001 0.000000
0.001 0.002 0.000000
0.002 0.003 0.000000
0.003 0.004 0.000000
0.004 0.005 0.000000
0.005 0.006 0.000000
0.006 0.007 0.000000
0.007 0.008 0.000000
0.008 0.009 0.000000
0.009 0.010 0.000000
0.010 0.011 0.000000
0.011 0.012 0.000000
0.012 0.013 0.000000
0.013 0.014 0.000000
0.014 0.015 0.000000
0.015 0.016 0.000000
0.016 0.017 0.000000
0.017 0.018 0.000000
0.018 0.019 0.000002
0.019 0.020 0.000015
0.020 0.021 0.000066
0.021 0.022 0.000236
0.022 0.023 0.000687
0.023 0.024 0.001701
0.024 0.025 0.003698
0.025 0.026 0.007171
0.026 0.027 0.012659
0.027 0.028 0.020768
0.028 0.029 0.031921
0.029 0.030 0.046248
0.030 0.031 0.063913
0.031 0.032 0.084706
0.032 0.033 0.108460
0.033 0.034 0.134743
0.034 0.035 0.163039
0.035 0.036 0.192873
0.036 0.037 0.223644
0.037 0.038 0.253785
0.038 0.039 0.283121
0.039 0.040 0.312872
0.040 0.041 0.341216
0.041 0.042 0.367719
0.042 0.043 0.393573
0.043 0.044 0.416480
0.044 0.045 0.438514
0.045 0.046 0.457905
0.046 0.047 0.473066
0.047 0.048 0.488497
0.048 0.049 0.502802
0.049 0.050 0.511664
0.050 0.051 0.518855
0.051 0.052 0.527568
0.052 0.053 0.534619
0.053 0.054 0.537675
0.054 0.055 0.538247
0.055 0.056 0.539241
0.056 0.057 0.540264
0.057 0.058 0.697685
0.058 0.059 1.000000
0.059 0.060 0.835358
0.060 0.061 0.530747
0.061 0.062 0.523834
0.062 0.063 0.501197
0.063 0.064 0.490252
0.064 0.065 0.479240
0.065 0.066 0.470454
0.066 0.067 0.588893
0.067 0.068 0.580095
0.068 0.069 0.464344
0.069 0.070 0.420551
0.070 0.071 0.354650
0.071 0.072 0.343672
0.072 0.073 0.329704
0.073 0.074 0.322973
0.074 0.075 0.314495
0.075 0.076 0.301397
0.076 0.077 0.287438
0.077 0.078 0.275527
0.078 0.079 0.268083
0.079 0.080 0.259092
0.080 0.081 0.246783
0.081 0.082 0.232001
0.082 0.083 0.220566
0.083 0.084 0.208880
0.084 0.085 0.198548
0.085 0.086 0.189437
0.086 0.087 0.178238
0.087 0.088 0.168353
0.088 0.089 0.160482
0.089 0.090 0.150096
0.090 0.091 0.138486
0.091 0.092 0.126474
0.092 0.093 0.116656
0.093 0.094 0.110986
0.094 0.095 0.102825
0.095 0.096 0.095102
0.096 0.097 0.085682
0.097 0.098 0.074534
0.098 0.099 0.064519
0.099 0.100 0.057629
0.100 0.101 0.054215
0.101 0.102 0.047289
0.102 0.103 0.040266
0.103 0.104 0.034522
0.104 0.105 0.030213
0.105 0.106 0.024313
0.106 0.107 0.020061
0.107 0.108 0.015229
0.108 0.109 0.010145
0.109 0.110 0.006879
0.110 0.111 0.003174
0.111 0.112 0.000900
0.112 0.113 0.000000
0.113 0.114 0.000000
0.114 0.115 0.000000
0.115 0.116 0.000000
0.116 0.117 0.000000
0.117 0.118 0.000000
0.118 0.119 0.000000
0.119 0.120 0.000000
0.120 0.121 0.000000
0.121 0.122 0.000000
0.122 0.123 0.000000
0.123 0.124 0.000000
0.124 0.125 0.000000
0.125 0.126 0.000000
0.126 0.127 0.000000
0.127 0.128 0.000000
0.128 0.129 0.000000
0.129 0.130 0.000000
0.130 0.131 0.000000
0.131 0.132 0.000000
0.132 0.133 0.000000
0.133 0.134 0.000000
0.134 0.135 0.000000
0.135 0.136 0.000000
0.136 0.137 0.000000
0.137 0.138 0.000000
0.138 0.139 0.000000
0.139 0.140 0.000000
0.140 0.141 0.000000
0.141 0.142 0.000000
0.142 0.143 0.000000
0.143 0.144 0.000000
0.144 0.145 0.000000
0.145 0.146 0.000000
0.146 0.147 0.000000
0.147 0.148 0.000000
0.148 0.149 0.000000
0.149 0.150 0.000000
