1
0.000 0.001 0.000000
0.001 0.002 0.000000
0.002 0.003 0.000000
0.003 0.004 0.000000
0.004 0.005 0.000000
0.005 0.006 0.000000
0.006 0.007 0.000000
0.007 0.008 0.000000
0.008 0.009 0.000000
0.009 0.010 0.000000
0.010 0.011 0.000000
0.011 0.012 0.000000
0.012 0.013 0.000000
0.013 0.014 0.000000
0.014 0.015 0.000000
0.015 0.016 0.000000
0.016 0.017 0.000000
0.017 0.018 0.000003
0.018 0.019 0.000017
0.019 0.020 0.000078
0.020 0.021 0.000272
0.021 0.022 0.000776
0.022 0.023 0.001878
0.023 0.024 0.003976
0.024 0.025 0.007545
0.025 0.026 0.013040
0.026 0.027 0.020829
0.027 0.028 0.031345
0.028 0.029 0.044720
0.029 0.030 0.060538
0.030 0.031 0.079021
0.031 0.032 0.099617
0.032 0.033 0.121803
0.033 0.034 0.145612
0.034 0.035 0.170369
0.035 0.036 0.194624
0.036 0.037 0.219518
0.037 0.038 0.244723
0.038 0.039 0.266967
0.039 0.040 0.288496
0.040 0.041 0.309594
0.041 0.042 0.328055
0.042 0.043 0.346170
0.043 0.044 0.362609
0.044 0.045 0.377902
0.045 0.046 0.390583
0.046 0.047 0.400060
0.047 0.048 0.411230
0.048 0.049 0.421223
0.049 0.050 0.426853
0.050 0.051 0.430389
0.051 0.052 0.435361
0.052 0.053 0.439995
0.053 0.054 0.441021
0.054 0.055 0.441206
0.055 0.056 0.443687
0.056 0.057 0.444830
0.057 0.058 0.635250
0.058 0.059 1.000000
0.059 0.060 0.804385
0.060 0.061 0.445323
0.061 0.062 0.441501
0.062 0.063 0.418619
0.063 0.064 0.412464
0.064 0.065 0.404488
0.065 0.066 0.399077
0.066 0.067 0.542495
0.067 0.068 0.537425
0.068 0.069 0.412863
0.069 0.070 0.371645
0.070 0.071 0.300296
0.071 0.072 0.294655
0.072 0.073 0.288107
0.073 0.074 0.284487
0.074 0.075 0.279865
0.075 0.076 0.274841
0.076 0.077 0.267153
0.077 0.078 0.260699
0.078 0.079 0.257775
0.079 0.080 0.253063
0.080 0.081 0.245529
0.081 0.082 0.237442
0.082 0.083 0.230731
0.083 0.084 0.224686
0.084 0.085 0.219088
0.085 0.086 0.214147
0.086 0.087 0.206712
0.087 0.088 0.202734
0.088 0.089 0.197687
0.089 0.090 0.189655
0.090 0.091 0.182625
0.091 0.092 0.171940
0.092 0.093 0.165435
0.093 0.094 0.163132
0.094 0.095 0.156510
0.095 0.096 0.149967
0.096 0.097 0.143120
0.097 0.098 0.134314
0.098 0.099 0.126556
0.099 0.100 0.120059
0.100 0.101 0.114835
0.101 0.102 0.109070
0.102 0.103 0.100675
0.103 0.104 0.094429
0.104 0.105 0.089554
0.105 0.106 0.083250
0.106 0.107 0.076986
0.107 0.108 0.069213
0.108 0.109 0.062535
0.109 0.110 0.055207
0.110 0.111 0.048287
0.111 0.112 0.043130
0.112 0.113 0.036189
0.113 0.114 0.031179
0.114 0.115 0.025679
0.115 0.116 0.020086
0.116 0.117 0.016040
0.117 0.118 0.011413
0.118 0.119 0.006775
0.119 0.120 0.004231
0.120 0.121 0.002604
0.121 0.122 0.000465
0.122 0.123 0.000000
0.123 0.124 0.000000
0.124 0.125 0.000000
0.125 0.126 0.000000
0.126 0.127 0.000000
0.127 0.128 0.000000
0.128 0.129 0.000000
0.129 0.130 0.000000
0.130 0.131 0.000000
0.131 0.132 0.000000
0.132 0.133 0.000000
0.133 0.134 0.000000
0.134 0.135 0.000000
0.135 0.136 0.000000
0.136 0.137 0.000000
0.137 0.138 0.000000
0.138 0.139 0.000000
0.139 0.140 0.000000
0.140 0.141 0.000000
0.141 0.142 0.000000
0.142 0.143 0.000000
0.143 0.144 0.000000
0.144 0.145 0.000000
0.145 0.146 0.000000
0.146 0.147 0.000000
0.147 0.148 0.000000
0.148 0.149 0.000000
0.149 0.150 0.000000
