1
0.000 0.001 0.000000
0.001 0.002 0.000000
0.002 0.003 0.000000
0.003 0.004 0.000000
0.004 0.005 0.000000
0.005 0.006 0.000000
0.006 0.007 0.000000
0.007 0.008 0.000000
0.008 0.009 0.000000
0.009 0.010 0.000000
0.010 0.011 0.000000
0.011 0.012 0.000000
0.012 0.013 0.000000
0.013 0.014 0.000000
0.014 0.015 0.000000
0.015 0.016 0.000000
0.016 0.017 0.000000
0.017 0.018 0.000000
0.018 0.019 0.000000
0.019 0.020 0.000000
0.020 0.021 0.000002
0.021 0.022 0.000010
0.022 0.023 0.000046
0.023 0.024 0.000162
0.024 0.025 0.000478
0.025 0.026 0.001200
0.026 0.027 0.002643
0.027 0.028 0.005249
0.028 0.029 0.009545
0.029 0.030 0.015984
0.030 0.031 0.025064
0.031 0.032 0.037130
0.032 0.033 0.052398
0.033 0.034 0.070980
0.034 0.035 0.092738
0.035 0.036 0.117285
0.036 0.037 0.144374
0.037 0.038 0.172922
0.038 0.039 0.202384
0.039 0.040 0.233418
0.040 0.041 0.264387
0.041 0.042 0.294622
0.042 0.043 0.324892
0.043 0.044 0.353019
0.044 0.045 0.381234
0.045 0.046 0.406855
0.046 0.047 0.429085
0.047 0.048 0.451709
0.048 0.049 0.472225
0.049 0.050 0.486599
0.050 0.051 0.499640
0.051 0.052 0.513529
0.052 0.053 0.525063
0.053 0.054 0.531239
0.054 0.055 0.537111
0.055 0.056 0.542656
0.056 0.057 0.548210
0.057 0.058 0.702989
0.058 0.059 1.000000
0.059 0.060 0.845433
0.060 0.061 0.549506
0.061 0.062 0.544554
0.062 0.063 0.522906
0.063 0.064 0.511779
0.064 0.065 0.499515
0.065 0.066 0.492549
0.066 0.067 0.616845
0.067 0.068 0.610189
0.068 0.069 0.490924
0.069 0.070 0.446456
0.070 0.071 0.378382
0.071 0.072 0.367107
0.072 0.073 0.352329
0.073 0.074 0.345408
0.074 0.075 0.335062
0.075 0.076 0.324002
0.076 0.077 0.310428
0.077 0.078 0.298958
0.078 0.079 0.292129
0.079 0.080 0.283548
0.080 0.081 0.271272
0.081 0.082 0.256915
0.082 0.083 0.243623
0.083 0.084 0.228618
0.084 0.085 0.218760
0.085 0.086 0.210259
0.086 0.087 0.199335
0.087 0.088 0.190632
0.088 0.089 0.181486
0.089 0.090 0.169524
0.090 0.091 0.156281
0.091 0.092 0.141138
0.092 0.093 0.132832
0.093 0.094 0.126740
0.094 0.095 0.117769
0.095 0.096 0.109245
0.096 0.097 0.098743
0.097 0.098 0.086980
0.098 0.099 0.073226
0.099 0.100 0.066153
0.100 0.101 0.062903
0.101 0.102 0.056543
0.102 0.103 0.047691
0.103 0.104 0.040320
0.104 0.105 0.033534
0.105 0.106 0.028865
0.106 0.107 0.023840
0.107 0.108 0.018116
0.108 0.109 0.011773
0.109 0.110 0.008469
0.110 0.111 0.005318
0.111 0.112 0.001509
0.112 0.113 0.000000
0.113 0.114 0.000000
0.114 0.115 0.000000
0.115 0.116 0.000000
0.116 0.117 0.000000
0.117 0.118 0.000000
0.118 0.119 0.000000
0.119 0.120 0.000000
0.120 0.121 0.000000
0.121 0.122 0.000000
0.122 0.123 0.000000
0.123 0.124 0.000000
0.124 0.125 0.000000
0.125 0.126 0.000000
0.126 0.127 0.000000
0.127 0.128 0.000000
0.128 0.129 0.000000
0.129 0.130 0.000000
0.130 0.131 0.000000
0.131 0.132 0.000000
0.132 0.133 0.000000
0.133 0.134 0.000000
0.134 0.135 0.000000
0.135 0.136 0.000000
0.136 0.137 0.000000
0.137 0.138 0.000000
0.138 0.139 0.000000
0.139 0.140 0.000000
0.140 0.141 0.000000
0.141 0.142 0.000000
0.142 0.143 0.000000
0.143 0.144 0.000000
0.144 0.145 0.000000
0.145 0.146 0.000000
0.146 0.147 0.000000
0.147 0.148 0.000000
0.148 0.149 0.000000
0.149 0.150 0.000000
