1
0.000 0.001 0.000000
0.001 0.002 0.000000
0.002 0.003 0.000000
0.003 0.004 0.000000
0.004 0.005 0.000000
0.005 0.006 0.000000
0.006 0.007 0.000000
0.007 0.008 0.000000
0.008 0.009 0.000000
0.009 0.010 0.000000
0.010 0.011 0.000000
0.011 0.012 0.000000
0.012 0.013 0.000000
0.013 0.014 0.000000
0.014 0.015 0.000000
0.015 0.016 0.000002
0.016 0.017 0.000017
0.017 0.018 0.000089
0.018 0.019 0.000343
0.019 0.020 0.001050
0.020 0.021 0.002670
0.021 0.022 0.005828
0.022 0.023 0.011254
0.023 0.024 0.019639
0.024 0.025 0.031598
0.025 0.026 0.047380
0.026 0.027 0.066933
0.027 0.028 0.090410
0.028 0.029 0.117166
0.029 0.030 0.145988
0.030 0.031 0.176995
0.031 0.032 0.208915
0.032 0.033 0.241093
0.033 0.034 0.273340
0.034 0.035 0.304560
0.035 0.036 0.333504
0.036 0.037 0.361318
0.037 0.038 0.387623
0.038 0.039 0.409865
0.039 0.040 0.430185
0.040 0.041 0.448335
0.041 0.042 0.463005
0.042 0.043 0.476923
0.043 0.044 0.488470
0.044 0.045 0.498802
0.045 0.046 0.504948
0.046 0.047 0.508905
0.047 0.048 0.514044
0.048 0.049 0.516268
0.049 0.050 0.514458
0.050 0.051 0.512194
0.051 0.052 0.510627
0.052 0.053 0.507061
0.053 0.054 0.501082
0.054 0.055 0.494504
0.055 0.056 0.488269
0.056 0.057 0.483892
0.057 0.058 0.660473
0.058 0.059 1.000000
0.059 0.060 0.808076
0.060 0.061 0.464751
0.061 0.062 0.456154
0.062 0.063 0.429266
0.063 0.064 0.418673
0.064 0.065 0.407245
0.065 0.066 0.397131
0.066 0.067 0.524010
0.067 0.068 0.514634
0.068 0.069 0.394635
0.069 0.070 0.354112
0.070 0.071 0.287453
0.071 0.072 0.280504
0.072 0.073 0.271735
0.073 0.074 0.265761
0.074 0.075 0.259500
0.075 0.076 0.252326
0.076 0.077 0.243277
0.077 0.078 0.235501
0.078 0.079 0.230022
0.079 0.080 0.223706
0.080 0.081 0.215732
0.081 0.082 0.205997
0.082 0.083 0.198853
0.083 0.084 0.192148
0.084 0.085 0.186205
0.085 0.086 0.180775
0.086 0.087 0.173978
0.087 0.088 0.169289
0.088 0.089 0.163196
0.089 0.090 0.155534
0.090 0.091 0.148795
0.091 0.092 0.139704
0.092 0.093 0.133193
0.093 0.094 0.128813
0.094 0.095 0.123478
0.095 0.096 0.118336
0.096 0.097 0.112954
0.097 0.098 0.106139
0.098 0.099 0.099987
0.099 0.100 0.095009
0.100 0.101 0.090796
0.101 0.102 0.086003
0.102 0.103 0.079960
0.103 0.104 0.074720
0.104 0.105 0.071264
0.105 0.106 0.066928
0.106 0.107 0.062967
0.107 0.108 0.058107
0.108 0.109 0.054034
0.109 0.110 0.049804
0.110 0.111 0.045693
0.111 0.112 0.042216
0.112 0.113 0.037145
0.113 0.114 0.034007
0.114 0.115 0.031186
0.115 0.116 0.027937
0.116 0.117 0.024844
0.117 0.118 0.021581
0.118 0.119 0.017281
0.119 0.120 0.014512
0.120 0.121 0.013773
0.121 0.122 0.011867
0.122 0.123 0.009909
0.123 0.124 0.007848
0.124 0.125 0.005129
0.125 0.126 0.003750
0.126 0.127 0.002601
0.127 0.128 0.000982
0.128 0.129 0.000575
0.129 0.130 0.000000
0.130 0.131 0.000000
0.131 0.132 0.000000
0.132 0.133 0.000000
0.133 0.134 0.000000
0.134 0.135 0.000000
0.135 0.136 0.000000
0.136 0.137 0.000000
0.137 0.138 0.000000
0.138 0.139 0.000000
0.139 0.140 0.000000
0.140 0.141 0.000000
0.141 0.142 0.000000
0.142 0.143 0.000000
0.143 0.144 0.000000
0.144 0.145 0.000000
0.145 0.146 0.000000
0.146 0.147 0.000000
0.147 0.148 0.000000
0.148 0.149 0.000000
0.149 0.150 0.000000
