1
0.000 0.001 0.000000
0.001 0.002 0.000000
0.002 0.003 0.000000
0.003 0.004 0.000000
0.004 0.005 0.000000
0.005 0.006 0.000000
0.006 0.007 0.000000
0.007 0.008 0.000000
0.008 0.009 0.000000
0.009 0.010 0.000000
0.010 0.011 0.000000
0.011 0.012 0.000000
0.012 0.013 0.000000
0.013 0.014 0.000000
0.014 0.015 0.000000
0.015 0.016 0.000001
0.016 0.017 0.000009
0.017 0.018 0.000052
0.018 0.019 0.000209
0.019 0.020 0.000663
0.020 0.021 0.001739
0.021 0.022 0.003893
0.022 0.023 0.007673
0.023 0.024 0.013655
0.024 0.025 0.022330
0.025 0.026 0.033962
0.026 0.027 0.048636
0.027 0.028 0.066502
0.028 0.029 0.087184
0.029 0.030 0.109658
0.030 0.031 0.134142
0.031 0.032 0.159689
0.032 0.033 0.185741
0.033 0.034 0.212260
0.034 0.035 0.238363
0.035 0.036 0.262804
0.036 0.037 0.286862
0.037 0.038 0.310554
0.038 0.039 0.330389
0.039 0.040 0.348546
0.040 0.041 0.365909
0.041 0.042 0.380576
0.042 0.043 0.394054
0.043 0.044 0.405815
0.044 0.045 0.416965
0.045 0.046 0.424641
0.046 0.047 0.429980
0.047 0.048 0.437356
0.048 0.049 0.442471
0.049 0.050 0.443626
0.050 0.051 0.444163
0.051 0.052 0.445999
0.052 0.053 0.446321
0.053 0.054 0.444085
0.054 0.055 0.441466
0.055 0.056 0.440802
0.056 0.057 0.439486
0.057 0.058 0.632122
0.058 0.059 1.000000
0.059 0.060 0.797477
0.060 0.061 0.432560
0.061 0.062 0.427178
0.062 0.063 0.402513
0.063 0.064 0.395596
0.064 0.065 0.387267
0.065 0.066 0.380451
0.066 0.067 0.520291
0.067 0.068 0.513900
0.068 0.069 0.390859
0.069 0.070 0.350645
0.070 0.071 0.281031
0.071 0.072 0.275623
0.072 0.073 0.268939
0.073 0.074 0.264659
0.074 0.075 0.260167
0.075 0.076 0.255060
0.076 0.077 0.247740
0.077 0.078 0.241908
0.078 0.079 0.238436
0.079 0.080 0.233824
0.080 0.081 0.227512
0.081 0.082 0.220349
0.082 0.083 0.213766
0.083 0.084 0.207639
0.084 0.085 0.202310
0.085 0.086 0.197474
0.086 0.087 0.191250
0.087 0.088 0.187459
0.088 0.089 0.182277
0.089 0.090 0.174990
0.090 0.091 0.168554
0.091 0.092 0.159496
0.092 0.093 0.153465
0.093 0.094 0.150701
0.094 0.095 0.144743
0.095 0.096 0.138985
0.096 0.097 0.133029
0.097 0.098 0.125374
0.098 0.099 0.118534
0.099 0.100 0.112989
0.100 0.101 0.108257
0.101 0.102 0.102939
0.102 0.103 0.096084
0.103 0.104 0.090639
0.104 0.105 0.086095
0.105 0.106 0.080428
0.106 0.107 0.075186
0.107 0.108 0.068546
0.108 0.109 0.063794
0.109 0.110 0.058868
0.110 0.111 0.054070
0.111 0.112 0.049713
0.112 0.113 0.044895
0.113 0.114 0.040722
0.114 0.115 0.036622
0.115 0.116 0.032906
0.116 0.117 0.029345
0.117 0.118 0.025599
0.118 0.119 0.020401
0.119 0.120 0.018076
0.120 0.121 0.016959
0.121 0.122 0.014048
0.122 0.123 0.011883
0.123 0.124 0.009598
0.124 0.125 0.006762
0.125 0.126 0.004781
0.126 0.127 0.002855
0.127 0.128 0.001351
0.128 0.129 0.000357
0.129 0.130 0.000000
0.130 0.131 0.000000
0.131 0.132 0.000000
0.132 0.133 0.000000
0.133 0.134 0.000000
0.134 0.135 0.000000
0.135 0.136 0.000000
0.136 0.137 0.000000
0.137 0.138 0.000000
0.138 0.139 0.000000
0.139 0.140 0.000000
0.140 0.141 0.000000
0.141 0.142 0.000000
0.142 0.143 0.000000
0.143 0.144 0.000000
0.144 0.145 0.000000
0.145 0.146 0.000000
0.146 0.147 0.000000
0.147 0.148 0.000000
0.148 0.149 0.000000
0.149 0.150 0.000000
