1
0.000 0.001 0.000000
0.001 0.002 0.000000
0.002 0.003 0.000000
0.003 0.004 0.000000
0.004 0.005 0.000000
0.005 0.006 0.000000
0.006 0.007 0.000000
0.007 0.008 0.000000
0.008 0.009 0.000000
0.009 0.010 0.000000
0.010 0.011 0.000000
0.011 0.012 0.000004
0.012 0.013 0.000050
0.013 0.014 0.000344
0.014 0.015 0.001518
0.015 0.016 0.004822
0.016 0.017 0.012015
0.017 0.018 0.024997
0.018 0.019 0.045086
0.019 0.020 0.073006
0.020 0.021 0.108629
0.021 0.022 0.150638
0.022 0.023 0.197234
0.023 0.024 0.247101
0.024 0.025 0.298391
0.025 0.026 0.348015
0.026 0.027 0.395773
0.027 0.028 0.441933
0.028 0.029 0.483566
0.029 0.030 0.519745
0.030 0.031 0.552573
0.031 0.032 0.578757
0.032 0.033 0.604465
0.033 0.034 0.625718
0.034 0.035 0.642324
0.035 0.036 0.654718
0.036 0.037 0.663464
0.037 0.038 0.671223
0.038 0.039 0.673222
0.039 0.040 0.672286
0.040 0.041 0.670569
0.041 0.042 0.665768
0.042 0.043 0.659588
0.043 0.044 0.651790
0.044 0.045 0.644004
0.045 0.046 0.632496
0.046 0.047 0.619844
0.047 0.048 0.609926
0.048 0.049 0.596683
0.049 0.050 0.583193
0.050 0.051 0.570854
0.051 0.052 0.560490
0.052 0.053 0.548665
0.053 0.054 0.535347
0.054 0.055 0.521523
0.055 0.056 0.510000
0.056 0.057 0.499000
0.057 0.058 0.670173
0.058 0.059 1.000000
0.059 0.060 0.800026
0.060 0.061 0.456644
0.061 0.062 0.443685
0.062 0.063 0.413761
0.063 0.064 0.399684
0.064 0.065 0.385215
0.065 0.066 0.371787
0.066 0.067 0.488519
0.067 0.068 0.478027
0.068 0.069 0.366629
0.069 0.070 0.327143
0.070 0.071 0.264483
0.071 0.072 0.256513
0.072 0.073 0.247010
0.073 0.074 0.240401
0.074 0.075 0.233572
0.075 0.076 0.225974
0.076 0.077 0.216765
0.077 0.078 0.208771
0.078 0.079 0.203029
0.079 0.080 0.196553
0.080 0.081 0.187914
0.081 0.082 0.180505
0.082 0.083 0.173755
0.083 0.084 0.167446
0.084 0.085 0.161835
0.085 0.086 0.156743
0.086 0.087 0.150432
0.087 0.088 0.146039
0.088 0.089 0.140492
0.089 0.090 0.133594
0.090 0.091 0.127538
0.091 0.092 0.119445
0.092 0.093 0.113667
0.093 0.094 0.110269
0.094 0.095 0.103947
0.095 0.096 0.099538
0.096 0.097 0.094960
0.097 0.098 0.089185
0.098 0.099 0.083983
0.099 0.100 0.079784
0.100 0.101 0.076282
0.101 0.102 0.072313
0.102 0.103 0.067188
0.103 0.104 0.063212
0.104 0.105 0.059641
0.105 0.106 0.055241
0.106 0.107 0.050603
0.107 0.108 0.046783
0.108 0.109 0.043599
0.109 0.110 0.040265
0.110 0.111 0.037057
0.111 0.112 0.034390
0.112 0.113 0.030797
0.113 0.114 0.027700
0.114 0.115 0.024814
0.115 0.116 0.021110
0.116 0.117 0.018919
0.117 0.118 0.016568
0.118 0.119 0.013343
0.119 0.120 0.011662
0.120 0.121 0.010827
0.121 0.122 0.008886
0.122 0.123 0.006452
0.123 0.124 0.005241
0.124 0.125 0.003873
0.125 0.126 0.002539
0.126 0.127 0.000985
0.127 0.128 0.000588
0.128 0.129 0.000000
0.129 0.130 0.000000
0.130 0.131 0.000000
0.131 0.132 0.000000
0.132 0.133 0.000000
0.133 0.134 0.000000
0.134 0.135 0.000000
0.135 0.136 0.000000
0.136 0.137 0.000000
0.137 0.138 0.000000
0.138 0.139 0.000000
0.139 0.140 0.000000
0.140 0.141 0.000000
0.141 0.142 0.000000
0.142 0.143 0.000000
0.143 0.144 0.000000
0.144 0.145 0.000000
0.145 0.146 0.000000
0.146 0.147 0.000000
0.147 0.148 0.000000
0.148 0.149 0.000000
0.149 0.150 0.000000
