1
0.000 0.001 0.000000
0.001 0.002 0.000000
0.002 0.003 0.000000
0.003 0.004 0.000000
0.004 0.005 0.000000
0.005 0.006 0.000000
0.006 0.007 0.000000
0.007 0.008 0.000000
0.008 0.009 0.000000
0.009 0.010 0.000000
0.010 0.011 0.000000
0.011 0.012 0.000000
0.012 0.013 0.000000
0.013 0.014 0.000000
0.014 0.015 0.000000
0.015 0.016 0.000000
0.016 0.017 0.000000
0.017 0.018 0.000000
0.018 0.019 0.000000
0.019 0.020 0.000001
0.020 0.021 0.000005
0.021 0.022 0.000023
0.022 0.023 0.000090
0.023 0.024 0.000283
0.024 0.025 0.000752
0.025 0.026 0.001735
0.026 0.027 0.003554
0.027 0.028 0.006624
0.028 0.029 0.011389
0.029 0.030 0.018161
0.030 0.031 0.027321
0.031 0.032 0.039011
0.032 0.033 0.053362
0.033 0.034 0.070368
0.034 0.035 0.089684
0.035 0.036 0.110858
0.036 0.037 0.133851
0.037 0.038 0.158449
0.038 0.039 0.183288
0.039 0.040 0.208592
0.040 0.041 0.234079
0.041 0.042 0.258933
0.042 0.043 0.283364
0.043 0.044 0.306589
0.044 0.045 0.329477
0.045 0.046 0.349771
0.046 0.047 0.368003
0.047 0.048 0.386888
0.048 0.049 0.403623
0.049 0.050 0.416533
0.050 0.051 0.428313
0.051 0.052 0.440478
0.052 0.053 0.450312
0.053 0.054 0.457308
0.054 0.055 0.462978
0.055 0.056 0.468891
0.056 0.057 0.473623
0.057 0.058 0.653654
0.058 0.059 1.000000
0.059 0.060 0.823312
0.060 0.061 0.485571
0.061 0.062 0.483210
0.062 0.063 0.461601
0.063 0.064 0.455835
0.064 0.065 0.448535
0.065 0.066 0.441946
0.066 0.067 0.586128
0.067 0.068 0.582142
0.068 0.069 0.454406
0.069 0.070 0.411263
0.070 0.071 0.338096
0.071 0.072 0.331363
0.072 0.073 0.322216
0.073 0.074 0.316617
0.074 0.075 0.310228
0.075 0.076 0.301596
0.076 0.077 0.292736
0.077 0.078 0.285287
0.078 0.079 0.280740
0.079 0.080 0.274826
0.080 0.081 0.266385
0.081 0.082 0.256407
0.082 0.083 0.247448
0.083 0.084 0.238979
0.084 0.085 0.230397
0.085 0.086 0.224583
0.086 0.087 0.216723
0.087 0.088 0.211579
0.088 0.089 0.204789
0.089 0.090 0.195687
0.090 0.091 0.187550
0.091 0.092 0.176291
0.092 0.093 0.168479
0.093 0.094 0.163505
0.094 0.095 0.156824
0.095 0.096 0.150303
0.096 0.097 0.143323
0.097 0.098 0.134450
0.098 0.099 0.126381
0.099 0.100 0.119814
0.100 0.101 0.114387
0.101 0.102 0.107489
0.102 0.103 0.100516
0.103 0.104 0.095270
0.104 0.105 0.090685
0.105 0.106 0.084814
0.106 0.107 0.079271
0.107 0.108 0.072452
0.108 0.109 0.066638
0.109 0.110 0.059949
0.110 0.111 0.055196
0.111 0.112 0.051291
0.112 0.113 0.045940
0.113 0.114 0.041376
0.114 0.115 0.037026
0.115 0.116 0.031475
0.116 0.117 0.027873
0.117 0.118 0.023950
0.118 0.119 0.018681
0.119 0.120 0.015826
0.120 0.121 0.013675
0.121 0.122 0.011358
0.122 0.123 0.008961
0.123 0.124 0.005911
0.124 0.125 0.004256
0.125 0.126 0.002640
0.126 0.127 0.000727
0.127 0.128 0.000000
0.128 0.129 0.000000
0.129 0.130 0.000000
0.130 0.131 0.000000
0.131 0.132 0.000000
0.132 0.133 0.000000
0.133 0.134 0.000000
0.134 0.135 0.000000
0.135 0.136 0.000000
0.136 0.137 0.000000
0.137 0.138 0.000000
0.138 0.139 0.000000
0.139 0.140 0.000000
0.140 0.141 0.000000
0.141 0.142 0.000000
0.142 0.143 0.000000
0.143 0.144 0.000000
0.144 0.145 0.000000
0.145 0.146 0.000000
0.146 0.147 0.000000
0.147 0.148 0.000000
0.148 0.149 0.000000
0.149 0.150 0.000000
