1
0.000 0.001 0.000000
0.001 0.002 0.000000
0.002 0.003 0.000000
0.003 0.004 0.000000
0.004 0.005 0.000000
0.005 0.006 0.000000
0.006 0.007 0.000000
0.007 0.008 0.000000
0.008 0.009 0.000000
0.009 0.010 0.000000
0.010 0.011 0.000000
0.011 0.012 0.000000
0.012 0.013 0.000000
0.013 0.014 0.000004
0.014 0.015 0.000036
0.015 0.016 0.000205
0.016 0.017 0.000811
0.017 0.018 0.002446
0.018 0.019 0.005974
0.019 0.020 0.012417
0.020 0.021 0.022759
0.021 0.022 0.037544
0.022 0.023 0.056936
0.023 0.024 0.080981
0.024 0.025 0.109019
0.025 0.026 0.139855
0.026 0.027 0.172909
0.027 0.028 0.207614
0.028 0.029 0.242518
0.029 0.030 0.276332
0.030 0.031 0.308823
0.031 0.032 0.339099
0.032 0.033 0.367833
0.033 0.034 0.394452
0.034 0.035 0.417657
0.035 0.036 0.437795
0.036 0.037 0.455741
0.037 0.038 0.472297
0.038 0.039 0.484652
0.039 0.040 0.494150
0.040 0.041 0.501779
0.041 0.042 0.507666
0.042 0.043 0.512345
0.043 0.044 0.514482
0.044 0.045 0.516439
0.045 0.046 0.514579
0.046 0.047 0.511486
0.047 0.048 0.510447
0.048 0.049 0.506986
0.049 0.050 0.500648
0.050 0.051 0.495099
0.051 0.052 0.490579
0.052 0.053 0.483253
0.053 0.054 0.475214
0.054 0.055 0.467505
0.055 0.056 0.460572
0.056 0.057 0.453744
0.057 0.058 0.641683
0.058 0.059 1.000000
0.059 0.060 0.793436
0.060 0.061 0.431534
0.061 0.062 0.422547
0.062 0.063 0.394603
0.063 0.064 0.385180
0.064 0.065 0.375071
0.065 0.066 0.364987
0.066 0.067 0.494499
0.067 0.068 0.485430
0.068 0.069 0.366116
0.069 0.070 0.326469
0.070 0.071 0.259902
0.071 0.072 0.253449
0.072 0.073 0.245041
0.073 0.074 0.238998
0.074 0.075 0.233576
0.075 0.076 0.227516
0.076 0.077 0.219947
0.077 0.078 0.213777
0.078 0.079 0.208623
0.079 0.080 0.203332
0.080 0.081 0.197540
0.081 0.082 0.190415
0.082 0.083 0.182901
0.083 0.084 0.176926
0.084 0.085 0.171802
0.085 0.086 0.167038
0.086 0.087 0.161953
0.087 0.088 0.157852
0.088 0.089 0.152374
0.089 0.090 0.146194
0.090 0.091 0.140721
0.091 0.092 0.133677
0.092 0.093 0.127761
0.093 0.094 0.124820
0.094 0.095 0.120184
0.095 0.096 0.115923
0.096 0.097 0.111665
0.097 0.098 0.106196
0.098 0.099 0.101006
0.099 0.100 0.097060
0.100 0.101 0.093494
0.101 0.102 0.089237
0.102 0.103 0.084352
0.103 0.104 0.081222
0.104 0.105 0.077699
0.105 0.106 0.073531
0.106 0.107 0.069962
0.107 0.108 0.065775
0.108 0.109 0.062418
0.109 0.110 0.059295
0.110 0.111 0.055854
0.111 0.112 0.052330
0.112 0.113 0.048673
0.113 0.114 0.045275
0.114 0.115 0.042667
0.115 0.116 0.039939
0.116 0.117 0.036824
0.117 0.118 0.034127
0.118 0.119 0.030570
0.119 0.120 0.028378
0.120 0.121 0.027035
0.121 0.122 0.025046
0.122 0.123 0.023077
0.123 0.124 0.021009
0.124 0.125 0.018505
0.125 0.126 0.015757
0.126 0.127 0.014218
0.127 0.128 0.012299
0.128 0.129 0.010646
0.129 0.130 0.009010
0.130 0.131 0.006971
0.131 0.132 0.006204
0.132 0.133 0.005124
0.133 0.134 0.003844
0.134 0.135 0.002442
0.135 0.136 0.001777
0.136 0.137 0.001144
0.137 0.138 0.000288
0.138 0.139 0.000000
0.139 0.140 0.000000
0.140 0.141 0.000000
0.141 0.142 0.000000
0.142 0.143 0.000000
0.143 0.144 0.000000
0.144 0.145 0.000000
0.145 0.146 0.000000
0.146 0.147 0.000000
0.147 0.148 0.000000
0.148 0.149 0.000000
0.149 0.150 0.000000
