1
0.000 0.001 0.000000
0.001 0.002 0.000000
0.002 0.003 0.000000
0.003 0.004 0.000000
0.004 0.005 0.000000
0.005 0.006 0.000000
0.006 0.007 0.000000
0.007 0.008 0.000000
0.008 0.009 0.000000
0.009 0.010 0.000000
0.010 0.011 0.000000
0.011 0.012 0.000000
0.012 0.013 0.000000
0.013 0.014 0.000000
0.014 0.015 0.000000
0.015 0.016 0.000000
0.016 0.017 0.000000
0.017 0.018 0.000000
0.018 0.019 0.000004
0.019 0.020 0.000023
0.020 0.021 0.000099
0.021 0.022 0.000337
0.022 0.023 0.000944
0.023 0.024 0.002253
0.024 0.025 0.004715
0.025 0.026 0.008845
0.026 0.027 0.015125
0.027 0.028 0.024107
0.028 0.029 0.036131
0.029 0.030 0.051034
0.030 0.031 0.068875
0.031 0.032 0.089565
0.032 0.033 0.112633
0.033 0.034 0.137630
0.034 0.035 0.164159
0.035 0.036 0.191576
0.036 0.037 0.219521
0.037 0.038 0.246643
0.038 0.039 0.271977
0.039 0.040 0.297269
0.040 0.041 0.321667
0.041 0.042 0.343838
0.042 0.043 0.365685
0.043 0.044 0.384879
0.044 0.045 0.402963
0.045 0.046 0.419174
0.046 0.047 0.430768
0.047 0.048 0.443763
0.048 0.049 0.456416
0.049 0.050 0.463195
0.050 0.051 0.468062
0.051 0.052 0.474874
0.052 0.053 0.481543
0.053 0.054 0.483853
0.054 0.055 0.483741
0.055 0.056 0.486207
0.056 0.057 0.488713
0.057 0.058 0.664245
0.058 0.059 1.000000
0.059 0.060 0.818148
0.060 0.061 0.483943
0.061 0.062 0.479453
0.062 0.063 0.457396
0.063 0.064 0.448839
0.064 0.065 0.440019
0.065 0.066 0.434560
0.066 0.067 0.567365
0.067 0.068 0.561021
0.068 0.069 0.440705
0.069 0.070 0.398842
0.070 0.071 0.330335
0.071 0.072 0.322418
0.072 0.073 0.312876
0.073 0.074 0.309615
0.074 0.075 0.304669
0.075 0.076 0.296411
0.076 0.077 0.285446
0.077 0.078 0.276854
0.078 0.079 0.273070
0.079 0.080 0.267057
0.080 0.081 0.257531
0.081 0.082 0.247093
0.082 0.083 0.237653
0.083 0.084 0.228010
0.084 0.085 0.219739
0.085 0.086 0.212741
0.086 0.087 0.203308
0.087 0.088 0.196687
0.088 0.089 0.189623
0.089 0.090 0.179405
0.090 0.091 0.168468
0.091 0.092 0.155987
0.092 0.093 0.147323
0.093 0.094 0.141396
0.094 0.095 0.132781
0.095 0.096 0.124505
0.096 0.097 0.114822
0.097 0.098 0.103156
0.098 0.099 0.092705
0.099 0.100 0.085025
0.100 0.101 0.079960
0.101 0.102 0.074042
0.102 0.103 0.065500
0.103 0.104 0.058740
0.104 0.105 0.053187
0.105 0.106 0.047840
0.106 0.107 0.042213
0.107 0.108 0.035075
0.108 0.109 0.030057
0.109 0.110 0.024614
0.110 0.111 0.019142
0.111 0.112 0.015754
0.112 0.113 0.011265
0.113 0.114 0.008458
0.114 0.115 0.005053
0.115 0.116 0.002323
0.116 0.117 0.000626
0.117 0.118 0.000000
0.118 0.119 0.000000
0.119 0.120 0.000000
0.120 0.121 0.000000
0.121 0.122 0.000000
0.122 0.123 0.000000
0.123 0.124 0.000000
0.124 0.125 0.000000
0.125 0.126 0.000000
0.126 0.127 0.000000
0.127 0.128 0.000000
0.128 0.129 0.000000
0.129 0.130 0.000000
0.130 0.131 0.000000
0.131 0.132 0.000000
0.132 0.133 0.000000
0.133 0.134 0.000000
0.134 0.135 0.000000
0.135 0.136 0.000000
0.136 0.137 0.000000
0.137 0.138 0.000000
0.138 0.139 0.000000
0.139 0.140 0.000000
0.140 0.141 0.000000
0.141 0.142 0.000000
0.142 0.143 0.000000
0.143 0.144 0.000000
0.144 0.145 0.000000
0.145 0.146 0.000000
0.146 0.147 0.000000
0.147 0.148 0.000000
0.148 0.149 0.000000
0.149 0.150 0.000000
