1
0.000 0.001 0.000000
0.001 0.002 0.000000
0.002 0.003 0.000000
0.003 0.004 0.000000
0.004 0.005 0.000000
0.005 0.006 0.000000
0.006 0.007 0.000000
0.007 0.008 0.000000
0.008 0.009 0.000000
0.009 0.010 0.000000
0.010 0.011 0.000000
0.011 0.012 0.000000
0.012 0.013 0.000000
0.013 0.014 0.000000
0.014 0.015 0.000000
0.015 0.016 0.000000
0.016 0.017 0.000000
0.017 0.018 0.000000
0.018 0.019 0.000000
0.019 0.020 0.000000
0.020 0.021 0.000001
0.021 0.022 0.000004
0.022 0.023 0.000020
0.023 0.024 0.000075
0.024 0.025 0.000232
0.025 0.026 0.000607
0.026 0.027 0.001387
0.027 0.028 0.002848
0.028 0.029 0.005336
0.029 0.030 0.009157
0.030 0.031 0.014733
0.031 0.032 0.022341
0.032 0.033 0.032163
0.033 0.034 0.044441
0.034 0.035 0.059077
0.035 0.036 0.075949
0.036 0.037 0.094993
0.037 0.038 0.115974
0.038 0.039 0.137991
0.039 0.040 0.161119
0.040 0.041 0.184936
0.041 0.042 0.208693
0.042 0.043 0.232590
0.043 0.044 0.255931
0.044 0.045 0.279308
0.045 0.046 0.300332
0.046 0.047 0.319659
0.047 0.048 0.339007
0.048 0.049 0.358028
0.049 0.050 0.373856
0.050 0.051 0.389123
0.051 0.052 0.404213
0.052 0.053 0.416278
0.053 0.054 0.426356
0.054 0.055 0.435318
0.055 0.056 0.443696
0.056 0.057 0.451126
0.057 0.058 0.638679
0.058 0.059 1.000000
0.059 0.060 0.822212
0.060 0.061 0.474039
0.061 0.062 0.473933
0.062 0.063 0.453171
0.063 0.064 0.448907
0.064 0.065 0.445419
0.065 0.066 0.441795
0.066 0.067 0.598902
0.067 0.068 0.597681
0.068 0.069 0.463571
0.069 0.070 0.420538
0.070 0.071 0.343510
0.071 0.072 0.338822
0.072 0.073 0.331385
0.073 0.074 0.326689
0.074 0.075 0.321818
0.075 0.076 0.315539
0.076 0.077 0.306716
0.077 0.078 0.298535
0.078 0.079 0.295242
0.079 0.080 0.290690
0.080 0.081 0.284169
0.081 0.082 0.275966
0.082 0.083 0.268080
0.083 0.084 0.260652
0.084 0.085 0.254097
0.085 0.086 0.247942
0.086 0.087 0.240320
0.087 0.088 0.234959
0.088 0.089 0.227443
0.089 0.090 0.217952
0.090 0.091 0.208781
0.091 0.092 0.198943
0.092 0.093 0.192130
0.093 0.094 0.188786
0.094 0.095 0.181983
0.095 0.096 0.175452
0.096 0.097 0.168615
0.097 0.098 0.159657
0.098 0.099 0.151493
0.099 0.100 0.145013
0.100 0.101 0.139286
0.101 0.102 0.132629
0.102 0.103 0.123905
0.103 0.104 0.119024
0.104 0.105 0.114023
0.105 0.106 0.107748
0.106 0.107 0.102216
0.107 0.108 0.095419
0.108 0.109 0.089813
0.109 0.110 0.084188
0.110 0.111 0.078447
0.111 0.112 0.073390
0.112 0.113 0.065868
0.113 0.114 0.061037
0.114 0.115 0.057039
0.115 0.116 0.052571
0.116 0.117 0.047961
0.117 0.118 0.043325
0.118 0.119 0.037014
0.119 0.120 0.033315
0.120 0.121 0.031368
0.121 0.122 0.026703
0.122 0.123 0.023950
0.123 0.124 0.021011
0.124 0.125 0.017471
0.125 0.126 0.013950
0.126 0.127 0.011129
0.127 0.128 0.007347
0.128 0.129 0.005541
0.129 0.130 0.003825
0.130 0.131 0.001373
0.131 0.132 0.000884
0.132 0.133 0.000000
0.133 0.134 0.000000
0.134 0.135 0.000000
0.135 0.136 0.000000
0.136 0.137 0.000000
0.137 0.138 0.000000
0.138 0.139 0.000000
0.139 0.140 0.000000
0.140 0.141 0.000000
0.141 0.142 0.000000
0.142 0.143 0.000000
0.143 0.144 0.000000
0.144 0.145 0.000000
0.145 0.146 0.000000
0.146 0.147 0.000000
0.147 0.148 0.000000
0.148 0.149 0.000000
0.149 0.150 0.000000
