1
0.000 0.001 0.000000
0.001 0.002 0.000000
0.002 0.003 0.000000
0.003 0.004 0.000000
0.004 0.005 0.000000
0.005 0.006 0.000000
0.006 0.007 0.000000
0.007 0.008 0.000000
0.008 0.009 0.000000
0.009 0.010 0.000000
0.010 0.011 0.000000
0.011 0.012 0.000000
0.012 0.013 0.000000
0.013 0.014 0.000000
0.014 0.015 0.000000
0.015 0.016 0.000000
0.016 0.017 0.000000
0.017 0.018 0.000000
0.018 0.019 0.000002
0.019 0.020 0.000012
0.020 0.021 0.000058
0.021 0.022 0.000221
0.022 0.023 0.000673
0.023 0.024 0.001725
0.024 0.025 0.003835
0.025 0.026 0.007563
0.026 0.027 0.013504
0.027 0.028 0.022286
0.028 0.029 0.034406
0.029 0.030 0.049983
0.030 0.031 0.069097
0.031 0.032 0.091553
0.032 0.033 0.117027
0.033 0.034 0.145060
0.034 0.035 0.175085
0.035 0.036 0.206362
0.036 0.037 0.238212
0.037 0.038 0.269759
0.038 0.039 0.300102
0.039 0.040 0.330136
0.040 0.041 0.358780
0.041 0.042 0.385017
0.042 0.043 0.410430
0.043 0.044 0.433166
0.044 0.045 0.454295
0.045 0.046 0.472111
0.046 0.047 0.485819
0.047 0.048 0.499976
0.048 0.049 0.512381
0.049 0.050 0.519160
0.050 0.051 0.524238
0.051 0.052 0.530131
0.052 0.053 0.534387
0.053 0.054 0.534694
0.054 0.055 0.533812
0.055 0.056 0.533294
0.056 0.057 0.532174
0.057 0.058 0.691664
0.058 0.059 1.000000
0.059 0.060 0.829652
0.060 0.061 0.516183
0.061 0.062 0.507928
0.062 0.063 0.483016
0.063 0.064 0.469516
0.064 0.065 0.458517
0.065 0.066 0.449730
0.066 0.067 0.571256
0.067 0.068 0.562749
0.068 0.069 0.445496
0.069 0.070 0.402208
0.070 0.071 0.335253
0.071 0.072 0.324711
0.072 0.073 0.310968
0.073 0.074 0.305627
0.074 0.075 0.298782
0.075 0.076 0.289230
0.076 0.077 0.277365
0.077 0.078 0.267154
0.078 0.079 0.260973
0.079 0.080 0.253266
0.080 0.081 0.242442
0.081 0.082 0.230168
0.082 0.083 0.218349
0.083 0.084 0.209123
0.084 0.085 0.200885
0.085 0.086 0.193710
0.086 0.087 0.184191
0.087 0.088 0.177192
0.088 0.089 0.169700
0.089 0.090 0.159578
0.090 0.091 0.148294
0.091 0.092 0.137781
0.092 0.093 0.130656
0.093 0.094 0.126232
0.094 0.095 0.118681
0.095 0.096 0.111415
0.096 0.097 0.102927
0.097 0.098 0.093095
0.098 0.099 0.082438
0.099 0.100 0.076305
0.100 0.101 0.072739
0.101 0.102 0.067305
0.102 0.103 0.059530
0.103 0.104 0.053344
0.104 0.105 0.047900
0.105 0.106 0.043550
0.106 0.107 0.038973
0.107 0.108 0.033456
0.108 0.109 0.028564
0.109 0.110 0.023288
0.110 0.111 0.017723
0.111 0.112 0.014867
0.112 0.113 0.011403
0.113 0.114 0.007613
0.114 0.115 0.005706
0.115 0.116 0.003568
0.116 0.117 0.000962
0.117 0.118 0.000000
0.118 0.119 0.000000
0.119 0.120 0.000000
0.120 0.121 0.000000
0.121 0.122 0.000000
0.122 0.123 0.000000
0.123 0.124 0.000000
0.124 0.125 0.000000
0.125 0.126 0.000000
0.126 0.127 0.000000
0.127 0.128 0.000000
0.128 0.129 0.000000
0.129 0.130 0.000000
0.130 0.131 0.000000
0.131 0.132 0.000000
0.132 0.133 0.000000
0.133 0.134 0.000000
0.134 0.135 0.000000
0.135 0.136 0.000000
0.136 0.137 0.000000
0.137 0.138 0.000000
0.138 0.139 0.000000
0.139 0.140 0.000000
0.140 0.141 0.000000
0.141 0.142 0.000000
0.142 0.143 0.000000
0.143 0.144 0.000000
0.144 0.145 0.000000
0.145 0.146 0.000000
0.146 0.147 0.000000
0.147 0.148 0.000000
0.148 0.149 0.000000
0.149 0.150 0.000000
