1
0.000 0.001 0.000000
0.001 0.002 0.000000
0.002 0.003 0.000000
0.003 0.004 0.000000
0.004 0.005 0.000000
0.005 0.006 0.000000
0.006 0.007 0.000000
0.007 0.008 0.000000
0.008 0.009 0.000000
0.009 0.010 0.000000
0.010 0.011 0.000000
0.011 0.012 0.000000
0.012 0.013 0.000000
0.013 0.014 0.000000
0.014 0.015 0.000000
0.015 0.016 0.000000
0.016 0.017 0.000000
0.017 0.018 0.000000
0.018 0.019 0.000000
0.019 0.020 0.000002
0.020 0.021 0.000012
0.021 0.022 0.000063
0.022 0.023 0.000244
0.023 0.024 0.000775
0.024 0.025 0.002085
0.025 0.026 0.004837
0.026 0.027 0.009934
0.027 0.028 0.018558
0.028 0.029 0.031976
0.029 0.030 0.051164
0.030 0.031 0.077161
0.031 0.032 0.110053
0.032 0.033 0.149856
0.033 0.034 0.196484
0.034 0.035 0.249581
0.035 0.036 0.307871
0.036 0.037 0.368868
0.037 0.038 0.433729
0.038 0.039 0.499105
0.039 0.040 0.563304
0.040 0.041 0.627269
0.041 0.042 0.689368
0.042 0.043 0.748624
0.043 0.044 0.799992
0.044 0.045 0.847784
0.045 0.046 0.886179
0.046 0.047 0.920460
0.047 0.048 0.951501
0.048 0.049 0.971871
0.049 0.050 0.987088
0.050 0.051 0.997971
0.051 0.052 1.000000
0.052 0.053 0.998815
0.053 0.054 0.997061
0.054 0.055 0.982853
0.055 0.056 0.953740
0.056 0.057 0.924802
0.057 0.058 0.937402
0.058 0.059 0.972408
0.059 0.060 0.893299
0.060 0.061 0.778498
0.061 0.062 0.734786
0.062 0.063 0.690923
0.063 0.064 0.636697
0.064 0.065 0.578787
0.065 0.066 0.523162
0.066 0.067 0.497810
0.067 0.068 0.453035
0.068 0.069 0.369100
0.069 0.070 0.311028
0.070 0.071 0.268799
0.071 0.072 0.220550
0.072 0.073 0.175490
0.073 0.074 0.140794
0.074 0.075 0.114982
0.075 0.076 0.081938
0.076 0.077 0.058656
0.077 0.078 0.029156
0.078 0.079 0.004765
0.079 0.080 0.000000
0.080 0.081 0.000000
0.081 0.082 0.000000
0.082 0.083 0.000000
0.083 0.084 0.000000
0.084 0.085 0.000000
0.085 0.086 0.000000
0.086 0.087 0.000000
0.087 0.088 0.000000
0.088 0.089 0.000000
0.089 0.090 0.000000
0.090 0.091 0.000000
0.091 0.092 0.000000
0.092 0.093 0.000000
0.093 0.094 0.000000
0.094 0.095 0.000000
0.095 0.096 0.000000
0.096 0.097 0.000000
0.097 0.098 0.000000
0.098 0.099 0.000000
0.099 0.100 0.000000
0.100 0.101 0.000000
0.101 0.102 0.000000
0.102 0.103 0.000000
0.103 0.104 0.000000
0.104 0.105 0.000000
0.105 0.106 0.000000
0.106 0.107 0.000000
0.107 0.108 0.000000
0.108 0.109 0.000000
0.109 0.110 0.000000
0.110 0.111 0.000000
0.111 0.112 0.000000
0.112 0.113 0.000000
0.113 0.114 0.000000
0.114 0.115 0.000000
0.115 0.116 0.000000
0.116 0.117 0.000000
0.117 0.118 0.000000
0.118 0.119 0.000000
0.119 0.120 0.000000
0.120 0.121 0.000000
0.121 0.122 0.000000
0.122 0.123 0.000000
0.123 0.124 0.000000
0.124 0.125 0.000000
0.125 0.126 0.000000
0.126 0.127 0.000000
0.127 0.128 0.000000
0.128 0.129 0.000000
0.129 0.130 0.000000
0.130 0.131 0.000000
0.131 0.132 0.000000
0.132 0.133 0.000000
0.133 0.134 0.000000
0.134 0.135 0.000000
0.135 0.136 0.000000
0.136 0.137 0.000000
0.137 0.138 0.000000
0.138 0.139 0.000000
0.139 0.140 0.000000
0.140 0.141 0.000000
0.141 0.142 0.000000
0.142 0.143 0.000000
0.143 0.144 0.000000
0.144 0.145 0.000000
0.145 0.146 0.000000
0.146 0.147 0.000000
0.147 0.148 0.000000
0.148 0.149 0.000000
0.149 0.150 0.000000
