1
0.000 0.001 0.000000
0.001 0.002 0.000000
0.002 0.003 0.000000
0.003 0.004 0.000000
0.004 0.005 0.000000
0.005 0.006 0.000000
0.006 0.007 0.000000
0.007 0.008 0.000000
0.008 0.009 0.000000
0.009 0.010 0.000000
0.010 0.011 0.000000
0.011 0.012 0.000000
0.012 0.013 0.000000
0.013 0.014 0.000001
0.014 0.015 0.000011
0.015 0.016 0.000087
0.016 0.017 0.000426
0.017 0.018 0.001519
0.018 0.019 0.004221
0.019 0.020 0.009702
0.020 0.021 0.019230
0.021 0.022 0.033782
0.022 0.023 0.053945
0.023 0.024 0.079824
0.024 0.025 0.110809
0.025 0.026 0.145940
0.026 0.027 0.184072
0.027 0.028 0.224545
0.028 0.029 0.265922
0.029 0.030 0.306319
0.030 0.031 0.345302
0.031 0.032 0.381878
0.032 0.033 0.416080
0.033 0.034 0.447050
0.034 0.035 0.475148
0.035 0.036 0.499389
0.036 0.037 0.520862
0.037 0.038 0.539865
0.038 0.039 0.553566
0.039 0.040 0.564565
0.040 0.041 0.573423
0.041 0.042 0.578327
0.042 0.043 0.582035
0.043 0.044 0.583605
0.044 0.045 0.584225
0.045 0.046 0.580801
0.046 0.047 0.574721
0.047 0.048 0.570479
0.048 0.049 0.563664
0.049 0.050 0.555938
0.050 0.051 0.548000
0.051 0.052 0.541287
0.052 0.053 0.532848
0.053 0.054 0.523117
0.054 0.055 0.513074
0.055 0.056 0.503954
0.056 0.057 0.494245
0.057 0.058 0.666536
0.058 0.059 1.000000
0.059 0.060 0.803580
0.060 0.061 0.459532
0.061 0.062 0.447709
0.062 0.063 0.417971
0.063 0.064 0.406754
0.064 0.065 0.394662
0.065 0.066 0.384069
0.066 0.067 0.504565
0.067 0.068 0.494638
0.068 0.069 0.380158
0.069 0.070 0.339848
0.070 0.071 0.275544
0.071 0.072 0.267403
0.072 0.073 0.257613
0.073 0.074 0.250817
0.074 0.075 0.243718
0.075 0.076 0.235714
0.076 0.077 0.225287
0.077 0.078 0.218405
0.078 0.079 0.213885
0.079 0.080 0.208339
0.080 0.081 0.201021
0.081 0.082 0.192849
0.082 0.083 0.185489
0.083 0.084 0.178654
0.084 0.085 0.172432
0.085 0.086 0.166725
0.086 0.087 0.159673
0.087 0.088 0.154648
0.088 0.089 0.148584
0.089 0.090 0.140465
0.090 0.091 0.134547
0.091 0.092 0.126679
0.092 0.093 0.121308
0.093 0.094 0.118479
0.094 0.095 0.113130
0.095 0.096 0.107969
0.096 0.097 0.102537
0.097 0.098 0.095822
0.098 0.099 0.089778
0.099 0.100 0.084795
0.100 0.101 0.080027
0.101 0.102 0.076270
0.102 0.103 0.071322
0.103 0.104 0.067576
0.104 0.105 0.064232
0.105 0.106 0.060033
0.106 0.107 0.056127
0.107 0.108 0.051378
0.108 0.109 0.047350
0.109 0.110 0.043171
0.110 0.111 0.038699
0.111 0.112 0.036135
0.112 0.113 0.032608
0.113 0.114 0.029606
0.114 0.115 0.026822
0.115 0.116 0.023622
0.116 0.117 0.020614
0.117 0.118 0.017035
0.118 0.119 0.013836
0.119 0.120 0.012204
0.120 0.121 0.011452
0.121 0.122 0.009566
0.122 0.123 0.007623
0.123 0.124 0.005158
0.124 0.125 0.003813
0.125 0.126 0.002501
0.126 0.127 0.000971
0.127 0.128 0.000580
0.128 0.129 0.000000
0.129 0.130 0.000000
0.130 0.131 0.000000
0.131 0.132 0.000000
0.132 0.133 0.000000
0.133 0.134 0.000000
0.134 0.135 0.000000
0.135 0.136 0.000000
0.136 0.137 0.000000
0.137 0.138 0.000000
0.138 0.139 0.000000
0.139 0.140 0.000000
0.140 0.141 0.000000
0.141 0.142 0.000000
0.142 0.143 0.000000
0.143 0.144 0.000000
0.144 0.145 0.000000
0.145 0.146 0.000000
0.146 0.147 0.000000
0.147 0.148 0.000000
0.148 0.149 0.000000
0.149 0.150 0.000000
