1
0.000 0.001 0.000000
0.001 0.002 0.000000
0.002 0.003 0.000000
0.003 0.004 0.000000
0.004 0.005 0.000000
0.005 0.006 0.000000
0.006 0.007 0.000000
0.007 0.008 0.000000
0.008 0.009 0.000000
0.009 0.010 0.000000
0.010 0.011 0.000000
0.011 0.012 0.000000
0.012 0.013 0.000000
0.013 0.014 0.000000
0.014 0.015 0.000000
0.015 0.016 0.000004
0.016 0.017 0.000036
0.017 0.018 0.000193
0.018 0.019 0.000737
0.019 0.020 0.002205
0.020 0.021 0.005440
0.021 0.022 0.011481
0.022 0.023 0.021331
0.023 0.024 0.035857
0.024 0.025 0.055575
0.025 0.026 0.080374
0.026 0.027 0.109655
0.027 0.028 0.143582
0.028 0.029 0.181095
0.029 0.030 0.220270
0.030 0.031 0.260093
0.031 0.032 0.299680
0.032 0.033 0.338512
0.033 0.034 0.376093
0.034 0.035 0.411511
0.035 0.036 0.443163
0.036 0.037 0.472141
0.037 0.038 0.497854
0.038 0.039 0.518069
0.039 0.040 0.536334
0.040 0.041 0.551610
0.041 0.042 0.562073
0.042 0.043 0.573768
0.043 0.044 0.581866
0.044 0.045 0.588539
0.045 0.046 0.591714
0.046 0.047 0.590955
0.047 0.048 0.591535
0.048 0.049 0.590644
0.049 0.050 0.584741
0.050 0.051 0.577463
0.051 0.052 0.571557
0.052 0.053 0.565252
0.053 0.054 0.555798
0.054 0.055 0.544883
0.055 0.056 0.534616
0.056 0.057 0.527245
0.057 0.058 0.688360
0.058 0.059 1.000000
0.059 0.060 0.816626
0.060 0.061 0.493758
0.061 0.062 0.482416
0.062 0.063 0.454729
0.063 0.064 0.440609
0.064 0.065 0.426283
0.065 0.066 0.414521
0.066 0.067 0.527911
0.067 0.068 0.516226
0.068 0.069 0.402857
0.069 0.070 0.359447
0.070 0.071 0.296330
0.071 0.072 0.287247
0.072 0.073 0.276436
0.073 0.074 0.270169
0.074 0.075 0.262836
0.075 0.076 0.253744
0.076 0.077 0.242702
0.077 0.078 0.233046
0.078 0.079 0.226836
0.079 0.080 0.219436
0.080 0.081 0.209573
0.081 0.082 0.197863
0.082 0.083 0.189841
0.083 0.084 0.182081
0.084 0.085 0.175110
0.085 0.086 0.169003
0.086 0.087 0.160930
0.087 0.088 0.155210
0.088 0.089 0.148846
0.089 0.090 0.140419
0.090 0.091 0.132224
0.091 0.092 0.122125
0.092 0.093 0.114215
0.093 0.094 0.111177
0.094 0.095 0.105347
0.095 0.096 0.099723
0.096 0.097 0.093356
0.097 0.098 0.085772
0.098 0.099 0.078285
0.099 0.100 0.072562
0.100 0.101 0.068740
0.101 0.102 0.063592
0.102 0.103 0.055921
0.103 0.104 0.051663
0.104 0.105 0.048458
0.105 0.106 0.044368
0.106 0.107 0.040191
0.107 0.108 0.035156
0.108 0.109 0.030734
0.109 0.110 0.025356
0.110 0.111 0.022204
0.111 0.112 0.019698
0.112 0.113 0.016501
0.113 0.114 0.013784
0.114 0.115 0.010942
0.115 0.116 0.007130
0.116 0.117 0.005401
0.117 0.118 0.003599
0.118 0.119 0.001172
0.119 0.120 0.000688
0.120 0.121 0.000000
0.121 0.122 0.000000
0.122 0.123 0.000000
0.123 0.124 0.000000
0.124 0.125 0.000000
0.125 0.126 0.000000
0.126 0.127 0.000000
0.127 0.128 0.000000
0.128 0.129 0.000000
0.129 0.130 0.000000
0.130 0.131 0.000000
0.131 0.132 0.000000
0.132 0.133 0.000000
0.133 0.134 0.000000
0.134 0.135 0.000000
0.135 0.136 0.000000
0.136 0.137 0.000000
0.137 0.138 0.000000
0.138 0.139 0.000000
0.139 0.140 0.000000
0.140 0.141 0.000000
0.141 0.142 0.000000
0.142 0.143 0.000000
0.143 0.144 0.000000
0.144 0.145 0.000000
0.145 0.146 0.000000
0.146 0.147 0.000000
0.147 0.148 0.000000
0.148 0.149 0.000000
0.149 0.150 0.000000
