1
0.000 0.001 0.000000
0.001 0.002 0.000000
0.002 0.003 0.000000
0.003 0.004 0.000000
0.004 0.005 0.000000
0.005 0.006 0.000000
0.006 0.007 0.000000
0.007 0.008 0.000000
0.008 0.009 0.000000
0.009 0.010 0.000000
0.010 0.011 0.000000
0.011 0.012 0.000000
0.012 0.013 0.000000
0.013 0.014 0.000000
0.014 0.015 0.000000
0.015 0.016 0.000000
0.016 0.017 0.000000
0.017 0.018 0.000000
0.018 0.019 0.000004
0.019 0.020 0.000021
0.020 0.021 0.000097
0.021 0.022 0.000341
0.022 0.023 0.000981
0.023 0.024 0.002397
0.024 0.025 0.005143
0.025 0.026 0.009855
0.026 0.027 0.017169
0.027 0.028 0.027812
0.028 0.029 0.042272
0.029 0.030 0.060575
0.030 0.031 0.082815
0.031 0.032 0.108651
0.032 0.033 0.137829
0.033 0.034 0.169698
0.034 0.035 0.203371
0.035 0.036 0.238728
0.036 0.037 0.274484
0.037 0.038 0.308859
0.038 0.039 0.342297
0.039 0.040 0.375678
0.040 0.041 0.406795
0.041 0.042 0.435272
0.042 0.043 0.462837
0.043 0.044 0.486612
0.044 0.045 0.508880
0.045 0.046 0.527701
0.046 0.047 0.541565
0.047 0.048 0.555477
0.048 0.049 0.567605
0.049 0.050 0.573435
0.050 0.051 0.577747
0.051 0.052 0.582875
0.052 0.053 0.585788
0.053 0.054 0.584654
0.054 0.055 0.581974
0.055 0.056 0.578577
0.056 0.057 0.575291
0.057 0.058 0.719580
0.058 0.059 1.000000
0.059 0.060 0.839787
0.060 0.061 0.547396
0.061 0.062 0.536177
0.062 0.063 0.508662
0.063 0.064 0.494934
0.064 0.065 0.481653
0.065 0.066 0.470311
0.066 0.067 0.578301
0.067 0.068 0.566834
0.068 0.069 0.454129
0.069 0.070 0.409756
0.070 0.071 0.344247
0.071 0.072 0.333134
0.072 0.073 0.318862
0.073 0.074 0.312025
0.074 0.075 0.303547
0.075 0.076 0.290631
0.076 0.077 0.275721
0.077 0.078 0.262846
0.078 0.079 0.254305
0.079 0.080 0.243474
0.080 0.081 0.232383
0.081 0.082 0.219728
0.082 0.083 0.207904
0.083 0.084 0.195737
0.084 0.085 0.184961
0.085 0.086 0.175375
0.086 0.087 0.162964
0.087 0.088 0.155393
0.088 0.089 0.147549
0.089 0.090 0.137465
0.090 0.091 0.125972
0.091 0.092 0.114570
0.092 0.093 0.105698
0.093 0.094 0.097348
0.094 0.095 0.089847
0.095 0.096 0.082802
0.096 0.097 0.074008
0.097 0.098 0.064329
0.098 0.099 0.053621
0.099 0.100 0.045388
0.100 0.101 0.042767
0.101 0.102 0.037473
0.102 0.103 0.030441
0.103 0.104 0.023626
0.104 0.105 0.020443
0.105 0.106 0.016580
0.106 0.107 0.012458
0.107 0.108 0.007088
0.108 0.109 0.004544
0.109 0.110 0.001206
0.110 0.111 0.000000
0.111 0.112 0.000000
0.112 0.113 0.000000
0.113 0.114 0.000000
0.114 0.115 0.000000
0.115 0.116 0.000000
0.116 0.117 0.000000
0.117 0.118 0.000000
0.118 0.119 0.000000
0.119 0.120 0.000000
0.120 0.121 0.000000
0.121 0.122 0.000000
0.122 0.123 0.000000
0.123 0.124 0.000000
0.124 0.125 0.000000
0.125 0.126 0.000000
0.126 0.127 0.000000
0.127 0.128 0.000000
0.128 0.129 0.000000
0.129 0.130 0.000000
0.130 0.131 0.000000
0.131 0.132 0.000000
0.132 0.133 0.000000
0.133 0.134 0.000000
0.134 0.135 0.000000
0.135 0.136 0.000000
0.136 0.137 0.000000
0.137 0.138 0.000000
0.138 0.139 0.000000
0.139 0.140 0.000000
0.140 0.141 0.000000
0.141 0.142 0.000000
0.142 0.143 0.000000
0.143 0.144 0.000000
0.144 0.145 0.000000
0.145 0.146 0.000000
0.146 0.147 0.000000
0.147 0.148 0.000000
0.148 0.149 0.000000
0.149 0.150 0.000000
