1
0.000 0.001 0.000000
0.001 0.002 0.000000
0.002 0.003 0.000000
0.003 0.004 0.000000
0.004 0.005 0.000000
0.005 0.006 0.000000
0.006 0.007 0.000000
0.007 0.008 0.000000
0.008 0.009 0.000000
0.009 0.010 0.000000
0.010 0.011 0.000000
0.011 0.012 0.000000
0.012 0.013 0.000000
0.013 0.014 0.000000
0.014 0.015 0.000000
0.015 0.016 0.000000
0.016 0.017 0.000006
0.017 0.018 0.000051
0.018 0.019 0.000275
0.019 0.020 0.001080
0.020 0.021 0.003321
0.021 0.022 0.008398
0.022 0.023 0.018095
0.023 0.024 0.034401
0.024 0.025 0.059129
0.025 0.026 0.093256
0.026 0.027 0.136996
0.027 0.028 0.190241
0.028 0.029 0.251829
0.029 0.030 0.319812
0.030 0.031 0.391875
0.031 0.032 0.465031
0.032 0.033 0.538117
0.033 0.034 0.608982
0.034 0.035 0.676054
0.035 0.036 0.738723
0.036 0.037 0.793329
0.037 0.038 0.843727
0.038 0.039 0.887621
0.039 0.040 0.922851
0.040 0.041 0.950981
0.041 0.042 0.972546
0.042 0.043 0.985479
0.043 0.044 0.994333
0.044 0.045 1.000000
0.045 0.046 0.993976
0.046 0.047 0.984740
0.047 0.048 0.971146
0.048 0.049 0.949737
0.049 0.050 0.926135
0.050 0.051 0.907850
0.051 0.052 0.883893
0.052 0.053 0.856425
0.053 0.054 0.832284
0.054 0.055 0.803473
0.055 0.056 0.759963
0.056 0.057 0.724858
0.057 0.058 0.755991
0.058 0.059 0.838886
0.059 0.060 0.748433
0.060 0.061 0.603402
0.061 0.062 0.565664
0.062 0.063 0.533157
0.063 0.064 0.501635
0.064 0.065 0.468713
0.065 0.066 0.432337
0.066 0.067 0.442950
0.067 0.068 0.410102
0.068 0.069 0.342860
0.069 0.070 0.301701
0.070 0.071 0.261472
0.071 0.072 0.235909
0.072 0.073 0.202081
0.073 0.074 0.181625
0.074 0.075 0.161077
0.075 0.076 0.140368
0.076 0.077 0.116919
0.077 0.078 0.098664
0.078 0.079 0.078954
0.079 0.080 0.063187
0.080 0.081 0.046463
0.081 0.082 0.033205
0.082 0.083 0.019396
0.083 0.084 0.013254
0.084 0.085 0.003677
0.085 0.086 0.000000
0.086 0.087 0.000000
0.087 0.088 0.000000
0.088 0.089 0.000000
0.089 0.090 0.000000
0.090 0.091 0.000000
0.091 0.092 0.000000
0.092 0.093 0.000000
0.093 0.094 0.000000
0.094 0.095 0.000000
0.095 0.096 0.000000
0.096 0.097 0.000000
0.097 0.098 0.000000
0.098 0.099 0.000000
0.099 0.100 0.000000
0.100 0.101 0.000000
0.101 0.102 0.000000
0.102 0.103 0.000000
0.103 0.104 0.000000
0.104 0.105 0.000000
0.105 0.106 0.000000
0.106 0.107 0.000000
0.107 0.108 0.000000
0.108 0.109 0.000000
0.109 0.110 0.000000
0.110 0.111 0.000000
0.111 0.112 0.000000
0.112 0.113 0.000000
0.113 0.114 0.000000
0.114 0.115 0.000000
0.115 0.116 0.000000
0.116 0.117 0.000000
0.117 0.118 0.000000
0.118 0.119 0.000000
0.119 0.120 0.000000
0.120 0.121 0.000000
0.121 0.122 0.000000
0.122 0.123 0.000000
0.123 0.124 0.000000
0.124 0.125 0.000000
0.125 0.126 0.000000
0.126 0.127 0.000000
0.127 0.128 0.000000
0.128 0.129 0.000000
0.129 0.130 0.000000
0.130 0.131 0.000000
0.131 0.132 0.000000
0.132 0.133 0.000000
0.133 0.134 0.000000
0.134 0.135 0.000000
0.135 0.136 0.000000
0.136 0.137 0.000000
0.137 0.138 0.000000
0.138 0.139 0.000000
0.139 0.140 0.000000
0.140 0.141 0.000000
0.141 0.142 0.000000
0.142 0.143 0.000000
0.143 0.144 0.000000
0.144 0.145 0.000000
0.145 0.146 0.000000
0.146 0.147 0.000000
0.147 0.148 0.000000
0.148 0.149 0.000000
0.149 0.150 0.000000
