1
0.000 0.001 0.000000
0.001 0.002 0.000000
0.002 0.003 0.000000
0.003 0.004 0.000000
0.004 0.005 0.000000
0.005 0.006 0.000000
0.006 0.007 0.000000
0.007 0.008 0.000000
0.008 0.009 0.000000
0.009 0.010 0.000000
0.010 0.011 0.000000
0.011 0.012 0.000000
0.012 0.013 0.000000
0.013 0.014 0.000008
0.014 0.015 0.000077
0.015 0.016 0.000466
0.016 0.017 0.001931
0.017 0.018 0.005996
0.018 0.019 0.014930
0.019 0.020 0.031280
0.020 0.021 0.057428
0.021 0.022 0.094784
0.022 0.023 0.143239
0.023 0.024 0.202030
0.024 0.025 0.269577
0.025 0.026 0.342736
0.026 0.027 0.418886
0.027 0.028 0.496357
0.028 0.029 0.572783
0.029 0.030 0.644724
0.030 0.031 0.711865
0.031 0.032 0.771707
0.032 0.033 0.826568
0.033 0.034 0.872542
0.034 0.035 0.910073
0.035 0.036 0.941858
0.036 0.037 0.963384
0.037 0.038 0.979445
0.038 0.039 0.991875
0.039 0.040 1.000000
0.040 0.041 0.999345
0.041 0.042 0.994886
0.042 0.043 0.987319
0.043 0.044 0.976524
0.044 0.045 0.964342
0.045 0.046 0.942927
0.046 0.047 0.924005
0.047 0.048 0.904118
0.048 0.049 0.878869
0.049 0.050 0.849046
0.050 0.051 0.823206
0.051 0.052 0.799177
0.052 0.053 0.773016
0.053 0.054 0.746483
0.054 0.055 0.720423
0.055 0.056 0.692153
0.056 0.057 0.663057
0.057 0.058 0.739426
0.058 0.059 0.905953
0.059 0.060 0.774287
0.060 0.061 0.564914
0.061 0.062 0.539282
0.062 0.063 0.502437
0.063 0.064 0.475835
0.064 0.065 0.450848
0.065 0.066 0.425980
0.066 0.067 0.474495
0.067 0.068 0.456604
0.068 0.069 0.373576
0.069 0.070 0.332706
0.070 0.071 0.286331
0.071 0.072 0.270177
0.072 0.073 0.249968
0.073 0.074 0.230883
0.074 0.075 0.215997
0.075 0.076 0.200330
0.076 0.077 0.185287
0.077 0.078 0.170225
0.078 0.079 0.156835
0.079 0.080 0.142435
0.080 0.081 0.130007
0.081 0.082 0.115954
0.082 0.083 0.103752
0.083 0.084 0.092836
0.084 0.085 0.081330
0.085 0.086 0.068564
0.086 0.087 0.058876
0.087 0.088 0.049499
0.088 0.089 0.038982
0.089 0.090 0.028956
0.090 0.091 0.023914
0.091 0.092 0.017803
0.092 0.093 0.010473
0.093 0.094 0.006787
0.094 0.095 0.001838
0.095 0.096 0.000000
0.096 0.097 0.000000
0.097 0.098 0.000000
0.098 0.099 0.000000
0.099 0.100 0.000000
0.100 0.101 0.000000
0.101 0.102 0.000000
0.102 0.103 0.000000
0.103 0.104 0.000000
0.104 0.105 0.000000
0.105 0.106 0.000000
0.106 0.107 0.000000
0.107 0.108 0.000000
0.108 0.109 0.000000
0.109 0.110 0.000000
0.110 0.111 0.000000
0.111 0.112 0.000000
0.112 0.113 0.000000
0.113 0.114 0.000000
0.114 0.115 0.000000
0.115 0.116 0.000000
0.116 0.117 0.000000
0.117 0.118 0.000000
0.118 0.119 0.000000
0.119 0.120 0.000000
0.120 0.121 0.000000
0.121 0.122 0.000000
0.122 0.123 0.000000
0.123 0.124 0.000000
0.124 0.125 0.000000
0.125 0.126 0.000000
0.126 0.127 0.000000
0.127 0.128 0.000000
0.128 0.129 0.000000
0.129 0.130 0.000000
0.130 0.131 0.000000
0.131 0.132 0.000000
0.132 0.133 0.000000
0.133 0.134 0.000000
0.134 0.135 0.000000
0.135 0.136 0.000000
0.136 0.137 0.000000
0.137 0.138 0.000000
0.138 0.139 0.000000
0.139 0.140 0.000000
0.140 0.141 0.000000
0.141 0.142 0.000000
0.142 0.143 0.000000
0.143 0.144 0.000000
0.144 0.145 0.000000
0.145 0.146 0.000000
0.146 0.147 0.000000
0.147 0.148 0.000000
0.148 0.149 0.000000
0.149 0.150 0.000000
