1
0.000 0.001 0.000000
0.001 0.002 0.000000
0.002 0.003 0.000000
0.003 0.004 0.000000
0.004 0.005 0.000000
0.005 0.006 0.000000
0.006 0.007 0.000000
0.007 0.008 0.000000
0.008 0.009 0.000000
0.009 0.010 0.000000
0.010 0.011 0.000000
0.011 0.012 0.000000
0.012 0.013 0.000000
0.013 0.014 0.000000
0.014 0.015 0.000000
0.015 0.016 0.000000
0.016 0.017 0.000000
0.017 0.018 0.000000
0.018 0.019 0.000003
0.019 0.020 0.000016
0.020 0.021 0.000074
0.021 0.022 0.000265
0.022 0.023 0.000771
0.023 0.024 0.001897
0.024 0.025 0.004082
0.025 0.026 0.007848
0.026 0.027 0.013696
0.027 0.028 0.022150
0.028 0.029 0.033744
0.029 0.030 0.048328
0.030 0.031 0.066098
0.031 0.032 0.086829
0.032 0.033 0.110144
0.033 0.034 0.135467
0.034 0.035 0.162410
0.035 0.036 0.190252
0.036 0.037 0.218517
0.037 0.038 0.246795
0.038 0.039 0.273638
0.039 0.040 0.299616
0.040 0.041 0.324254
0.041 0.042 0.346771
0.042 0.043 0.367670
0.043 0.044 0.388318
0.044 0.045 0.407178
0.045 0.046 0.422889
0.046 0.047 0.436063
0.047 0.048 0.449729
0.048 0.049 0.461127
0.049 0.050 0.468184
0.050 0.051 0.473616
0.051 0.052 0.479733
0.052 0.053 0.483871
0.053 0.054 0.484744
0.054 0.055 0.484283
0.055 0.056 0.484514
0.056 0.057 0.483748
0.057 0.058 0.660339
0.058 0.059 1.000000
0.059 0.060 0.817224
0.060 0.061 0.478147
0.061 0.062 0.473158
0.062 0.063 0.449367
0.063 0.064 0.441601
0.064 0.065 0.432553
0.065 0.066 0.424669
0.066 0.067 0.560395
0.067 0.068 0.553647
0.068 0.069 0.429367
0.069 0.070 0.386572
0.070 0.071 0.315838
0.071 0.072 0.307993
0.072 0.073 0.297277
0.073 0.074 0.292247
0.074 0.075 0.286639
0.075 0.076 0.279941
0.076 0.077 0.271028
0.077 0.078 0.263490
0.078 0.079 0.258613
0.079 0.080 0.252596
0.080 0.081 0.244386
0.081 0.082 0.234774
0.082 0.083 0.226152
0.083 0.084 0.218050
0.084 0.085 0.210545
0.085 0.086 0.202708
0.086 0.087 0.195713
0.087 0.088 0.191188
0.088 0.089 0.185242
0.089 0.090 0.177151
0.090 0.091 0.169837
0.091 0.092 0.159872
0.092 0.093 0.153045
0.093 0.094 0.149377
0.094 0.095 0.142437
0.095 0.096 0.135672
0.096 0.097 0.128519
0.097 0.098 0.119007
0.098 0.099 0.112533
0.099 0.100 0.107253
0.100 0.101 0.102823
0.101 0.102 0.097826
0.102 0.103 0.091132
0.103 0.104 0.086015
0.104 0.105 0.081505
0.105 0.106 0.075815
0.106 0.107 0.070447
0.107 0.108 0.063290
0.108 0.109 0.059083
0.109 0.110 0.054591
0.110 0.111 0.050298
0.111 0.112 0.046776
0.112 0.113 0.041945
0.113 0.114 0.037842
0.114 0.115 0.033938
0.115 0.116 0.029429
0.116 0.117 0.024629
0.117 0.118 0.021381
0.118 0.119 0.016907
0.119 0.120 0.014614
0.120 0.121 0.013464
0.121 0.122 0.010751
0.122 0.123 0.007334
0.123 0.124 0.005623
0.124 0.125 0.003747
0.125 0.126 0.001369
0.126 0.127 0.000833
0.127 0.128 0.000000
0.128 0.129 0.000000
0.129 0.130 0.000000
0.130 0.131 0.000000
0.131 0.132 0.000000
0.132 0.133 0.000000
0.133 0.134 0.000000
0.134 0.135 0.000000
0.135 0.136 0.000000
0.136 0.137 0.000000
0.137 0.138 0.000000
0.138 0.139 0.000000
0.139 0.140 0.000000
0.140 0.141 0.000000
0.141 0.142 0.000000
0.142 0.143 0.000000
0.143 0.144 0.000000
0.144 0.145 0.000000
0.145 0.146 0.000000
0.146 0.147 0.000000
0.147 0.148 0.000000
0.148 0.149 0.000000
0.149 0.150 0.000000
