1
0.000 0.001 0.000000
0.001 0.002 0.000000
0.002 0.003 0.000000
0.003 0.004 0.000000
0.004 0.005 0.000000
0.005 0.006 0.000000
0.006 0.007 0.000000
0.007 0.008 0.000000
0.008 0.009 0.000000
0.009 0.010 0.000000
0.010 0.011 0.000000
0.011 0.012 0.000001
0.012 0.013 0.000017
0.013 0.014 0.000132
0.014 0.015 0.000659
0.015 0.016 0.002304
0.016 0.017 0.006223
0.017 0.018 0.013818
0.018 0.019 0.026332
0.019 0.020 0.044680
0.020 0.021 0.069077
0.021 0.022 0.099150
0.022 0.023 0.134013
0.023 0.024 0.172311
0.024 0.025 0.212940
0.025 0.026 0.254343
0.026 0.027 0.295462
0.027 0.028 0.335863
0.028 0.029 0.374048
0.029 0.030 0.408630
0.030 0.031 0.440197
0.031 0.032 0.468536
0.032 0.033 0.493965
0.033 0.034 0.515793
0.034 0.035 0.532991
0.035 0.036 0.547357
0.036 0.037 0.559473
0.037 0.038 0.569014
0.038 0.039 0.574573
0.039 0.040 0.577953
0.040 0.041 0.578976
0.041 0.042 0.578305
0.042 0.043 0.576947
0.043 0.044 0.572916
0.044 0.045 0.569237
0.045 0.046 0.561847
0.046 0.047 0.553705
0.047 0.048 0.547540
0.048 0.049 0.538530
0.049 0.050 0.528263
0.050 0.051 0.519245
0.051 0.052 0.511194
0.052 0.053 0.500249
0.053 0.054 0.489433
0.054 0.055 0.479035
0.055 0.056 0.468984
0.056 0.057 0.459291
0.057 0.058 0.644815
0.058 0.059 1.000000
0.059 0.060 0.790834
0.060 0.061 0.427837
0.061 0.062 0.416907
0.062 0.063 0.386724
0.063 0.064 0.376871
0.064 0.065 0.366424
0.065 0.066 0.355828
0.066 0.067 0.482519
0.067 0.068 0.472919
0.068 0.069 0.355397
0.069 0.070 0.316392
0.070 0.071 0.251157
0.071 0.072 0.244596
0.072 0.073 0.236327
0.073 0.074 0.229792
0.074 0.075 0.223961
0.075 0.076 0.217443
0.076 0.077 0.209015
0.077 0.078 0.203583
0.078 0.079 0.199079
0.079 0.080 0.194376
0.080 0.081 0.189211
0.081 0.082 0.182872
0.082 0.083 0.176437
0.083 0.084 0.170412
0.084 0.085 0.165171
0.085 0.086 0.160248
0.086 0.087 0.155131
0.087 0.088 0.150835
0.088 0.089 0.145340
0.089 0.090 0.138904
0.090 0.091 0.134073
0.091 0.092 0.127992
0.092 0.093 0.123230
0.093 0.094 0.120184
0.094 0.095 0.115634
0.095 0.096 0.111487
0.096 0.097 0.107357
0.097 0.098 0.102100
0.098 0.099 0.097075
0.099 0.100 0.093255
0.100 0.101 0.089758
0.101 0.102 0.085219
0.102 0.103 0.081587
0.103 0.104 0.078652
0.104 0.105 0.075267
0.105 0.106 0.071305
0.106 0.107 0.067936
0.107 0.108 0.064009
0.108 0.109 0.060890
0.109 0.110 0.058034
0.110 0.111 0.054827
0.111 0.112 0.051772
0.112 0.113 0.047476
0.113 0.114 0.044329
0.114 0.115 0.041997
0.115 0.116 0.039590
0.116 0.117 0.036750
0.117 0.118 0.034360
0.118 0.119 0.031361
0.119 0.120 0.028914
0.120 0.121 0.027281
0.121 0.122 0.024734
0.122 0.123 0.023091
0.123 0.124 0.021367
0.124 0.125 0.019217
0.125 0.126 0.017050
0.126 0.127 0.015342
0.127 0.128 0.013239
0.128 0.129 0.011407
0.129 0.130 0.009337
0.130 0.131 0.007882
0.131 0.132 0.007040
0.132 0.133 0.005854
0.133 0.134 0.004448
0.134 0.135 0.002906
0.135 0.136 0.002175
0.136 0.137 0.001478
0.137 0.138 0.000522
0.138 0.139 0.000266
0.139 0.140 0.000000
0.140 0.141 0.000000
0.141 0.142 0.000000
0.142 0.143 0.000000
0.143 0.144 0.000000
0.144 0.145 0.000000
0.145 0.146 0.000000
0.146 0.147 0.000000
0.147 0.148 0.000000
0.148 0.149 0.000000
0.149 0.150 0.000000
