1
0.000 0.001 0.000000
0.001 0.002 0.000000
0.002 0.003 0.000000
0.003 0.004 0.000000
0.004 0.005 0.000000
0.005 0.006 0.000000
0.006 0.007 0.000000
0.007 0.008 0.000000
0.008 0.009 0.000000
0.009 0.010 0.000000
0.010 0.011 0.000000
0.011 0.012 0.000000
0.012 0.013 0.000000
0.013 0.014 0.000000
0.014 0.015 0.000000
0.015 0.016 0.000000
0.016 0.017 0.000000
0.017 0.018 0.000001
0.018 0.019 0.000006
0.019 0.020 0.000036
0.020 0.021 0.000160
0.021 0.022 0.000561
0.022 0.023 0.001611
0.023 0.024 0.003934
0.024 0.025 0.008488
0.025 0.026 0.016300
0.026 0.027 0.028434
0.027 0.028 0.046161
0.028 0.029 0.070269
0.029 0.030 0.101280
0.030 0.031 0.139230
0.031 0.032 0.182447
0.032 0.033 0.230940
0.033 0.034 0.283539
0.034 0.035 0.339532
0.035 0.036 0.398671
0.036 0.037 0.456239
0.037 0.038 0.515623
0.038 0.039 0.574171
0.039 0.040 0.627104
0.040 0.041 0.677765
0.041 0.042 0.726929
0.042 0.043 0.771316
0.043 0.044 0.805724
0.044 0.045 0.841340
0.045 0.046 0.867436
0.046 0.047 0.887719
0.047 0.048 0.904649
0.048 0.049 0.914169
0.049 0.050 0.924222
0.050 0.051 0.928153
0.051 0.052 0.927234
0.052 0.053 0.924497
0.053 0.054 0.923694
0.054 0.055 0.914524
0.055 0.056 0.886762
0.056 0.057 0.859615
0.057 0.058 0.903299
0.058 0.059 1.000000
0.059 0.060 0.915912
0.060 0.061 0.767211
0.061 0.062 0.736196
0.062 0.063 0.709609
0.063 0.064 0.677020
0.064 0.065 0.637993
0.065 0.066 0.590030
0.066 0.067 0.594491
0.067 0.068 0.556330
0.068 0.069 0.468272
0.069 0.070 0.411571
0.070 0.071 0.359545
0.071 0.072 0.315254
0.072 0.073 0.260825
0.073 0.074 0.221331
0.074 0.075 0.181750
0.075 0.076 0.143291
0.076 0.077 0.108409
0.077 0.078 0.074270
0.078 0.079 0.044470
0.079 0.080 0.023261
0.080 0.081 0.003347
0.081 0.082 0.000000
0.082 0.083 0.000000
0.083 0.084 0.000000
0.084 0.085 0.000000
0.085 0.086 0.000000
0.086 0.087 0.000000
0.087 0.088 0.000000
0.088 0.089 0.000000
0.089 0.090 0.000000
0.090 0.091 0.000000
0.091 0.092 0.000000
0.092 0.093 0.000000
0.093 0.094 0.000000
0.094 0.095 0.000000
0.095 0.096 0.000000
0.096 0.097 0.000000
0.097 0.098 0.000000
0.098 0.099 0.000000
0.099 0.100 0.000000
0.100 0.101 0.000000
0.101 0.102 0.000000
0.102 0.103 0.000000
0.103 0.104 0.000000
0.104 0.105 0.000000
0.105 0.106 0.000000
0.106 0.107 0.000000
0.107 0.108 0.000000
0.108 0.109 0.000000
0.109 0.110 0.000000
0.110 0.111 0.000000
0.111 0.112 0.000000
0.112 0.113 0.000000
0.113 0.114 0.000000
0.114 0.115 0.000000
0.115 0.116 0.000000
0.116 0.117 0.000000
0.117 0.118 0.000000
0.118 0.119 0.000000
0.119 0.120 0.000000
0.120 0.121 0.000000
0.121 0.122 0.000000
0.122 0.123 0.000000
0.123 0.124 0.000000
0.124 0.125 0.000000
0.125 0.126 0.000000
0.126 0.127 0.000000
0.127 0.128 0.000000
0.128 0.129 0.000000
0.129 0.130 0.000000
0.130 0.131 0.000000
0.131 0.132 0.000000
0.132 0.133 0.000000
0.133 0.134 0.000000
0.134 0.135 0.000000
0.135 0.136 0.000000
0.136 0.137 0.000000
0.137 0.138 0.000000
0.138 0.139 0.000000
0.139 0.140 0.000000
0.140 0.141 0.000000
0.141 0.142 0.000000
0.142 0.143 0.000000
0.143 0.144 0.000000
0.144 0.145 0.000000
0.145 0.146 0.000000
0.146 0.147 0.000000
0.147 0.148 0.000000
0.148 0.149 0.000000
0.149 0.150 0.000000
