1
0.000 0.001 0.000000
0.001 0.002 0.000000
0.002 0.003 0.000000
0.003 0.004 0.000000
0.004 0.005 0.000000
0.005 0.006 0.000000
0.006 0.007 0.000000
0.007 0.008 0.000000
0.008 0.009 0.000000
0.009 0.010 0.000000
0.010 0.011 0.000000
0.011 0.012 0.000000
0.012 0.013 0.000000
0.013 0.014 0.000000
0.014 0.015 0.000000
0.015 0.016 0.000000
0.016 0.017 0.000000
0.017 0.018 0.000001
0.018 0.019 0.000008
0.019 0.020 0.000050
0.020 0.021 0.000221
0.021 0.022 0.000754
0.022 0.023 0.002102
0.023 0.024 0.004980
0.024 0.025 0.010350
0.025 0.026 0.019263
0.026 0.027 0.032676
0.027 0.028 0.051544
0.028 0.029 0.076369
0.029 0.030 0.107049
0.030 0.031 0.143239
0.031 0.032 0.183890
0.032 0.033 0.229188
0.033 0.034 0.276986
0.034 0.035 0.325858
0.035 0.036 0.375975
0.036 0.037 0.424450
0.037 0.038 0.471385
0.038 0.039 0.516990
0.039 0.040 0.560584
0.040 0.041 0.599217
0.041 0.042 0.634593
0.042 0.043 0.665998
0.043 0.044 0.693362
0.044 0.045 0.716987
0.045 0.046 0.732697
0.046 0.047 0.746884
0.047 0.048 0.756581
0.048 0.049 0.760460
0.049 0.050 0.760363
0.050 0.051 0.759785
0.051 0.052 0.759060
0.052 0.053 0.751062
0.053 0.054 0.741755
0.054 0.055 0.730908
0.055 0.056 0.715268
0.056 0.057 0.697577
0.057 0.058 0.793673
0.058 0.059 1.000000
0.059 0.060 0.869687
0.060 0.061 0.637685
0.061 0.062 0.616401
0.062 0.063 0.581241
0.063 0.064 0.556502
0.064 0.065 0.531142
0.065 0.066 0.509956
0.066 0.067 0.581792
0.067 0.068 0.564253
0.068 0.069 0.464023
0.069 0.070 0.416083
0.070 0.071 0.359492
0.071 0.072 0.338891
0.072 0.073 0.318752
0.073 0.074 0.301811
0.074 0.075 0.284115
0.075 0.076 0.264373
0.076 0.077 0.244922
0.077 0.078 0.223761
0.078 0.079 0.210100
0.079 0.080 0.196283
0.080 0.081 0.179721
0.081 0.082 0.160510
0.082 0.083 0.141807
0.083 0.084 0.129118
0.084 0.085 0.116039
0.085 0.086 0.103321
0.086 0.087 0.088842
0.087 0.088 0.073150
0.088 0.089 0.060539
0.089 0.090 0.049747
0.090 0.091 0.041054
0.091 0.092 0.029093
0.092 0.093 0.021855
0.093 0.094 0.012811
0.094 0.095 0.008305
0.095 0.096 0.002313
0.096 0.097 0.000000
0.097 0.098 0.000000
0.098 0.099 0.000000
0.099 0.100 0.000000
0.100 0.101 0.000000
0.101 0.102 0.000000
0.102 0.103 0.000000
0.103 0.104 0.000000
0.104 0.105 0.000000
0.105 0.106 0.000000
0.106 0.107 0.000000
0.107 0.108 0.000000
0.108 0.109 0.000000
0.109 0.110 0.000000
0.110 0.111 0.000000
0.111 0.112 0.000000
0.112 0.113 0.000000
0.113 0.114 0.000000
0.114 0.115 0.000000
0.115 0.116 0.000000
0.116 0.117 0.000000
0.117 0.118 0.000000
0.118 0.119 0.000000
0.119 0.120 0.000000
0.120 0.121 0.000000
0.121 0.122 0.000000
0.122 0.123 0.000000
0.123 0.124 0.000000
0.124 0.125 0.000000
0.125 0.126 0.000000
0.126 0.127 0.000000
0.127 0.128 0.000000
0.128 0.129 0.000000
0.129 0.130 0.000000
0.130 0.131 0.000000
0.131 0.132 0.000000
0.132 0.133 0.000000
0.133 0.134 0.000000
0.134 0.135 0.000000
0.135 0.136 0.000000
0.136 0.137 0.000000
0.137 0.138 0.000000
0.138 0.139 0.000000
0.139 0.140 0.000000
0.140 0.141 0.000000
0.141 0.142 0.000000
0.142 0.143 0.000000
0.143 0.144 0.000000
0.144 0.145 0.000000
0.145 0.146 0.000000
0.146 0.147 0.000000
0.147 0.148 0.000000
0.148 0.149 0.000000
0.149 0.150 0.000000
