1
0.000 0.001 0.000000
0.001 0.002 0.000000
0.002 0.003 0.000000
0.003 0.004 0.000000
0.004 0.005 0.000000
0.005 0.006 0.000000
0.006 0.007 0.000000
0.007 0.008 0.000000
0.008 0.009 0.000000
0.009 0.010 0.000000
0.010 0.011 0.000000
0.011 0.012 0.000000
0.012 0.013 0.000000
0.013 0.014 0.000000
0.014 0.015 0.000000
0.015 0.016 0.000000
0.016 0.017 0.000000
0.017 0.018 0.000001
0.018 0.019 0.000004
0.019 0.020 0.000026
0.020 0.021 0.000109
0.021 0.022 0.000365
0.022 0.023 0.001007
0.023 0.024 0.002375
0.024 0.025 0.004938
0.025 0.026 0.009216
0.026 0.027 0.015717
0.027 0.028 0.024965
0.028 0.029 0.037289
0.029 0.030 0.052632
0.030 0.031 0.071094
0.031 0.032 0.092384
0.032 0.033 0.116196
0.033 0.034 0.141891
0.034 0.035 0.169002
0.035 0.036 0.197022
0.036 0.037 0.225254
0.037 0.038 0.253402
0.038 0.039 0.280323
0.039 0.040 0.306727
0.040 0.041 0.331827
0.041 0.042 0.354607
0.042 0.043 0.376861
0.043 0.044 0.396807
0.044 0.045 0.415462
0.045 0.046 0.431259
0.046 0.047 0.443908
0.047 0.048 0.457116
0.048 0.049 0.468586
0.049 0.050 0.475596
0.050 0.051 0.481068
0.051 0.052 0.487576
0.052 0.053 0.492328
0.053 0.054 0.493858
0.054 0.055 0.494117
0.055 0.056 0.495156
0.056 0.057 0.495080
0.057 0.058 0.667805
0.058 0.059 1.000000
0.059 0.060 0.820566
0.060 0.061 0.489581
0.061 0.062 0.483588
0.062 0.063 0.459879
0.063 0.064 0.451020
0.064 0.065 0.441041
0.065 0.066 0.432894
0.066 0.067 0.563106
0.067 0.068 0.555764
0.068 0.069 0.434920
0.069 0.070 0.391949
0.070 0.071 0.322406
0.071 0.072 0.314569
0.072 0.073 0.304654
0.073 0.074 0.298777
0.074 0.075 0.291866
0.075 0.076 0.283368
0.076 0.077 0.272632
0.077 0.078 0.263221
0.078 0.079 0.257268
0.079 0.080 0.249317
0.080 0.081 0.240354
0.081 0.082 0.230325
0.082 0.083 0.221520
0.083 0.084 0.213192
0.084 0.085 0.205476
0.085 0.086 0.198491
0.086 0.087 0.189350
0.087 0.088 0.182266
0.088 0.089 0.176034
0.089 0.090 0.167457
0.090 0.091 0.159368
0.091 0.092 0.148793
0.092 0.093 0.141550
0.093 0.094 0.137403
0.094 0.095 0.129332
0.095 0.096 0.123190
0.096 0.097 0.116434
0.097 0.098 0.108129
0.098 0.099 0.100317
0.099 0.100 0.094086
0.100 0.101 0.089407
0.101 0.102 0.083132
0.102 0.103 0.076497
0.103 0.104 0.071458
0.104 0.105 0.067414
0.105 0.106 0.062254
0.106 0.107 0.057156
0.107 0.108 0.050455
0.108 0.109 0.046124
0.109 0.110 0.041370
0.110 0.111 0.036964
0.111 0.112 0.033413
0.112 0.113 0.028783
0.113 0.114 0.024337
0.114 0.115 0.021293
0.115 0.116 0.017693
0.116 0.117 0.014492
0.117 0.118 0.010600
0.118 0.119 0.007385
0.119 0.120 0.005544
0.120 0.121 0.003808
0.121 0.122 0.002508
0.122 0.123 0.000693
0.123 0.124 0.000000
0.124 0.125 0.000000
0.125 0.126 0.000000
0.126 0.127 0.000000
0.127 0.128 0.000000
0.128 0.129 0.000000
0.129 0.130 0.000000
0.130 0.131 0.000000
0.131 0.132 0.000000
0.132 0.133 0.000000
0.133 0.134 0.000000
0.134 0.135 0.000000
0.135 0.136 0.000000
0.136 0.137 0.000000
0.137 0.138 0.000000
0.138 0.139 0.000000
0.139 0.140 0.000000
0.140 0.141 0.000000
0.141 0.142 0.000000
0.142 0.143 0.000000
0.143 0.144 0.000000
0.144 0.145 0.000000
0.145 0.146 0.000000
0.146 0.147 0.000000
0.147 0.148 0.000000
0.148 0.149 0.000000
0.149 0.150 0.000000
