1
0.000 0.001 0.000000
0.001 0.002 0.000000
0.002 0.003 0.000000
0.003 0.004 0.000000
0.004 0.005 0.000000
0.005 0.006 0.000000
0.006 0.007 0.000000
0.007 0.008 0.000000
0.008 0.009 0.000000
0.009 0.010 0.000000
0.010 0.011 0.000000
0.011 0.012 0.000000
0.012 0.013 0.000000
0.013 0.014 0.000000
0.014 0.015 0.000000
0.015 0.016 0.000000
0.016 0.017 0.000000
0.017 0.018 0.000000
0.018 0.019 0.000000
0.019 0.020 0.000000
0.020 0.021 0.000002
0.021 0.022 0.000010
0.022 0.023 0.000041
0.023 0.024 0.000137
0.024 0.025 0.000383
0.025 0.026 0.000923
0.026 0.027 0.001968
0.027 0.028 0.003807
0.028 0.029 0.006771
0.029 0.030 0.011113
0.030 0.031 0.017219
0.031 0.032 0.025241
0.032 0.033 0.035319
0.033 0.034 0.047627
0.034 0.035 0.062000
0.035 0.036 0.077832
0.036 0.037 0.095564
0.037 0.038 0.115379
0.038 0.039 0.135400
0.039 0.040 0.156210
0.040 0.041 0.177691
0.041 0.042 0.198356
0.042 0.043 0.219696
0.043 0.044 0.240780
0.044 0.045 0.261316
0.045 0.046 0.280195
0.046 0.047 0.297552
0.047 0.048 0.316053
0.048 0.049 0.333072
0.049 0.050 0.346906
0.050 0.051 0.359235
0.051 0.052 0.372217
0.052 0.053 0.383759
0.053 0.054 0.392319
0.054 0.055 0.400508
0.055 0.056 0.409996
0.056 0.057 0.417614
0.057 0.058 0.616721
0.058 0.059 1.000000
0.059 0.060 0.811344
0.060 0.061 0.445063
0.061 0.062 0.446655
0.062 0.063 0.427075
0.063 0.064 0.426059
0.064 0.065 0.422462
0.065 0.066 0.420374
0.066 0.067 0.584666
0.067 0.068 0.584454
0.068 0.069 0.448772
0.069 0.070 0.406349
0.070 0.071 0.327974
0.071 0.072 0.324872
0.072 0.073 0.320469
0.073 0.074 0.317683
0.074 0.075 0.314220
0.075 0.076 0.311035
0.076 0.077 0.304851
0.077 0.078 0.299738
0.078 0.079 0.297633
0.079 0.080 0.293712
0.080 0.081 0.287019
0.081 0.082 0.279417
0.082 0.083 0.273136
0.083 0.084 0.267805
0.084 0.085 0.262740
0.085 0.086 0.258083
0.086 0.087 0.250761
0.087 0.088 0.247301
0.088 0.089 0.241834
0.089 0.090 0.233315
0.090 0.091 0.226793
0.091 0.092 0.215195
0.092 0.093 0.208216
0.093 0.094 0.206348
0.094 0.095 0.199327
0.095 0.096 0.192285
0.096 0.097 0.185337
0.097 0.098 0.175834
0.098 0.099 0.168264
0.099 0.100 0.161359
0.100 0.101 0.154698
0.101 0.102 0.148280
0.102 0.103 0.139242
0.103 0.104 0.132643
0.104 0.105 0.126957
0.105 0.106 0.119524
0.106 0.107 0.112537
0.107 0.108 0.103646
0.108 0.109 0.096193
0.109 0.110 0.087999
0.110 0.111 0.080359
0.111 0.112 0.074258
0.112 0.113 0.065904
0.113 0.114 0.058984
0.114 0.115 0.052063
0.115 0.116 0.043854
0.116 0.117 0.036335
0.117 0.118 0.028413
0.118 0.119 0.019501
0.119 0.120 0.014818
0.120 0.121 0.012094
0.121 0.122 0.007893
0.122 0.123 0.004288
0.123 0.124 0.000561
0.124 0.125 0.000000
0.125 0.126 0.000000
0.126 0.127 0.000000
0.127 0.128 0.000000
0.128 0.129 0.000000
0.129 0.130 0.000000
0.130 0.131 0.000000
0.131 0.132 0.000000
0.132 0.133 0.000000
0.133 0.134 0.000000
0.134 0.135 0.000000
0.135 0.136 0.000000
0.136 0.137 0.000000
0.137 0.138 0.000000
0.138 0.139 0.000000
0.139 0.140 0.000000
0.140 0.141 0.000000
0.141 0.142 0.000000
0.142 0.143 0.000000
0.143 0.144 0.000000
0.144 0.145 0.000000
0.145 0.146 0.000000
0.146 0.147 0.000000
0.147 0.148 0.000000
0.148 0.149 0.000000
0.149 0.150 0.000000
