1
0.000 0.001 0.000000
0.001 0.002 0.000000
0.002 0.003 0.000000
0.003 0.004 0.000000
0.004 0.005 0.000000
0.005 0.006 0.000000
0.006 0.007 0.000000
0.007 0.008 0.000000
0.008 0.009 0.000000
0.009 0.010 0.000000
0.010 0.011 0.000000
0.011 0.012 0.000000
0.012 0.013 0.000000
0.013 0.014 0.000000
0.014 0.015 0.000000
0.015 0.016 0.000000
0.016 0.017 0.000000
0.017 0.018 0.000000
0.018 0.019 0.000001
0.019 0.020 0.000008
0.020 0.021 0.000037
0.021 0.022 0.000137
0.022 0.023 0.000409
0.023 0.024 0.001039
0.024 0.025 0.002305
0.025 0.026 0.004557
0.026 0.027 0.008192
0.027 0.028 0.013658
0.028 0.029 0.021314
0.029 0.030 0.031247
0.030 0.031 0.043741
0.031 0.032 0.058714
0.032 0.033 0.075941
0.033 0.034 0.095273
0.034 0.035 0.116404
0.035 0.036 0.138622
0.036 0.037 0.161939
0.037 0.038 0.186037
0.038 0.039 0.209309
0.039 0.040 0.232497
0.040 0.041 0.255374
0.041 0.042 0.276755
0.042 0.043 0.297710
0.043 0.044 0.317365
0.044 0.045 0.336445
0.045 0.046 0.352861
0.046 0.047 0.366880
0.047 0.048 0.382189
0.048 0.049 0.395626
0.049 0.050 0.404864
0.050 0.051 0.413128
0.051 0.052 0.422388
0.052 0.053 0.429772
0.053 0.054 0.434065
0.054 0.055 0.437491
0.055 0.056 0.442336
0.056 0.057 0.446375
0.057 0.058 0.636068
0.058 0.059 1.000000
0.059 0.060 0.810926
0.060 0.061 0.455868
0.061 0.062 0.453729
0.062 0.063 0.431759
0.063 0.064 0.426902
0.064 0.065 0.420712
0.065 0.066 0.416028
0.066 0.067 0.563875
0.067 0.068 0.559913
0.068 0.069 0.431925
0.069 0.070 0.390203
0.070 0.071 0.317322
0.071 0.072 0.312155
0.072 0.073 0.305226
0.073 0.074 0.301525
0.074 0.075 0.297240
0.075 0.076 0.291507
0.076 0.077 0.283291
0.077 0.078 0.276859
0.078 0.079 0.273432
0.079 0.080 0.268446
0.080 0.081 0.261093
0.081 0.082 0.252640
0.082 0.083 0.244808
0.083 0.084 0.237301
0.084 0.085 0.230782
0.085 0.086 0.224914
0.086 0.087 0.217266
0.087 0.088 0.212259
0.088 0.089 0.205646
0.089 0.090 0.196700
0.090 0.091 0.188518
0.091 0.092 0.177555
0.092 0.093 0.169953
0.093 0.094 0.165553
0.094 0.095 0.158319
0.095 0.096 0.151317
0.096 0.097 0.143840
0.097 0.098 0.134511
0.098 0.099 0.125647
0.099 0.100 0.119545
0.100 0.101 0.114476
0.101 0.102 0.108631
0.102 0.103 0.101026
0.103 0.104 0.094705
0.104 0.105 0.090121
0.105 0.106 0.084332
0.106 0.107 0.078945
0.107 0.108 0.072367
0.108 0.109 0.066374
0.109 0.110 0.061367
0.110 0.111 0.056525
0.111 0.112 0.052485
0.112 0.113 0.047010
0.113 0.114 0.041872
0.114 0.115 0.038206
0.115 0.116 0.033966
0.116 0.117 0.029958
0.117 0.118 0.025349
0.118 0.119 0.020503
0.119 0.120 0.017973
0.120 0.121 0.016728
0.121 0.122 0.013433
0.122 0.123 0.011149
0.123 0.124 0.008739
0.124 0.125 0.005708
0.125 0.126 0.003818
0.126 0.127 0.001848
0.127 0.128 0.000501
0.128 0.129 0.000000
0.129 0.130 0.000000
0.130 0.131 0.000000
0.131 0.132 0.000000
0.132 0.133 0.000000
0.133 0.134 0.000000
0.134 0.135 0.000000
0.135 0.136 0.000000
0.136 0.137 0.000000
0.137 0.138 0.000000
0.138 0.139 0.000000
0.139 0.140 0.000000
0.140 0.141 0.000000
0.141 0.142 0.000000
0.142 0.143 0.000000
0.143 0.144 0.000000
0.144 0.145 0.000000
0.145 0.146 0.000000
0.146 0.147 0.000000
0.147 0.148 0.000000
0.148 0.149 0.000000
0.149 0.150 0.000000
