1
0.000 0.001 0.000000
0.001 0.002 0.000000
0.002 0.003 0.000000
0.003 0.004 0.000000
0.004 0.005 0.000000
0.005 0.006 0.000000
0.006 0.007 0.000000
0.007 0.008 0.000000
0.008 0.009 0.000000
0.009 0.010 0.000000
0.010 0.011 0.000000
0.011 0.012 0.000000
0.012 0.013 0.000000
0.013 0.014 0.000002
0.014 0.015 0.000027
0.015 0.016 0.000189
0.016 0.017 0.000886
0.017 0.018 0.003055
0.018 0.019 0.008321
0.019 0.020 0.018941
0.020 0.021 0.037355
0.021 0.022 0.065577
0.022 0.023 0.104544
0.023 0.024 0.154419
0.024 0.025 0.214524
0.025 0.026 0.282226
0.026 0.027 0.354922
0.027 0.028 0.430774
0.028 0.029 0.507114
0.029 0.030 0.578898
0.030 0.031 0.653015
0.031 0.032 0.720632
0.032 0.033 0.782164
0.033 0.034 0.835933
0.034 0.035 0.882208
0.035 0.036 0.920222
0.036 0.037 0.946191
0.037 0.038 0.970078
0.038 0.039 0.987370
0.039 0.040 0.996922
0.040 0.041 0.996659
0.041 0.042 1.000000
0.042 0.043 0.997728
0.043 0.044 0.992678
0.044 0.045 0.982695
0.045 0.046 0.960941
0.046 0.047 0.942122
0.047 0.048 0.921306
0.048 0.049 0.892920
0.049 0.050 0.862213
0.050 0.051 0.832909
0.051 0.052 0.810718
0.052 0.053 0.783355
0.053 0.054 0.756406
0.054 0.055 0.727746
0.055 0.056 0.693374
0.056 0.057 0.659090
0.057 0.058 0.698615
0.058 0.059 0.799200
0.059 0.060 0.697559
0.060 0.061 0.545051
0.061 0.062 0.517046
0.062 0.063 0.483097
0.063 0.064 0.454732
0.064 0.065 0.426230
0.065 0.066 0.395906
0.066 0.067 0.418507
0.067 0.068 0.391098
0.068 0.069 0.325527
0.069 0.070 0.288102
0.070 0.071 0.249743
0.071 0.072 0.231178
0.072 0.073 0.207887
0.073 0.074 0.187373
0.074 0.075 0.164225
0.075 0.076 0.149162
0.076 0.077 0.134711
0.077 0.078 0.118242
0.078 0.079 0.101216
0.079 0.080 0.086833
0.080 0.081 0.070333
0.081 0.082 0.057602
0.082 0.083 0.047012
0.083 0.084 0.037908
0.084 0.085 0.025010
0.085 0.086 0.018589
0.086 0.087 0.011767
0.087 0.088 0.003054
0.088 0.089 0.000000
0.089 0.090 0.000000
0.090 0.091 0.000000
0.091 0.092 0.000000
0.092 0.093 0.000000
0.093 0.094 0.000000
0.094 0.095 0.000000
0.095 0.096 0.000000
0.096 0.097 0.000000
0.097 0.098 0.000000
0.098 0.099 0.000000
0.099 0.100 0.000000
0.100 0.101 0.000000
0.101 0.102 0.000000
0.102 0.103 0.000000
0.103 0.104 0.000000
0.104 0.105 0.000000
0.105 0.106 0.000000
0.106 0.107 0.000000
0.107 0.108 0.000000
0.108 0.109 0.000000
0.109 0.110 0.000000
0.110 0.111 0.000000
0.111 0.112 0.000000
0.112 0.113 0.000000
0.113 0.114 0.000000
0.114 0.115 0.000000
0.115 0.116 0.000000
0.116 0.117 0.000000
0.117 0.118 0.000000
0.118 0.119 0.000000
0.119 0.120 0.000000
0.120 0.121 0.000000
0.121 0.122 0.000000
0.122 0.123 0.000000
0.123 0.124 0.000000
0.124 0.125 0.000000
0.125 0.126 0.000000
0.126 0.127 0.000000
0.127 0.128 0.000000
0.128 0.129 0.000000
0.129 0.130 0.000000
0.130 0.131 0.000000
0.131 0.132 0.000000
0.132 0.133 0.000000
0.133 0.134 0.000000
0.134 0.135 0.000000
0.135 0.136 0.000000
0.136 0.137 0.000000
0.137 0.138 0.000000
0.138 0.139 0.000000
0.139 0.140 0.000000
0.140 0.141 0.000000
0.141 0.142 0.000000
0.142 0.143 0.000000
0.143 0.144 0.000000
0.144 0.145 0.000000
0.145 0.146 0.000000
0.146 0.147 0.000000
0.147 0.148 0.000000
0.148 0.149 0.000000
0.149 0.150 0.000000
