1
0.000 0.001 0.000000
0.001 0.002 0.000000
0.002 0.003 0.000000
0.003 0.004 0.000000
0.004 0.005 0.000000
0.005 0.006 0.000000
0.006 0.007 0.000000
0.007 0.008 0.000000
0.008 0.009 0.000000
0.009 0.010 0.000000
0.010 0.011 0.000000
0.011 0.012 0.000000
0.012 0.013 0.000000
0.013 0.014 0.000000
0.014 0.015 0.000001
0.015 0.016 0.000015
0.016 0.017 0.000106
0.017 0.018 0.000494
0.018 0.019 0.001730
0.019 0.020 0.004863
0.020 0.021 0.011441
0.021 0.022 0.023360
0.022 0.023 0.042290
0.023 0.024 0.069758
0.024 0.025 0.106923
0.025 0.026 0.152750
0.026 0.027 0.206785
0.027 0.028 0.268405
0.028 0.029 0.335057
0.029 0.030 0.405684
0.030 0.031 0.477916
0.031 0.032 0.546963
0.032 0.033 0.613736
0.033 0.034 0.677049
0.034 0.035 0.735969
0.035 0.036 0.789577
0.036 0.037 0.834265
0.037 0.038 0.877055
0.038 0.039 0.913535
0.039 0.040 0.940962
0.040 0.041 0.963584
0.041 0.042 0.982161
0.042 0.043 0.994331
0.043 0.044 0.997548
0.044 0.045 1.000000
0.045 0.046 0.992755
0.046 0.047 0.983705
0.047 0.048 0.972288
0.048 0.049 0.952894
0.049 0.050 0.933942
0.050 0.051 0.914188
0.051 0.052 0.890069
0.052 0.053 0.863809
0.053 0.054 0.840898
0.054 0.055 0.811396
0.055 0.056 0.771359
0.056 0.057 0.733751
0.057 0.058 0.750031
0.058 0.059 0.805049
0.059 0.060 0.721145
0.060 0.061 0.594721
0.061 0.062 0.556799
0.062 0.063 0.520948
0.063 0.064 0.482823
0.064 0.065 0.442060
0.065 0.066 0.403556
0.066 0.067 0.402859
0.067 0.068 0.368645
0.068 0.069 0.306180
0.069 0.070 0.266459
0.070 0.071 0.229395
0.071 0.072 0.198513
0.072 0.073 0.168651
0.073 0.074 0.144487
0.074 0.075 0.125798
0.075 0.076 0.106343
0.076 0.077 0.084551
0.077 0.078 0.066217
0.078 0.079 0.045316
0.079 0.080 0.033190
0.080 0.081 0.020805
0.081 0.082 0.009477
0.082 0.083 0.002556
0.083 0.084 0.000000
0.084 0.085 0.000000
0.085 0.086 0.000000
0.086 0.087 0.000000
0.087 0.088 0.000000
0.088 0.089 0.000000
0.089 0.090 0.000000
0.090 0.091 0.000000
0.091 0.092 0.000000
0.092 0.093 0.000000
0.093 0.094 0.000000
0.094 0.095 0.000000
0.095 0.096 0.000000
0.096 0.097 0.000000
0.097 0.098 0.000000
0.098 0.099 0.000000
0.099 0.100 0.000000
0.100 0.101 0.000000
0.101 0.102 0.000000
0.102 0.103 0.000000
0.103 0.104 0.000000
0.104 0.105 0.000000
0.105 0.106 0.000000
0.106 0.107 0.000000
0.107 0.108 0.000000
0.108 0.109 0.000000
0.109 0.110 0.000000
0.110 0.111 0.000000
0.111 0.112 0.000000
0.112 0.113 0.000000
0.113 0.114 0.000000
0.114 0.115 0.000000
0.115 0.116 0.000000
0.116 0.117 0.000000
0.117 0.118 0.000000
0.118 0.119 0.000000
0.119 0.120 0.000000
0.120 0.121 0.000000
0.121 0.122 0.000000
0.122 0.123 0.000000
0.123 0.124 0.000000
0.124 0.125 0.000000
0.125 0.126 0.000000
0.126 0.127 0.000000
0.127 0.128 0.000000
0.128 0.129 0.000000
0.129 0.130 0.000000
0.130 0.131 0.000000
0.131 0.132 0.000000
0.132 0.133 0.000000
0.133 0.134 0.000000
0.134 0.135 0.000000
0.135 0.136 0.000000
0.136 0.137 0.000000
0.137 0.138 0.000000
0.138 0.139 0.000000
0.139 0.140 0.000000
0.140 0.141 0.000000
0.141 0.142 0.000000
0.142 0.143 0.000000
0.143 0.144 0.000000
0.144 0.145 0.000000
0.145 0.146 0.000000
0.146 0.147 0.000000
0.147 0.148 0.000000
0.148 0.149 0.000000
0.149 0.150 0.000000
