1
0.000 0.001 0.000000
0.001 0.002 0.000000
0.002 0.003 0.000000
0.003 0.004 0.000000
0.004 0.005 0.000000
0.005 0.006 0.000000
0.006 0.007 0.000000
0.007 0.008 0.000000
0.008 0.009 0.000000
0.009 0.010 0.000000
0.010 0.011 0.000000
0.011 0.012 0.000000
0.012 0.013 0.000000
0.013 0.014 0.000000
0.014 0.015 0.000000
0.015 0.016 0.000000
0.016 0.017 0.000003
0.017 0.018 0.000021
0.018 0.019 0.000101
0.019 0.020 0.000378
0.020 0.021 0.001128
0.021 0.022 0.002819
0.022 0.023 0.006096
0.023 0.024 0.011693
0.024 0.025 0.020373
0.025 0.026 0.032637
0.026 0.027 0.048776
0.027 0.028 0.069244
0.028 0.029 0.093864
0.029 0.030 0.121713
0.030 0.031 0.152022
0.031 0.032 0.184640
0.032 0.033 0.219314
0.033 0.034 0.254030
0.034 0.035 0.288489
0.035 0.036 0.323846
0.036 0.037 0.357366
0.037 0.038 0.385513
0.038 0.039 0.412749
0.039 0.040 0.440821
0.040 0.041 0.464079
0.041 0.042 0.484255
0.042 0.043 0.504458
0.043 0.044 0.520197
0.044 0.045 0.534394
0.045 0.046 0.546811
0.046 0.047 0.553729
0.047 0.048 0.561424
0.048 0.049 0.568797
0.049 0.050 0.568901
0.050 0.051 0.568933
0.051 0.052 0.571756
0.052 0.053 0.572485
0.053 0.054 0.568898
0.054 0.055 0.562926
0.055 0.056 0.559217
0.056 0.057 0.556811
0.057 0.058 0.708801
0.058 0.059 1.000000
0.059 0.060 0.830346
0.060 0.061 0.529089
0.061 0.062 0.519217
0.062 0.063 0.493474
0.063 0.064 0.479292
0.064 0.065 0.467109
0.065 0.066 0.457939
0.066 0.067 0.567263
0.067 0.068 0.556499
0.068 0.069 0.445828
0.069 0.070 0.403577
0.070 0.071 0.342116
0.071 0.072 0.331214
0.072 0.073 0.317415
0.073 0.074 0.311739
0.074 0.075 0.304462
0.075 0.076 0.291332
0.076 0.077 0.276586
0.077 0.078 0.265231
0.078 0.079 0.258828
0.079 0.080 0.250335
0.080 0.081 0.238381
0.081 0.082 0.225071
0.082 0.083 0.212013
0.083 0.084 0.198159
0.084 0.085 0.186509
0.085 0.086 0.176412
0.086 0.087 0.164809
0.087 0.088 0.154302
0.088 0.089 0.143176
0.089 0.090 0.130716
0.090 0.091 0.116854
0.091 0.092 0.103508
0.092 0.093 0.092985
0.093 0.094 0.082411
0.094 0.095 0.072551
0.095 0.096 0.062640
0.096 0.097 0.052705
0.097 0.098 0.041712
0.098 0.099 0.031574
0.099 0.100 0.023832
0.100 0.101 0.019889
0.101 0.102 0.015108
0.102 0.103 0.009027
0.103 0.104 0.004492
0.104 0.105 0.000838
0.105 0.106 0.000000
0.106 0.107 0.000000
0.107 0.108 0.000000
0.108 0.109 0.000000
0.109 0.110 0.000000
0.110 0.111 0.000000
0.111 0.112 0.000000
0.112 0.113 0.000000
0.113 0.114 0.000000
0.114 0.115 0.000000
0.115 0.116 0.000000
0.116 0.117 0.000000
0.117 0.118 0.000000
0.118 0.119 0.000000
0.119 0.120 0.000000
0.120 0.121 0.000000
0.121 0.122 0.000000
0.122 0.123 0.000000
0.123 0.124 0.000000
0.124 0.125 0.000000
0.125 0.126 0.000000
0.126 0.127 0.000000
0.127 0.128 0.000000
0.128 0.129 0.000000
0.129 0.130 0.000000
0.130 0.131 0.000000
0.131 0.132 0.000000
0.132 0.133 0.000000
0.133 0.134 0.000000
0.134 0.135 0.000000
0.135 0.136 0.000000
0.136 0.137 0.000000
0.137 0.138 0.000000
0.138 0.139 0.000000
0.139 0.140 0.000000
0.140 0.141 0.000000
0.141 0.142 0.000000
0.142 0.143 0.000000
0.143 0.144 0.000000
0.144 0.145 0.000000
0.145 0.146 0.000000
0.146 0.147 0.000000
0.147 0.148 0.000000
0.148 0.149 0.000000
0.149 0.150 0.000000
