1
0.000 0.001 0.000000
0.001 0.002 0.000000
0.002 0.003 0.000000
0.003 0.004 0.000000
0.004 0.005 0.000000
0.005 0.006 0.000000
0.006 0.007 0.000000
0.007 0.008 0.000000
0.008 0.009 0.000000
0.009 0.010 0.000000
0.010 0.011 0.000000
0.011 0.012 0.000000
0.012 0.013 0.000000
0.013 0.014 0.000000
0.014 0.015 0.000000
0.015 0.016 0.000000
0.016 0.017 0.000000
0.017 0.018 0.000000
0.018 0.019 0.000005
0.019 0.020 0.000029
0.020 0.021 0.000133
0.021 0.022 0.000478
0.022 0.023 0.001399
0.023 0.024 0.003458
0.024 0.025 0.007461
0.025 0.026 0.014361
0.026 0.027 0.025064
0.027 0.028 0.040522
0.028 0.029 0.061464
0.029 0.030 0.087726
0.030 0.031 0.120043
0.031 0.032 0.157086
0.032 0.033 0.199273
0.033 0.034 0.244621
0.034 0.035 0.292018
0.035 0.036 0.340956
0.036 0.037 0.389288
0.037 0.038 0.436328
0.038 0.039 0.482223
0.039 0.040 0.526583
0.040 0.041 0.565492
0.041 0.042 0.601738
0.042 0.043 0.633385
0.043 0.044 0.658566
0.044 0.045 0.686482
0.045 0.046 0.706603
0.046 0.047 0.725914
0.047 0.048 0.739845
0.048 0.049 0.747327
0.049 0.050 0.752177
0.050 0.051 0.756058
0.051 0.052 0.756715
0.052 0.053 0.749806
0.053 0.054 0.741389
0.054 0.055 0.731656
0.055 0.056 0.716608
0.056 0.057 0.696159
0.057 0.058 0.796683
0.058 0.059 1.000000
0.059 0.060 0.875122
0.060 0.061 0.649722
0.061 0.062 0.629434
0.062 0.063 0.594856
0.063 0.064 0.570758
0.064 0.065 0.547495
0.065 0.066 0.523294
0.066 0.067 0.591000
0.067 0.068 0.567293
0.068 0.069 0.470555
0.069 0.070 0.424035
0.070 0.071 0.369024
0.071 0.072 0.352720
0.072 0.073 0.330517
0.073 0.074 0.311316
0.074 0.075 0.291335
0.075 0.076 0.269646
0.076 0.077 0.248425
0.077 0.078 0.223890
0.078 0.079 0.209835
0.079 0.080 0.195762
0.080 0.081 0.178833
0.081 0.082 0.159056
0.082 0.083 0.141746
0.083 0.084 0.126014
0.084 0.085 0.106376
0.085 0.086 0.095190
0.086 0.087 0.082153
0.087 0.088 0.069438
0.088 0.089 0.054832
0.089 0.090 0.042372
0.090 0.091 0.030062
0.091 0.092 0.022959
0.092 0.093 0.015879
0.093 0.094 0.006078
0.094 0.095 0.003651
0.095 0.096 0.000000
0.096 0.097 0.000000
0.097 0.098 0.000000
0.098 0.099 0.000000
0.099 0.100 0.000000
0.100 0.101 0.000000
0.101 0.102 0.000000
0.102 0.103 0.000000
0.103 0.104 0.000000
0.104 0.105 0.000000
0.105 0.106 0.000000
0.106 0.107 0.000000
0.107 0.108 0.000000
0.108 0.109 0.000000
0.109 0.110 0.000000
0.110 0.111 0.000000
0.111 0.112 0.000000
0.112 0.113 0.000000
0.113 0.114 0.000000
0.114 0.115 0.000000
0.115 0.116 0.000000
0.116 0.117 0.000000
0.117 0.118 0.000000
0.118 0.119 0.000000
0.119 0.120 0.000000
0.120 0.121 0.000000
0.121 0.122 0.000000
0.122 0.123 0.000000
0.123 0.124 0.000000
0.124 0.125 0.000000
0.125 0.126 0.000000
0.126 0.127 0.000000
0.127 0.128 0.000000
0.128 0.129 0.000000
0.129 0.130 0.000000
0.130 0.131 0.000000
0.131 0.132 0.000000
0.132 0.133 0.000000
0.133 0.134 0.000000
0.134 0.135 0.000000
0.135 0.136 0.000000
0.136 0.137 0.000000
0.137 0.138 0.000000
0.138 0.139 0.000000
0.139 0.140 0.000000
0.140 0.141 0.000000
0.141 0.142 0.000000
0.142 0.143 0.000000
0.143 0.144 0.000000
0.144 0.145 0.000000
0.145 0.146 0.000000
0.146 0.147 0.000000
0.147 0.148 0.000000
0.148 0.149 0.000000
0.149 0.150 0.000000
