1
0.000 0.001 0.000000
0.001 0.002 0.000000
0.002 0.003 0.000000
0.003 0.004 0.000000
0.004 0.005 0.000000
0.005 0.006 0.000000
0.006 0.007 0.000000
0.007 0.008 0.000000
0.008 0.009 0.000000
0.009 0.010 0.000000
0.010 0.011 0.000000
0.011 0.012 0.000000
0.012 0.013 0.000000
0.013 0.014 0.000000
0.014 0.015 0.000000
0.015 0.016 0.000000
0.016 0.017 0.000000
0.017 0.018 0.000000
0.018 0.019 0.000000
0.019 0.020 0.000000
0.020 0.021 0.000003
0.021 0.022 0.000015
0.022 0.023 0.000066
0.023 0.024 0.000228
0.024 0.025 0.000662
0.025 0.026 0.001643
0.026 0.027 0.003586
0.027 0.028 0.007062
0.028 0.029 0.012736
0.029 0.030 0.021250
0.030 0.031 0.033215
0.031 0.032 0.048866
0.032 0.033 0.068920
0.033 0.034 0.093094
0.034 0.035 0.120920
0.035 0.036 0.152612
0.036 0.037 0.186774
0.037 0.038 0.223439
0.038 0.039 0.262573
0.039 0.040 0.303155
0.040 0.041 0.342849
0.041 0.042 0.382831
0.042 0.043 0.422015
0.043 0.044 0.459552
0.044 0.045 0.496146
0.045 0.046 0.526852
0.046 0.047 0.557275
0.047 0.048 0.584299
0.048 0.049 0.606656
0.049 0.050 0.626390
0.050 0.051 0.645135
0.051 0.052 0.662542
0.052 0.053 0.671540
0.053 0.054 0.678886
0.054 0.055 0.686441
0.055 0.056 0.686593
0.056 0.057 0.681661
0.057 0.058 0.788563
0.058 0.059 1.000000
0.059 0.060 0.888261
0.060 0.061 0.670747
0.061 0.062 0.656498
0.062 0.063 0.628516
0.063 0.064 0.611123
0.064 0.065 0.592600
0.065 0.066 0.570959
0.066 0.067 0.646905
0.067 0.068 0.630277
0.068 0.069 0.524423
0.069 0.070 0.471434
0.070 0.071 0.412301
0.071 0.072 0.393142
0.072 0.073 0.366796
0.073 0.074 0.341608
0.074 0.075 0.320083
0.075 0.076 0.297177
0.076 0.077 0.272970
0.077 0.078 0.252772
0.078 0.079 0.233834
0.079 0.080 0.215462
0.080 0.081 0.192474
0.081 0.082 0.170592
0.082 0.083 0.151570
0.083 0.084 0.132842
0.084 0.085 0.117404
0.085 0.086 0.101892
0.086 0.087 0.082516
0.087 0.088 0.068400
0.088 0.089 0.052257
0.089 0.090 0.037294
0.090 0.091 0.029244
0.091 0.092 0.017349
0.092 0.093 0.008380
0.093 0.094 0.002286
0.094 0.095 0.000000
0.095 0.096 0.000000
0.096 0.097 0.000000
0.097 0.098 0.000000
0.098 0.099 0.000000
0.099 0.100 0.000000
0.100 0.101 0.000000
0.101 0.102 0.000000
0.102 0.103 0.000000
0.103 0.104 0.000000
0.104 0.105 0.000000
0.105 0.106 0.000000
0.106 0.107 0.000000
0.107 0.108 0.000000
0.108 0.109 0.000000
0.109 0.110 0.000000
0.110 0.111 0.000000
0.111 0.112 0.000000
0.112 0.113 0.000000
0.113 0.114 0.000000
0.114 0.115 0.000000
0.115 0.116 0.000000
0.116 0.117 0.000000
0.117 0.118 0.000000
0.118 0.119 0.000000
0.119 0.120 0.000000
0.120 0.121 0.000000
0.121 0.122 0.000000
0.122 0.123 0.000000
0.123 0.124 0.000000
0.124 0.125 0.000000
0.125 0.126 0.000000
0.126 0.127 0.000000
0.127 0.128 0.000000
0.128 0.129 0.000000
0.129 0.130 0.000000
0.130 0.131 0.000000
0.131 0.132 0.000000
0.132 0.133 0.000000
0.133 0.134 0.000000
0.134 0.135 0.000000
0.135 0.136 0.000000
0.136 0.137 0.000000
0.137 0.138 0.000000
0.138 0.139 0.000000
0.139 0.140 0.000000
0.140 0.141 0.000000
0.141 0.142 0.000000
0.142 0.143 0.000000
0.143 0.144 0.000000
0.144 0.145 0.000000
0.145 0.146 0.000000
0.146 0.147 0.000000
0.147 0.148 0.000000
0.148 0.149 0.000000
0.149 0.150 0.000000
