1
0.000 0.001 0.000000
0.001 0.002 0.000000
0.002 0.003 0.000000
0.003 0.004 0.000000
0.004 0.005 0.000000
0.005 0.006 0.000000
0.006 0.007 0.000000
0.007 0.008 0.000000
0.008 0.009 0.000000
0.009 0.010 0.000000
0.010 0.011 0.000000
0.011 0.012 0.000006
0.012 0.013 0.000079
0.013 0.014 0.000579
0.014 0.015 0.002659
0.015 0.016 0.008666
0.016 0.017 0.021938
0.017 0.018 0.045889
0.018 0.019 0.082793
0.019 0.020 0.133266
0.020 0.021 0.196667
0.021 0.022 0.269740
0.022 0.023 0.349094
0.023 0.024 0.429880
0.024 0.025 0.514536
0.025 0.026 0.596518
0.026 0.027 0.673106
0.027 0.028 0.744000
0.028 0.029 0.807203
0.029 0.030 0.859682
0.030 0.031 0.904372
0.031 0.032 0.939125
0.032 0.033 0.967107
0.033 0.034 0.984422
0.034 0.035 0.994531
0.035 0.036 1.000000
0.036 0.037 0.991885
0.037 0.038 0.989698
0.038 0.039 0.985061
0.039 0.040 0.976664
0.040 0.041 0.962263
0.041 0.042 0.945634
0.042 0.043 0.927114
0.043 0.044 0.907907
0.044 0.045 0.885556
0.045 0.046 0.855948
0.046 0.047 0.829645
0.047 0.048 0.802038
0.048 0.049 0.769437
0.049 0.050 0.743224
0.050 0.051 0.718874
0.051 0.052 0.696679
0.052 0.053 0.669572
0.053 0.054 0.642691
0.054 0.055 0.617116
0.055 0.056 0.589131
0.056 0.057 0.560228
0.057 0.058 0.616886
0.058 0.059 0.745462
0.059 0.060 0.637105
0.060 0.061 0.469244
0.061 0.062 0.446622
0.062 0.063 0.415762
0.063 0.064 0.393540
0.064 0.065 0.372240
0.065 0.066 0.350582
0.066 0.067 0.388083
0.067 0.068 0.370171
0.068 0.069 0.301646
0.069 0.070 0.264197
0.070 0.071 0.227837
0.071 0.072 0.215722
0.072 0.073 0.200223
0.073 0.074 0.186352
0.074 0.075 0.172403
0.075 0.076 0.158212
0.076 0.077 0.144658
0.077 0.078 0.130663
0.078 0.079 0.116333
0.079 0.080 0.107217
0.080 0.081 0.096707
0.081 0.082 0.084648
0.082 0.083 0.074308
0.083 0.084 0.065159
0.084 0.085 0.053695
0.085 0.086 0.046980
0.086 0.087 0.039330
0.087 0.088 0.031932
0.088 0.089 0.023806
0.089 0.090 0.015761
0.090 0.091 0.012605
0.091 0.092 0.008642
0.092 0.093 0.003320
0.093 0.094 0.001994
0.094 0.095 0.000000
0.095 0.096 0.000000
0.096 0.097 0.000000
0.097 0.098 0.000000
0.098 0.099 0.000000
0.099 0.100 0.000000
0.100 0.101 0.000000
0.101 0.102 0.000000
0.102 0.103 0.000000
0.103 0.104 0.000000
0.104 0.105 0.000000
0.105 0.106 0.000000
0.106 0.107 0.000000
0.107 0.108 0.000000
0.108 0.109 0.000000
0.109 0.110 0.000000
0.110 0.111 0.000000
0.111 0.112 0.000000
0.112 0.113 0.000000
0.113 0.114 0.000000
0.114 0.115 0.000000
0.115 0.116 0.000000
0.116 0.117 0.000000
0.117 0.118 0.000000
0.118 0.119 0.000000
0.119 0.120 0.000000
0.120 0.121 0.000000
0.121 0.122 0.000000
0.122 0.123 0.000000
0.123 0.124 0.000000
0.124 0.125 0.000000
0.125 0.126 0.000000
0.126 0.127 0.000000
0.127 0.128 0.000000
0.128 0.129 0.000000
0.129 0.130 0.000000
0.130 0.131 0.000000
0.131 0.132 0.000000
0.132 0.133 0.000000
0.133 0.134 0.000000
0.134 0.135 0.000000
0.135 0.136 0.000000
0.136 0.137 0.000000
0.137 0.138 0.000000
0.138 0.139 0.000000
0.139 0.140 0.000000
0.140 0.141 0.000000
0.141 0.142 0.000000
0.142 0.143 0.000000
0.143 0.144 0.000000
0.144 0.145 0.000000
0.145 0.146 0.000000
0.146 0.147 0.000000
0.147 0.148 0.000000
0.148 0.149 0.000000
0.149 0.150 0.000000
