1
0.000 0.001 0.000000
0.001 0.002 0.000000
0.002 0.003 0.000000
0.003 0.004 0.000000
0.004 0.005 0.000000
0.005 0.006 0.000000
0.006 0.007 0.000000
0.007 0.008 0.000000
0.008 0.009 0.000000
0.009 0.010 0.000000
0.010 0.011 0.000000
0.011 0.012 0.000000
0.012 0.013 0.000000
0.013 0.014 0.000000
0.014 0.015 0.000000
0.015 0.016 0.000000
0.016 0.017 0.000000
0.017 0.018 0.000002
0.018 0.019 0.000013
0.019 0.020 0.000065
0.020 0.021 0.000245
0.021 0.022 0.000735
0.022 0.023 0.001844
0.023 0.024 0.004011
0.024 0.025 0.007753
0.025 0.026 0.013574
0.026 0.027 0.021935
0.027 0.028 0.033225
0.028 0.029 0.047561
0.029 0.030 0.064647
0.030 0.031 0.084406
0.031 0.032 0.106418
0.032 0.033 0.130327
0.033 0.034 0.155573
0.034 0.035 0.181307
0.035 0.036 0.207104
0.036 0.037 0.232867
0.037 0.038 0.258643
0.038 0.039 0.282517
0.039 0.040 0.305018
0.040 0.041 0.326250
0.041 0.042 0.345869
0.042 0.043 0.364226
0.043 0.044 0.379981
0.044 0.045 0.394925
0.045 0.046 0.406719
0.046 0.047 0.416830
0.047 0.048 0.427600
0.048 0.049 0.435334
0.049 0.050 0.439526
0.050 0.051 0.444076
0.051 0.052 0.448855
0.052 0.053 0.450198
0.053 0.054 0.450265
0.054 0.055 0.449788
0.055 0.056 0.449447
0.056 0.057 0.448828
0.057 0.058 0.637930
0.058 0.059 1.000000
0.059 0.060 0.804128
0.060 0.061 0.445547
0.061 0.062 0.440281
0.062 0.063 0.415001
0.063 0.064 0.408041
0.064 0.065 0.400116
0.065 0.066 0.391680
0.066 0.067 0.532665
0.067 0.068 0.526621
0.068 0.069 0.400873
0.069 0.070 0.359967
0.070 0.071 0.289034
0.071 0.072 0.283350
0.072 0.073 0.275496
0.073 0.074 0.269617
0.074 0.075 0.264256
0.075 0.076 0.257912
0.076 0.077 0.249151
0.077 0.078 0.243654
0.078 0.079 0.239293
0.079 0.080 0.234515
0.080 0.081 0.228950
0.081 0.082 0.221823
0.082 0.083 0.214657
0.083 0.084 0.207892
0.084 0.085 0.201980
0.085 0.086 0.196405
0.086 0.087 0.190373
0.087 0.088 0.185045
0.088 0.089 0.179567
0.089 0.090 0.173036
0.090 0.091 0.167182
0.091 0.092 0.159512
0.092 0.093 0.153648
0.093 0.094 0.150026
0.094 0.095 0.144306
0.095 0.096 0.138981
0.096 0.097 0.133611
0.097 0.098 0.126334
0.098 0.099 0.120778
0.099 0.100 0.116584
0.100 0.101 0.112741
0.101 0.102 0.108157
0.102 0.103 0.103086
0.103 0.104 0.099025
0.104 0.105 0.094555
0.105 0.106 0.089203
0.106 0.107 0.084562
0.107 0.108 0.078732
0.108 0.109 0.075121
0.109 0.110 0.071759
0.110 0.111 0.068017
0.111 0.112 0.064511
0.112 0.113 0.059756
0.113 0.114 0.055330
0.114 0.115 0.051843
0.115 0.116 0.047831
0.116 0.117 0.044457
0.117 0.118 0.041528
0.118 0.119 0.037696
0.119 0.120 0.034847
0.120 0.121 0.033146
0.121 0.122 0.030458
0.122 0.123 0.027773
0.123 0.124 0.024584
0.124 0.125 0.021937
0.125 0.126 0.019267
0.126 0.127 0.017195
0.127 0.128 0.014644
0.128 0.129 0.012398
0.129 0.130 0.009853
0.130 0.131 0.008056
0.131 0.132 0.006965
0.132 0.133 0.005482
0.133 0.134 0.003455
0.134 0.135 0.002477
0.135 0.136 0.001574
0.136 0.137 0.000428
0.137 0.138 0.000000
0.138 0.139 0.000000
0.139 0.140 0.000000
0.140 0.141 0.000000
0.141 0.142 0.000000
0.142 0.143 0.000000
0.143 0.144 0.000000
0.144 0.145 0.000000
0.145 0.146 0.000000
0.146 0.147 0.000000
0.147 0.148 0.000000
0.148 0.149 0.000000
0.149 0.150 0.000000
