1
0.000 0.001 0.000000
0.001 0.002 0.000000
0.002 0.003 0.000000
0.003 0.004 0.000000
0.004 0.005 0.000000
0.005 0.006 0.000000
0.006 0.007 0.000000
0.007 0.008 0.000000
0.008 0.009 0.000000
0.009 0.010 0.000000
0.010 0.011 0.000000
0.011 0.012 0.000000
0.012 0.013 0.000000
0.013 0.014 0.000000
0.014 0.015 0.000000
0.015 0.016 0.000000
0.016 0.017 0.000000
0.017 0.018 0.000000
0.018 0.019 0.000000
0.019 0.020 0.000000
0.020 0.021 0.000001
0.021 0.022 0.000005
0.022 0.023 0.000027
0.023 0.024 0.000106
0.024 0.025 0.000346
0.025 0.026 0.000948
0.026 0.027 0.002244
0.027 0.028 0.004733
0.028 0.029 0.009059
0.029 0.030 0.015848
0.030 0.031 0.025809
0.031 0.032 0.039475
0.032 0.033 0.057399
0.033 0.034 0.079578
0.034 0.035 0.105859
0.035 0.036 0.136358
0.036 0.037 0.169939
0.037 0.038 0.206032
0.038 0.039 0.244900
0.039 0.040 0.285755
0.040 0.041 0.325835
0.041 0.042 0.365759
0.042 0.043 0.405566
0.043 0.044 0.443841
0.044 0.045 0.479666
0.045 0.046 0.511388
0.046 0.047 0.541487
0.047 0.048 0.569708
0.048 0.049 0.593241
0.049 0.050 0.610332
0.050 0.051 0.626793
0.051 0.052 0.643489
0.052 0.053 0.650318
0.053 0.054 0.658692
0.054 0.055 0.664950
0.055 0.056 0.665853
0.056 0.057 0.663414
0.057 0.058 0.777045
0.058 0.059 1.000000
0.059 0.060 0.878402
0.060 0.061 0.643392
0.061 0.062 0.632815
0.062 0.063 0.606683
0.063 0.064 0.590379
0.064 0.065 0.574341
0.065 0.066 0.556882
0.066 0.067 0.643313
0.067 0.068 0.628488
0.068 0.069 0.516794
0.069 0.070 0.469567
0.070 0.071 0.410058
0.071 0.072 0.394654
0.072 0.073 0.372720
0.073 0.074 0.355450
0.074 0.075 0.336751
0.075 0.076 0.312091
0.076 0.077 0.293858
0.077 0.078 0.275967
0.078 0.079 0.260468
0.079 0.080 0.244609
0.080 0.081 0.225378
0.081 0.082 0.200502
0.082 0.083 0.183823
0.083 0.084 0.168087
0.084 0.085 0.152058
0.085 0.086 0.136447
0.086 0.087 0.116535
0.087 0.088 0.103414
0.088 0.089 0.087969
0.089 0.090 0.074331
0.090 0.091 0.062709
0.091 0.092 0.047289
0.092 0.093 0.038138
0.093 0.094 0.028584
0.094 0.095 0.016786
0.095 0.096 0.011146
0.096 0.097 0.002986
0.097 0.098 0.000000
0.098 0.099 0.000000
0.099 0.100 0.000000
0.100 0.101 0.000000
0.101 0.102 0.000000
0.102 0.103 0.000000
0.103 0.104 0.000000
0.104 0.105 0.000000
0.105 0.106 0.000000
0.106 0.107 0.000000
0.107 0.108 0.000000
0.108 0.109 0.000000
0.109 0.110 0.000000
0.110 0.111 0.000000
0.111 0.112 0.000000
0.112 0.113 0.000000
0.113 0.114 0.000000
0.114 0.115 0.000000
0.115 0.116 0.000000
0.116 0.117 0.000000
0.117 0.118 0.000000
0.118 0.119 0.000000
0.119 0.120 0.000000
0.120 0.121 0.000000
0.121 0.122 0.000000
0.122 0.123 0.000000
0.123 0.124 0.000000
0.124 0.125 0.000000
0.125 0.126 0.000000
0.126 0.127 0.000000
0.127 0.128 0.000000
0.128 0.129 0.000000
0.129 0.130 0.000000
0.130 0.131 0.000000
0.131 0.132 0.000000
0.132 0.133 0.000000
0.133 0.134 0.000000
0.134 0.135 0.000000
0.135 0.136 0.000000
0.136 0.137 0.000000
0.137 0.138 0.000000
0.138 0.139 0.000000
0.139 0.140 0.000000
0.140 0.141 0.000000
0.141 0.142 0.000000
0.142 0.143 0.000000
0.143 0.144 0.000000
0.144 0.145 0.000000
0.145 0.146 0.000000
0.146 0.147 0.000000
0.147 0.148 0.000000
0.148 0.149 0.000000
0.149 0.150 0.000000
