1
0.000 0.001 0.000000
0.001 0.002 0.000000
0.002 0.003 0.000000
0.003 0.004 0.000000
0.004 0.005 0.000000
0.005 0.006 0.000000
0.006 0.007 0.000000
0.007 0.008 0.000000
0.008 0.009 0.000000
0.009 0.010 0.000000
0.010 0.011 0.000000
0.011 0.012 0.000000
0.012 0.013 0.000000
0.013 0.014 0.000000
0.014 0.015 0.000000
0.015 0.016 0.000000
0.016 0.017 0.000000
0.017 0.018 0.000000
0.018 0.019 0.000000
0.019 0.020 0.000000
0.020 0.021 0.000001
0.021 0.022 0.000007
0.022 0.023 0.000032
0.023 0.024 0.000116
0.024 0.025 0.000352
0.025 0.026 0.000911
0.026 0.027 0.002055
0.027 0.028 0.004172
0.028 0.029 0.007735
0.029 0.030 0.013174
0.030 0.031 0.020942
0.031 0.032 0.031429
0.032 0.033 0.045057
0.033 0.034 0.061710
0.034 0.035 0.081323
0.035 0.036 0.104165
0.036 0.037 0.129244
0.037 0.038 0.155556
0.038 0.039 0.184069
0.039 0.040 0.214664
0.040 0.041 0.244767
0.041 0.042 0.274895
0.042 0.043 0.305701
0.043 0.044 0.335094
0.044 0.045 0.364098
0.045 0.046 0.391197
0.046 0.047 0.415656
0.047 0.048 0.439491
0.048 0.049 0.461991
0.049 0.050 0.479390
0.050 0.051 0.496334
0.051 0.052 0.514476
0.052 0.053 0.528426
0.053 0.054 0.538658
0.054 0.055 0.547060
0.055 0.056 0.554906
0.056 0.057 0.562041
0.057 0.058 0.712507
0.058 0.059 1.000000
0.059 0.060 0.855062
0.060 0.061 0.574114
0.061 0.062 0.570423
0.062 0.063 0.549689
0.063 0.064 0.540828
0.064 0.065 0.532966
0.065 0.066 0.526638
0.066 0.067 0.646943
0.067 0.068 0.640850
0.068 0.069 0.523710
0.069 0.070 0.478249
0.070 0.071 0.412133
0.071 0.072 0.401871
0.072 0.073 0.386958
0.073 0.074 0.379273
0.074 0.075 0.369707
0.075 0.076 0.354176
0.076 0.077 0.337037
0.077 0.078 0.322593
0.078 0.079 0.312848
0.079 0.080 0.301250
0.080 0.081 0.285431
0.081 0.082 0.266775
0.082 0.083 0.249062
0.083 0.084 0.230418
0.084 0.085 0.214792
0.085 0.086 0.200493
0.086 0.087 0.183071
0.087 0.088 0.169708
0.088 0.089 0.155320
0.089 0.090 0.139122
0.090 0.091 0.124213
0.091 0.092 0.110039
0.092 0.093 0.096601
0.093 0.094 0.086399
0.094 0.095 0.075008
0.095 0.096 0.063197
0.096 0.097 0.052149
0.097 0.098 0.039705
0.098 0.099 0.029137
0.099 0.100 0.020635
0.100 0.101 0.017199
0.101 0.102 0.010336
0.102 0.103 0.004761
0.103 0.104 0.001248
0.104 0.105 0.000000
0.105 0.106 0.000000
0.106 0.107 0.000000
0.107 0.108 0.000000
0.108 0.109 0.000000
0.109 0.110 0.000000
0.110 0.111 0.000000
0.111 0.112 0.000000
0.112 0.113 0.000000
0.113 0.114 0.000000
0.114 0.115 0.000000
0.115 0.116 0.000000
0.116 0.117 0.000000
0.117 0.118 0.000000
0.118 0.119 0.000000
0.119 0.120 0.000000
0.120 0.121 0.000000
0.121 0.122 0.000000
0.122 0.123 0.000000
0.123 0.124 0.000000
0.124 0.125 0.000000
0.125 0.126 0.000000
0.126 0.127 0.000000
0.127 0.128 0.000000
0.128 0.129 0.000000
0.129 0.130 0.000000
0.130 0.131 0.000000
0.131 0.132 0.000000
0.132 0.133 0.000000
0.133 0.134 0.000000
0.134 0.135 0.000000
0.135 0.136 0.000000
0.136 0.137 0.000000
0.137 0.138 0.000000
0.138 0.139 0.000000
0.139 0.140 0.000000
0.140 0.141 0.000000
0.141 0.142 0.000000
0.142 0.143 0.000000
0.143 0.144 0.000000
0.144 0.145 0.000000
0.145 0.146 0.000000
0.146 0.147 0.000000
0.147 0.148 0.000000
0.148 0.149 0.000000
0.149 0.150 0.000000
