1
0.000 0.001 0.000000
0.001 0.002 0.000000
0.002 0.003 0.000000
0.003 0.004 0.000000
0.004 0.005 0.000000
0.005 0.006 0.000000
0.006 0.007 0.000000
0.007 0.008 0.000000
0.008 0.009 0.000000
0.009 0.010 0.000000
0.010 0.011 0.000000
0.011 0.012 0.000000
0.012 0.013 0.000000
0.013 0.014 0.000000
0.014 0.015 0.000000
0.015 0.016 0.000000
0.016 0.017 0.000000
0.017 0.018 0.000000
0.018 0.019 0.000000
0.019 0.020 0.000000
0.020 0.021 0.000002
0.021 0.022 0.000012
0.022 0.023 0.000052
0.023 0.024 0.000176
0.024 0.025 0.000502
0.025 0.026 0.001232
0.026 0.027 0.002658
0.027 0.028 0.005190
0.028 0.029 0.009296
0.029 0.030 0.015372
0.030 0.031 0.023866
0.031 0.032 0.035042
0.032 0.033 0.049152
0.033 0.034 0.066165
0.034 0.035 0.085991
0.035 0.036 0.108520
0.036 0.037 0.133195
0.037 0.038 0.159257
0.038 0.039 0.186317
0.039 0.040 0.214658
0.040 0.041 0.243278
0.041 0.042 0.271575
0.042 0.043 0.300078
0.043 0.044 0.326914
0.044 0.045 0.353455
0.045 0.046 0.378046
0.046 0.047 0.399376
0.047 0.048 0.421017
0.048 0.049 0.441600
0.049 0.050 0.457400
0.050 0.051 0.471314
0.051 0.052 0.486212
0.052 0.053 0.499528
0.053 0.054 0.508932
0.054 0.055 0.515661
0.055 0.056 0.522292
0.056 0.057 0.528460
0.057 0.058 0.690231
0.058 0.059 1.000000
0.059 0.060 0.841793
0.060 0.061 0.537591
0.061 0.062 0.534523
0.062 0.063 0.514822
0.063 0.064 0.506768
0.064 0.065 0.498089
0.065 0.066 0.491319
0.066 0.067 0.619804
0.067 0.068 0.613435
0.068 0.069 0.491946
0.069 0.070 0.447020
0.070 0.071 0.377223
0.071 0.072 0.366026
0.072 0.073 0.353083
0.073 0.074 0.347411
0.074 0.075 0.339784
0.075 0.076 0.327962
0.076 0.077 0.313505
0.077 0.078 0.300926
0.078 0.079 0.292291
0.079 0.080 0.284462
0.080 0.081 0.272826
0.081 0.082 0.259385
0.082 0.083 0.247122
0.083 0.084 0.234630
0.084 0.085 0.222369
0.085 0.086 0.214144
0.086 0.087 0.203394
0.087 0.088 0.195102
0.088 0.089 0.186378
0.089 0.090 0.174665
0.090 0.091 0.161014
0.091 0.092 0.148840
0.092 0.093 0.140194
0.093 0.094 0.134069
0.094 0.095 0.124772
0.095 0.096 0.115873
0.096 0.097 0.104329
0.097 0.098 0.093950
0.098 0.099 0.082638
0.099 0.100 0.074689
0.100 0.101 0.070516
0.101 0.102 0.062503
0.102 0.103 0.054270
0.103 0.104 0.047641
0.104 0.105 0.042711
0.105 0.106 0.035831
0.106 0.107 0.030912
0.107 0.108 0.025146
0.108 0.109 0.019913
0.109 0.110 0.013700
0.110 0.111 0.009963
0.111 0.112 0.006025
0.112 0.113 0.003853
0.113 0.114 0.001071
0.114 0.115 0.000000
0.115 0.116 0.000000
0.116 0.117 0.000000
0.117 0.118 0.000000
0.118 0.119 0.000000
0.119 0.120 0.000000
0.120 0.121 0.000000
0.121 0.122 0.000000
0.122 0.123 0.000000
0.123 0.124 0.000000
0.124 0.125 0.000000
0.125 0.126 0.000000
0.126 0.127 0.000000
0.127 0.128 0.000000
0.128 0.129 0.000000
0.129 0.130 0.000000
0.130 0.131 0.000000
0.131 0.132 0.000000
0.132 0.133 0.000000
0.133 0.134 0.000000
0.134 0.135 0.000000
0.135 0.136 0.000000
0.136 0.137 0.000000
0.137 0.138 0.000000
0.138 0.139 0.000000
0.139 0.140 0.000000
0.140 0.141 0.000000
0.141 0.142 0.000000
0.142 0.143 0.000000
0.143 0.144 0.000000
0.144 0.145 0.000000
0.145 0.146 0.000000
0.146 0.147 0.000000
0.147 0.148 0.000000
0.148 0.149 0.000000
0.149 0.150 0.000000
