1
0.000 0.001 0.000000
0.001 0.002 0.000000
0.002 0.003 0.000000
0.003 0.004 0.000000
0.004 0.005 0.000000
0.005 0.006 0.000000
0.006 0.007 0.000000
0.007 0.008 0.000000
0.008 0.009 0.000000
0.009 0.010 0.000000
0.010 0.011 0.000000
0.011 0.012 0.000000
0.012 0.013 0.000000
0.013 0.014 0.000001
0.014 0.015 0.000012
0.015 0.016 0.000085
0.016 0.017 0.000401
0.017 0.018 0.001384
0.018 0.019 0.003762
0.019 0.020 0.008502
0.020 0.021 0.016669
0.021 0.022 0.029048
0.022 0.023 0.046071
0.023 0.024 0.067921
0.024 0.025 0.094186
0.025 0.026 0.124002
0.026 0.027 0.156578
0.027 0.028 0.191399
0.028 0.029 0.227175
0.029 0.030 0.262251
0.030 0.031 0.296619
0.031 0.032 0.329259
0.032 0.033 0.359926
0.033 0.034 0.388287
0.034 0.035 0.413606
0.035 0.036 0.436214
0.036 0.037 0.456471
0.037 0.038 0.474598
0.038 0.039 0.488475
0.039 0.040 0.499720
0.040 0.041 0.509041
0.041 0.042 0.516468
0.042 0.043 0.522100
0.043 0.044 0.524851
0.044 0.045 0.527640
0.045 0.046 0.526977
0.046 0.047 0.524277
0.047 0.048 0.523677
0.048 0.049 0.520869
0.049 0.050 0.514404
0.050 0.051 0.508888
0.051 0.052 0.504611
0.052 0.053 0.497592
0.053 0.054 0.489469
0.054 0.055 0.481473
0.055 0.056 0.474564
0.056 0.057 0.467493
0.057 0.058 0.650333
0.058 0.059 1.000000
0.059 0.060 0.797827
0.060 0.061 0.443235
0.061 0.062 0.433770
0.062 0.063 0.405941
0.063 0.064 0.395754
0.064 0.065 0.384809
0.065 0.066 0.374463
0.066 0.067 0.500597
0.067 0.068 0.491145
0.068 0.069 0.373505
0.069 0.070 0.333352
0.070 0.071 0.266982
0.071 0.072 0.260381
0.072 0.073 0.251999
0.073 0.074 0.245733
0.074 0.075 0.239778
0.075 0.076 0.233081
0.076 0.077 0.224788
0.077 0.078 0.217890
0.078 0.079 0.212488
0.079 0.080 0.206644
0.080 0.081 0.199431
0.081 0.082 0.192402
0.082 0.083 0.185594
0.083 0.084 0.179196
0.084 0.085 0.173612
0.085 0.086 0.168428
0.086 0.087 0.162560
0.087 0.088 0.158115
0.088 0.089 0.152296
0.089 0.090 0.145417
0.090 0.091 0.138929
0.091 0.092 0.131845
0.092 0.093 0.126651
0.093 0.094 0.123631
0.094 0.095 0.118588
0.095 0.096 0.113827
0.096 0.097 0.108960
0.097 0.098 0.102834
0.098 0.099 0.097257
0.099 0.100 0.092517
0.100 0.101 0.089055
0.101 0.102 0.085162
0.102 0.103 0.080619
0.103 0.104 0.077051
0.104 0.105 0.073370
0.105 0.106 0.068915
0.106 0.107 0.064991
0.107 0.108 0.060026
0.108 0.109 0.056855
0.109 0.110 0.053772
0.110 0.111 0.050546
0.111 0.112 0.047660
0.112 0.113 0.043730
0.113 0.114 0.040173
0.114 0.115 0.037216
0.115 0.116 0.033736
0.116 0.117 0.030988
0.117 0.118 0.028383
0.118 0.119 0.024911
0.119 0.120 0.022682
0.120 0.121 0.021443
0.121 0.122 0.018881
0.122 0.123 0.017181
0.123 0.124 0.015378
0.124 0.125 0.013180
0.125 0.126 0.010988
0.126 0.127 0.009265
0.127 0.128 0.006994
0.128 0.129 0.005685
0.129 0.130 0.004411
0.130 0.131 0.002750
0.131 0.132 0.002170
0.132 0.133 0.001433
0.133 0.134 0.000372
0.134 0.135 0.000000
0.135 0.136 0.000000
0.136 0.137 0.000000
0.137 0.138 0.000000
0.138 0.139 0.000000
0.139 0.140 0.000000
0.140 0.141 0.000000
0.141 0.142 0.000000
0.142 0.143 0.000000
0.143 0.144 0.000000
0.144 0.145 0.000000
0.145 0.146 0.000000
0.146 0.147 0.000000
0.147 0.148 0.000000
0.148 0.149 0.000000
0.149 0.150 0.000000
