1
0.000 0.001 0.000000
0.001 0.002 0.000000
0.002 0.003 0.000000
0.003 0.004 0.000000
0.004 0.005 0.000000
0.005 0.006 0.000000
0.006 0.007 0.000000
0.007 0.008 0.000000
0.008 0.009 0.000000
0.009 0.010 0.000000
0.010 0.011 0.000000
0.011 0.012 0.000000
0.012 0.013 0.000000
0.013 0.014 0.000000
0.014 0.015 0.000000
0.015 0.016 0.000001
0.016 0.017 0.000009
0.017 0.018 0.000054
0.018 0.019 0.000239
0.019 0.020 0.000816
0.020 0.021 0.002262
0.021 0.022 0.005300
0.022 0.023 0.010821
0.023 0.024 0.019730
0.024 0.025 0.032852
0.025 0.026 0.050643
0.026 0.027 0.072989
0.027 0.028 0.100205
0.028 0.029 0.131858
0.029 0.030 0.166183
0.030 0.031 0.202824
0.031 0.032 0.240339
0.032 0.033 0.279955
0.033 0.034 0.318770
0.034 0.035 0.356722
0.035 0.036 0.393705
0.036 0.037 0.428375
0.037 0.038 0.459074
0.038 0.039 0.486009
0.039 0.040 0.511104
0.040 0.041 0.532531
0.041 0.042 0.550184
0.042 0.043 0.566662
0.043 0.044 0.578674
0.044 0.045 0.588585
0.045 0.046 0.595027
0.046 0.047 0.594619
0.047 0.048 0.599108
0.048 0.049 0.602904
0.049 0.050 0.600628
0.050 0.051 0.596244
0.051 0.052 0.593952
0.052 0.053 0.590915
0.053 0.054 0.584059
0.054 0.055 0.574791
0.055 0.056 0.566274
0.056 0.057 0.557764
0.057 0.058 0.707673
0.058 0.059 1.000000
0.059 0.060 0.825136
0.060 0.061 0.514897
0.061 0.062 0.503968
0.062 0.063 0.477794
0.063 0.064 0.463488
0.064 0.065 0.449334
0.065 0.066 0.437577
0.066 0.067 0.546186
0.067 0.068 0.534282
0.068 0.069 0.422803
0.069 0.070 0.380101
0.070 0.071 0.317247
0.071 0.072 0.305111
0.072 0.073 0.290715
0.073 0.074 0.281581
0.074 0.075 0.274402
0.075 0.076 0.264169
0.076 0.077 0.252045
0.077 0.078 0.241786
0.078 0.079 0.235499
0.079 0.080 0.227856
0.080 0.081 0.217362
0.081 0.082 0.205574
0.082 0.083 0.194900
0.083 0.084 0.184218
0.084 0.085 0.174567
0.085 0.086 0.164812
0.086 0.087 0.156602
0.087 0.088 0.150417
0.088 0.089 0.143957
0.089 0.090 0.135205
0.090 0.091 0.125639
0.091 0.092 0.115389
0.092 0.093 0.107925
0.093 0.094 0.102466
0.094 0.095 0.094601
0.095 0.096 0.086081
0.096 0.097 0.079272
0.097 0.098 0.071445
0.098 0.099 0.062956
0.099 0.100 0.057036
0.100 0.101 0.053988
0.101 0.102 0.048703
0.102 0.103 0.041474
0.103 0.104 0.034693
0.104 0.105 0.031689
0.105 0.106 0.027925
0.106 0.107 0.023904
0.107 0.108 0.019242
0.108 0.109 0.015011
0.109 0.110 0.009805
0.110 0.111 0.007286
0.111 0.112 0.005146
0.112 0.113 0.001939
0.113 0.114 0.001189
0.114 0.115 0.000000
0.115 0.116 0.000000
0.116 0.117 0.000000
0.117 0.118 0.000000
0.118 0.119 0.000000
0.119 0.120 0.000000
0.120 0.121 0.000000
0.121 0.122 0.000000
0.122 0.123 0.000000
0.123 0.124 0.000000
0.124 0.125 0.000000
0.125 0.126 0.000000
0.126 0.127 0.000000
0.127 0.128 0.000000
0.128 0.129 0.000000
0.129 0.130 0.000000
0.130 0.131 0.000000
0.131 0.132 0.000000
0.132 0.133 0.000000
0.133 0.134 0.000000
0.134 0.135 0.000000
0.135 0.136 0.000000
0.136 0.137 0.000000
0.137 0.138 0.000000
0.138 0.139 0.000000
0.139 0.140 0.000000
0.140 0.141 0.000000
0.141 0.142 0.000000
0.142 0.143 0.000000
0.143 0.144 0.000000
0.144 0.145 0.000000
0.145 0.146 0.000000
0.146 0.147 0.000000
0.147 0.148 0.000000
0.148 0.149 0.000000
0.149 0.150 0.000000
