1
0.000 0.001 0.000000
0.001 0.002 0.000000
0.002 0.003 0.000000
0.003 0.004 0.000000
0.004 0.005 0.000000
0.005 0.006 0.000000
0.006 0.007 0.000000
0.007 0.008 0.000000
0.008 0.009 0.000000
0.009 0.010 0.000000
0.010 0.011 0.000000
0.011 0.012 0.000000
0.012 0.013 0.000000
0.013 0.014 0.000000
0.014 0.015 0.000000
0.015 0.016 0.000000
0.016 0.017 0.000000
0.017 0.018 0.000001
0.018 0.019 0.000006
0.019 0.020 0.000030
0.020 0.021 0.000121
0.021 0.022 0.000386
0.022 0.023 0.001030
0.023 0.024 0.002369
0.024 0.025 0.004824
0.025 0.026 0.008850
0.026 0.027 0.014897
0.027 0.028 0.023464
0.028 0.029 0.034833
0.029 0.030 0.048862
0.030 0.031 0.065733
0.031 0.032 0.085172
0.032 0.033 0.106780
0.033 0.034 0.130327
0.034 0.035 0.155371
0.035 0.036 0.180974
0.036 0.037 0.207349
0.037 0.038 0.233590
0.038 0.039 0.257973
0.039 0.040 0.282186
0.040 0.041 0.305639
0.041 0.042 0.326864
0.042 0.043 0.347927
0.043 0.044 0.366759
0.044 0.045 0.384565
0.045 0.046 0.400215
0.046 0.047 0.411955
0.047 0.048 0.425126
0.048 0.049 0.437512
0.049 0.050 0.444664
0.050 0.051 0.449955
0.051 0.052 0.456956
0.052 0.053 0.463468
0.053 0.054 0.465884
0.054 0.055 0.466600
0.055 0.056 0.469580
0.056 0.057 0.472113
0.057 0.058 0.653349
0.058 0.059 1.000000
0.059 0.060 0.814054
0.060 0.061 0.471262
0.061 0.062 0.467313
0.062 0.063 0.445080
0.063 0.064 0.437708
0.064 0.065 0.429491
0.065 0.066 0.424111
0.066 0.067 0.561964
0.067 0.068 0.556260
0.068 0.069 0.433617
0.069 0.070 0.391837
0.070 0.071 0.321907
0.071 0.072 0.314938
0.072 0.073 0.306485
0.073 0.074 0.303021
0.074 0.075 0.298176
0.075 0.076 0.291025
0.076 0.077 0.281241
0.077 0.078 0.273419
0.078 0.079 0.269867
0.079 0.080 0.264276
0.080 0.081 0.255453
0.081 0.082 0.245815
0.082 0.083 0.237223
0.083 0.084 0.228744
0.084 0.085 0.221343
0.085 0.086 0.214954
0.086 0.087 0.206188
0.087 0.088 0.200403
0.088 0.089 0.193811
0.089 0.090 0.184259
0.090 0.091 0.174690
0.091 0.092 0.162824
0.092 0.093 0.154801
0.093 0.094 0.150165
0.094 0.095 0.141562
0.095 0.096 0.133947
0.096 0.097 0.125367
0.097 0.098 0.115132
0.098 0.099 0.104821
0.099 0.100 0.097906
0.100 0.101 0.093171
0.101 0.102 0.086958
0.102 0.103 0.077865
0.103 0.104 0.071933
0.104 0.105 0.067352
0.105 0.106 0.061539
0.106 0.107 0.055190
0.107 0.108 0.049039
0.108 0.109 0.043694
0.109 0.110 0.037466
0.110 0.111 0.032916
0.111 0.112 0.029270
0.112 0.113 0.024611
0.113 0.114 0.020209
0.114 0.115 0.016878
0.115 0.116 0.012618
0.116 0.117 0.009956
0.117 0.118 0.007122
0.118 0.119 0.003591
0.119 0.120 0.001701
0.120 0.121 0.000564
0.121 0.122 0.000000
0.122 0.123 0.000000
0.123 0.124 0.000000
0.124 0.125 0.000000
0.125 0.126 0.000000
0.126 0.127 0.000000
0.127 0.128 0.000000
0.128 0.129 0.000000
0.129 0.130 0.000000
0.130 0.131 0.000000
0.131 0.132 0.000000
0.132 0.133 0.000000
0.133 0.134 0.000000
0.134 0.135 0.000000
0.135 0.136 0.000000
0.136 0.137 0.000000
0.137 0.138 0.000000
0.138 0.139 0.000000
0.139 0.140 0.000000
0.140 0.141 0.000000
0.141 0.142 0.000000
0.142 0.143 0.000000
0.143 0.144 0.000000
0.144 0.145 0.000000
0.145 0.146 0.000000
0.146 0.147 0.000000
0.147 0.148 0.000000
0.148 0.149 0.000000
0.149 0.150 0.000000
