1
0.000 0.001 0.000000
0.001 0.002 0.000000
0.002 0.003 0.000000
0.003 0.004 0.000000
0.004 0.005 0.000000
0.005 0.006 0.000000
0.006 0.007 0.000000
0.007 0.008 0.000000
0.008 0.009 0.000000
0.009 0.010 0.000000
0.010 0.011 0.000000
0.011 0.012 0.000000
0.012 0.013 0.000000
0.013 0.014 0.000000
0.014 0.015 0.000000
0.015 0.016 0.000000
0.016 0.017 0.000000
0.017 0.018 0.000000
0.018 0.019 0.000002
0.019 0.020 0.000018
0.020 0.021 0.000093
0.021 0.022 0.000372
0.022 0.023 0.001185
0.023 0.024 0.003151
0.024 0.025 0.007247
0.025 0.026 0.014698
0.026 0.027 0.026815
0.027 0.028 0.044966
0.028 0.029 0.070301
0.029 0.030 0.103213
0.030 0.031 0.143433
0.031 0.032 0.191796
0.032 0.033 0.246780
0.033 0.034 0.307006
0.034 0.035 0.370779
0.035 0.036 0.436938
0.036 0.037 0.502017
0.037 0.038 0.566786
0.038 0.039 0.629824
0.039 0.040 0.689056
0.040 0.041 0.742006
0.041 0.042 0.786354
0.042 0.043 0.834029
0.043 0.044 0.874526
0.044 0.045 0.911260
0.045 0.046 0.934609
0.046 0.047 0.952727
0.047 0.048 0.967678
0.048 0.049 0.972569
0.049 0.050 0.970415
0.050 0.051 0.965474
0.051 0.052 0.957776
0.052 0.053 0.936388
0.053 0.054 0.929953
0.054 0.055 0.916916
0.055 0.056 0.887016
0.056 0.057 0.854561
0.057 0.058 0.897568
0.058 0.059 1.000000
0.059 0.060 0.902177
0.060 0.061 0.736654
0.061 0.062 0.693546
0.062 0.063 0.661108
0.063 0.064 0.628283
0.064 0.065 0.592263
0.065 0.066 0.550124
0.066 0.067 0.565867
0.067 0.068 0.531138
0.068 0.069 0.441542
0.069 0.070 0.380394
0.070 0.071 0.333277
0.071 0.072 0.304510
0.072 0.073 0.267515
0.073 0.074 0.238532
0.074 0.075 0.208964
0.075 0.076 0.173069
0.076 0.077 0.152180
0.077 0.078 0.127232
0.078 0.079 0.100068
0.079 0.080 0.078247
0.080 0.081 0.053773
0.081 0.082 0.038288
0.082 0.083 0.024766
0.083 0.084 0.007168
0.084 0.085 0.000000
0.085 0.086 0.000000
0.086 0.087 0.000000
0.087 0.088 0.000000
0.088 0.089 0.000000
0.089 0.090 0.000000
0.090 0.091 0.000000
0.091 0.092 0.000000
0.092 0.093 0.000000
0.093 0.094 0.000000
0.094 0.095 0.000000
0.095 0.096 0.000000
0.096 0.097 0.000000
0.097 0.098 0.000000
0.098 0.099 0.000000
0.099 0.100 0.000000
0.100 0.101 0.000000
0.101 0.102 0.000000
0.102 0.103 0.000000
0.103 0.104 0.000000
0.104 0.105 0.000000
0.105 0.106 0.000000
0.106 0.107 0.000000
0.107 0.108 0.000000
0.108 0.109 0.000000
0.109 0.110 0.000000
0.110 0.111 0.000000
0.111 0.112 0.000000
0.112 0.113 0.000000
0.113 0.114 0.000000
0.114 0.115 0.000000
0.115 0.116 0.000000
0.116 0.117 0.000000
0.117 0.118 0.000000
0.118 0.119 0.000000
0.119 0.120 0.000000
0.120 0.121 0.000000
0.121 0.122 0.000000
0.122 0.123 0.000000
0.123 0.124 0.000000
0.124 0.125 0.000000
0.125 0.126 0.000000
0.126 0.127 0.000000
0.127 0.128 0.000000
0.128 0.129 0.000000
0.129 0.130 0.000000
0.130 0.131 0.000000
0.131 0.132 0.000000
0.132 0.133 0.000000
0.133 0.134 0.000000
0.134 0.135 0.000000
0.135 0.136 0.000000
0.136 0.137 0.000000
0.137 0.138 0.000000
0.138 0.139 0.000000
0.139 0.140 0.000000
0.140 0.141 0.000000
0.141 0.142 0.000000
0.142 0.143 0.000000
0.143 0.144 0.000000
0.144 0.145 0.000000
0.145 0.146 0.000000
0.146 0.147 0.000000
0.147 0.148 0.000000
0.148 0.149 0.000000
0.149 0.150 0.000000
