1
0.000 0.001 0.000000
0.001 0.002 0.000000
0.002 0.003 0.000000
0.003 0.004 0.000000
0.004 0.005 0.000000
0.005 0.006 0.000000
0.006 0.007 0.000000
0.007 0.008 0.000000
0.008 0.009 0.000000
0.009 0.010 0.000000
0.010 0.011 0.000000
0.011 0.012 0.000000
0.012 0.013 0.000000
0.013 0.014 0.000000
0.014 0.015 0.000000
0.015 0.016 0.000000
0.016 0.017 0.000000
0.017 0.018 0.000000
0.018 0.019 0.000000
0.019 0.020 0.000000
0.020 0.021 0.000002
0.021 0.022 0.000011
0.022 0.023 0.000044
0.023 0.024 0.000147
0.024 0.025 0.000410
0.025 0.026 0.000987
0.026 0.027 0.002096
0.027 0.028 0.004036
0.028 0.029 0.007143
0.029 0.030 0.011670
0.030 0.031 0.017990
0.031 0.032 0.026271
0.032 0.033 0.036626
0.033 0.034 0.049151
0.034 0.035 0.063647
0.035 0.036 0.079837
0.036 0.037 0.097863
0.037 0.038 0.117540
0.038 0.039 0.137544
0.039 0.040 0.158183
0.040 0.041 0.179435
0.041 0.042 0.200362
0.042 0.043 0.221360
0.043 0.044 0.241764
0.044 0.045 0.262104
0.045 0.046 0.280508
0.046 0.047 0.297384
0.047 0.048 0.315410
0.048 0.049 0.331709
0.049 0.050 0.344671
0.050 0.051 0.357235
0.051 0.052 0.370195
0.052 0.053 0.380757
0.053 0.054 0.389108
0.054 0.055 0.396795
0.055 0.056 0.405287
0.056 0.057 0.413049
0.057 0.058 0.614368
0.058 0.059 1.000000
0.059 0.060 0.808506
0.060 0.061 0.439045
0.061 0.062 0.440604
0.062 0.063 0.420586
0.063 0.064 0.419561
0.064 0.065 0.416722
0.065 0.066 0.414242
0.066 0.067 0.578149
0.067 0.068 0.577500
0.068 0.069 0.441287
0.069 0.070 0.399501
0.070 0.071 0.321356
0.071 0.072 0.318446
0.072 0.073 0.313612
0.073 0.074 0.310838
0.074 0.075 0.308177
0.075 0.076 0.304608
0.076 0.077 0.298309
0.077 0.078 0.293791
0.078 0.079 0.291184
0.079 0.080 0.287464
0.080 0.081 0.282240
0.081 0.082 0.275495
0.082 0.083 0.268845
0.083 0.084 0.262550
0.084 0.085 0.257294
0.085 0.086 0.252460
0.086 0.087 0.246412
0.087 0.088 0.242726
0.088 0.089 0.236926
0.089 0.090 0.228857
0.090 0.091 0.221800
0.091 0.092 0.211635
0.092 0.093 0.204668
0.093 0.094 0.201440
0.094 0.095 0.194550
0.095 0.096 0.187949
0.096 0.097 0.181175
0.097 0.098 0.172143
0.098 0.099 0.163961
0.099 0.100 0.157511
0.100 0.101 0.151770
0.101 0.102 0.145140
0.102 0.103 0.136857
0.103 0.104 0.130952
0.104 0.105 0.125006
0.105 0.106 0.117620
0.106 0.107 0.111026
0.107 0.108 0.102672
0.108 0.109 0.096856
0.109 0.110 0.091059
0.110 0.111 0.085094
0.111 0.112 0.079428
0.112 0.113 0.073039
0.113 0.114 0.067332
0.114 0.115 0.062527
0.115 0.116 0.057225
0.116 0.117 0.051369
0.117 0.118 0.046706
0.118 0.119 0.040412
0.119 0.120 0.036563
0.120 0.121 0.034116
0.121 0.122 0.030779
0.122 0.123 0.027390
0.123 0.124 0.023424
0.124 0.125 0.019915
0.125 0.126 0.016409
0.126 0.127 0.013657
0.127 0.128 0.010137
0.128 0.129 0.007826
0.129 0.130 0.005265
0.130 0.131 0.003470
0.131 0.132 0.001779
0.132 0.133 0.000497
0.133 0.134 0.000000
0.134 0.135 0.000000
0.135 0.136 0.000000
0.136 0.137 0.000000
0.137 0.138 0.000000
0.138 0.139 0.000000
0.139 0.140 0.000000
0.140 0.141 0.000000
0.141 0.142 0.000000
0.142 0.143 0.000000
0.143 0.144 0.000000
0.144 0.145 0.000000
0.145 0.146 0.000000
0.146 0.147 0.000000
0.147 0.148 0.000000
0.148 0.149 0.000000
0.149 0.150 0.000000
