1
0.000 0.001 0.000000
0.001 0.002 0.000000
0.002 0.003 0.000000
0.003 0.004 0.000000
0.004 0.005 0.000000
0.005 0.006 0.000000
0.006 0.007 0.000000
0.007 0.008 0.000000
0.008 0.009 0.000000
0.009 0.010 0.000000
0.010 0.011 0.000000
0.011 0.012 0.000000
0.012 0.013 0.000000
0.013 0.014 0.000000
0.014 0.015 0.000008
0.015 0.016 0.000069
0.016 0.017 0.000385
0.017 0.018 0.001511
0.018 0.019 0.004538
0.019 0.020 0.011090
0.020 0.021 0.023074
0.021 0.022 0.042222
0.022 0.023 0.069587
0.023 0.024 0.105427
0.024 0.025 0.149398
0.025 0.026 0.200091
0.026 0.027 0.255650
0.027 0.028 0.315158
0.028 0.029 0.376364
0.029 0.030 0.436047
0.030 0.031 0.493176
0.031 0.032 0.547526
0.032 0.033 0.598248
0.033 0.034 0.642820
0.034 0.035 0.682670
0.035 0.036 0.718542
0.036 0.037 0.746883
0.037 0.038 0.766733
0.038 0.039 0.784730
0.039 0.040 0.800563
0.040 0.041 0.809731
0.041 0.042 0.814625
0.042 0.043 0.817691
0.043 0.044 0.815796
0.044 0.045 0.811179
0.045 0.046 0.802945
0.046 0.047 0.790887
0.047 0.048 0.777517
0.048 0.049 0.767218
0.049 0.050 0.751101
0.050 0.051 0.735633
0.051 0.052 0.722772
0.052 0.053 0.707962
0.053 0.054 0.689987
0.054 0.055 0.669029
0.055 0.056 0.649558
0.056 0.057 0.632444
0.057 0.058 0.755989
0.058 0.059 1.000000
0.059 0.060 0.836417
0.060 0.061 0.559049
0.061 0.062 0.540440
0.062 0.063 0.508223
0.063 0.064 0.486201
0.064 0.065 0.466192
0.065 0.066 0.448484
0.066 0.067 0.532609
0.067 0.068 0.513512
0.068 0.069 0.413160
0.069 0.070 0.371175
0.070 0.071 0.315077
0.071 0.072 0.301352
0.072 0.073 0.284385
0.073 0.074 0.274434
0.074 0.075 0.263383
0.075 0.076 0.248194
0.076 0.077 0.232015
0.077 0.078 0.216625
0.078 0.079 0.208652
0.079 0.080 0.199678
0.080 0.081 0.188223
0.081 0.082 0.175207
0.082 0.083 0.162991
0.083 0.084 0.150632
0.084 0.085 0.139501
0.085 0.086 0.128214
0.086 0.087 0.119338
0.087 0.088 0.111315
0.088 0.089 0.102836
0.089 0.090 0.093508
0.090 0.091 0.083368
0.091 0.092 0.073681
0.092 0.093 0.064310
0.093 0.094 0.058548
0.094 0.095 0.051929
0.095 0.096 0.045735
0.096 0.097 0.038203
0.097 0.098 0.029406
0.098 0.099 0.022847
0.099 0.100 0.018295
0.100 0.101 0.015844
0.101 0.102 0.010540
0.102 0.103 0.007479
0.103 0.104 0.004695
0.104 0.105 0.001353
0.105 0.106 0.000000
0.106 0.107 0.000000
0.107 0.108 0.000000
0.108 0.109 0.000000
0.109 0.110 0.000000
0.110 0.111 0.000000
0.111 0.112 0.000000
0.112 0.113 0.000000
0.113 0.114 0.000000
0.114 0.115 0.000000
0.115 0.116 0.000000
0.116 0.117 0.000000
0.117 0.118 0.000000
0.118 0.119 0.000000
0.119 0.120 0.000000
0.120 0.121 0.000000
0.121 0.122 0.000000
0.122 0.123 0.000000
0.123 0.124 0.000000
0.124 0.125 0.000000
0.125 0.126 0.000000
0.126 0.127 0.000000
0.127 0.128 0.000000
0.128 0.129 0.000000
0.129 0.130 0.000000
0.130 0.131 0.000000
0.131 0.132 0.000000
0.132 0.133 0.000000
0.133 0.134 0.000000
0.134 0.135 0.000000
0.135 0.136 0.000000
0.136 0.137 0.000000
0.137 0.138 0.000000
0.138 0.139 0.000000
0.139 0.140 0.000000
0.140 0.141 0.000000
0.141 0.142 0.000000
0.142 0.143 0.000000
0.143 0.144 0.000000
0.144 0.145 0.000000
0.145 0.146 0.000000
0.146 0.147 0.000000
0.147 0.148 0.000000
0.148 0.149 0.000000
0.149 0.150 0.000000
