1
0.000 0.001 0.000000
0.001 0.002 0.000000
0.002 0.003 0.000000
0.003 0.004 0.000000
0.004 0.005 0.000000
0.005 0.006 0.000000
0.006 0.007 0.000000
0.007 0.008 0.000000
0.008 0.009 0.000000
0.009 0.010 0.000000
0.010 0.011 0.000000
0.011 0.012 0.000000
0.012 0.013 0.000000
0.013 0.014 0.000000
0.014 0.015 0.000000
0.015 0.016 0.000000
0.016 0.017 0.000000
0.017 0.018 0.000000
0.018 0.019 0.000001
0.019 0.020 0.000004
0.020 0.021 0.000024
0.021 0.022 0.000101
0.022 0.023 0.000335
0.023 0.024 0.000924
0.024 0.025 0.002202
0.025 0.026 0.004618
0.026 0.027 0.008708
0.027 0.028 0.015128
0.028 0.029 0.024482
0.029 0.030 0.037085
0.030 0.031 0.053228
0.031 0.032 0.072951
0.032 0.033 0.096338
0.033 0.034 0.122694
0.034 0.035 0.151712
0.035 0.036 0.183511
0.036 0.037 0.216456
0.037 0.038 0.249186
0.038 0.039 0.282367
0.039 0.040 0.316361
0.040 0.041 0.348703
0.041 0.042 0.379571
0.042 0.043 0.410070
0.043 0.044 0.437321
0.044 0.045 0.463425
0.045 0.046 0.486555
0.046 0.047 0.505801
0.047 0.048 0.524611
0.048 0.049 0.541392
0.049 0.050 0.552508
0.050 0.051 0.562446
0.051 0.052 0.573162
0.052 0.053 0.581030
0.053 0.054 0.585128
0.054 0.055 0.586106
0.055 0.056 0.586193
0.056 0.057 0.586448
0.057 0.058 0.727813
0.058 0.059 1.000000
0.059 0.060 0.849401
0.060 0.061 0.570225
0.061 0.062 0.561094
0.062 0.063 0.536795
0.063 0.064 0.522269
0.064 0.065 0.508433
0.065 0.066 0.495400
0.066 0.067 0.601678
0.067 0.068 0.590426
0.068 0.069 0.477625
0.069 0.070 0.432478
0.070 0.071 0.368788
0.071 0.072 0.354685
0.072 0.073 0.335544
0.073 0.074 0.327733
0.074 0.075 0.318225
0.075 0.076 0.303548
0.076 0.077 0.287085
0.077 0.078 0.272776
0.078 0.079 0.261868
0.079 0.080 0.252666
0.080 0.081 0.240112
0.081 0.082 0.225532
0.082 0.083 0.211702
0.083 0.084 0.197402
0.084 0.085 0.183482
0.085 0.086 0.174074
0.086 0.087 0.162941
0.087 0.088 0.153067
0.088 0.089 0.142730
0.089 0.090 0.130702
0.090 0.091 0.116311
0.091 0.092 0.105270
0.092 0.093 0.096316
0.093 0.094 0.088280
0.094 0.095 0.077726
0.095 0.096 0.070579
0.096 0.097 0.061526
0.097 0.098 0.051791
0.098 0.099 0.040889
0.099 0.100 0.032479
0.100 0.101 0.029657
0.101 0.102 0.024035
0.102 0.103 0.016335
0.103 0.104 0.011908
0.104 0.105 0.007329
0.105 0.106 0.004845
0.106 0.107 0.001339
0.107 0.108 0.000000
0.108 0.109 0.000000
0.109 0.110 0.000000
0.110 0.111 0.000000
0.111 0.112 0.000000
0.112 0.113 0.000000
0.113 0.114 0.000000
0.114 0.115 0.000000
0.115 0.116 0.000000
0.116 0.117 0.000000
0.117 0.118 0.000000
0.118 0.119 0.000000
0.119 0.120 0.000000
0.120 0.121 0.000000
0.121 0.122 0.000000
0.122 0.123 0.000000
0.123 0.124 0.000000
0.124 0.125 0.000000
0.125 0.126 0.000000
0.126 0.127 0.000000
0.127 0.128 0.000000
0.128 0.129 0.000000
0.129 0.130 0.000000
0.130 0.131 0.000000
0.131 0.132 0.000000
0.132 0.133 0.000000
0.133 0.134 0.000000
0.134 0.135 0.000000
0.135 0.136 0.000000
0.136 0.137 0.000000
0.137 0.138 0.000000
0.138 0.139 0.000000
0.139 0.140 0.000000
0.140 0.141 0.000000
0.141 0.142 0.000000
0.142 0.143 0.000000
0.143 0.144 0.000000
0.144 0.145 0.000000
0.145 0.146 0.000000
0.146 0.147 0.000000
0.147 0.148 0.000000
0.148 0.149 0.000000
0.149 0.150 0.000000
