1
0.000 0.001 0.000000
0.001 0.002 0.000000
0.002 0.003 0.000000
0.003 0.004 0.000000
0.004 0.005 0.000000
0.005 0.006 0.000000
0.006 0.007 0.000000
0.007 0.008 0.000000
0.008 0.009 0.000000
0.009 0.010 0.000000
0.010 0.011 0.000000
0.011 0.012 0.000000
0.012 0.013 0.000000
0.013 0.014 0.000000
0.014 0.015 0.000000
0.015 0.016 0.000000
0.016 0.017 0.000000
0.017 0.018 0.000000
0.018 0.019 0.000001
0.019 0.020 0.000008
0.020 0.021 0.000041
0.021 0.022 0.000156
0.022 0.023 0.000483
0.023 0.024 0.001259
0.024 0.025 0.002851
0.025 0.026 0.005731
0.026 0.027 0.010424
0.027 0.028 0.017535
0.028 0.029 0.027553
0.029 0.030 0.040684
0.030 0.031 0.057158
0.031 0.032 0.076775
0.032 0.033 0.099528
0.033 0.034 0.124844
0.034 0.035 0.152419
0.035 0.036 0.181909
0.036 0.037 0.212297
0.037 0.038 0.242540
0.038 0.039 0.272222
0.039 0.040 0.302121
0.040 0.041 0.330990
0.041 0.042 0.358258
0.042 0.043 0.384843
0.043 0.044 0.408616
0.044 0.045 0.431377
0.045 0.046 0.451357
0.046 0.047 0.467396
0.047 0.048 0.483712
0.048 0.049 0.498686
0.049 0.050 0.508366
0.050 0.051 0.516197
0.051 0.052 0.525219
0.052 0.053 0.532698
0.053 0.054 0.536261
0.054 0.055 0.537307
0.055 0.056 0.538625
0.056 0.057 0.539597
0.057 0.058 0.697071
0.058 0.059 1.000000
0.059 0.060 0.835700
0.060 0.061 0.530626
0.061 0.062 0.523789
0.062 0.063 0.500873
0.063 0.064 0.489685
0.064 0.065 0.478219
0.065 0.066 0.468851
0.066 0.067 0.587829
0.067 0.068 0.578628
0.068 0.069 0.461504
0.069 0.070 0.416782
0.070 0.071 0.350574
0.071 0.072 0.339825
0.072 0.073 0.326196
0.073 0.074 0.319447
0.074 0.075 0.310981
0.075 0.076 0.298763
0.076 0.077 0.283377
0.077 0.078 0.272582
0.078 0.079 0.266114
0.079 0.080 0.258030
0.080 0.081 0.246601
0.081 0.082 0.233576
0.082 0.083 0.221726
0.083 0.084 0.208912
0.084 0.085 0.199707
0.085 0.086 0.191683
0.086 0.087 0.181420
0.087 0.088 0.173416
0.088 0.089 0.165109
0.089 0.090 0.153584
0.090 0.091 0.143113
0.091 0.092 0.131907
0.092 0.093 0.123853
0.093 0.094 0.118065
0.094 0.095 0.109483
0.095 0.096 0.100494
0.096 0.097 0.092299
0.097 0.098 0.082902
0.098 0.099 0.072782
0.099 0.100 0.065576
0.100 0.101 0.060927
0.101 0.102 0.055791
0.102 0.103 0.048391
0.103 0.104 0.042437
0.104 0.105 0.038008
0.105 0.106 0.031856
0.106 0.107 0.027457
0.107 0.108 0.022316
0.108 0.109 0.017656
0.109 0.110 0.012137
0.110 0.111 0.008820
0.111 0.112 0.005329
0.112 0.113 0.003405
0.113 0.114 0.000946
0.114 0.115 0.000000
0.115 0.116 0.000000
0.116 0.117 0.000000
0.117 0.118 0.000000
0.118 0.119 0.000000
0.119 0.120 0.000000
0.120 0.121 0.000000
0.121 0.122 0.000000
0.122 0.123 0.000000
0.123 0.124 0.000000
0.124 0.125 0.000000
0.125 0.126 0.000000
0.126 0.127 0.000000
0.127 0.128 0.000000
0.128 0.129 0.000000
0.129 0.130 0.000000
0.130 0.131 0.000000
0.131 0.132 0.000000
0.132 0.133 0.000000
0.133 0.134 0.000000
0.134 0.135 0.000000
0.135 0.136 0.000000
0.136 0.137 0.000000
0.137 0.138 0.000000
0.138 0.139 0.000000
0.139 0.140 0.000000
0.140 0.141 0.000000
0.141 0.142 0.000000
0.142 0.143 0.000000
0.143 0.144 0.000000
0.144 0.145 0.000000
0.145 0.146 0.000000
0.146 0.147 0.000000
0.147 0.148 0.000000
0.148 0.149 0.000000
0.149 0.150 0.000000
