1
0.000 0.001 0.000000
0.001 0.002 0.000000
0.002 0.003 0.000000
0.003 0.004 0.000000
0.004 0.005 0.000000
0.005 0.006 0.000000
0.006 0.007 0.000000
0.007 0.008 0.000000
0.008 0.009 0.000000
0.009 0.010 0.000000
0.010 0.011 0.000000
0.011 0.012 0.000000
0.012 0.013 0.000000
0.013 0.014 0.000000
0.014 0.015 0.000000
0.015 0.016 0.000000
0.016 0.017 0.000000
0.017 0.018 0.000000
0.018 0.019 0.000000
0.019 0.020 0.000001
0.020 0.021 0.000006
0.021 0.022 0.000035
0.022 0.023 0.000147
0.023 0.024 0.000497
0.024 0.025 0.001400
0.025 0.026 0.003386
0.026 0.027 0.007204
0.027 0.028 0.013846
0.028 0.029 0.024403
0.029 0.030 0.039723
0.030 0.031 0.060789
0.031 0.032 0.087779
0.032 0.033 0.120964
0.033 0.034 0.159904
0.034 0.035 0.204146
0.035 0.036 0.252207
0.036 0.037 0.303123
0.037 0.038 0.357559
0.038 0.039 0.413682
0.039 0.040 0.468663
0.040 0.041 0.521328
0.041 0.042 0.572088
0.042 0.043 0.619160
0.043 0.044 0.660694
0.044 0.045 0.703478
0.045 0.046 0.735554
0.046 0.047 0.766467
0.047 0.048 0.793388
0.048 0.049 0.810169
0.049 0.050 0.820791
0.050 0.051 0.830042
0.051 0.052 0.835307
0.052 0.053 0.838098
0.053 0.054 0.838985
0.054 0.055 0.833765
0.055 0.056 0.817307
0.056 0.057 0.798924
0.057 0.058 0.863001
0.058 0.059 1.000000
0.059 0.060 0.896917
0.060 0.061 0.722718
0.061 0.062 0.698010
0.062 0.063 0.665325
0.063 0.064 0.635858
0.064 0.065 0.603710
0.065 0.066 0.562889
0.066 0.067 0.604258
0.067 0.068 0.580894
0.068 0.069 0.489640
0.069 0.070 0.436866
0.070 0.071 0.382243
0.071 0.072 0.353473
0.072 0.073 0.312863
0.073 0.074 0.287062
0.074 0.075 0.260653
0.075 0.076 0.234387
0.076 0.077 0.208213
0.077 0.078 0.174126
0.078 0.079 0.149125
0.079 0.080 0.128531
0.080 0.081 0.108496
0.081 0.082 0.079184
0.082 0.083 0.063341
0.083 0.084 0.049472
0.084 0.085 0.029424
0.085 0.086 0.019213
0.086 0.087 0.005129
0.087 0.088 0.000000
0.088 0.089 0.000000
0.089 0.090 0.000000
0.090 0.091 0.000000
0.091 0.092 0.000000
0.092 0.093 0.000000
0.093 0.094 0.000000
0.094 0.095 0.000000
0.095 0.096 0.000000
0.096 0.097 0.000000
0.097 0.098 0.000000
0.098 0.099 0.000000
0.099 0.100 0.000000
0.100 0.101 0.000000
0.101 0.102 0.000000
0.102 0.103 0.000000
0.103 0.104 0.000000
0.104 0.105 0.000000
0.105 0.106 0.000000
0.106 0.107 0.000000
0.107 0.108 0.000000
0.108 0.109 0.000000
0.109 0.110 0.000000
0.110 0.111 0.000000
0.111 0.112 0.000000
0.112 0.113 0.000000
0.113 0.114 0.000000
0.114 0.115 0.000000
0.115 0.116 0.000000
0.116 0.117 0.000000
0.117 0.118 0.000000
0.118 0.119 0.000000
0.119 0.120 0.000000
0.120 0.121 0.000000
0.121 0.122 0.000000
0.122 0.123 0.000000
0.123 0.124 0.000000
0.124 0.125 0.000000
0.125 0.126 0.000000
0.126 0.127 0.000000
0.127 0.128 0.000000
0.128 0.129 0.000000
0.129 0.130 0.000000
0.130 0.131 0.000000
0.131 0.132 0.000000
0.132 0.133 0.000000
0.133 0.134 0.000000
0.134 0.135 0.000000
0.135 0.136 0.000000
0.136 0.137 0.000000
0.137 0.138 0.000000
0.138 0.139 0.000000
0.139 0.140 0.000000
0.140 0.141 0.000000
0.141 0.142 0.000000
0.142 0.143 0.000000
0.143 0.144 0.000000
0.144 0.145 0.000000
0.145 0.146 0.000000
0.146 0.147 0.000000
0.147 0.148 0.000000
0.148 0.149 0.000000
0.149 0.150 0.000000
