1
0.000 0.001 0.000000
0.001 0.002 0.000000
0.002 0.003 0.000000
0.003 0.004 0.000000
0.004 0.005 0.000000
0.005 0.006 0.000000
0.006 0.007 0.000000
0.007 0.008 0.000000
0.008 0.009 0.000000
0.009 0.010 0.000000
0.010 0.011 0.000000
0.011 0.012 0.000000
0.012 0.013 0.000000
0.013 0.014 0.000000
0.014 0.015 0.000000
0.015 0.016 0.000000
0.016 0.017 0.000000
0.017 0.018 0.000000
0.018 0.019 0.000003
0.019 0.020 0.000022
0.020 0.021 0.000113
0.021 0.022 0.000440
0.022 0.023 0.001372
0.023 0.024 0.003572
0.024 0.025 0.008045
0.025 0.026 0.016044
0.026 0.027 0.028856
0.027 0.028 0.047810
0.028 0.029 0.073909
0.029 0.030 0.107403
0.030 0.031 0.148330
0.031 0.032 0.195236
0.032 0.033 0.248773
0.033 0.034 0.306579
0.034 0.035 0.367387
0.035 0.036 0.429418
0.036 0.037 0.489713
0.037 0.038 0.550453
0.038 0.039 0.608090
0.039 0.040 0.661168
0.040 0.041 0.707878
0.041 0.042 0.755474
0.042 0.043 0.795967
0.043 0.044 0.830407
0.044 0.045 0.861105
0.045 0.046 0.880507
0.046 0.047 0.897551
0.047 0.048 0.906812
0.048 0.049 0.903867
0.049 0.050 0.908755
0.050 0.051 0.910747
0.051 0.052 0.905420
0.052 0.053 0.893082
0.053 0.054 0.882077
0.054 0.055 0.865960
0.055 0.056 0.837904
0.056 0.057 0.804756
0.057 0.058 0.865922
0.058 0.059 1.000000
0.059 0.060 0.897468
0.060 0.061 0.718160
0.061 0.062 0.687156
0.062 0.063 0.648513
0.063 0.064 0.613612
0.064 0.065 0.574048
0.065 0.066 0.539615
0.066 0.067 0.573855
0.067 0.068 0.546963
0.068 0.069 0.456710
0.069 0.070 0.403543
0.070 0.071 0.345164
0.071 0.072 0.322324
0.072 0.073 0.292016
0.073 0.074 0.265935
0.074 0.075 0.239441
0.075 0.076 0.212967
0.076 0.077 0.183132
0.077 0.078 0.160448
0.078 0.079 0.136260
0.079 0.080 0.116103
0.080 0.081 0.093137
0.081 0.082 0.075051
0.082 0.083 0.059905
0.083 0.084 0.046692
0.084 0.085 0.027715
0.085 0.086 0.018064
0.086 0.087 0.004813
0.087 0.088 0.000000
0.088 0.089 0.000000
0.089 0.090 0.000000
0.090 0.091 0.000000
0.091 0.092 0.000000
0.092 0.093 0.000000
0.093 0.094 0.000000
0.094 0.095 0.000000
0.095 0.096 0.000000
0.096 0.097 0.000000
0.097 0.098 0.000000
0.098 0.099 0.000000
0.099 0.100 0.000000
0.100 0.101 0.000000
0.101 0.102 0.000000
0.102 0.103 0.000000
0.103 0.104 0.000000
0.104 0.105 0.000000
0.105 0.106 0.000000
0.106 0.107 0.000000
0.107 0.108 0.000000
0.108 0.109 0.000000
0.109 0.110 0.000000
0.110 0.111 0.000000
0.111 0.112 0.000000
0.112 0.113 0.000000
0.113 0.114 0.000000
0.114 0.115 0.000000
0.115 0.116 0.000000
0.116 0.117 0.000000
0.117 0.118 0.000000
0.118 0.119 0.000000
0.119 0.120 0.000000
0.120 0.121 0.000000
0.121 0.122 0.000000
0.122 0.123 0.000000
0.123 0.124 0.000000
0.124 0.125 0.000000
0.125 0.126 0.000000
0.126 0.127 0.000000
0.127 0.128 0.000000
0.128 0.129 0.000000
0.129 0.130 0.000000
0.130 0.131 0.000000
0.131 0.132 0.000000
0.132 0.133 0.000000
0.133 0.134 0.000000
0.134 0.135 0.000000
0.135 0.136 0.000000
0.136 0.137 0.000000
0.137 0.138 0.000000
0.138 0.139 0.000000
0.139 0.140 0.000000
0.140 0.141 0.000000
0.141 0.142 0.000000
0.142 0.143 0.000000
0.143 0.144 0.000000
0.144 0.145 0.000000
0.145 0.146 0.000000
0.146 0.147 0.000000
0.147 0.148 0.000000
0.148 0.149 0.000000
0.149 0.150 0.000000
