1
0.000 0.001 0.000000
0.001 0.002 0.000000
0.002 0.003 0.000000
0.003 0.004 0.000000
0.004 0.005 0.000000
0.005 0.006 0.000000
0.006 0.007 0.000000
0.007 0.008 0.000000
0.008 0.009 0.000000
0.009 0.010 0.000000
0.010 0.011 0.000000
0.011 0.012 0.000000
0.012 0.013 0.000000
0.013 0.014 0.000000
0.014 0.015 0.000004
0.015 0.016 0.000034
0.016 0.017 0.000183
0.017 0.018 0.000716
0.018 0.019 0.002154
0.019 0.020 0.005321
0.020 0.021 0.011248
0.021 0.022 0.020913
0.022 0.023 0.035091
0.023 0.024 0.054251
0.024 0.025 0.078487
0.025 0.026 0.107097
0.026 0.027 0.139283
0.027 0.028 0.174898
0.028 0.029 0.212492
0.029 0.030 0.250508
0.030 0.031 0.288356
0.031 0.032 0.325007
0.032 0.033 0.360483
0.033 0.034 0.393925
0.034 0.035 0.424574
0.035 0.036 0.452275
0.036 0.037 0.477545
0.037 0.038 0.499644
0.038 0.039 0.516916
0.039 0.040 0.532471
0.040 0.041 0.545467
0.041 0.042 0.554779
0.042 0.043 0.563544
0.043 0.044 0.569418
0.044 0.045 0.573981
0.045 0.046 0.575340
0.046 0.047 0.573315
0.047 0.048 0.572993
0.048 0.049 0.571508
0.049 0.050 0.565549
0.050 0.051 0.558690
0.051 0.052 0.553936
0.052 0.053 0.548204
0.053 0.054 0.539720
0.054 0.055 0.530462
0.055 0.056 0.522846
0.056 0.057 0.514682
0.057 0.058 0.680242
0.058 0.059 1.000000
0.059 0.060 0.812100
0.060 0.061 0.482301
0.061 0.062 0.471035
0.062 0.063 0.443518
0.063 0.064 0.430505
0.064 0.065 0.416909
0.065 0.066 0.405557
0.066 0.067 0.520759
0.067 0.068 0.509796
0.068 0.069 0.396872
0.069 0.070 0.355234
0.070 0.071 0.290877
0.071 0.072 0.281747
0.072 0.073 0.270917
0.073 0.074 0.264114
0.074 0.075 0.256449
0.075 0.076 0.247390
0.076 0.077 0.236531
0.077 0.078 0.226977
0.078 0.079 0.220142
0.079 0.080 0.213793
0.080 0.081 0.205028
0.081 0.082 0.195428
0.082 0.083 0.187013
0.083 0.084 0.179066
0.084 0.085 0.171710
0.085 0.086 0.165054
0.086 0.087 0.156068
0.087 0.088 0.151047
0.088 0.089 0.145261
0.089 0.090 0.137559
0.090 0.091 0.130256
0.091 0.092 0.120989
0.092 0.093 0.114541
0.093 0.094 0.110147
0.094 0.095 0.104552
0.095 0.096 0.099141
0.096 0.097 0.093179
0.097 0.098 0.086012
0.098 0.099 0.079232
0.099 0.100 0.073828
0.100 0.101 0.069367
0.101 0.102 0.065345
0.102 0.103 0.059673
0.103 0.104 0.055324
0.104 0.105 0.051882
0.105 0.106 0.047543
0.106 0.107 0.042768
0.107 0.108 0.038500
0.108 0.109 0.034842
0.109 0.110 0.030841
0.110 0.111 0.027149
0.111 0.112 0.024162
0.112 0.113 0.019972
0.113 0.114 0.017489
0.114 0.115 0.014947
0.115 0.116 0.011981
0.116 0.117 0.008966
0.117 0.118 0.006930
0.118 0.119 0.004461
0.119 0.120 0.002640
0.120 0.121 0.002020
0.121 0.122 0.000558
0.122 0.123 0.000000
0.123 0.124 0.000000
0.124 0.125 0.000000
0.125 0.126 0.000000
0.126 0.127 0.000000
0.127 0.128 0.000000
0.128 0.129 0.000000
0.129 0.130 0.000000
0.130 0.131 0.000000
0.131 0.132 0.000000
0.132 0.133 0.000000
0.133 0.134 0.000000
0.134 0.135 0.000000
0.135 0.136 0.000000
0.136 0.137 0.000000
0.137 0.138 0.000000
0.138 0.139 0.000000
0.139 0.140 0.000000
0.140 0.141 0.000000
0.141 0.142 0.000000
0.142 0.143 0.000000
0.143 0.144 0.000000
0.144 0.145 0.000000
0.145 0.146 0.000000
0.146 0.147 0.000000
0.147 0.148 0.000000
0.148 0.149 0.000000
0.149 0.150 0.000000
