1
0.000 0.001 0.000000
0.001 0.002 0.000000
0.002 0.003 0.000000
0.003 0.004 0.000000
0.004 0.005 0.000000
0.005 0.006 0.000000
0.006 0.007 0.000000
0.007 0.008 0.000001
0.008 0.009 0.000000
0.009 0.010 0.000000
0.010 0.011 0.000000
0.011 0.012 0.000002
0.012 0.013 0.000021
0.013 0.014 0.000151
0.014 0.015 0.000711
0.015 0.016 0.002395
0.016 0.017 0.006302
0.017 0.018 0.013792
0.018 0.019 0.026039
0.019 0.020 0.044122
0.020 0.021 0.068442
0.021 0.022 0.098416
0.022 0.023 0.133468
0.023 0.024 0.172516
0.024 0.025 0.214167
0.025 0.026 0.256838
0.026 0.027 0.299484
0.027 0.028 0.341652
0.028 0.029 0.381853
0.029 0.030 0.419075
0.030 0.031 0.453516
0.031 0.032 0.483596
0.032 0.033 0.510720
0.033 0.034 0.534984
0.034 0.035 0.555153
0.035 0.036 0.570879
0.036 0.037 0.584760
0.037 0.038 0.596157
0.038 0.039 0.602436
0.039 0.040 0.607361
0.040 0.041 0.610172
0.041 0.042 0.609956
0.042 0.043 0.609392
0.043 0.044 0.606792
0.044 0.045 0.603749
0.045 0.046 0.597817
0.046 0.047 0.589559
0.047 0.048 0.583847
0.048 0.049 0.576891
0.049 0.050 0.566191
0.050 0.051 0.555517
0.051 0.052 0.547284
0.052 0.053 0.537814
0.053 0.054 0.526287
0.054 0.055 0.514887
0.055 0.056 0.505424
0.056 0.057 0.495543
0.057 0.058 0.668242
0.058 0.059 1.000000
0.059 0.060 0.802323
0.060 0.061 0.460503
0.061 0.062 0.448801
0.062 0.063 0.420460
0.063 0.064 0.408027
0.064 0.065 0.394870
0.065 0.066 0.383625
0.066 0.067 0.500468
0.067 0.068 0.489685
0.068 0.069 0.377279
0.069 0.070 0.336916
0.070 0.071 0.273705
0.071 0.072 0.265243
0.072 0.073 0.255253
0.073 0.074 0.248360
0.074 0.075 0.241026
0.075 0.076 0.232549
0.076 0.077 0.223261
0.077 0.078 0.215227
0.078 0.079 0.209735
0.079 0.080 0.203365
0.080 0.081 0.195174
0.081 0.082 0.186092
0.082 0.083 0.177987
0.083 0.084 0.169919
0.084 0.085 0.163842
0.085 0.086 0.158344
0.086 0.087 0.151423
0.087 0.088 0.146576
0.088 0.089 0.140785
0.089 0.090 0.133407
0.090 0.091 0.126284
0.091 0.092 0.118402
0.092 0.093 0.113035
0.093 0.094 0.110135
0.094 0.095 0.104760
0.095 0.096 0.099575
0.096 0.097 0.094064
0.097 0.098 0.087371
0.098 0.099 0.080972
0.099 0.100 0.076684
0.100 0.101 0.073211
0.101 0.102 0.069254
0.102 0.103 0.063981
0.103 0.104 0.059909
0.104 0.105 0.056411
0.105 0.106 0.051714
0.106 0.107 0.048288
0.107 0.108 0.044084
0.108 0.109 0.040520
0.109 0.110 0.036742
0.110 0.111 0.033164
0.111 0.112 0.029873
0.112 0.113 0.026673
0.113 0.114 0.023982
0.114 0.115 0.021398
0.115 0.116 0.018403
0.116 0.117 0.015359
0.117 0.118 0.013042
0.118 0.119 0.009961
0.119 0.120 0.008303
0.120 0.121 0.007039
0.121 0.122 0.005683
0.122 0.123 0.004283
0.123 0.124 0.002518
0.124 0.125 0.001586
0.125 0.126 0.000411
0.126 0.127 0.000000
0.127 0.128 0.000000
0.128 0.129 0.000000
0.129 0.130 0.000000
0.130 0.131 0.000000
0.131 0.132 0.000000
0.132 0.133 0.000000
0.133 0.134 0.000000
0.134 0.135 0.000000
0.135 0.136 0.000000
0.136 0.137 0.000000
0.137 0.138 0.000000
0.138 0.139 0.000000
0.139 0.140 0.000000
0.140 0.141 0.000000
0.141 0.142 0.000000
0.142 0.143 0.000000
0.143 0.144 0.000000
0.144 0.145 0.000000
0.145 0.146 0.000000
0.146 0.147 0.000000
0.147 0.148 0.000000
0.148 0.149 0.000000
0.149 0.150 0.000000
