1
0.000 0.001 0.000000
0.001 0.002 0.000000
0.002 0.003 0.000000
0.003 0.004 0.000000
0.004 0.005 0.000000
0.005 0.006 0.000000
0.006 0.007 0.000000
0.007 0.008 0.000000
0.008 0.009 0.000000
0.009 0.010 0.000000
0.010 0.011 0.000000
0.011 0.012 0.000000
0.012 0.013 0.000000
0.013 0.014 0.000000
0.014 0.015 0.000000
0.015 0.016 0.000000
0.016 0.017 0.000000
0.017 0.018 0.000004
0.018 0.019 0.000026
0.019 0.020 0.000119
0.020 0.021 0.000413
0.021 0.022 0.001172
0.022 0.023 0.002812
0.023 0.024 0.005898
0.024 0.025 0.011105
0.025 0.026 0.019031
0.026 0.027 0.030132
0.027 0.028 0.044926
0.028 0.029 0.063521
0.029 0.030 0.085338
0.030 0.031 0.110458
0.031 0.032 0.137960
0.032 0.033 0.167422
0.033 0.034 0.198460
0.034 0.035 0.230230
0.035 0.036 0.261367
0.036 0.037 0.291907
0.037 0.038 0.321786
0.038 0.039 0.348810
0.039 0.040 0.374712
0.040 0.041 0.398636
0.041 0.042 0.418896
0.042 0.043 0.439066
0.043 0.044 0.456724
0.044 0.045 0.472506
0.045 0.046 0.484482
0.046 0.047 0.493307
0.047 0.048 0.503328
0.048 0.049 0.510681
0.049 0.050 0.512359
0.050 0.051 0.513212
0.051 0.052 0.515600
0.052 0.053 0.516151
0.053 0.054 0.512124
0.054 0.055 0.509098
0.055 0.056 0.507422
0.056 0.057 0.505295
0.057 0.058 0.674367
0.058 0.059 1.000000
0.059 0.060 0.818333
0.060 0.061 0.488879
0.061 0.062 0.480791
0.062 0.063 0.455112
0.063 0.064 0.443758
0.064 0.065 0.431708
0.065 0.066 0.421874
0.066 0.067 0.545533
0.067 0.068 0.537899
0.068 0.069 0.420438
0.069 0.070 0.378682
0.070 0.071 0.311703
0.071 0.072 0.303376
0.072 0.073 0.293098
0.073 0.074 0.287035
0.074 0.075 0.279953
0.075 0.076 0.271275
0.076 0.077 0.260440
0.077 0.078 0.250931
0.078 0.079 0.244203
0.079 0.080 0.238322
0.080 0.081 0.229661
0.081 0.082 0.220115
0.082 0.083 0.211737
0.083 0.084 0.203807
0.084 0.085 0.196516
0.085 0.086 0.189964
0.086 0.087 0.181314
0.087 0.088 0.175262
0.088 0.089 0.168398
0.089 0.090 0.158642
0.090 0.091 0.151134
0.091 0.092 0.141456
0.092 0.093 0.135035
0.093 0.094 0.131626
0.094 0.095 0.125010
0.095 0.096 0.118586
0.096 0.097 0.111510
0.097 0.098 0.102974
0.098 0.099 0.095004
0.099 0.100 0.088026
0.100 0.101 0.084139
0.101 0.102 0.079475
0.102 0.103 0.072854
0.103 0.104 0.067798
0.104 0.105 0.063773
0.105 0.106 0.058665
0.106 0.107 0.053590
0.107 0.108 0.046853
0.108 0.109 0.042773
0.109 0.110 0.038282
0.110 0.111 0.034138
0.111 0.112 0.030812
0.112 0.113 0.026483
0.113 0.114 0.022797
0.114 0.115 0.018438
0.115 0.116 0.015338
0.116 0.117 0.012596
0.117 0.118 0.009648
0.118 0.119 0.005678
0.119 0.120 0.004368
0.120 0.121 0.003498
0.121 0.122 0.001360
0.122 0.123 0.000829
0.123 0.124 0.000000
0.124 0.125 0.000000
0.125 0.126 0.000000
0.126 0.127 0.000000
0.127 0.128 0.000000
0.128 0.129 0.000000
0.129 0.130 0.000000
0.130 0.131 0.000000
0.131 0.132 0.000000
0.132 0.133 0.000000
0.133 0.134 0.000000
0.134 0.135 0.000000
0.135 0.136 0.000000
0.136 0.137 0.000000
0.137 0.138 0.000000
0.138 0.139 0.000000
0.139 0.140 0.000000
0.140 0.141 0.000000
0.141 0.142 0.000000
0.142 0.143 0.000000
0.143 0.144 0.000000
0.144 0.145 0.000000
0.145 0.146 0.000000
0.146 0.147 0.000000
0.147 0.148 0.000000
0.148 0.149 0.000000
0.149 0.150 0.000000
