1
0.000 0.001 0.000000
0.001 0.002 0.000000
0.002 0.003 0.000000
0.003 0.004 0.000000
0.004 0.005 0.000000
0.005 0.006 0.000000
0.006 0.007 0.000000
0.007 0.008 0.000000
0.008 0.009 0.000000
0.009 0.010 0.000000
0.010 0.011 0.000000
0.011 0.012 0.000000
0.012 0.013 0.000000
0.013 0.014 0.000000
0.014 0.015 0.000000
0.015 0.016 0.000000
0.016 0.017 0.000000
0.017 0.018 0.000001
0.018 0.019 0.000006
0.019 0.020 0.000031
0.020 0.021 0.000133
0.021 0.022 0.000441
0.022 0.023 0.001204
0.023 0.024 0.002815
0.024 0.025 0.005796
0.025 0.026 0.010707
0.026 0.027 0.018109
0.027 0.028 0.028528
0.028 0.029 0.042323
0.029 0.030 0.059391
0.030 0.031 0.079660
0.031 0.032 0.102746
0.032 0.033 0.128340
0.033 0.034 0.156091
0.034 0.035 0.185223
0.035 0.036 0.214658
0.036 0.037 0.244573
0.037 0.038 0.274213
0.038 0.039 0.301853
0.039 0.040 0.329073
0.040 0.041 0.354854
0.041 0.042 0.378332
0.042 0.043 0.400911
0.043 0.044 0.420807
0.044 0.045 0.439411
0.045 0.046 0.454950
0.046 0.047 0.467018
0.047 0.048 0.479710
0.048 0.049 0.490652
0.049 0.050 0.496785
0.050 0.051 0.501345
0.051 0.052 0.506945
0.052 0.053 0.511007
0.053 0.054 0.511679
0.054 0.055 0.510639
0.055 0.056 0.510543
0.056 0.057 0.509563
0.057 0.058 0.677143
0.058 0.059 1.000000
0.059 0.060 0.822965
0.060 0.061 0.498339
0.061 0.062 0.491227
0.062 0.063 0.466755
0.063 0.064 0.456248
0.064 0.065 0.444963
0.065 0.066 0.435801
0.066 0.067 0.560678
0.067 0.068 0.552801
0.068 0.069 0.434120
0.069 0.070 0.391412
0.070 0.071 0.323771
0.071 0.072 0.314583
0.072 0.073 0.303280
0.073 0.074 0.296653
0.074 0.075 0.288020
0.075 0.076 0.279735
0.076 0.077 0.269241
0.077 0.078 0.260207
0.078 0.079 0.254762
0.079 0.080 0.247854
0.080 0.081 0.238078
0.081 0.082 0.227063
0.082 0.083 0.217354
0.083 0.084 0.207277
0.084 0.085 0.199976
0.085 0.086 0.193543
0.086 0.087 0.184874
0.087 0.088 0.178824
0.088 0.089 0.171891
0.089 0.090 0.162620
0.090 0.091 0.153708
0.091 0.092 0.141799
0.092 0.093 0.135145
0.093 0.094 0.131471
0.094 0.095 0.124543
0.095 0.096 0.117816
0.096 0.097 0.110299
0.097 0.098 0.101332
0.098 0.099 0.092244
0.099 0.100 0.086526
0.100 0.101 0.082525
0.101 0.102 0.077398
0.102 0.103 0.070168
0.103 0.104 0.064531
0.104 0.105 0.059486
0.105 0.106 0.055040
0.106 0.107 0.050569
0.107 0.108 0.045068
0.108 0.109 0.040299
0.109 0.110 0.035107
0.110 0.111 0.029788
0.111 0.112 0.026831
0.112 0.113 0.022971
0.113 0.114 0.019726
0.114 0.115 0.016358
0.115 0.116 0.011961
0.116 0.117 0.009496
0.117 0.118 0.006866
0.118 0.119 0.003445
0.119 0.120 0.002211
0.120 0.121 0.000733
0.121 0.122 0.000000
0.122 0.123 0.000000
0.123 0.124 0.000000
0.124 0.125 0.000000
0.125 0.126 0.000000
0.126 0.127 0.000000
0.127 0.128 0.000000
0.128 0.129 0.000000
0.129 0.130 0.000000
0.130 0.131 0.000000
0.131 0.132 0.000000
0.132 0.133 0.000000
0.133 0.134 0.000000
0.134 0.135 0.000000
0.135 0.136 0.000000
0.136 0.137 0.000000
0.137 0.138 0.000000
0.138 0.139 0.000000
0.139 0.140 0.000000
0.140 0.141 0.000000
0.141 0.142 0.000000
0.142 0.143 0.000000
0.143 0.144 0.000000
0.144 0.145 0.000000
0.145 0.146 0.000000
0.146 0.147 0.000000
0.147 0.148 0.000000
0.148 0.149 0.000000
0.149 0.150 0.000000
