1
0.000 0.001 0.000000
0.001 0.002 0.000000
0.002 0.003 0.000000
0.003 0.004 0.000000
0.004 0.005 0.000000
0.005 0.006 0.000000
0.006 0.007 0.000000
0.007 0.008 0.000000
0.008 0.009 0.000000
0.009 0.010 0.000000
0.010 0.011 0.000000
0.011 0.012 0.000000
0.012 0.013 0.000000
0.013 0.014 0.000000
0.014 0.015 0.000000
0.015 0.016 0.000000
0.016 0.017 0.000000
0.017 0.018 0.000000
0.018 0.019 0.000000
0.019 0.020 0.000000
0.020 0.021 0.000002
0.021 0.022 0.000010
0.022 0.023 0.000042
0.023 0.024 0.000140
0.024 0.025 0.000389
0.025 0.026 0.000936
0.026 0.027 0.001992
0.027 0.028 0.003849
0.028 0.029 0.006835
0.029 0.030 0.011216
0.030 0.031 0.017363
0.031 0.032 0.025443
0.032 0.033 0.035607
0.033 0.034 0.047986
0.034 0.035 0.062466
0.035 0.036 0.078637
0.036 0.037 0.096691
0.037 0.038 0.116516
0.038 0.039 0.136659
0.039 0.040 0.157632
0.040 0.041 0.179294
0.041 0.042 0.200622
0.042 0.043 0.222209
0.043 0.044 0.243259
0.044 0.045 0.264382
0.045 0.046 0.283440
0.046 0.047 0.300931
0.047 0.048 0.319725
0.048 0.049 0.336751
0.049 0.050 0.350429
0.050 0.051 0.363237
0.051 0.052 0.376694
0.052 0.053 0.388265
0.053 0.054 0.397073
0.054 0.055 0.405080
0.055 0.056 0.414146
0.056 0.057 0.422337
0.057 0.058 0.620020
0.058 0.059 1.000000
0.059 0.060 0.812485
0.060 0.061 0.448512
0.061 0.062 0.450092
0.062 0.063 0.430566
0.063 0.064 0.429229
0.064 0.065 0.425977
0.065 0.066 0.423669
0.066 0.067 0.586376
0.067 0.068 0.585627
0.068 0.069 0.450089
0.069 0.070 0.407902
0.070 0.071 0.330077
0.071 0.072 0.326658
0.072 0.073 0.321408
0.073 0.074 0.318822
0.074 0.075 0.315870
0.075 0.076 0.311851
0.076 0.077 0.304963
0.077 0.078 0.299790
0.078 0.079 0.297258
0.079 0.080 0.293239
0.080 0.081 0.287065
0.081 0.082 0.279572
0.082 0.083 0.272533
0.083 0.084 0.265882
0.084 0.085 0.260209
0.085 0.086 0.255056
0.086 0.087 0.248150
0.087 0.088 0.244139
0.088 0.089 0.238183
0.089 0.090 0.229495
0.090 0.091 0.221762
0.091 0.092 0.210655
0.092 0.093 0.203287
0.093 0.094 0.200026
0.094 0.095 0.192630
0.095 0.096 0.185457
0.096 0.097 0.177939
0.097 0.098 0.168108
0.098 0.099 0.159266
0.099 0.100 0.152139
0.100 0.101 0.146014
0.101 0.102 0.138783
0.102 0.103 0.130273
0.103 0.104 0.123729
0.104 0.105 0.117599
0.105 0.106 0.109483
0.106 0.107 0.103292
0.107 0.108 0.095650
0.108 0.109 0.089255
0.109 0.110 0.082658
0.110 0.111 0.075766
0.111 0.112 0.070962
0.112 0.113 0.064324
0.113 0.114 0.058529
0.114 0.115 0.052883
0.115 0.116 0.047798
0.116 0.117 0.042841
0.117 0.118 0.037676
0.118 0.119 0.030490
0.119 0.120 0.027210
0.120 0.121 0.025624
0.121 0.122 0.021555
0.122 0.123 0.018544
0.123 0.124 0.015353
0.124 0.125 0.011327
0.125 0.126 0.008495
0.126 0.127 0.005801
0.127 0.128 0.003992
0.128 0.129 0.001866
0.129 0.130 0.000520
0.130 0.131 0.000000
0.131 0.132 0.000000
0.132 0.133 0.000000
0.133 0.134 0.000000
0.134 0.135 0.000000
0.135 0.136 0.000000
0.136 0.137 0.000000
0.137 0.138 0.000000
0.138 0.139 0.000000
0.139 0.140 0.000000
0.140 0.141 0.000000
0.141 0.142 0.000000
0.142 0.143 0.000000
0.143 0.144 0.000000
0.144 0.145 0.000000
0.145 0.146 0.000000
0.146 0.147 0.000000
0.147 0.148 0.000000
0.148 0.149 0.000000
0.149 0.150 0.000000
