1
0.000 0.001 0.000000
0.001 0.002 0.000000
0.002 0.003 0.000000
0.003 0.004 0.000000
0.004 0.005 0.000000
0.005 0.006 0.000000
0.006 0.007 0.000000
0.007 0.008 0.000000
0.008 0.009 0.000000
0.009 0.010 0.000000
0.010 0.011 0.000000
0.011 0.012 0.000000
0.012 0.013 0.000000
0.013 0.014 0.000000
0.014 0.015 0.000000
0.015 0.016 0.000001
0.016 0.017 0.000012
0.017 0.018 0.000075
0.018 0.019 0.000325
0.019 0.020 0.001068
0.020 0.021 0.002853
0.021 0.022 0.006438
0.022 0.023 0.012641
0.023 0.024 0.022271
0.024 0.025 0.035929
0.025 0.026 0.053683
0.026 0.027 0.075541
0.027 0.028 0.101466
0.028 0.029 0.130767
0.029 0.030 0.161865
0.030 0.031 0.194134
0.031 0.032 0.228313
0.032 0.033 0.261346
0.033 0.034 0.293466
0.034 0.035 0.325356
0.035 0.036 0.355413
0.036 0.037 0.384807
0.037 0.038 0.409818
0.038 0.039 0.429097
0.039 0.040 0.448385
0.040 0.041 0.466380
0.041 0.042 0.479999
0.042 0.043 0.493627
0.043 0.044 0.502996
0.044 0.045 0.511548
0.045 0.046 0.519523
0.046 0.047 0.520470
0.047 0.048 0.524367
0.048 0.049 0.529190
0.049 0.050 0.526754
0.050 0.051 0.522557
0.051 0.052 0.521533
0.052 0.053 0.522341
0.053 0.054 0.518365
0.054 0.055 0.510645
0.055 0.056 0.506895
0.056 0.057 0.505092
0.057 0.058 0.675285
0.058 0.059 1.000000
0.059 0.060 0.811283
0.060 0.061 0.478221
0.061 0.062 0.470362
0.062 0.063 0.446834
0.063 0.064 0.434797
0.064 0.065 0.423329
0.065 0.066 0.416004
0.066 0.067 0.536320
0.067 0.068 0.526864
0.068 0.069 0.413177
0.069 0.070 0.372693
0.070 0.071 0.308439
0.071 0.072 0.298898
0.072 0.073 0.288008
0.073 0.074 0.285257
0.074 0.075 0.280711
0.075 0.076 0.271749
0.076 0.077 0.260077
0.077 0.078 0.251256
0.078 0.079 0.247416
0.079 0.080 0.241573
0.080 0.081 0.232682
0.081 0.082 0.222956
0.082 0.083 0.213784
0.083 0.084 0.203863
0.084 0.085 0.195882
0.085 0.086 0.189404
0.086 0.087 0.181082
0.087 0.088 0.175136
0.088 0.089 0.169617
0.089 0.090 0.160441
0.090 0.091 0.149059
0.091 0.092 0.137901
0.092 0.093 0.130279
0.093 0.094 0.125080
0.094 0.095 0.116995
0.095 0.096 0.109421
0.096 0.097 0.099892
0.097 0.098 0.089118
0.098 0.099 0.076756
0.099 0.100 0.068658
0.100 0.101 0.065304
0.101 0.102 0.058095
0.102 0.103 0.048115
0.103 0.104 0.039804
0.104 0.105 0.033490
0.105 0.106 0.025923
0.106 0.107 0.017696
0.107 0.108 0.008299
0.108 0.109 0.000595
0.109 0.110 0.000000
0.110 0.111 0.000000
0.111 0.112 0.000000
0.112 0.113 0.000000
0.113 0.114 0.000000
0.114 0.115 0.000000
0.115 0.116 0.000000
0.116 0.117 0.000000
0.117 0.118 0.000000
0.118 0.119 0.000000
0.119 0.120 0.000000
0.120 0.121 0.000000
0.121 0.122 0.000000
0.122 0.123 0.000000
0.123 0.124 0.000000
0.124 0.125 0.000000
0.125 0.126 0.000000
0.126 0.127 0.000000
0.127 0.128 0.000000
0.128 0.129 0.000000
0.129 0.130 0.000000
0.130 0.131 0.000000
0.131 0.132 0.000000
0.132 0.133 0.000000
0.133 0.134 0.000000
0.134 0.135 0.000000
0.135 0.136 0.000000
0.136 0.137 0.000000
0.137 0.138 0.000000
0.138 0.139 0.000000
0.139 0.140 0.000000
0.140 0.141 0.000000
0.141 0.142 0.000000
0.142 0.143 0.000000
0.143 0.144 0.000000
0.144 0.145 0.000000
0.145 0.146 0.000000
0.146 0.147 0.000000
0.147 0.148 0.000000
0.148 0.149 0.000000
0.149 0.150 0.000000
