1
0.000 0.001 0.000000
0.001 0.002 0.000000
0.002 0.003 0.000000
0.003 0.004 0.000000
0.004 0.005 0.000000
0.005 0.006 0.000000
0.006 0.007 0.000000
0.007 0.008 0.000000
0.008 0.009 0.000000
0.009 0.010 0.000000
0.010 0.011 0.000000
0.011 0.012 0.000000
0.012 0.013 0.000000
0.013 0.014 0.000000
0.014 0.015 0.000000
0.015 0.016 0.000000
0.016 0.017 0.000000
0.017 0.018 0.000005
0.018 0.019 0.000031
0.019 0.020 0.000146
0.020 0.021 0.000536
0.021 0.022 0.001582
0.022 0.023 0.003918
0.023 0.024 0.008437
0.024 0.025 0.016208
0.025 0.026 0.028181
0.026 0.027 0.045143
0.027 0.028 0.067893
0.028 0.029 0.096654
0.029 0.030 0.130763
0.030 0.031 0.169883
0.031 0.032 0.212757
0.032 0.033 0.259011
0.033 0.034 0.306945
0.034 0.035 0.354981
0.035 0.036 0.403232
0.036 0.037 0.449147
0.037 0.038 0.491834
0.038 0.039 0.532924
0.039 0.040 0.572319
0.040 0.041 0.605418
0.041 0.042 0.634406
0.042 0.043 0.661136
0.043 0.044 0.682805
0.044 0.045 0.702231
0.045 0.046 0.714187
0.046 0.047 0.723403
0.047 0.048 0.730955
0.048 0.049 0.733855
0.049 0.050 0.729401
0.050 0.051 0.725658
0.051 0.052 0.722247
0.052 0.053 0.716227
0.053 0.054 0.707689
0.054 0.055 0.697552
0.055 0.056 0.684285
0.056 0.057 0.669540
0.057 0.058 0.779299
0.058 0.059 1.000000
0.059 0.060 0.857930
0.060 0.061 0.607147
0.061 0.062 0.589444
0.062 0.063 0.557515
0.063 0.064 0.535948
0.064 0.065 0.515814
0.065 0.066 0.495868
0.066 0.067 0.573569
0.067 0.068 0.555458
0.068 0.069 0.450276
0.069 0.070 0.405777
0.070 0.071 0.350023
0.071 0.072 0.334766
0.072 0.073 0.314740
0.073 0.074 0.300057
0.074 0.075 0.284357
0.075 0.076 0.263338
0.076 0.077 0.247316
0.077 0.078 0.232493
0.078 0.079 0.220426
0.079 0.080 0.207873
0.080 0.081 0.192613
0.081 0.082 0.174951
0.082 0.083 0.157200
0.083 0.084 0.144441
0.084 0.085 0.132246
0.085 0.086 0.120804
0.086 0.087 0.107846
0.087 0.088 0.095316
0.088 0.089 0.080315
0.089 0.090 0.070351
0.090 0.091 0.060915
0.091 0.092 0.051123
0.092 0.093 0.040391
0.093 0.094 0.033826
0.094 0.095 0.027016
0.095 0.096 0.020486
0.096 0.097 0.011710
0.097 0.098 0.007229
0.098 0.099 0.001792
0.099 0.100 0.000000
0.100 0.101 0.000000
0.101 0.102 0.000000
0.102 0.103 0.000000
0.103 0.104 0.000000
0.104 0.105 0.000000
0.105 0.106 0.000000
0.106 0.107 0.000000
0.107 0.108 0.000000
0.108 0.109 0.000000
0.109 0.110 0.000000
0.110 0.111 0.000000
0.111 0.112 0.000000
0.112 0.113 0.000000
0.113 0.114 0.000000
0.114 0.115 0.000000
0.115 0.116 0.000000
0.116 0.117 0.000000
0.117 0.118 0.000000
0.118 0.119 0.000000
0.119 0.120 0.000000
0.120 0.121 0.000000
0.121 0.122 0.000000
0.122 0.123 0.000000
0.123 0.124 0.000000
0.124 0.125 0.000000
0.125 0.126 0.000000
0.126 0.127 0.000000
0.127 0.128 0.000000
0.128 0.129 0.000000
0.129 0.130 0.000000
0.130 0.131 0.000000
0.131 0.132 0.000000
0.132 0.133 0.000000
0.133 0.134 0.000000
0.134 0.135 0.000000
0.135 0.136 0.000000
0.136 0.137 0.000000
0.137 0.138 0.000000
0.138 0.139 0.000000
0.139 0.140 0.000000
0.140 0.141 0.000000
0.141 0.142 0.000000
0.142 0.143 0.000000
0.143 0.144 0.000000
0.144 0.145 0.000000
0.145 0.146 0.000000
0.146 0.147 0.000000
0.147 0.148 0.000000
0.148 0.149 0.000000
0.149 0.150 0.000000
