1
0.000 0.001 0.000000
0.001 0.002 0.000000
0.002 0.003 0.000000
0.003 0.004 0.000000
0.004 0.005 0.000000
0.005 0.006 0.000000
0.006 0.007 0.000000
0.007 0.008 0.000000
0.008 0.009 0.000000
0.009 0.010 0.000000
0.010 0.011 0.000000
0.011 0.012 0.000000
0.012 0.013 0.000001
0.013 0.014 0.000013
0.014 0.015 0.000099
0.015 0.016 0.000476
0.016 0.017 0.001664
0.017 0.018 0.004564
0.018 0.019 0.010343
0.019 0.020 0.020365
0.020 0.021 0.035712
0.021 0.022 0.057050
0.022 0.023 0.084424
0.023 0.024 0.117247
0.024 0.025 0.155138
0.025 0.026 0.195992
0.026 0.027 0.238669
0.027 0.028 0.283180
0.028 0.029 0.327467
0.029 0.030 0.370210
0.030 0.031 0.410624
0.031 0.032 0.448016
0.032 0.033 0.482654
0.033 0.034 0.513901
0.034 0.035 0.541631
0.035 0.036 0.565853
0.036 0.037 0.586549
0.037 0.038 0.602978
0.038 0.039 0.614449
0.039 0.040 0.624741
0.040 0.041 0.632237
0.041 0.042 0.636237
0.042 0.043 0.639886
0.043 0.044 0.640301
0.044 0.045 0.640088
0.045 0.046 0.636955
0.046 0.047 0.629819
0.047 0.048 0.624856
0.048 0.049 0.619655
0.049 0.050 0.609574
0.050 0.051 0.598730
0.051 0.052 0.590840
0.052 0.053 0.582570
0.053 0.054 0.571271
0.054 0.055 0.558832
0.055 0.056 0.548372
0.056 0.057 0.538151
0.057 0.058 0.695567
0.058 0.059 1.000000
0.059 0.060 0.815293
0.060 0.061 0.495853
0.061 0.062 0.482725
0.062 0.063 0.454682
0.063 0.064 0.439773
0.064 0.065 0.424832
0.065 0.066 0.412586
0.066 0.067 0.519763
0.067 0.068 0.507519
0.068 0.069 0.398721
0.069 0.070 0.357201
0.070 0.071 0.295733
0.071 0.072 0.284900
0.072 0.073 0.272230
0.073 0.074 0.264824
0.074 0.075 0.255940
0.075 0.076 0.245821
0.076 0.077 0.234017
0.077 0.078 0.223756
0.078 0.079 0.217089
0.079 0.080 0.209291
0.080 0.081 0.199017
0.081 0.082 0.187174
0.082 0.083 0.178210
0.083 0.084 0.169452
0.084 0.085 0.161555
0.085 0.086 0.154563
0.086 0.087 0.145830
0.087 0.088 0.138649
0.088 0.089 0.132792
0.089 0.090 0.124924
0.090 0.091 0.116754
0.091 0.092 0.107477
0.092 0.093 0.100861
0.093 0.094 0.095845
0.094 0.095 0.090007
0.095 0.096 0.084442
0.096 0.097 0.077971
0.097 0.098 0.070518
0.098 0.099 0.062927
0.099 0.100 0.056897
0.100 0.101 0.054110
0.101 0.102 0.049920
0.102 0.103 0.043996
0.103 0.104 0.039285
0.104 0.105 0.035264
0.105 0.106 0.031777
0.106 0.107 0.028128
0.107 0.108 0.023813
0.108 0.109 0.019543
0.109 0.110 0.016298
0.110 0.111 0.013319
0.111 0.112 0.010872
0.112 0.113 0.007572
0.113 0.114 0.005731
0.114 0.115 0.003388
0.115 0.116 0.002115
0.116 0.117 0.000569
0.117 0.118 0.000000
0.118 0.119 0.000000
0.119 0.120 0.000000
0.120 0.121 0.000000
0.121 0.122 0.000000
0.122 0.123 0.000000
0.123 0.124 0.000000
0.124 0.125 0.000000
0.125 0.126 0.000000
0.126 0.127 0.000000
0.127 0.128 0.000000
0.128 0.129 0.000000
0.129 0.130 0.000000
0.130 0.131 0.000000
0.131 0.132 0.000000
0.132 0.133 0.000000
0.133 0.134 0.000000
0.134 0.135 0.000000
0.135 0.136 0.000000
0.136 0.137 0.000000
0.137 0.138 0.000000
0.138 0.139 0.000000
0.139 0.140 0.000000
0.140 0.141 0.000000
0.141 0.142 0.000000
0.142 0.143 0.000000
0.143 0.144 0.000000
0.144 0.145 0.000000
0.145 0.146 0.000000
0.146 0.147 0.000000
0.147 0.148 0.000000
0.148 0.149 0.000000
0.149 0.150 0.000000
