1
0.000 0.001 0.000000
0.001 0.002 0.000000
0.002 0.003 0.000000
0.003 0.004 0.000000
0.004 0.005 0.000000
0.005 0.006 0.000000
0.006 0.007 0.000000
0.007 0.008 0.000000
0.008 0.009 0.000000
0.009 0.010 0.000000
0.010 0.011 0.000000
0.011 0.012 0.000000
0.012 0.013 0.000000
0.013 0.014 0.000001
0.014 0.015 0.000009
0.015 0.016 0.000069
0.016 0.017 0.000340
0.017 0.018 0.001224
0.018 0.019 0.003460
0.019 0.020 0.008141
0.020 0.021 0.016552
0.021 0.022 0.029920
0.022 0.023 0.049032
0.023 0.024 0.074248
0.024 0.025 0.105605
0.025 0.026 0.142047
0.026 0.027 0.182606
0.027 0.028 0.226898
0.028 0.029 0.273150
0.029 0.030 0.318999
0.030 0.031 0.364388
0.031 0.032 0.407892
0.032 0.033 0.449224
0.033 0.034 0.487877
0.034 0.035 0.522819
0.035 0.036 0.553978
0.036 0.037 0.580968
0.037 0.038 0.603354
0.038 0.039 0.620533
0.039 0.040 0.635710
0.040 0.041 0.647492
0.041 0.042 0.654503
0.042 0.043 0.661663
0.043 0.044 0.664865
0.044 0.045 0.666899
0.045 0.046 0.665070
0.046 0.047 0.658947
0.047 0.048 0.655172
0.048 0.049 0.649793
0.049 0.050 0.637979
0.050 0.051 0.626093
0.051 0.052 0.617047
0.052 0.053 0.607223
0.053 0.054 0.592916
0.054 0.055 0.579845
0.055 0.056 0.568470
0.056 0.057 0.558011
0.057 0.058 0.708653
0.058 0.059 1.000000
0.059 0.060 0.819681
0.060 0.061 0.509143
0.061 0.062 0.494676
0.062 0.063 0.465409
0.063 0.064 0.448027
0.064 0.065 0.430167
0.065 0.066 0.417807
0.066 0.067 0.522647
0.067 0.068 0.510276
0.068 0.069 0.402323
0.069 0.070 0.360840
0.070 0.071 0.299949
0.071 0.072 0.288357
0.072 0.073 0.274720
0.073 0.074 0.267100
0.074 0.075 0.258215
0.075 0.076 0.245626
0.076 0.077 0.234125
0.077 0.078 0.224317
0.078 0.079 0.218204
0.079 0.080 0.210873
0.080 0.081 0.200962
0.081 0.082 0.189982
0.082 0.083 0.180117
0.083 0.084 0.170331
0.084 0.085 0.160594
0.085 0.086 0.154396
0.086 0.087 0.146468
0.087 0.088 0.140545
0.088 0.089 0.134314
0.089 0.090 0.126036
0.090 0.091 0.117287
0.091 0.092 0.107604
0.092 0.093 0.100574
0.093 0.094 0.094820
0.094 0.095 0.088983
0.095 0.096 0.083443
0.096 0.097 0.076855
0.097 0.098 0.069296
0.098 0.099 0.061321
0.099 0.100 0.055577
0.100 0.101 0.052308
0.101 0.102 0.046476
0.102 0.103 0.040885
0.103 0.104 0.036485
0.104 0.105 0.033271
0.105 0.106 0.029274
0.106 0.107 0.025054
0.107 0.108 0.019552
0.108 0.109 0.016425
0.109 0.110 0.013068
0.110 0.111 0.009946
0.111 0.112 0.006702
0.112 0.113 0.004885
0.113 0.114 0.003227
0.114 0.115 0.000894
0.115 0.116 0.000000
0.116 0.117 0.000000
0.117 0.118 0.000000
0.118 0.119 0.000000
0.119 0.120 0.000000
0.120 0.121 0.000000
0.121 0.122 0.000000
0.122 0.123 0.000000
0.123 0.124 0.000000
0.124 0.125 0.000000
0.125 0.126 0.000000
0.126 0.127 0.000000
0.127 0.128 0.000000
0.128 0.129 0.000000
0.129 0.130 0.000000
0.130 0.131 0.000000
0.131 0.132 0.000000
0.132 0.133 0.000000
0.133 0.134 0.000000
0.134 0.135 0.000000
0.135 0.136 0.000000
0.136 0.137 0.000000
0.137 0.138 0.000000
0.138 0.139 0.000000
0.139 0.140 0.000000
0.140 0.141 0.000000
0.141 0.142 0.000000
0.142 0.143 0.000000
0.143 0.144 0.000000
0.144 0.145 0.000000
0.145 0.146 0.000000
0.146 0.147 0.000000
0.147 0.148 0.000000
0.148 0.149 0.000000
0.149 0.150 0.000000
