1
0.000 0.001 0.000000
0.001 0.002 0.000000
0.002 0.003 0.000000
0.003 0.004 0.000000
0.004 0.005 0.000000
0.005 0.006 0.000000
0.006 0.007 0.000000
0.007 0.008 0.000000
0.008 0.009 0.000000
0.009 0.010 0.000000
0.010 0.011 0.000000
0.011 0.012 0.000000
0.012 0.013 0.000000
0.013 0.014 0.000000
0.014 0.015 0.000000
0.015 0.016 0.000000
0.016 0.017 0.000000
0.017 0.018 0.000000
0.018 0.019 0.000000
0.019 0.020 0.000003
0.020 0.021 0.000015
0.021 0.022 0.000065
0.022 0.023 0.000221
0.023 0.024 0.000622
0.024 0.025 0.001504
0.025 0.026 0.003194
0.026 0.027 0.006086
0.027 0.028 0.010669
0.028 0.029 0.017378
0.029 0.030 0.026377
0.030 0.031 0.038000
0.031 0.032 0.052351
0.032 0.033 0.069245
0.033 0.034 0.088512
0.034 0.035 0.110016
0.035 0.036 0.133254
0.036 0.037 0.157822
0.037 0.038 0.182853
0.038 0.039 0.207196
0.039 0.040 0.231926
0.040 0.041 0.256803
0.041 0.042 0.280357
0.042 0.043 0.303836
0.043 0.044 0.325084
0.044 0.045 0.345812
0.045 0.046 0.365182
0.046 0.047 0.380124
0.047 0.048 0.396627
0.048 0.049 0.413000
0.049 0.050 0.423751
0.050 0.051 0.432191
0.051 0.052 0.442399
0.052 0.053 0.453103
0.053 0.054 0.459235
0.054 0.055 0.462458
0.055 0.056 0.468269
0.056 0.057 0.474324
0.057 0.058 0.655135
0.058 0.059 1.000000
0.059 0.060 0.819271
0.060 0.061 0.480576
0.061 0.062 0.478818
0.062 0.063 0.459151
0.063 0.064 0.452719
0.064 0.065 0.445629
0.065 0.066 0.442071
0.066 0.067 0.583520
0.067 0.068 0.579059
0.068 0.069 0.454698
0.069 0.070 0.412607
0.070 0.071 0.341298
0.071 0.072 0.334013
0.072 0.073 0.325220
0.073 0.074 0.323366
0.074 0.075 0.319584
0.075 0.076 0.312258
0.076 0.077 0.301703
0.077 0.078 0.293590
0.078 0.079 0.290658
0.079 0.080 0.285319
0.080 0.081 0.276258
0.081 0.082 0.266251
0.082 0.083 0.257245
0.083 0.084 0.247875
0.084 0.085 0.240015
0.085 0.086 0.233530
0.086 0.087 0.224365
0.087 0.088 0.218461
0.088 0.089 0.212407
0.089 0.090 0.202238
0.090 0.091 0.190782
0.091 0.092 0.177773
0.092 0.093 0.169271
0.093 0.094 0.164385
0.094 0.095 0.155332
0.095 0.096 0.146648
0.096 0.097 0.136257
0.097 0.098 0.124039
0.098 0.099 0.111121
0.099 0.100 0.101851
0.100 0.101 0.096443
0.101 0.102 0.088652
0.102 0.103 0.077561
0.103 0.104 0.068178
0.104 0.105 0.062328
0.105 0.106 0.054494
0.106 0.107 0.047762
0.107 0.108 0.039326
0.108 0.109 0.033162
0.109 0.110 0.026052
0.110 0.111 0.020803
0.111 0.112 0.015971
0.112 0.113 0.011772
0.113 0.114 0.007483
0.114 0.115 0.003924
0.115 0.116 0.000662
0.116 0.117 0.000000
0.117 0.118 0.000000
0.118 0.119 0.000000
0.119 0.120 0.000000
0.120 0.121 0.000000
0.121 0.122 0.000000
0.122 0.123 0.000000
0.123 0.124 0.000000
0.124 0.125 0.000000
0.125 0.126 0.000000
0.126 0.127 0.000000
0.127 0.128 0.000000
0.128 0.129 0.000000
0.129 0.130 0.000000
0.130 0.131 0.000000
0.131 0.132 0.000000
0.132 0.133 0.000000
0.133 0.134 0.000000
0.134 0.135 0.000000
0.135 0.136 0.000000
0.136 0.137 0.000000
0.137 0.138 0.000000
0.138 0.139 0.000000
0.139 0.140 0.000000
0.140 0.141 0.000000
0.141 0.142 0.000000
0.142 0.143 0.000000
0.143 0.144 0.000000
0.144 0.145 0.000000
0.145 0.146 0.000000
0.146 0.147 0.000000
0.147 0.148 0.000000
0.148 0.149 0.000000
0.149 0.150 0.000000
