1
0.000 0.001 0.000000
0.001 0.002 0.000000
0.002 0.003 0.000000
0.003 0.004 0.000000
0.004 0.005 0.000000
0.005 0.006 0.000000
0.006 0.007 0.000000
0.007 0.008 0.000005
0.008 0.009 0.000000
0.009 0.010 0.000000
0.010 0.011 0.000001
0.011 0.012 0.000019
0.012 0.013 0.000168
0.013 0.014 0.000983
0.014 0.015 0.003851
0.015 0.016 0.011190
0.016 0.017 0.026048
0.017 0.018 0.051264
0.018 0.019 0.088611
0.019 0.020 0.138709
0.020 0.021 0.200474
0.021 0.022 0.271652
0.022 0.023 0.349095
0.023 0.024 0.429659
0.024 0.025 0.510639
0.025 0.026 0.588201
0.026 0.027 0.661447
0.027 0.028 0.729998
0.028 0.029 0.791063
0.029 0.030 0.843323
0.030 0.031 0.888565
0.031 0.032 0.924670
0.032 0.033 0.954500
0.033 0.034 0.975566
0.034 0.035 0.989832
0.035 0.036 0.999336
0.036 0.037 1.000000
0.037 0.038 0.996283
0.038 0.039 0.989534
0.039 0.040 0.981126
0.040 0.041 0.965855
0.041 0.042 0.950852
0.042 0.043 0.934400
0.043 0.044 0.916297
0.044 0.045 0.895643
0.045 0.046 0.869428
0.046 0.047 0.844887
0.047 0.048 0.819987
0.048 0.049 0.792365
0.049 0.050 0.761105
0.050 0.051 0.737539
0.051 0.052 0.716234
0.052 0.053 0.691012
0.053 0.054 0.665122
0.054 0.055 0.639164
0.055 0.056 0.612952
0.056 0.057 0.587754
0.057 0.058 0.667438
0.058 0.059 0.834587
0.059 0.060 0.708160
0.060 0.061 0.500454
0.061 0.062 0.478047
0.062 0.063 0.445215
0.063 0.064 0.421704
0.064 0.065 0.400122
0.065 0.066 0.379460
0.066 0.067 0.430333
0.067 0.068 0.414579
0.068 0.069 0.336734
0.069 0.070 0.300341
0.070 0.071 0.257156
0.071 0.072 0.243461
0.072 0.073 0.226492
0.073 0.074 0.213254
0.074 0.075 0.198250
0.075 0.076 0.185234
0.076 0.077 0.172431
0.077 0.078 0.160398
0.078 0.079 0.150303
0.079 0.080 0.140153
0.080 0.081 0.128324
0.081 0.082 0.113847
0.082 0.083 0.103916
0.083 0.084 0.094580
0.084 0.085 0.085479
0.085 0.086 0.076867
0.086 0.087 0.067311
0.087 0.088 0.057084
0.088 0.089 0.049181
0.089 0.090 0.042054
0.090 0.091 0.035688
0.091 0.092 0.027834
0.092 0.093 0.023262
0.093 0.094 0.018580
0.094 0.095 0.013807
0.095 0.096 0.008214
0.096 0.097 0.005208
0.097 0.098 0.001339
0.098 0.099 0.000000
0.099 0.100 0.000000
0.100 0.101 0.000000
0.101 0.102 0.000000
0.102 0.103 0.000000
0.103 0.104 0.000000
0.104 0.105 0.000000
0.105 0.106 0.000000
0.106 0.107 0.000000
0.107 0.108 0.000000
0.108 0.109 0.000000
0.109 0.110 0.000000
0.110 0.111 0.000000
0.111 0.112 0.000000
0.112 0.113 0.000000
0.113 0.114 0.000000
0.114 0.115 0.000000
0.115 0.116 0.000000
0.116 0.117 0.000000
0.117 0.118 0.000000
0.118 0.119 0.000000
0.119 0.120 0.000000
0.120 0.121 0.000000
0.121 0.122 0.000000
0.122 0.123 0.000000
0.123 0.124 0.000000
0.124 0.125 0.000000
0.125 0.126 0.000000
0.126 0.127 0.000000
0.127 0.128 0.000000
0.128 0.129 0.000000
0.129 0.130 0.000000
0.130 0.131 0.000000
0.131 0.132 0.000000
0.132 0.133 0.000000
0.133 0.134 0.000000
0.134 0.135 0.000000
0.135 0.136 0.000000
0.136 0.137 0.000000
0.137 0.138 0.000000
0.138 0.139 0.000000
0.139 0.140 0.000000
0.140 0.141 0.000000
0.141 0.142 0.000000
0.142 0.143 0.000000
0.143 0.144 0.000000
0.144 0.145 0.000000
0.145 0.146 0.000000
0.146 0.147 0.000000
0.147 0.148 0.000000
0.148 0.149 0.000000
0.149 0.150 0.000000
