1
0.000 0.001 0.000000
0.001 0.002 0.000000
0.002 0.003 0.000000
0.003 0.004 0.000000
0.004 0.005 0.000000
0.005 0.006 0.000000
0.006 0.007 0.000000
0.007 0.008 0.000000
0.008 0.009 0.000000
0.009 0.010 0.000000
0.010 0.011 0.000000
0.011 0.012 0.000000
0.012 0.013 0.000000
0.013 0.014 0.000000
0.014 0.015 0.000000
0.015 0.016 0.000000
0.016 0.017 0.000000
0.017 0.018 0.000000
0.018 0.019 0.000000
0.019 0.020 0.000000
0.020 0.021 0.000000
0.021 0.022 0.000002
0.022 0.023 0.000012
0.023 0.024 0.000050
0.024 0.025 0.000171
0.025 0.026 0.000489
0.026 0.027 0.001204
0.027 0.028 0.002632
0.028 0.029 0.005201
0.029 0.030 0.009380
0.030 0.031 0.015677
0.031 0.032 0.024520
0.032 0.033 0.036502
0.033 0.034 0.051718
0.034 0.035 0.070133
0.035 0.036 0.091983
0.036 0.037 0.116627
0.037 0.038 0.143636
0.038 0.039 0.173502
0.039 0.040 0.205820
0.040 0.041 0.238199
0.041 0.042 0.271492
0.042 0.043 0.305318
0.043 0.044 0.338697
0.044 0.045 0.372045
0.045 0.046 0.402362
0.046 0.047 0.431924
0.047 0.048 0.459555
0.048 0.049 0.484623
0.049 0.050 0.506235
0.050 0.051 0.527823
0.051 0.052 0.549708
0.052 0.053 0.564543
0.053 0.054 0.576836
0.054 0.055 0.588954
0.055 0.056 0.597576
0.056 0.057 0.603111
0.057 0.058 0.738462
0.058 0.059 1.000000
0.059 0.060 0.874088
0.060 0.061 0.621359
0.061 0.062 0.615810
0.062 0.063 0.593758
0.063 0.064 0.584447
0.064 0.065 0.575241
0.065 0.066 0.565498
0.066 0.067 0.673767
0.067 0.068 0.666865
0.068 0.069 0.553899
0.069 0.070 0.505569
0.070 0.071 0.441253
0.071 0.072 0.429446
0.072 0.073 0.411286
0.073 0.074 0.397006
0.074 0.075 0.381188
0.075 0.076 0.361436
0.076 0.077 0.341272
0.077 0.078 0.321877
0.078 0.079 0.305553
0.079 0.080 0.288476
0.080 0.081 0.266617
0.081 0.082 0.242767
0.082 0.083 0.219768
0.083 0.084 0.201369
0.084 0.085 0.182885
0.085 0.086 0.163637
0.086 0.087 0.145952
0.087 0.088 0.128624
0.088 0.089 0.107908
0.089 0.090 0.092429
0.090 0.091 0.077315
0.091 0.092 0.064471
0.092 0.093 0.050803
0.093 0.094 0.040433
0.094 0.095 0.028494
0.095 0.096 0.020512
0.096 0.097 0.010399
0.097 0.098 0.001736
0.098 0.099 0.000000
0.099 0.100 0.000000
0.100 0.101 0.000000
0.101 0.102 0.000000
0.102 0.103 0.000000
0.103 0.104 0.000000
0.104 0.105 0.000000
0.105 0.106 0.000000
0.106 0.107 0.000000
0.107 0.108 0.000000
0.108 0.109 0.000000
0.109 0.110 0.000000
0.110 0.111 0.000000
0.111 0.112 0.000000
0.112 0.113 0.000000
0.113 0.114 0.000000
0.114 0.115 0.000000
0.115 0.116 0.000000
0.116 0.117 0.000000
0.117 0.118 0.000000
0.118 0.119 0.000000
0.119 0.120 0.000000
0.120 0.121 0.000000
0.121 0.122 0.000000
0.122 0.123 0.000000
0.123 0.124 0.000000
0.124 0.125 0.000000
0.125 0.126 0.000000
0.126 0.127 0.000000
0.127 0.128 0.000000
0.128 0.129 0.000000
0.129 0.130 0.000000
0.130 0.131 0.000000
0.131 0.132 0.000000
0.132 0.133 0.000000
0.133 0.134 0.000000
0.134 0.135 0.000000
0.135 0.136 0.000000
0.136 0.137 0.000000
0.137 0.138 0.000000
0.138 0.139 0.000000
0.139 0.140 0.000000
0.140 0.141 0.000000
0.141 0.142 0.000000
0.142 0.143 0.000000
0.143 0.144 0.000000
0.144 0.145 0.000000
0.145 0.146 0.000000
0.146 0.147 0.000000
0.147 0.148 0.000000
0.148 0.149 0.000000
0.149 0.150 0.000000
