1
0.000 0.001 0.000000
0.001 0.002 0.000000
0.002 0.003 0.000000
0.003 0.004 0.000000
0.004 0.005 0.000000
0.005 0.006 0.000000
0.006 0.007 0.000000
0.007 0.008 0.000000
0.008 0.009 0.000000
0.009 0.010 0.000000
0.010 0.011 0.000000
0.011 0.012 0.000000
0.012 0.013 0.000000
0.013 0.014 0.000000
0.014 0.015 0.000000
0.015 0.016 0.000000
0.016 0.017 0.000000
0.017 0.018 0.000002
0.018 0.019 0.000010
0.019 0.020 0.000048
0.020 0.021 0.000177
0.021 0.022 0.000526
0.022 0.023 0.001319
0.023 0.024 0.002884
0.024 0.025 0.005619
0.025 0.026 0.009943
0.026 0.027 0.016239
0.027 0.028 0.024910
0.028 0.029 0.036075
0.029 0.030 0.049507
0.030 0.031 0.065576
0.031 0.032 0.083726
0.032 0.033 0.103488
0.033 0.034 0.124853
0.034 0.035 0.147195
0.035 0.036 0.169488
0.036 0.037 0.192511
0.037 0.038 0.216272
0.038 0.039 0.237896
0.039 0.040 0.258572
0.040 0.041 0.278842
0.041 0.042 0.297272
0.042 0.043 0.314738
0.043 0.044 0.331091
0.044 0.045 0.346890
0.045 0.046 0.359130
0.046 0.047 0.369738
0.047 0.048 0.381866
0.048 0.049 0.391384
0.049 0.050 0.397534
0.050 0.051 0.403086
0.051 0.052 0.409304
0.052 0.053 0.413279
0.053 0.054 0.414991
0.054 0.055 0.416622
0.055 0.056 0.419550
0.056 0.057 0.421334
0.057 0.058 0.619839
0.058 0.059 1.000000
0.059 0.060 0.799283
0.060 0.061 0.427994
0.061 0.062 0.425183
0.062 0.063 0.401851
0.063 0.064 0.397522
0.064 0.065 0.391290
0.065 0.066 0.385905
0.066 0.067 0.536265
0.067 0.068 0.532089
0.068 0.069 0.403476
0.069 0.070 0.362725
0.070 0.071 0.289560
0.071 0.072 0.285491
0.072 0.073 0.280015
0.073 0.074 0.275963
0.074 0.075 0.271978
0.075 0.076 0.267947
0.076 0.077 0.261591
0.077 0.078 0.256561
0.078 0.079 0.253431
0.079 0.080 0.249257
0.080 0.081 0.243574
0.081 0.082 0.236882
0.082 0.083 0.230706
0.083 0.084 0.225176
0.084 0.085 0.220300
0.085 0.086 0.215740
0.086 0.087 0.209821
0.087 0.088 0.206445
0.088 0.089 0.201201
0.089 0.090 0.193954
0.090 0.091 0.188121
0.091 0.092 0.178963
0.092 0.093 0.172922
0.093 0.094 0.170531
0.094 0.095 0.164645
0.095 0.096 0.158918
0.096 0.097 0.153281
0.097 0.098 0.145679
0.098 0.099 0.139310
0.099 0.100 0.133891
0.100 0.101 0.128680
0.101 0.102 0.123329
0.102 0.103 0.116517
0.103 0.104 0.111387
0.104 0.105 0.106449
0.105 0.106 0.100249
0.106 0.107 0.094677
0.107 0.108 0.087819
0.108 0.109 0.082111
0.109 0.110 0.076235
0.110 0.111 0.070305
0.111 0.112 0.065661
0.112 0.113 0.059328
0.113 0.114 0.053480
0.114 0.115 0.049070
0.115 0.116 0.044067
0.116 0.117 0.038909
0.117 0.118 0.034445
0.118 0.119 0.028435
0.119 0.120 0.024840
0.120 0.121 0.023460
0.121 0.122 0.019956
0.122 0.123 0.017229
0.123 0.124 0.014342
0.124 0.125 0.010754
0.125 0.126 0.008060
0.126 0.127 0.005574
0.127 0.128 0.003441
0.128 0.129 0.002123
0.129 0.130 0.000382
0.130 0.131 0.000000
0.131 0.132 0.000000
0.132 0.133 0.000000
0.133 0.134 0.000000
0.134 0.135 0.000000
0.135 0.136 0.000000
0.136 0.137 0.000000
0.137 0.138 0.000000
0.138 0.139 0.000000
0.139 0.140 0.000000
0.140 0.141 0.000000
0.141 0.142 0.000000
0.142 0.143 0.000000
0.143 0.144 0.000000
0.144 0.145 0.000000
0.145 0.146 0.000000
0.146 0.147 0.000000
0.147 0.148 0.000000
0.148 0.149 0.000000
0.149 0.150 0.000000
