1
0.000 0.001 0.000000
0.001 0.002 0.000000
0.002 0.003 0.000000
0.003 0.004 0.000000
0.004 0.005 0.000000
0.005 0.006 0.000000
0.006 0.007 0.000000
0.007 0.008 0.000000
0.008 0.009 0.000000
0.009 0.010 0.000000
0.010 0.011 0.000000
0.011 0.012 0.000000
0.012 0.013 0.000000
0.013 0.014 0.000000
0.014 0.015 0.000000
0.015 0.016 0.000000
0.016 0.017 0.000000
0.017 0.018 0.000000
0.018 0.019 0.000001
0.019 0.020 0.000009
0.020 0.021 0.000045
0.021 0.022 0.000177
0.022 0.023 0.000564
0.023 0.024 0.001505
0.024 0.025 0.003469
0.025 0.026 0.007067
0.026 0.027 0.012973
0.027 0.028 0.021958
0.028 0.029 0.034645
0.029 0.030 0.051159
0.030 0.031 0.071807
0.031 0.032 0.096509
0.032 0.033 0.124946
0.033 0.034 0.156162
0.034 0.035 0.189784
0.035 0.036 0.225583
0.036 0.037 0.260707
0.037 0.038 0.296846
0.038 0.039 0.332891
0.039 0.040 0.369149
0.040 0.041 0.403037
0.041 0.042 0.434210
0.042 0.043 0.464390
0.043 0.044 0.491143
0.044 0.045 0.515707
0.045 0.046 0.536102
0.046 0.047 0.552165
0.047 0.048 0.568002
0.048 0.049 0.580520
0.049 0.050 0.585357
0.050 0.051 0.590496
0.051 0.052 0.595805
0.052 0.053 0.601213
0.053 0.054 0.603365
0.054 0.055 0.601516
0.055 0.056 0.598887
0.056 0.057 0.597259
0.057 0.058 0.734666
0.058 0.059 1.000000
0.059 0.060 0.847691
0.060 0.061 0.569737
0.061 0.062 0.558260
0.062 0.063 0.531849
0.063 0.064 0.514645
0.064 0.065 0.496974
0.065 0.066 0.485936
0.066 0.067 0.590018
0.067 0.068 0.579180
0.068 0.069 0.469169
0.069 0.070 0.425223
0.070 0.071 0.363291
0.071 0.072 0.349817
0.072 0.073 0.332295
0.073 0.074 0.323282
0.074 0.075 0.312577
0.075 0.076 0.296335
0.076 0.077 0.276455
0.077 0.078 0.264618
0.078 0.079 0.256977
0.079 0.080 0.247881
0.080 0.081 0.235566
0.081 0.082 0.221176
0.082 0.083 0.207501
0.083 0.084 0.193367
0.084 0.085 0.180732
0.085 0.086 0.169292
0.086 0.087 0.154631
0.087 0.088 0.146298
0.088 0.089 0.137568
0.089 0.090 0.127071
0.090 0.091 0.114862
0.091 0.092 0.103514
0.092 0.093 0.094118
0.093 0.094 0.085451
0.094 0.095 0.075387
0.095 0.096 0.064224
0.096 0.097 0.055956
0.097 0.098 0.047074
0.098 0.099 0.036948
0.099 0.100 0.029919
0.100 0.101 0.026169
0.101 0.102 0.017920
0.102 0.103 0.013099
0.103 0.104 0.008739
0.104 0.105 0.003535
0.105 0.106 0.002167
0.106 0.107 0.000000
0.107 0.108 0.000000
0.108 0.109 0.000000
0.109 0.110 0.000000
0.110 0.111 0.000000
0.111 0.112 0.000000
0.112 0.113 0.000000
0.113 0.114 0.000000
0.114 0.115 0.000000
0.115 0.116 0.000000
0.116 0.117 0.000000
0.117 0.118 0.000000
0.118 0.119 0.000000
0.119 0.120 0.000000
0.120 0.121 0.000000
0.121 0.122 0.000000
0.122 0.123 0.000000
0.123 0.124 0.000000
0.124 0.125 0.000000
0.125 0.126 0.000000
0.126 0.127 0.000000
0.127 0.128 0.000000
0.128 0.129 0.000000
0.129 0.130 0.000000
0.130 0.131 0.000000
0.131 0.132 0.000000
0.132 0.133 0.000000
0.133 0.134 0.000000
0.134 0.135 0.000000
0.135 0.136 0.000000
0.136 0.137 0.000000
0.137 0.138 0.000000
0.138 0.139 0.000000
0.139 0.140 0.000000
0.140 0.141 0.000000
0.141 0.142 0.000000
0.142 0.143 0.000000
0.143 0.144 0.000000
0.144 0.145 0.000000
0.145 0.146 0.000000
0.146 0.147 0.000000
0.147 0.148 0.000000
0.148 0.149 0.000000
0.149 0.150 0.000000
