1
0.000 0.001 0.000000
0.001 0.002 0.000000
0.002 0.003 0.000000
0.003 0.004 0.000000
0.004 0.005 0.000000
0.005 0.006 0.000000
0.006 0.007 0.000000
0.007 0.008 0.000000
0.008 0.009 0.000000
0.009 0.010 0.000000
0.010 0.011 0.000000
0.011 0.012 0.000000
0.012 0.013 0.000000
0.013 0.014 0.000000
0.014 0.015 0.000000
0.015 0.016 0.000000
0.016 0.017 0.000002
0.017 0.018 0.000015
0.018 0.019 0.000080
0.019 0.020 0.000318
0.020 0.021 0.000989
0.021 0.022 0.002526
0.022 0.023 0.005513
0.023 0.024 0.010638
0.024 0.025 0.018534
0.025 0.026 0.029662
0.026 0.027 0.044195
0.027 0.028 0.062295
0.028 0.029 0.083808
0.029 0.030 0.107677
0.030 0.031 0.133620
0.031 0.032 0.161028
0.032 0.033 0.189126
0.033 0.034 0.217542
0.034 0.035 0.245490
0.035 0.036 0.271675
0.036 0.037 0.297972
0.037 0.038 0.323290
0.038 0.039 0.345956
0.039 0.040 0.366782
0.040 0.041 0.385379
0.041 0.042 0.401545
0.042 0.043 0.416677
0.043 0.044 0.429244
0.044 0.045 0.440038
0.045 0.046 0.447239
0.046 0.047 0.452965
0.047 0.048 0.459891
0.048 0.049 0.463663
0.049 0.050 0.463295
0.050 0.051 0.463543
0.051 0.052 0.464191
0.052 0.053 0.461592
0.053 0.054 0.457595
0.054 0.055 0.452895
0.055 0.056 0.450784
0.056 0.057 0.448174
0.057 0.058 0.637996
0.058 0.059 1.000000
0.059 0.060 0.799795
0.060 0.061 0.439440
0.061 0.062 0.433154
0.062 0.063 0.406601
0.063 0.064 0.398805
0.064 0.065 0.390318
0.065 0.066 0.381575
0.066 0.067 0.519350
0.067 0.068 0.511900
0.068 0.069 0.386951
0.069 0.070 0.346121
0.070 0.071 0.275931
0.071 0.072 0.268921
0.072 0.073 0.262288
0.073 0.074 0.257031
0.074 0.075 0.252420
0.075 0.076 0.247083
0.076 0.077 0.240031
0.077 0.078 0.234549
0.078 0.079 0.230058
0.079 0.080 0.225267
0.080 0.081 0.219851
0.081 0.082 0.212910
0.082 0.083 0.205908
0.083 0.084 0.199323
0.084 0.085 0.193552
0.085 0.086 0.188114
0.086 0.087 0.182334
0.087 0.088 0.177553
0.088 0.089 0.170857
0.089 0.090 0.164914
0.090 0.091 0.159476
0.091 0.092 0.152478
0.092 0.093 0.147113
0.093 0.094 0.143819
0.094 0.095 0.138631
0.095 0.096 0.133862
0.096 0.097 0.129057
0.097 0.098 0.122851
0.098 0.099 0.116890
0.099 0.100 0.112403
0.100 0.101 0.108362
0.101 0.102 0.103435
0.102 0.103 0.097706
0.103 0.104 0.094387
0.104 0.105 0.090521
0.105 0.106 0.085917
0.106 0.107 0.082025
0.107 0.108 0.077427
0.108 0.109 0.073786
0.109 0.110 0.070408
0.110 0.111 0.066629
0.111 0.112 0.063065
0.112 0.113 0.058321
0.113 0.114 0.053854
0.114 0.115 0.049850
0.115 0.116 0.047164
0.116 0.117 0.043933
0.117 0.118 0.041210
0.118 0.119 0.037691
0.119 0.120 0.034930
0.120 0.121 0.033217
0.121 0.122 0.030672
0.122 0.123 0.028142
0.123 0.124 0.025486
0.124 0.125 0.021880
0.125 0.126 0.019564
0.126 0.127 0.017771
0.127 0.128 0.015496
0.128 0.129 0.013566
0.129 0.130 0.011625
0.130 0.131 0.009447
0.131 0.132 0.008075
0.132 0.133 0.005850
0.133 0.134 0.004562
0.134 0.135 0.003366
0.135 0.136 0.002264
0.136 0.137 0.000863
0.137 0.138 0.000480
0.138 0.139 0.000000
0.139 0.140 0.000000
0.140 0.141 0.000000
0.141 0.142 0.000000
0.142 0.143 0.000000
0.143 0.144 0.000000
0.144 0.145 0.000000
0.145 0.146 0.000000
0.146 0.147 0.000000
0.147 0.148 0.000000
0.148 0.149 0.000000
0.149 0.150 0.000000
