1
0.000 0.001 0.000000
0.001 0.002 0.000000
0.002 0.003 0.000000
0.003 0.004 0.000000
0.004 0.005 0.000000
0.005 0.006 0.000000
0.006 0.007 0.000000
0.007 0.008 0.000000
0.008 0.009 0.000000
0.009 0.010 0.000000
0.010 0.011 0.000000
0.011 0.012 0.000000
0.012 0.013 0.000000
0.013 0.014 0.000000
0.014 0.015 0.000000
0.015 0.016 0.000000
0.016 0.017 0.000000
0.017 0.018 0.000002
0.018 0.019 0.000018
0.019 0.020 0.000100
0.020 0.021 0.000403
0.021 0.022 0.001280
0.022 0.023 0.003354
0.023 0.024 0.007539
0.024 0.025 0.014984
0.025 0.026 0.026798
0.026 0.027 0.043968
0.027 0.028 0.067256
0.028 0.029 0.096923
0.029 0.030 0.133178
0.030 0.031 0.174709
0.031 0.032 0.219768
0.032 0.033 0.269267
0.033 0.034 0.320836
0.034 0.035 0.372549
0.035 0.036 0.424348
0.036 0.037 0.472976
0.037 0.038 0.522147
0.038 0.039 0.570560
0.039 0.040 0.613889
0.040 0.041 0.652229
0.041 0.042 0.688825
0.042 0.043 0.719557
0.043 0.044 0.745335
0.044 0.045 0.770869
0.045 0.046 0.786146
0.046 0.047 0.800794
0.047 0.048 0.809860
0.048 0.049 0.811972
0.049 0.050 0.815144
0.050 0.051 0.817057
0.051 0.052 0.816667
0.052 0.053 0.807611
0.053 0.054 0.800592
0.054 0.055 0.792943
0.055 0.056 0.773725
0.056 0.057 0.751089
0.057 0.058 0.830434
0.058 0.059 1.000000
0.059 0.060 0.891209
0.060 0.061 0.691628
0.061 0.062 0.666087
0.062 0.063 0.634689
0.063 0.064 0.611136
0.064 0.065 0.584255
0.065 0.066 0.553090
0.066 0.067 0.599808
0.067 0.068 0.577406
0.068 0.069 0.485675
0.069 0.070 0.433455
0.070 0.071 0.378514
0.071 0.072 0.354085
0.072 0.073 0.321982
0.073 0.074 0.293565
0.074 0.075 0.264002
0.075 0.076 0.237459
0.076 0.077 0.209786
0.077 0.078 0.183613
0.078 0.079 0.154863
0.079 0.080 0.134728
0.080 0.081 0.113111
0.081 0.082 0.091025
0.082 0.083 0.070969
0.083 0.084 0.057569
0.084 0.085 0.040146
0.085 0.086 0.025082
0.086 0.087 0.012645
0.087 0.088 0.002123
0.088 0.089 0.000000
0.089 0.090 0.000000
0.090 0.091 0.000000
0.091 0.092 0.000000
0.092 0.093 0.000000
0.093 0.094 0.000000
0.094 0.095 0.000000
0.095 0.096 0.000000
0.096 0.097 0.000000
0.097 0.098 0.000000
0.098 0.099 0.000000
0.099 0.100 0.000000
0.100 0.101 0.000000
0.101 0.102 0.000000
0.102 0.103 0.000000
0.103 0.104 0.000000
0.104 0.105 0.000000
0.105 0.106 0.000000
0.106 0.107 0.000000
0.107 0.108 0.000000
0.108 0.109 0.000000
0.109 0.110 0.000000
0.110 0.111 0.000000
0.111 0.112 0.000000
0.112 0.113 0.000000
0.113 0.114 0.000000
0.114 0.115 0.000000
0.115 0.116 0.000000
0.116 0.117 0.000000
0.117 0.118 0.000000
0.118 0.119 0.000000
0.119 0.120 0.000000
0.120 0.121 0.000000
0.121 0.122 0.000000
0.122 0.123 0.000000
0.123 0.124 0.000000
0.124 0.125 0.000000
0.125 0.126 0.000000
0.126 0.127 0.000000
0.127 0.128 0.000000
0.128 0.129 0.000000
0.129 0.130 0.000000
0.130 0.131 0.000000
0.131 0.132 0.000000
0.132 0.133 0.000000
0.133 0.134 0.000000
0.134 0.135 0.000000
0.135 0.136 0.000000
0.136 0.137 0.000000
0.137 0.138 0.000000
0.138 0.139 0.000000
0.139 0.140 0.000000
0.140 0.141 0.000000
0.141 0.142 0.000000
0.142 0.143 0.000000
0.143 0.144 0.000000
0.144 0.145 0.000000
0.145 0.146 0.000000
0.146 0.147 0.000000
0.147 0.148 0.000000
0.148 0.149 0.000000
0.149 0.150 0.000000
