1
0.000 0.001 0.000000
0.001 0.002 0.000000
0.002 0.003 0.000000
0.003 0.004 0.000000
0.004 0.005 0.000000
0.005 0.006 0.000000
0.006 0.007 0.000000
0.007 0.008 0.000000
0.008 0.009 0.000000
0.009 0.010 0.000000
0.010 0.011 0.000000
0.011 0.012 0.000000
0.012 0.013 0.000000
0.013 0.014 0.000000
0.014 0.015 0.000000
0.015 0.016 0.000000
0.016 0.017 0.000001
0.017 0.018 0.000011
0.018 0.019 0.000063
0.019 0.020 0.000266
0.020 0.021 0.000875
0.021 0.022 0.002337
0.022 0.023 0.005289
0.023 0.024 0.010489
0.024 0.025 0.018690
0.025 0.026 0.030407
0.026 0.027 0.046226
0.027 0.028 0.066241
0.028 0.029 0.090483
0.029 0.030 0.117883
0.030 0.031 0.147841
0.031 0.032 0.179781
0.032 0.033 0.212944
0.033 0.034 0.246523
0.034 0.035 0.279818
0.035 0.036 0.311549
0.036 0.037 0.341970
0.037 0.038 0.370570
0.038 0.039 0.396003
0.039 0.040 0.419623
0.040 0.041 0.440100
0.041 0.042 0.457080
0.042 0.043 0.473193
0.043 0.044 0.485354
0.044 0.045 0.498195
0.045 0.046 0.507694
0.046 0.047 0.513548
0.047 0.048 0.520297
0.048 0.049 0.525511
0.049 0.050 0.526031
0.050 0.051 0.524814
0.051 0.052 0.524903
0.052 0.053 0.523518
0.053 0.054 0.519305
0.054 0.055 0.513786
0.055 0.056 0.508998
0.056 0.057 0.503165
0.057 0.058 0.672618
0.058 0.059 1.000000
0.059 0.060 0.813276
0.060 0.061 0.477683
0.061 0.062 0.469723
0.062 0.063 0.444547
0.063 0.064 0.434422
0.064 0.065 0.423238
0.065 0.066 0.413883
0.066 0.067 0.538570
0.067 0.068 0.529964
0.068 0.069 0.412370
0.069 0.070 0.370528
0.070 0.071 0.303860
0.071 0.072 0.295149
0.072 0.073 0.284555
0.073 0.074 0.277825
0.074 0.075 0.270280
0.075 0.076 0.261373
0.076 0.077 0.249425
0.077 0.078 0.241889
0.078 0.079 0.237439
0.079 0.080 0.231556
0.080 0.081 0.223181
0.081 0.082 0.213864
0.082 0.083 0.205716
0.083 0.084 0.198098
0.084 0.085 0.191033
0.085 0.086 0.184636
0.086 0.087 0.176294
0.087 0.088 0.170426
0.088 0.089 0.163695
0.089 0.090 0.154167
0.090 0.091 0.147301
0.091 0.092 0.138247
0.092 0.093 0.132285
0.093 0.094 0.129258
0.094 0.095 0.123165
0.095 0.096 0.117237
0.096 0.097 0.110790
0.097 0.098 0.102902
0.098 0.099 0.095578
0.099 0.100 0.089651
0.100 0.101 0.085006
0.101 0.102 0.078738
0.102 0.103 0.072995
0.103 0.104 0.068699
0.104 0.105 0.065197
0.105 0.106 0.060694
0.106 0.107 0.056317
0.107 0.108 0.050925
0.108 0.109 0.046300
0.109 0.110 0.041321
0.110 0.111 0.036644
0.111 0.112 0.032103
0.112 0.113 0.028524
0.113 0.114 0.025564
0.114 0.115 0.022617
0.115 0.116 0.019128
0.116 0.117 0.016016
0.117 0.118 0.012664
0.118 0.119 0.008053
0.119 0.120 0.006604
0.120 0.121 0.005772
0.121 0.122 0.004015
0.122 0.123 0.001558
0.123 0.124 0.000945
0.124 0.125 0.000000
0.125 0.126 0.000000
0.126 0.127 0.000000
0.127 0.128 0.000000
0.128 0.129 0.000000
0.129 0.130 0.000000
0.130 0.131 0.000000
0.131 0.132 0.000000
0.132 0.133 0.000000
0.133 0.134 0.000000
0.134 0.135 0.000000
0.135 0.136 0.000000
0.136 0.137 0.000000
0.137 0.138 0.000000
0.138 0.139 0.000000
0.139 0.140 0.000000
0.140 0.141 0.000000
0.141 0.142 0.000000
0.142 0.143 0.000000
0.143 0.144 0.000000
0.144 0.145 0.000000
0.145 0.146 0.000000
0.146 0.147 0.000000
0.147 0.148 0.000000
0.148 0.149 0.000000
0.149 0.150 0.000000
