1
0.000 0.001 0.000000
0.001 0.002 0.000000
0.002 0.003 0.000000
0.003 0.004 0.000000
0.004 0.005 0.000000
0.005 0.006 0.000000
0.006 0.007 0.000000
0.007 0.008 0.000000
0.008 0.009 0.000000
0.009 0.010 0.000000
0.010 0.011 0.000000
0.011 0.012 0.000000
0.012 0.013 0.000000
0.013 0.014 0.000001
0.014 0.015 0.000017
0.015 0.016 0.000127
0.016 0.017 0.000619
0.017 0.018 0.002208
0.018 0.019 0.006221
0.019 0.020 0.014602
0.020 0.021 0.029517
0.021 0.022 0.053073
0.022 0.023 0.086349
0.023 0.024 0.130016
0.024 0.025 0.184153
0.025 0.026 0.246246
0.026 0.027 0.314324
0.027 0.028 0.387085
0.028 0.029 0.462637
0.029 0.030 0.537950
0.030 0.031 0.611068
0.031 0.032 0.678646
0.032 0.033 0.739747
0.033 0.034 0.794628
0.034 0.035 0.844713
0.035 0.036 0.888623
0.036 0.037 0.922832
0.037 0.038 0.951973
0.038 0.039 0.973115
0.039 0.040 0.986629
0.040 0.041 0.995594
0.041 0.042 1.000000
0.042 0.043 0.999736
0.043 0.044 0.990725
0.044 0.045 0.978915
0.045 0.046 0.959662
0.046 0.047 0.938178
0.047 0.048 0.915995
0.048 0.049 0.888126
0.049 0.050 0.859554
0.050 0.051 0.828503
0.051 0.052 0.792930
0.052 0.053 0.759531
0.053 0.054 0.728160
0.054 0.055 0.689842
0.055 0.056 0.642649
0.056 0.057 0.602351
0.057 0.058 0.590499
0.058 0.059 0.590262
0.059 0.060 0.530357
0.060 0.061 0.452083
0.061 0.062 0.418808
0.062 0.063 0.382485
0.063 0.064 0.348784
0.064 0.065 0.315579
0.065 0.066 0.277371
0.066 0.067 0.264638
0.067 0.068 0.236944
0.068 0.069 0.189959
0.069 0.070 0.157261
0.070 0.071 0.134362
0.071 0.072 0.108396
0.072 0.073 0.085595
0.073 0.074 0.070082
0.074 0.075 0.052203
0.075 0.076 0.038786
0.076 0.077 0.023023
0.077 0.078 0.010520
0.078 0.079 0.002642
0.079 0.080 0.000000
0.080 0.081 0.000000
0.081 0.082 0.000000
0.082 0.083 0.000000
0.083 0.084 0.000000
0.084 0.085 0.000000
0.085 0.086 0.000000
0.086 0.087 0.000000
0.087 0.088 0.000000
0.088 0.089 0.000000
0.089 0.090 0.000000
0.090 0.091 0.000000
0.091 0.092 0.000000
0.092 0.093 0.000000
0.093 0.094 0.000000
0.094 0.095 0.000000
0.095 0.096 0.000000
0.096 0.097 0.000000
0.097 0.098 0.000000
0.098 0.099 0.000000
0.099 0.100 0.000000
0.100 0.101 0.000000
0.101 0.102 0.000000
0.102 0.103 0.000000
0.103 0.104 0.000000
0.104 0.105 0.000000
0.105 0.106 0.000000
0.106 0.107 0.000000
0.107 0.108 0.000000
0.108 0.109 0.000000
0.109 0.110 0.000000
0.110 0.111 0.000000
0.111 0.112 0.000000
0.112 0.113 0.000000
0.113 0.114 0.000000
0.114 0.115 0.000000
0.115 0.116 0.000000
0.116 0.117 0.000000
0.117 0.118 0.000000
0.118 0.119 0.000000
0.119 0.120 0.000000
0.120 0.121 0.000000
0.121 0.122 0.000000
0.122 0.123 0.000000
0.123 0.124 0.000000
0.124 0.125 0.000000
0.125 0.126 0.000000
0.126 0.127 0.000000
0.127 0.128 0.000000
0.128 0.129 0.000000
0.129 0.130 0.000000
0.130 0.131 0.000000
0.131 0.132 0.000000
0.132 0.133 0.000000
0.133 0.134 0.000000
0.134 0.135 0.000000
0.135 0.136 0.000000
0.136 0.137 0.000000
0.137 0.138 0.000000
0.138 0.139 0.000000
0.139 0.140 0.000000
0.140 0.141 0.000000
0.141 0.142 0.000000
0.142 0.143 0.000000
0.143 0.144 0.000000
0.144 0.145 0.000000
0.145 0.146 0.000000
0.146 0.147 0.000000
0.147 0.148 0.000000
0.148 0.149 0.000000
0.149 0.150 0.000000
