1
0.000 0.001 0.000000
0.001 0.002 0.000000
0.002 0.003 0.000000
0.003 0.004 0.000000
0.004 0.005 0.000000
0.005 0.006 0.000000
0.006 0.007 0.000000
0.007 0.008 0.000000
0.008 0.009 0.000000
0.009 0.010 0.000000
0.010 0.011 0.000000
0.011 0.012 0.000000
0.012 0.013 0.000000
0.013 0.014 0.000000
0.014 0.015 0.000000
0.015 0.016 0.000000
0.016 0.017 0.000005
0.017 0.018 0.000037
0.018 0.019 0.000187
0.019 0.020 0.000696
0.020 0.021 0.002054
0.021 0.022 0.005033
0.022 0.023 0.010605
0.023 0.024 0.019834
0.024 0.025 0.033669
0.025 0.026 0.052623
0.026 0.027 0.076847
0.027 0.028 0.106407
0.028 0.029 0.140979
0.029 0.030 0.179190
0.030 0.031 0.219469
0.031 0.032 0.261595
0.032 0.033 0.304936
0.033 0.034 0.347258
0.034 0.035 0.388252
0.035 0.036 0.428604
0.036 0.037 0.465822
0.037 0.038 0.498049
0.038 0.039 0.527535
0.039 0.040 0.555829
0.040 0.041 0.579290
0.041 0.042 0.599220
0.042 0.043 0.617748
0.043 0.044 0.631194
0.044 0.045 0.642858
0.045 0.046 0.651047
0.046 0.047 0.654539
0.047 0.048 0.658091
0.048 0.049 0.659959
0.049 0.050 0.655927
0.050 0.051 0.651668
0.051 0.052 0.648961
0.052 0.053 0.643823
0.053 0.054 0.635849
0.054 0.055 0.625281
0.055 0.056 0.614846
0.056 0.057 0.605058
0.057 0.058 0.738820
0.058 0.059 1.000000
0.059 0.060 0.838698
0.060 0.061 0.556828
0.061 0.062 0.541566
0.062 0.063 0.512233
0.063 0.064 0.493110
0.064 0.065 0.474853
0.065 0.066 0.459963
0.066 0.067 0.553266
0.067 0.068 0.538550
0.068 0.069 0.432245
0.069 0.070 0.388401
0.070 0.071 0.328741
0.071 0.072 0.312874
0.072 0.073 0.296992
0.073 0.074 0.288204
0.074 0.075 0.278118
0.075 0.076 0.263742
0.076 0.077 0.248034
0.077 0.078 0.233460
0.078 0.079 0.225642
0.079 0.080 0.216675
0.080 0.081 0.204993
0.081 0.082 0.191621
0.082 0.083 0.179094
0.083 0.084 0.166326
0.084 0.085 0.153892
0.085 0.086 0.145372
0.086 0.087 0.135462
0.087 0.088 0.126658
0.088 0.089 0.117622
0.089 0.090 0.106552
0.090 0.091 0.096447
0.091 0.092 0.086989
0.092 0.093 0.079291
0.093 0.094 0.072367
0.094 0.095 0.063404
0.095 0.096 0.057301
0.096 0.097 0.049690
0.097 0.098 0.041567
0.098 0.099 0.031896
0.099 0.100 0.026904
0.100 0.101 0.024534
0.101 0.102 0.019857
0.102 0.103 0.013478
0.103 0.104 0.009814
0.104 0.105 0.006034
0.105 0.106 0.003985
0.106 0.107 0.001100
0.107 0.108 0.000000
0.108 0.109 0.000000
0.109 0.110 0.000000
0.110 0.111 0.000000
0.111 0.112 0.000000
0.112 0.113 0.000000
0.113 0.114 0.000000
0.114 0.115 0.000000
0.115 0.116 0.000000
0.116 0.117 0.000000
0.117 0.118 0.000000
0.118 0.119 0.000000
0.119 0.120 0.000000
0.120 0.121 0.000000
0.121 0.122 0.000000
0.122 0.123 0.000000
0.123 0.124 0.000000
0.124 0.125 0.000000
0.125 0.126 0.000000
0.126 0.127 0.000000
0.127 0.128 0.000000
0.128 0.129 0.000000
0.129 0.130 0.000000
0.130 0.131 0.000000
0.131 0.132 0.000000
0.132 0.133 0.000000
0.133 0.134 0.000000
0.134 0.135 0.000000
0.135 0.136 0.000000
0.136 0.137 0.000000
0.137 0.138 0.000000
0.138 0.139 0.000000
0.139 0.140 0.000000
0.140 0.141 0.000000
0.141 0.142 0.000000
0.142 0.143 0.000000
0.143 0.144 0.000000
0.144 0.145 0.000000
0.145 0.146 0.000000
0.146 0.147 0.000000
0.147 0.148 0.000000
0.148 0.149 0.000000
0.149 0.150 0.000000
