1
0.000 0.001 0.000000
0.001 0.002 0.000000
0.002 0.003 0.000000
0.003 0.004 0.000000
0.004 0.005 0.000000
0.005 0.006 0.000000
0.006 0.007 0.000000
0.007 0.008 0.000000
0.008 0.009 0.000000
0.009 0.010 0.000000
0.010 0.011 0.000000
0.011 0.012 0.000000
0.012 0.013 0.000000
0.013 0.014 0.000000
0.014 0.015 0.000000
0.015 0.016 0.000000
0.016 0.017 0.000005
0.017 0.018 0.000037
0.018 0.019 0.000179
0.019 0.020 0.000654
0.020 0.021 0.001930
0.021 0.022 0.004772
0.022 0.023 0.010227
0.023 0.024 0.019445
0.024 0.025 0.033680
0.025 0.026 0.053713
0.026 0.027 0.080032
0.027 0.028 0.112913
0.028 0.029 0.151815
0.029 0.030 0.196618
0.030 0.031 0.245600
0.031 0.032 0.295805
0.032 0.033 0.349235
0.033 0.034 0.402863
0.034 0.035 0.454516
0.035 0.036 0.504723
0.036 0.037 0.550209
0.037 0.038 0.595416
0.038 0.039 0.639306
0.039 0.040 0.677862
0.040 0.041 0.710247
0.041 0.042 0.740593
0.042 0.043 0.764986
0.043 0.044 0.785024
0.044 0.045 0.804813
0.045 0.046 0.813701
0.046 0.047 0.823173
0.047 0.048 0.827058
0.048 0.049 0.824195
0.049 0.050 0.822607
0.050 0.051 0.820527
0.051 0.052 0.817007
0.052 0.053 0.804173
0.053 0.054 0.793151
0.054 0.055 0.783090
0.055 0.056 0.762622
0.056 0.057 0.738549
0.057 0.058 0.821736
0.058 0.059 1.000000
0.059 0.060 0.884749
0.060 0.061 0.676277
0.061 0.062 0.650258
0.062 0.063 0.617075
0.063 0.064 0.593687
0.064 0.065 0.567642
0.065 0.066 0.538025
0.066 0.067 0.589195
0.067 0.068 0.567952
0.068 0.069 0.476043
0.069 0.070 0.424917
0.070 0.071 0.370306
0.071 0.072 0.348318
0.072 0.073 0.319301
0.073 0.074 0.292807
0.074 0.075 0.266135
0.075 0.076 0.239444
0.076 0.077 0.215927
0.077 0.078 0.187856
0.078 0.079 0.163735
0.079 0.080 0.141732
0.080 0.081 0.123055
0.081 0.082 0.098658
0.082 0.083 0.081831
0.083 0.084 0.065999
0.084 0.085 0.051958
0.085 0.086 0.035868
0.086 0.087 0.021786
0.087 0.088 0.010791
0.088 0.089 0.001772
0.089 0.090 0.000000
0.090 0.091 0.000000
0.091 0.092 0.000000
0.092 0.093 0.000000
0.093 0.094 0.000000
0.094 0.095 0.000000
0.095 0.096 0.000000
0.096 0.097 0.000000
0.097 0.098 0.000000
0.098 0.099 0.000000
0.099 0.100 0.000000
0.100 0.101 0.000000
0.101 0.102 0.000000
0.102 0.103 0.000000
0.103 0.104 0.000000
0.104 0.105 0.000000
0.105 0.106 0.000000
0.106 0.107 0.000000
0.107 0.108 0.000000
0.108 0.109 0.000000
0.109 0.110 0.000000
0.110 0.111 0.000000
0.111 0.112 0.000000
0.112 0.113 0.000000
0.113 0.114 0.000000
0.114 0.115 0.000000
0.115 0.116 0.000000
0.116 0.117 0.000000
0.117 0.118 0.000000
0.118 0.119 0.000000
0.119 0.120 0.000000
0.120 0.121 0.000000
0.121 0.122 0.000000
0.122 0.123 0.000000
0.123 0.124 0.000000
0.124 0.125 0.000000
0.125 0.126 0.000000
0.126 0.127 0.000000
0.127 0.128 0.000000
0.128 0.129 0.000000
0.129 0.130 0.000000
0.130 0.131 0.000000
0.131 0.132 0.000000
0.132 0.133 0.000000
0.133 0.134 0.000000
0.134 0.135 0.000000
0.135 0.136 0.000000
0.136 0.137 0.000000
0.137 0.138 0.000000
0.138 0.139 0.000000
0.139 0.140 0.000000
0.140 0.141 0.000000
0.141 0.142 0.000000
0.142 0.143 0.000000
0.143 0.144 0.000000
0.144 0.145 0.000000
0.145 0.146 0.000000
0.146 0.147 0.000000
0.147 0.148 0.000000
0.148 0.149 0.000000
0.149 0.150 0.000000
