1
0.000 0.001 0.000000
0.001 0.002 0.000000
0.002 0.003 0.000000
0.003 0.004 0.000000
0.004 0.005 0.000000
0.005 0.006 0.000000
0.006 0.007 0.000000
0.007 0.008 0.000000
0.008 0.009 0.000000
0.009 0.010 0.000000
0.010 0.011 0.000001
0.011 0.012 0.000017
0.012 0.013 0.000161
0.013 0.014 0.000988
0.014 0.015 0.004008
0.015 0.016 0.011913
0.016 0.017 0.028110
0.017 0.018 0.055770
0.018 0.019 0.096744
0.019 0.020 0.151330
0.020 0.021 0.218272
0.021 0.022 0.294783
0.022 0.023 0.376572
0.023 0.024 0.460632
0.024 0.025 0.544763
0.025 0.026 0.624521
0.026 0.027 0.697601
0.027 0.028 0.764492
0.028 0.029 0.823403
0.029 0.030 0.872545
0.030 0.031 0.913985
0.031 0.032 0.942886
0.032 0.033 0.969334
0.033 0.034 0.986996
0.034 0.035 0.996512
0.035 0.036 1.000000
0.036 0.037 0.994555
0.037 0.038 0.987300
0.038 0.039 0.976749
0.039 0.040 0.963254
0.040 0.041 0.944394
0.041 0.042 0.921069
0.042 0.043 0.901944
0.043 0.044 0.882691
0.044 0.045 0.860650
0.045 0.046 0.830916
0.046 0.047 0.805632
0.047 0.048 0.779184
0.048 0.049 0.748540
0.049 0.050 0.717205
0.050 0.051 0.688605
0.051 0.052 0.665831
0.052 0.053 0.638624
0.053 0.054 0.612206
0.054 0.055 0.586765
0.055 0.056 0.558837
0.056 0.057 0.530593
0.057 0.058 0.577404
0.058 0.059 0.685304
0.059 0.060 0.593225
0.060 0.061 0.443606
0.061 0.062 0.420856
0.062 0.063 0.390838
0.063 0.064 0.368363
0.064 0.065 0.346778
0.065 0.066 0.324775
0.066 0.067 0.354688
0.067 0.068 0.334826
0.068 0.069 0.275353
0.069 0.070 0.244190
0.070 0.071 0.210563
0.071 0.072 0.197404
0.072 0.073 0.180977
0.073 0.074 0.166091
0.074 0.075 0.149629
0.075 0.076 0.137726
0.076 0.077 0.126514
0.077 0.078 0.114644
0.078 0.079 0.103364
0.079 0.080 0.092935
0.080 0.081 0.080246
0.081 0.082 0.069885
0.082 0.083 0.061157
0.083 0.084 0.053665
0.084 0.085 0.045330
0.085 0.086 0.035604
0.086 0.087 0.029009
0.087 0.088 0.022629
0.088 0.089 0.015722
0.089 0.090 0.008891
0.090 0.091 0.006259
0.091 0.092 0.001708
0.092 0.093 0.000000
0.093 0.094 0.000000
0.094 0.095 0.000000
0.095 0.096 0.000000
0.096 0.097 0.000000
0.097 0.098 0.000000
0.098 0.099 0.000000
0.099 0.100 0.000000
0.100 0.101 0.000000
0.101 0.102 0.000000
0.102 0.103 0.000000
0.103 0.104 0.000000
0.104 0.105 0.000000
0.105 0.106 0.000000
0.106 0.107 0.000000
0.107 0.108 0.000000
0.108 0.109 0.000000
0.109 0.110 0.000000
0.110 0.111 0.000000
0.111 0.112 0.000000
0.112 0.113 0.000000
0.113 0.114 0.000000
0.114 0.115 0.000000
0.115 0.116 0.000000
0.116 0.117 0.000000
0.117 0.118 0.000000
0.118 0.119 0.000000
0.119 0.120 0.000000
0.120 0.121 0.000000
0.121 0.122 0.000000
0.122 0.123 0.000000
0.123 0.124 0.000000
0.124 0.125 0.000000
0.125 0.126 0.000000
0.126 0.127 0.000000
0.127 0.128 0.000000
0.128 0.129 0.000000
0.129 0.130 0.000000
0.130 0.131 0.000000
0.131 0.132 0.000000
0.132 0.133 0.000000
0.133 0.134 0.000000
0.134 0.135 0.000000
0.135 0.136 0.000000
0.136 0.137 0.000000
0.137 0.138 0.000000
0.138 0.139 0.000000
0.139 0.140 0.000000
0.140 0.141 0.000000
0.141 0.142 0.000000
0.142 0.143 0.000000
0.143 0.144 0.000000
0.144 0.145 0.000000
0.145 0.146 0.000000
0.146 0.147 0.000000
0.147 0.148 0.000000
0.148 0.149 0.000000
0.149 0.150 0.000000
