1
0.000 0.001 0.000000
0.001 0.002 0.000000
0.002 0.003 0.000000
0.003 0.004 0.000000
0.004 0.005 0.000000
0.005 0.006 0.000000
0.006 0.007 0.000000
0.007 0.008 0.000000
0.008 0.009 0.000000
0.009 0.010 0.000000
0.010 0.011 0.000000
0.011 0.012 0.000000
0.012 0.013 0.000000
0.013 0.014 0.000000
0.014 0.015 0.000000
0.015 0.016 0.000000
0.016 0.017 0.000000
0.017 0.018 0.000000
0.018 0.019 0.000000
0.019 0.020 0.000000
0.020 0.021 0.000000
0.021 0.022 0.000003
0.022 0.023 0.000013
0.023 0.024 0.000054
0.024 0.025 0.000177
0.025 0.026 0.000491
0.026 0.027 0.001176
0.027 0.028 0.002518
0.028 0.029 0.004897
0.029 0.030 0.008694
0.030 0.031 0.014337
0.031 0.032 0.022251
0.032 0.033 0.032854
0.033 0.034 0.046193
0.034 0.035 0.062359
0.035 0.036 0.081674
0.036 0.037 0.103502
0.037 0.038 0.126692
0.038 0.039 0.152095
0.039 0.040 0.180058
0.040 0.041 0.208123
0.041 0.042 0.236524
0.042 0.043 0.266137
0.043 0.044 0.294729
0.044 0.045 0.323239
0.045 0.046 0.350685
0.046 0.047 0.375410
0.047 0.048 0.400195
0.048 0.049 0.424300
0.049 0.050 0.443137
0.050 0.051 0.461351
0.051 0.052 0.481034
0.052 0.053 0.497621
0.053 0.054 0.510083
0.054 0.055 0.520281
0.055 0.056 0.530812
0.056 0.057 0.541196
0.057 0.058 0.699204
0.058 0.059 1.000000
0.059 0.060 0.851953
0.060 0.061 0.561466
0.061 0.062 0.560527
0.062 0.063 0.541805
0.063 0.064 0.534820
0.064 0.065 0.528960
0.065 0.066 0.525202
0.066 0.067 0.654892
0.067 0.068 0.650650
0.068 0.069 0.529622
0.069 0.070 0.484781
0.070 0.071 0.416571
0.071 0.072 0.407395
0.072 0.073 0.393943
0.073 0.074 0.388820
0.074 0.075 0.381547
0.075 0.076 0.367461
0.076 0.077 0.351231
0.077 0.078 0.338358
0.078 0.079 0.331007
0.079 0.080 0.321093
0.080 0.081 0.306490
0.081 0.082 0.289445
0.082 0.083 0.272960
0.083 0.084 0.255648
0.084 0.085 0.240364
0.085 0.086 0.226668
0.086 0.087 0.210157
0.087 0.088 0.196387
0.088 0.089 0.181712
0.089 0.090 0.164525
0.090 0.091 0.147966
0.091 0.092 0.132305
0.092 0.093 0.117957
0.093 0.094 0.107103
0.094 0.095 0.094580
0.095 0.096 0.081747
0.096 0.097 0.069167
0.097 0.098 0.054981
0.098 0.099 0.042137
0.099 0.100 0.032283
0.100 0.101 0.028445
0.101 0.102 0.020329
0.102 0.103 0.013764
0.103 0.104 0.006869
0.104 0.105 0.001285
0.105 0.106 0.000000
0.106 0.107 0.000000
0.107 0.108 0.000000
0.108 0.109 0.000000
0.109 0.110 0.000000
0.110 0.111 0.000000
0.111 0.112 0.000000
0.112 0.113 0.000000
0.113 0.114 0.000000
0.114 0.115 0.000000
0.115 0.116 0.000000
0.116 0.117 0.000000
0.117 0.118 0.000000
0.118 0.119 0.000000
0.119 0.120 0.000000
0.120 0.121 0.000000
0.121 0.122 0.000000
0.122 0.123 0.000000
0.123 0.124 0.000000
0.124 0.125 0.000000
0.125 0.126 0.000000
0.126 0.127 0.000000
0.127 0.128 0.000000
0.128 0.129 0.000000
0.129 0.130 0.000000
0.130 0.131 0.000000
0.131 0.132 0.000000
0.132 0.133 0.000000
0.133 0.134 0.000000
0.134 0.135 0.000000
0.135 0.136 0.000000
0.136 0.137 0.000000
0.137 0.138 0.000000
0.138 0.139 0.000000
0.139 0.140 0.000000
0.140 0.141 0.000000
0.141 0.142 0.000000
0.142 0.143 0.000000
0.143 0.144 0.000000
0.144 0.145 0.000000
0.145 0.146 0.000000
0.146 0.147 0.000000
0.147 0.148 0.000000
0.148 0.149 0.000000
0.149 0.150 0.000000
