1
0.000 0.001 0.000000
0.001 0.002 0.000000
0.002 0.003 0.000000
0.003 0.004 0.000000
0.004 0.005 0.000000
0.005 0.006 0.000000
0.006 0.007 0.000000
0.007 0.008 0.000000
0.008 0.009 0.000000
0.009 0.010 0.000000
0.010 0.011 0.000000
0.011 0.012 0.000000
0.012 0.013 0.000000
0.013 0.014 0.000000
0.014 0.015 0.000000
0.015 0.016 0.000000
0.016 0.017 0.000000
0.017 0.018 0.000000
0.018 0.019 0.000003
0.019 0.020 0.000017
0.020 0.021 0.000078
0.021 0.022 0.000281
0.022 0.023 0.000819
0.023 0.024 0.002022
0.024 0.025 0.004353
0.025 0.026 0.008352
0.026 0.027 0.014548
0.027 0.028 0.023534
0.028 0.029 0.035665
0.029 0.030 0.050749
0.030 0.031 0.069070
0.031 0.032 0.090248
0.032 0.033 0.113825
0.033 0.034 0.139315
0.034 0.035 0.166240
0.035 0.036 0.193390
0.036 0.037 0.221826
0.037 0.038 0.250607
0.038 0.039 0.277690
0.039 0.040 0.303725
0.040 0.041 0.328925
0.041 0.042 0.351988
0.042 0.043 0.373671
0.043 0.044 0.393327
0.044 0.045 0.411332
0.045 0.046 0.425743
0.046 0.047 0.437668
0.047 0.048 0.450589
0.048 0.049 0.460472
0.049 0.050 0.465043
0.050 0.051 0.469480
0.051 0.052 0.474436
0.052 0.053 0.478851
0.053 0.054 0.480491
0.054 0.055 0.480630
0.055 0.056 0.481882
0.056 0.057 0.482409
0.057 0.058 0.659352
0.058 0.059 1.000000
0.059 0.060 0.816517
0.060 0.061 0.477531
0.061 0.062 0.471872
0.062 0.063 0.447293
0.063 0.064 0.438430
0.064 0.065 0.428601
0.065 0.066 0.420420
0.066 0.067 0.554708
0.067 0.068 0.546373
0.068 0.069 0.424559
0.069 0.070 0.383016
0.070 0.071 0.313322
0.071 0.072 0.306834
0.072 0.073 0.298323
0.073 0.074 0.292994
0.074 0.075 0.287067
0.075 0.076 0.279983
0.076 0.077 0.270619
0.077 0.078 0.262582
0.078 0.079 0.257210
0.079 0.080 0.250780
0.080 0.081 0.242251
0.081 0.082 0.232293
0.082 0.083 0.222466
0.083 0.084 0.215512
0.084 0.085 0.209341
0.085 0.086 0.203817
0.086 0.087 0.196468
0.087 0.088 0.191617
0.088 0.089 0.185299
0.089 0.090 0.176923
0.090 0.091 0.169471
0.091 0.092 0.159219
0.092 0.093 0.152116
0.093 0.094 0.148173
0.094 0.095 0.140936
0.095 0.096 0.133043
0.096 0.097 0.127193
0.097 0.098 0.119672
0.098 0.099 0.112865
0.099 0.100 0.107372
0.100 0.101 0.102880
0.101 0.102 0.097692
0.102 0.103 0.090751
0.103 0.104 0.085407
0.104 0.105 0.080723
0.105 0.106 0.074826
0.106 0.107 0.068494
0.107 0.108 0.063261
0.108 0.109 0.058885
0.109 0.110 0.054201
0.110 0.111 0.049735
0.111 0.112 0.046069
0.112 0.113 0.041094
0.113 0.114 0.036837
0.114 0.115 0.032763
0.115 0.116 0.027459
0.116 0.117 0.024385
0.117 0.118 0.021030
0.118 0.119 0.016479
0.119 0.120 0.014071
0.120 0.121 0.012759
0.121 0.122 0.009288
0.122 0.123 0.007607
0.123 0.124 0.005833
0.124 0.125 0.003887
0.125 0.126 0.001421
0.126 0.127 0.000864
0.127 0.128 0.000000
0.128 0.129 0.000000
0.129 0.130 0.000000
0.130 0.131 0.000000
0.131 0.132 0.000000
0.132 0.133 0.000000
0.133 0.134 0.000000
0.134 0.135 0.000000
0.135 0.136 0.000000
0.136 0.137 0.000000
0.137 0.138 0.000000
0.138 0.139 0.000000
0.139 0.140 0.000000
0.140 0.141 0.000000
0.141 0.142 0.000000
0.142 0.143 0.000000
0.143 0.144 0.000000
0.144 0.145 0.000000
0.145 0.146 0.000000
0.146 0.147 0.000000
0.147 0.148 0.000000
0.148 0.149 0.000000
0.149 0.150 0.000000
