1
0.000 0.001 0.000000
0.001 0.002 0.000000
0.002 0.003 0.000000
0.003 0.004 0.000000
0.004 0.005 0.000000
0.005 0.006 0.000000
0.006 0.007 0.000000
0.007 0.008 0.000000
0.008 0.009 0.000000
0.009 0.010 0.000000
0.010 0.011 0.000000
0.011 0.012 0.000000
0.012 0.013 0.000000
0.013 0.014 0.000000
0.014 0.015 0.000000
0.015 0.016 0.000001
0.016 0.017 0.000008
0.017 0.018 0.000049
0.018 0.019 0.000211
0.019 0.020 0.000711
0.020 0.021 0.001958
0.021 0.022 0.004574
0.022 0.023 0.009333
0.023 0.024 0.017077
0.024 0.025 0.028622
0.025 0.026 0.044294
0.026 0.027 0.064317
0.027 0.028 0.089020
0.028 0.029 0.117903
0.029 0.030 0.150038
0.030 0.031 0.184718
0.031 0.032 0.220910
0.032 0.033 0.258236
0.033 0.034 0.295687
0.034 0.035 0.332524
0.035 0.036 0.368479
0.036 0.037 0.402621
0.037 0.038 0.433383
0.038 0.039 0.460912
0.039 0.040 0.487324
0.040 0.041 0.510550
0.041 0.042 0.530505
0.042 0.043 0.549185
0.043 0.044 0.563516
0.044 0.045 0.576590
0.045 0.046 0.586403
0.046 0.047 0.591507
0.047 0.048 0.597233
0.048 0.049 0.601772
0.049 0.050 0.600618
0.050 0.051 0.598345
0.051 0.052 0.598059
0.052 0.053 0.596310
0.053 0.054 0.591012
0.054 0.055 0.583379
0.055 0.056 0.576344
0.056 0.057 0.569807
0.057 0.058 0.716302
0.058 0.059 1.000000
0.059 0.060 0.832076
0.060 0.061 0.534427
0.061 0.062 0.522193
0.062 0.063 0.495482
0.063 0.064 0.479857
0.064 0.065 0.464715
0.065 0.066 0.451774
0.066 0.067 0.554964
0.067 0.068 0.542016
0.068 0.069 0.432327
0.069 0.070 0.388402
0.070 0.071 0.327036
0.071 0.072 0.314708
0.072 0.073 0.299551
0.073 0.074 0.291491
0.074 0.075 0.281981
0.075 0.076 0.268588
0.076 0.077 0.252622
0.077 0.078 0.241211
0.078 0.079 0.233783
0.079 0.080 0.225125
0.080 0.081 0.213665
0.081 0.082 0.200728
0.082 0.083 0.188000
0.083 0.084 0.177299
0.084 0.085 0.167921
0.085 0.086 0.159683
0.086 0.087 0.149765
0.087 0.088 0.141510
0.088 0.089 0.132495
0.089 0.090 0.123569
0.090 0.091 0.113471
0.091 0.092 0.103363
0.092 0.093 0.095633
0.093 0.094 0.088690
0.094 0.095 0.081938
0.095 0.096 0.075599
0.096 0.097 0.067794
0.097 0.098 0.059190
0.098 0.099 0.049175
0.099 0.100 0.043741
0.100 0.101 0.041260
0.101 0.102 0.036364
0.102 0.103 0.029822
0.103 0.104 0.023704
0.104 0.105 0.020480
0.105 0.106 0.016585
0.106 0.107 0.011817
0.107 0.108 0.008564
0.108 0.109 0.004952
0.109 0.110 0.003120
0.110 0.111 0.000814
0.111 0.112 0.000000
0.112 0.113 0.000000
0.113 0.114 0.000000
0.114 0.115 0.000000
0.115 0.116 0.000000
0.116 0.117 0.000000
0.117 0.118 0.000000
0.118 0.119 0.000000
0.119 0.120 0.000000
0.120 0.121 0.000000
0.121 0.122 0.000000
0.122 0.123 0.000000
0.123 0.124 0.000000
0.124 0.125 0.000000
0.125 0.126 0.000000
0.126 0.127 0.000000
0.127 0.128 0.000000
0.128 0.129 0.000000
0.129 0.130 0.000000
0.130 0.131 0.000000
0.131 0.132 0.000000
0.132 0.133 0.000000
0.133 0.134 0.000000
0.134 0.135 0.000000
0.135 0.136 0.000000
0.136 0.137 0.000000
0.137 0.138 0.000000
0.138 0.139 0.000000
0.139 0.140 0.000000
0.140 0.141 0.000000
0.141 0.142 0.000000
0.142 0.143 0.000000
0.143 0.144 0.000000
0.144 0.145 0.000000
0.145 0.146 0.000000
0.146 0.147 0.000000
0.147 0.148 0.000000
0.148 0.149 0.000000
0.149 0.150 0.000000
