1
0.000 0.001 0.000000
0.001 0.002 0.000000
0.002 0.003 0.000000
0.003 0.004 0.000000
0.004 0.005 0.000000
0.005 0.006 0.000000
0.006 0.007 0.000000
0.007 0.008 0.000000
0.008 0.009 0.000000
0.009 0.010 0.000000
0.010 0.011 0.000000
0.011 0.012 0.000000
0.012 0.013 0.000000
0.013 0.014 0.000000
0.014 0.015 0.000000
0.015 0.016 0.000000
0.016 0.017 0.000000
0.017 0.018 0.000000
0.018 0.019 0.000000
0.019 0.020 0.000000
0.020 0.021 0.000001
0.021 0.022 0.000006
0.022 0.023 0.000028
0.023 0.024 0.000098
0.024 0.025 0.000287
0.025 0.026 0.000722
0.026 0.027 0.001592
0.027 0.028 0.003160
0.028 0.029 0.005744
0.029 0.030 0.009598
0.030 0.031 0.015085
0.031 0.032 0.022397
0.032 0.033 0.031676
0.033 0.034 0.043090
0.034 0.035 0.056472
0.035 0.036 0.071394
0.036 0.037 0.088242
0.037 0.038 0.107095
0.038 0.039 0.126340
0.039 0.040 0.146088
0.040 0.041 0.166681
0.041 0.042 0.187089
0.042 0.043 0.207356
0.043 0.044 0.227624
0.044 0.045 0.247938
0.045 0.046 0.266026
0.046 0.047 0.283276
0.047 0.048 0.301825
0.048 0.049 0.318076
0.049 0.050 0.331592
0.050 0.051 0.344640
0.051 0.052 0.357896
0.052 0.053 0.368547
0.053 0.054 0.377198
0.054 0.055 0.385832
0.055 0.056 0.395235
0.056 0.057 0.402982
0.057 0.058 0.607138
0.058 0.059 1.000000
0.059 0.060 0.807695
0.060 0.061 0.433374
0.061 0.062 0.435535
0.062 0.063 0.415513
0.063 0.064 0.415605
0.064 0.065 0.413196
0.065 0.066 0.411134
0.066 0.067 0.580163
0.067 0.068 0.580636
0.068 0.069 0.441978
0.069 0.070 0.399929
0.070 0.071 0.320204
0.071 0.072 0.318262
0.072 0.073 0.314614
0.073 0.074 0.311522
0.074 0.075 0.308640
0.075 0.076 0.306198
0.076 0.077 0.300998
0.077 0.078 0.297085
0.078 0.079 0.294820
0.079 0.080 0.291356
0.080 0.081 0.286279
0.081 0.082 0.279843
0.082 0.083 0.273990
0.083 0.084 0.269006
0.084 0.085 0.264533
0.085 0.086 0.260235
0.086 0.087 0.254269
0.087 0.088 0.251333
0.088 0.089 0.245746
0.089 0.090 0.237895
0.090 0.091 0.232305
0.091 0.092 0.222042
0.092 0.093 0.215479
0.093 0.094 0.213495
0.094 0.095 0.207115
0.095 0.096 0.200778
0.096 0.097 0.194835
0.097 0.098 0.186338
0.098 0.099 0.179816
0.099 0.100 0.173844
0.100 0.101 0.167315
0.101 0.102 0.161219
0.102 0.103 0.153527
0.103 0.104 0.147873
0.104 0.105 0.142100
0.105 0.106 0.134686
0.106 0.107 0.128247
0.107 0.108 0.120112
0.108 0.109 0.113459
0.109 0.110 0.106522
0.110 0.111 0.099683
0.111 0.112 0.093962
0.112 0.113 0.085796
0.113 0.114 0.078844
0.114 0.115 0.072563
0.115 0.116 0.065232
0.116 0.117 0.058281
0.117 0.118 0.050795
0.118 0.119 0.040470
0.119 0.120 0.035312
0.120 0.121 0.032343
0.121 0.122 0.026677
0.122 0.123 0.021905
0.123 0.124 0.016508
0.124 0.125 0.011323
0.125 0.126 0.006968
0.126 0.127 0.003779
0.127 0.128 0.000490
0.128 0.129 0.000000
0.129 0.130 0.000000
0.130 0.131 0.000000
0.131 0.132 0.000000
0.132 0.133 0.000000
0.133 0.134 0.000000
0.134 0.135 0.000000
0.135 0.136 0.000000
0.136 0.137 0.000000
0.137 0.138 0.000000
0.138 0.139 0.000000
0.139 0.140 0.000000
0.140 0.141 0.000000
0.141 0.142 0.000000
0.142 0.143 0.000000
0.143 0.144 0.000000
0.144 0.145 0.000000
0.145 0.146 0.000000
0.146 0.147 0.000000
0.147 0.148 0.000000
0.148 0.149 0.000000
0.149 0.150 0.000000
