1
0.000 0.001 0.000000
0.001 0.002 0.000000
0.002 0.003 0.000000
0.003 0.004 0.000000
0.004 0.005 0.000000
0.005 0.006 0.000000
0.006 0.007 0.000000
0.007 0.008 0.000000
0.008 0.009 0.000000
0.009 0.010 0.000000
0.010 0.011 0.000000
0.011 0.012 0.000000
0.012 0.013 0.000000
0.013 0.014 0.000000
0.014 0.015 0.000000
0.015 0.016 0.000000
0.016 0.017 0.000000
0.017 0.018 0.000002
0.018 0.019 0.000015
0.019 0.020 0.000070
0.020 0.021 0.000256
0.021 0.022 0.000750
0.022 0.023 0.001846
0.023 0.024 0.003958
0.024 0.025 0.007556
0.025 0.026 0.013116
0.026 0.027 0.021013
0.027 0.028 0.031593
0.028 0.029 0.044982
0.029 0.030 0.060789
0.030 0.031 0.079098
0.031 0.032 0.099360
0.032 0.033 0.121165
0.033 0.034 0.144441
0.034 0.035 0.168347
0.035 0.036 0.191476
0.036 0.037 0.215148
0.037 0.038 0.239566
0.038 0.039 0.261286
0.039 0.040 0.281592
0.040 0.041 0.301372
0.041 0.042 0.318856
0.042 0.043 0.335292
0.043 0.044 0.350639
0.044 0.045 0.364947
0.045 0.046 0.376091
0.046 0.047 0.385307
0.047 0.048 0.396145
0.048 0.049 0.404594
0.049 0.050 0.409475
0.050 0.051 0.413474
0.051 0.052 0.418249
0.052 0.053 0.421141
0.053 0.054 0.421691
0.054 0.055 0.422212
0.055 0.056 0.424372
0.056 0.057 0.424984
0.057 0.058 0.622233
0.058 0.059 1.000000
0.059 0.060 0.798457
0.060 0.061 0.428340
0.061 0.062 0.424815
0.062 0.063 0.401086
0.063 0.064 0.396129
0.064 0.065 0.389160
0.065 0.066 0.383550
0.066 0.067 0.531345
0.067 0.068 0.526841
0.068 0.069 0.399850
0.069 0.070 0.359181
0.070 0.071 0.286896
0.071 0.072 0.282595
0.072 0.073 0.277123
0.073 0.074 0.272913
0.074 0.075 0.268585
0.075 0.076 0.264574
0.076 0.077 0.258197
0.077 0.078 0.252991
0.078 0.079 0.249932
0.079 0.080 0.245660
0.080 0.081 0.239602
0.081 0.082 0.232695
0.082 0.083 0.226680
0.083 0.084 0.221461
0.084 0.085 0.216665
0.085 0.086 0.212212
0.086 0.087 0.206030
0.087 0.088 0.202718
0.088 0.089 0.197627
0.089 0.090 0.190384
0.090 0.091 0.184818
0.091 0.092 0.175460
0.092 0.093 0.169537
0.093 0.094 0.167522
0.094 0.095 0.161717
0.095 0.096 0.155969
0.096 0.097 0.150396
0.097 0.098 0.142843
0.098 0.099 0.136790
0.099 0.100 0.131361
0.100 0.101 0.125979
0.101 0.102 0.120772
0.102 0.103 0.113876
0.103 0.104 0.108784
0.104 0.105 0.104095
0.105 0.106 0.098088
0.106 0.107 0.092627
0.107 0.108 0.085782
0.108 0.109 0.080086
0.109 0.110 0.074007
0.110 0.111 0.068205
0.111 0.112 0.063453
0.112 0.113 0.056931
0.113 0.114 0.051410
0.114 0.115 0.046001
0.115 0.116 0.040213
0.116 0.117 0.034588
0.117 0.118 0.029429
0.118 0.119 0.022390
0.119 0.120 0.019116
0.120 0.121 0.017066
0.121 0.122 0.013483
0.122 0.123 0.010640
0.123 0.124 0.007372
0.124 0.125 0.004458
0.125 0.126 0.002193
0.126 0.127 0.000390
0.127 0.128 0.000000
0.128 0.129 0.000000
0.129 0.130 0.000000
0.130 0.131 0.000000
0.131 0.132 0.000000
0.132 0.133 0.000000
0.133 0.134 0.000000
0.134 0.135 0.000000
0.135 0.136 0.000000
0.136 0.137 0.000000
0.137 0.138 0.000000
0.138 0.139 0.000000
0.139 0.140 0.000000
0.140 0.141 0.000000
0.141 0.142 0.000000
0.142 0.143 0.000000
0.143 0.144 0.000000
0.144 0.145 0.000000
0.145 0.146 0.000000
0.146 0.147 0.000000
0.147 0.148 0.000000
0.148 0.149 0.000000
0.149 0.150 0.000000
