1
0.000 0.001 0.000000
0.001 0.002 0.000000
0.002 0.003 0.000000
0.003 0.004 0.000000
0.004 0.005 0.000000
0.005 0.006 0.000000
0.006 0.007 0.000000
0.007 0.008 0.000000
0.008 0.009 0.000000
0.009 0.010 0.000000
0.010 0.011 0.000000
0.011 0.012 0.000000
0.012 0.013 0.000000
0.013 0.014 0.000000
0.014 0.015 0.000000
0.015 0.016 0.000000
0.016 0.017 0.000000
0.017 0.018 0.000000
0.018 0.019 0.000000
0.019 0.020 0.000001
0.020 0.021 0.000005
0.021 0.022 0.000027
0.022 0.023 0.000105
0.023 0.024 0.000332
0.024 0.025 0.000887
0.025 0.026 0.002047
0.026 0.027 0.004191
0.027 0.028 0.007818
0.028 0.029 0.013447
0.029 0.030 0.021454
0.030 0.031 0.032257
0.031 0.032 0.045966
0.032 0.033 0.062761
0.033 0.034 0.082572
0.034 0.035 0.105146
0.035 0.036 0.129983
0.036 0.037 0.156640
0.037 0.038 0.184724
0.038 0.039 0.212955
0.039 0.040 0.241763
0.040 0.041 0.270724
0.041 0.042 0.298656
0.042 0.043 0.326254
0.043 0.044 0.352201
0.044 0.045 0.377227
0.045 0.046 0.399688
0.046 0.047 0.419096
0.047 0.048 0.438604
0.048 0.049 0.456326
0.049 0.050 0.469391
0.050 0.051 0.480553
0.051 0.052 0.491987
0.052 0.053 0.501912
0.053 0.054 0.508105
0.054 0.055 0.511497
0.055 0.056 0.515330
0.056 0.057 0.518214
0.057 0.058 0.683043
0.058 0.059 1.000000
0.059 0.060 0.834056
0.060 0.061 0.519677
0.061 0.062 0.515087
0.062 0.063 0.492850
0.063 0.064 0.483229
0.064 0.065 0.472936
0.065 0.066 0.463898
0.066 0.067 0.595108
0.067 0.068 0.589387
0.068 0.069 0.468118
0.069 0.070 0.424543
0.070 0.071 0.354981
0.071 0.072 0.345726
0.072 0.073 0.333838
0.073 0.074 0.327859
0.074 0.075 0.320175
0.075 0.076 0.308530
0.076 0.077 0.297271
0.077 0.078 0.287682
0.078 0.079 0.282335
0.079 0.080 0.275184
0.080 0.081 0.264520
0.081 0.082 0.252317
0.082 0.083 0.241522
0.083 0.084 0.230880
0.084 0.085 0.220049
0.085 0.086 0.213093
0.086 0.087 0.203525
0.087 0.088 0.196764
0.088 0.089 0.189241
0.089 0.090 0.178871
0.090 0.091 0.168342
0.091 0.092 0.155628
0.092 0.093 0.145770
0.093 0.094 0.141606
0.094 0.095 0.133854
0.095 0.096 0.126360
0.096 0.097 0.117626
0.097 0.098 0.107310
0.098 0.099 0.096945
0.099 0.100 0.088418
0.100 0.101 0.084581
0.101 0.102 0.078969
0.102 0.103 0.070719
0.103 0.104 0.064291
0.104 0.105 0.059492
0.105 0.106 0.053411
0.106 0.107 0.046257
0.107 0.108 0.040392
0.108 0.109 0.035239
0.109 0.110 0.029597
0.110 0.111 0.024371
0.111 0.112 0.019302
0.112 0.113 0.015583
0.113 0.114 0.012331
0.114 0.115 0.008162
0.115 0.116 0.005847
0.116 0.117 0.003768
0.117 0.118 0.001005
0.118 0.119 0.000000
0.119 0.120 0.000000
0.120 0.121 0.000000
0.121 0.122 0.000000
0.122 0.123 0.000000
0.123 0.124 0.000000
0.124 0.125 0.000000
0.125 0.126 0.000000
0.126 0.127 0.000000
0.127 0.128 0.000000
0.128 0.129 0.000000
0.129 0.130 0.000000
0.130 0.131 0.000000
0.131 0.132 0.000000
0.132 0.133 0.000000
0.133 0.134 0.000000
0.134 0.135 0.000000
0.135 0.136 0.000000
0.136 0.137 0.000000
0.137 0.138 0.000000
0.138 0.139 0.000000
0.139 0.140 0.000000
0.140 0.141 0.000000
0.141 0.142 0.000000
0.142 0.143 0.000000
0.143 0.144 0.000000
0.144 0.145 0.000000
0.145 0.146 0.000000
0.146 0.147 0.000000
0.147 0.148 0.000000
0.148 0.149 0.000000
0.149 0.150 0.000000
