1
0.000 0.001 0.000000
0.001 0.002 0.000000
0.002 0.003 0.000000
0.003 0.004 0.000000
0.004 0.005 0.000000
0.005 0.006 0.000000
0.006 0.007 0.000000
0.007 0.008 0.000000
0.008 0.009 0.000000
0.009 0.010 0.000000
0.010 0.011 0.000000
0.011 0.012 0.000000
0.012 0.013 0.000002
0.013 0.014 0.000023
0.014 0.015 0.000168
0.015 0.016 0.000805
0.016 0.017 0.002796
0.017 0.018 0.007592
0.018 0.019 0.017076
0.019 0.020 0.033300
0.020 0.021 0.057793
0.021 0.022 0.091301
0.022 0.023 0.133580
0.023 0.024 0.183843
0.024 0.025 0.240853
0.025 0.026 0.301870
0.026 0.027 0.364526
0.027 0.028 0.428157
0.028 0.029 0.490812
0.029 0.030 0.549595
0.030 0.031 0.604270
0.031 0.032 0.654355
0.032 0.033 0.699709
0.033 0.034 0.738244
0.034 0.035 0.770602
0.035 0.036 0.799433
0.036 0.037 0.820858
0.037 0.038 0.834051
0.038 0.039 0.843516
0.039 0.040 0.851347
0.040 0.041 0.854744
0.041 0.042 0.853387
0.042 0.043 0.852121
0.043 0.044 0.846376
0.044 0.045 0.838184
0.045 0.046 0.825828
0.046 0.047 0.809430
0.047 0.048 0.795103
0.048 0.049 0.779754
0.049 0.050 0.757520
0.050 0.051 0.736230
0.051 0.052 0.721691
0.052 0.053 0.705517
0.053 0.054 0.686776
0.054 0.055 0.665918
0.055 0.056 0.645746
0.056 0.057 0.627078
0.057 0.058 0.751845
0.058 0.059 1.000000
0.059 0.060 0.831642
0.060 0.061 0.548020
0.061 0.062 0.529583
0.062 0.063 0.497900
0.063 0.064 0.476561
0.064 0.065 0.456970
0.065 0.066 0.439522
0.066 0.067 0.523827
0.067 0.068 0.506497
0.068 0.069 0.404370
0.069 0.070 0.359831
0.070 0.071 0.304480
0.071 0.072 0.291342
0.072 0.073 0.275243
0.073 0.074 0.266015
0.074 0.075 0.255701
0.075 0.076 0.241436
0.076 0.077 0.226133
0.077 0.078 0.212811
0.078 0.079 0.202148
0.079 0.080 0.193814
0.080 0.081 0.183022
0.081 0.082 0.170903
0.082 0.083 0.159517
0.083 0.084 0.147975
0.084 0.085 0.137698
0.085 0.086 0.128449
0.086 0.087 0.117055
0.087 0.088 0.109812
0.088 0.089 0.102239
0.089 0.090 0.093607
0.090 0.091 0.084019
0.091 0.092 0.074953
0.092 0.093 0.067352
0.093 0.094 0.059399
0.094 0.095 0.053346
0.095 0.096 0.047711
0.096 0.097 0.040767
0.097 0.098 0.033447
0.098 0.099 0.024704
0.099 0.100 0.020544
0.100 0.101 0.018509
0.101 0.102 0.014604
0.102 0.103 0.009158
0.103 0.104 0.006619
0.104 0.105 0.004507
0.105 0.106 0.001248
0.106 0.107 0.000000
0.107 0.108 0.000000
0.108 0.109 0.000000
0.109 0.110 0.000000
0.110 0.111 0.000000
0.111 0.112 0.000000
0.112 0.113 0.000000
0.113 0.114 0.000000
0.114 0.115 0.000000
0.115 0.116 0.000000
0.116 0.117 0.000000
0.117 0.118 0.000000
0.118 0.119 0.000000
0.119 0.120 0.000000
0.120 0.121 0.000000
0.121 0.122 0.000000
0.122 0.123 0.000000
0.123 0.124 0.000000
0.124 0.125 0.000000
0.125 0.126 0.000000
0.126 0.127 0.000000
0.127 0.128 0.000000
0.128 0.129 0.000000
0.129 0.130 0.000000
0.130 0.131 0.000000
0.131 0.132 0.000000
0.132 0.133 0.000000
0.133 0.134 0.000000
0.134 0.135 0.000000
0.135 0.136 0.000000
0.136 0.137 0.000000
0.137 0.138 0.000000
0.138 0.139 0.000000
0.139 0.140 0.000000
0.140 0.141 0.000000
0.141 0.142 0.000000
0.142 0.143 0.000000
0.143 0.144 0.000000
0.144 0.145 0.000000
0.145 0.146 0.000000
0.146 0.147 0.000000
0.147 0.148 0.000000
0.148 0.149 0.000000
0.149 0.150 0.000000
