1
0.000 0.001 0.000000
0.001 0.002 0.000000
0.002 0.003 0.000000
0.003 0.004 0.000000
0.004 0.005 0.000000
0.005 0.006 0.000000
0.006 0.007 0.000000
0.007 0.008 0.000000
0.008 0.009 0.000000
0.009 0.010 0.000000
0.010 0.011 0.000000
0.011 0.012 0.000000
0.012 0.013 0.000000
0.013 0.014 0.000000
0.014 0.015 0.000000
0.015 0.016 0.000000
0.016 0.017 0.000000
0.017 0.018 0.000000
0.018 0.019 0.000003
0.019 0.020 0.000018
0.020 0.021 0.000075
0.021 0.022 0.000248
0.022 0.023 0.000681
0.023 0.024 0.001609
0.024 0.025 0.003363
0.025 0.026 0.006310
0.026 0.027 0.010845
0.027 0.028 0.017389
0.028 0.029 0.026216
0.029 0.030 0.037334
0.030 0.031 0.050894
0.031 0.032 0.066682
0.032 0.033 0.084684
0.033 0.034 0.104435
0.034 0.035 0.125341
0.035 0.036 0.147155
0.036 0.037 0.169663
0.037 0.038 0.192767
0.038 0.039 0.215018
0.039 0.040 0.236801
0.040 0.041 0.257770
0.041 0.042 0.277488
0.042 0.043 0.296780
0.043 0.044 0.314531
0.044 0.045 0.331532
0.045 0.046 0.345577
0.046 0.047 0.358308
0.047 0.048 0.371855
0.048 0.049 0.382880
0.049 0.050 0.390603
0.050 0.051 0.398247
0.051 0.052 0.406267
0.052 0.053 0.411172
0.053 0.054 0.414323
0.054 0.055 0.417227
0.055 0.056 0.420564
0.056 0.057 0.423570
0.057 0.058 0.621554
0.058 0.059 1.000000
0.059 0.060 0.802124
0.060 0.061 0.433341
0.061 0.062 0.431095
0.062 0.063 0.407692
0.063 0.064 0.403681
0.064 0.065 0.398575
0.065 0.066 0.393184
0.066 0.067 0.545263
0.067 0.068 0.541345
0.068 0.069 0.410532
0.069 0.070 0.369605
0.070 0.071 0.295711
0.071 0.072 0.291682
0.072 0.073 0.285656
0.073 0.074 0.281319
0.074 0.075 0.277530
0.075 0.076 0.272703
0.076 0.077 0.265840
0.077 0.078 0.260731
0.078 0.079 0.256904
0.079 0.080 0.252509
0.080 0.081 0.247229
0.081 0.082 0.240407
0.082 0.083 0.233333
0.083 0.084 0.226587
0.084 0.085 0.220866
0.085 0.086 0.215522
0.086 0.087 0.209699
0.087 0.088 0.205098
0.088 0.089 0.198698
0.089 0.090 0.191055
0.090 0.091 0.184670
0.091 0.092 0.176312
0.092 0.093 0.169881
0.093 0.094 0.165890
0.094 0.095 0.159601
0.095 0.096 0.153772
0.096 0.097 0.147486
0.097 0.098 0.140754
0.098 0.099 0.134355
0.099 0.100 0.129552
0.100 0.101 0.125220
0.101 0.102 0.119969
0.102 0.103 0.114208
0.103 0.104 0.109522
0.104 0.105 0.103988
0.105 0.106 0.098601
0.106 0.107 0.093997
0.107 0.108 0.088541
0.108 0.109 0.084184
0.109 0.110 0.080124
0.110 0.111 0.075622
0.111 0.112 0.071046
0.112 0.113 0.066106
0.113 0.114 0.061505
0.114 0.115 0.057968
0.115 0.116 0.054255
0.116 0.117 0.050006
0.117 0.118 0.046003
0.118 0.119 0.042033
0.119 0.120 0.038945
0.120 0.121 0.037046
0.121 0.122 0.034195
0.122 0.123 0.031359
0.123 0.124 0.028060
0.124 0.125 0.025114
0.125 0.126 0.022142
0.126 0.127 0.019807
0.127 0.128 0.016944
0.128 0.129 0.014159
0.129 0.130 0.012218
0.130 0.131 0.010038
0.131 0.132 0.008699
0.132 0.133 0.006603
0.133 0.134 0.005078
0.134 0.135 0.003664
0.135 0.136 0.002108
0.136 0.137 0.001358
0.137 0.138 0.000342
0.138 0.139 0.000000
0.139 0.140 0.000000
0.140 0.141 0.000000
0.141 0.142 0.000000
0.142 0.143 0.000000
0.143 0.144 0.000000
0.144 0.145 0.000000
0.145 0.146 0.000000
0.146 0.147 0.000000
0.147 0.148 0.000000
0.148 0.149 0.000000
0.149 0.150 0.000000
