1
0.000 0.001 0.000000
0.001 0.002 0.000000
0.002 0.003 0.000000
0.003 0.004 0.000000
0.004 0.005 0.000000
0.005 0.006 0.000000
0.006 0.007 0.000000
0.007 0.008 0.000000
0.008 0.009 0.000000
0.009 0.010 0.000000
0.010 0.011 0.000000
0.011 0.012 0.000000
0.012 0.013 0.000000
0.013 0.014 0.000000
0.014 0.015 0.000001
0.015 0.016 0.000009
0.016 0.017 0.000056
0.017 0.018 0.000249
0.018 0.019 0.000842
0.019 0.020 0.002291
0.020 0.021 0.005260
0.021 0.022 0.010497
0.022 0.023 0.018736
0.023 0.024 0.030573
0.024 0.025 0.046300
0.025 0.026 0.065840
0.026 0.027 0.088906
0.027 0.028 0.115224
0.028 0.029 0.144047
0.029 0.030 0.174133
0.030 0.031 0.205115
0.031 0.032 0.236020
0.032 0.033 0.266764
0.033 0.034 0.296688
0.034 0.035 0.324598
0.035 0.036 0.350233
0.036 0.037 0.374374
0.037 0.038 0.397101
0.038 0.039 0.415866
0.039 0.040 0.432579
0.040 0.041 0.447353
0.041 0.042 0.459740
0.042 0.043 0.470660
0.043 0.044 0.478993
0.044 0.045 0.486891
0.045 0.046 0.490951
0.046 0.047 0.492642
0.047 0.048 0.496014
0.048 0.049 0.497283
0.049 0.050 0.494790
0.050 0.051 0.492388
0.051 0.052 0.491298
0.052 0.053 0.487667
0.053 0.054 0.482204
0.054 0.055 0.476712
0.055 0.056 0.472431
0.056 0.057 0.467592
0.057 0.058 0.650123
0.058 0.059 1.000000
0.059 0.060 0.802182
0.060 0.061 0.450151
0.061 0.062 0.441966
0.062 0.063 0.415420
0.063 0.064 0.406213
0.064 0.065 0.396020
0.065 0.066 0.386872
0.066 0.067 0.516224
0.067 0.068 0.507900
0.068 0.069 0.389124
0.069 0.070 0.348534
0.070 0.071 0.281548
0.071 0.072 0.274791
0.072 0.073 0.266251
0.073 0.074 0.260125
0.074 0.075 0.253974
0.075 0.076 0.246999
0.076 0.077 0.238278
0.077 0.078 0.230955
0.078 0.079 0.225431
0.079 0.080 0.219832
0.080 0.081 0.212775
0.081 0.082 0.204591
0.082 0.083 0.196968
0.083 0.084 0.189845
0.084 0.085 0.183440
0.085 0.086 0.177471
0.086 0.087 0.170005
0.087 0.088 0.165740
0.088 0.089 0.160077
0.089 0.090 0.152987
0.090 0.091 0.146702
0.091 0.092 0.138355
0.092 0.093 0.132328
0.093 0.094 0.128815
0.094 0.095 0.122456
0.095 0.096 0.117532
0.096 0.097 0.112435
0.097 0.098 0.105959
0.098 0.099 0.100082
0.099 0.100 0.095382
0.100 0.101 0.091317
0.101 0.102 0.086671
0.102 0.103 0.080659
0.103 0.104 0.076902
0.104 0.105 0.073264
0.105 0.106 0.068767
0.106 0.107 0.064721
0.107 0.108 0.059843
0.108 0.109 0.055756
0.109 0.110 0.051310
0.110 0.111 0.047882
0.111 0.112 0.044929
0.112 0.113 0.040883
0.113 0.114 0.037316
0.114 0.115 0.034192
0.115 0.116 0.030413
0.116 0.117 0.027593
0.117 0.118 0.024734
0.118 0.119 0.020876
0.119 0.120 0.018642
0.120 0.121 0.017143
0.121 0.122 0.015327
0.122 0.123 0.013479
0.123 0.124 0.011522
0.124 0.125 0.009238
0.125 0.126 0.006706
0.126 0.127 0.005412
0.127 0.128 0.003954
0.128 0.129 0.002280
0.129 0.130 0.001494
0.130 0.131 0.000376
0.131 0.132 0.000000
0.132 0.133 0.000000
0.133 0.134 0.000000
0.134 0.135 0.000000
0.135 0.136 0.000000
0.136 0.137 0.000000
0.137 0.138 0.000000
0.138 0.139 0.000000
0.139 0.140 0.000000
0.140 0.141 0.000000
0.141 0.142 0.000000
0.142 0.143 0.000000
0.143 0.144 0.000000
0.144 0.145 0.000000
0.145 0.146 0.000000
0.146 0.147 0.000000
0.147 0.148 0.000000
0.148 0.149 0.000000
0.149 0.150 0.000000
