1
0.000 0.001 0.000000
0.001 0.002 0.000000
0.002 0.003 0.000000
0.003 0.004 0.000000
0.004 0.005 0.000000
0.005 0.006 0.000000
0.006 0.007 0.000000
0.007 0.008 0.000000
0.008 0.009 0.000000
0.009 0.010 0.000000
0.010 0.011 0.000000
0.011 0.012 0.000000
0.012 0.013 0.000000
0.013 0.014 0.000000
0.014 0.015 0.000000
0.015 0.016 0.000001
0.016 0.017 0.000012
0.017 0.018 0.000078
0.018 0.019 0.000340
0.019 0.020 0.001134
0.020 0.021 0.003058
0.021 0.022 0.006939
0.022 0.023 0.013706
0.023 0.024 0.024256
0.024 0.025 0.039272
0.025 0.026 0.058972
0.026 0.027 0.083149
0.027 0.028 0.111895
0.028 0.029 0.144471
0.029 0.030 0.179391
0.030 0.031 0.215618
0.031 0.032 0.252630
0.032 0.033 0.289954
0.033 0.034 0.326246
0.034 0.035 0.360989
0.035 0.036 0.394336
0.036 0.037 0.425253
0.037 0.038 0.451757
0.038 0.039 0.474825
0.039 0.040 0.496697
0.040 0.041 0.515488
0.041 0.042 0.531071
0.042 0.043 0.545381
0.043 0.044 0.555912
0.044 0.045 0.565265
0.045 0.046 0.572005
0.046 0.047 0.573934
0.047 0.048 0.576931
0.048 0.049 0.579450
0.049 0.050 0.576184
0.050 0.051 0.572113
0.051 0.052 0.570564
0.052 0.053 0.567789
0.053 0.054 0.561517
0.054 0.055 0.553395
0.055 0.056 0.547251
0.056 0.057 0.541409
0.057 0.058 0.697806
0.058 0.059 1.000000
0.059 0.060 0.822969
0.060 0.061 0.509951
0.061 0.062 0.499005
0.062 0.063 0.472635
0.063 0.064 0.458865
0.064 0.065 0.445593
0.065 0.066 0.435304
0.066 0.067 0.545913
0.067 0.068 0.535190
0.068 0.069 0.424709
0.069 0.070 0.382599
0.070 0.071 0.320107
0.071 0.072 0.309641
0.072 0.073 0.296943
0.073 0.074 0.290337
0.074 0.075 0.282344
0.075 0.076 0.271029
0.076 0.077 0.257914
0.077 0.078 0.246867
0.078 0.079 0.239919
0.079 0.080 0.231559
0.080 0.081 0.220279
0.081 0.082 0.207354
0.082 0.083 0.196480
0.083 0.084 0.185565
0.084 0.085 0.175799
0.085 0.086 0.167152
0.086 0.087 0.156052
0.087 0.088 0.148766
0.088 0.089 0.141255
0.089 0.090 0.131601
0.090 0.091 0.120521
0.091 0.092 0.110660
0.092 0.093 0.103459
0.093 0.094 0.098064
0.094 0.095 0.090462
0.095 0.096 0.082658
0.096 0.097 0.075213
0.097 0.098 0.066844
0.098 0.099 0.057786
0.099 0.100 0.050961
0.100 0.101 0.048323
0.101 0.102 0.043506
0.102 0.103 0.036873
0.103 0.104 0.030926
0.104 0.105 0.027662
0.105 0.106 0.023641
0.106 0.107 0.018841
0.107 0.108 0.015053
0.108 0.109 0.011610
0.109 0.110 0.007571
0.110 0.111 0.005133
0.111 0.112 0.002541
0.112 0.113 0.000681
0.113 0.114 0.000000
0.114 0.115 0.000000
0.115 0.116 0.000000
0.116 0.117 0.000000
0.117 0.118 0.000000
0.118 0.119 0.000000
0.119 0.120 0.000000
0.120 0.121 0.000000
0.121 0.122 0.000000
0.122 0.123 0.000000
0.123 0.124 0.000000
0.124 0.125 0.000000
0.125 0.126 0.000000
0.126 0.127 0.000000
0.127 0.128 0.000000
0.128 0.129 0.000000
0.129 0.130 0.000000
0.130 0.131 0.000000
0.131 0.132 0.000000
0.132 0.133 0.000000
0.133 0.134 0.000000
0.134 0.135 0.000000
0.135 0.136 0.000000
0.136 0.137 0.000000
0.137 0.138 0.000000
0.138 0.139 0.000000
0.139 0.140 0.000000
0.140 0.141 0.000000
0.141 0.142 0.000000
0.142 0.143 0.000000
0.143 0.144 0.000000
0.144 0.145 0.000000
0.145 0.146 0.000000
0.146 0.147 0.000000
0.147 0.148 0.000000
0.148 0.149 0.000000
0.149 0.150 0.000000
