1
0.000 0.001 0.000000
0.001 0.002 0.000000
0.002 0.003 0.000000
0.003 0.004 0.000000
0.004 0.005 0.000000
0.005 0.006 0.000000
0.006 0.007 0.000000
0.007 0.008 0.000000
0.008 0.009 0.000000
0.009 0.010 0.000000
0.010 0.011 0.000000
0.011 0.012 0.000000
0.012 0.013 0.000000
0.013 0.014 0.000000
0.014 0.015 0.000000
0.015 0.016 0.000000
0.016 0.017 0.000000
0.017 0.018 0.000001
0.018 0.019 0.000008
0.019 0.020 0.000044
0.020 0.021 0.000181
0.021 0.022 0.000594
0.022 0.023 0.001610
0.023 0.024 0.003738
0.024 0.025 0.007658
0.025 0.026 0.014080
0.026 0.027 0.023708
0.027 0.028 0.037243
0.028 0.029 0.055055
0.029 0.030 0.077199
0.030 0.031 0.103239
0.031 0.032 0.132667
0.032 0.033 0.165807
0.033 0.034 0.200991
0.034 0.035 0.237288
0.035 0.036 0.275226
0.036 0.037 0.312396
0.037 0.038 0.347604
0.038 0.039 0.382975
0.039 0.040 0.418080
0.040 0.041 0.448984
0.041 0.042 0.477875
0.042 0.043 0.505314
0.043 0.044 0.529054
0.044 0.045 0.551375
0.045 0.046 0.569312
0.046 0.047 0.584097
0.047 0.048 0.597048
0.048 0.049 0.607410
0.049 0.050 0.612934
0.050 0.051 0.618478
0.051 0.052 0.625112
0.052 0.053 0.626189
0.053 0.054 0.624701
0.054 0.055 0.622128
0.055 0.056 0.617640
0.056 0.057 0.612251
0.057 0.058 0.743615
0.058 0.059 1.000000
0.059 0.060 0.853627
0.060 0.061 0.586559
0.061 0.062 0.573760
0.062 0.063 0.546688
0.063 0.064 0.531130
0.064 0.065 0.516467
0.065 0.066 0.502570
0.066 0.067 0.597427
0.067 0.068 0.584992
0.068 0.069 0.478387
0.069 0.070 0.432753
0.070 0.071 0.372647
0.071 0.072 0.359032
0.072 0.073 0.340706
0.073 0.074 0.328416
0.074 0.075 0.314922
0.075 0.076 0.297141
0.076 0.077 0.278697
0.077 0.078 0.261355
0.078 0.079 0.248994
0.079 0.080 0.235926
0.080 0.081 0.219894
0.081 0.082 0.200284
0.082 0.083 0.184803
0.083 0.084 0.169467
0.084 0.085 0.153983
0.085 0.086 0.142526
0.086 0.087 0.129510
0.087 0.088 0.117036
0.088 0.089 0.102617
0.089 0.090 0.091118
0.090 0.091 0.079579
0.091 0.092 0.067170
0.092 0.093 0.058348
0.093 0.094 0.049446
0.094 0.095 0.039183
0.095 0.096 0.031996
0.096 0.097 0.022697
0.097 0.098 0.015989
0.098 0.099 0.008529
0.099 0.100 0.003835
0.100 0.101 0.001229
0.101 0.102 0.000000
0.102 0.103 0.000000
0.103 0.104 0.000000
0.104 0.105 0.000000
0.105 0.106 0.000000
0.106 0.107 0.000000
0.107 0.108 0.000000
0.108 0.109 0.000000
0.109 0.110 0.000000
0.110 0.111 0.000000
0.111 0.112 0.000000
0.112 0.113 0.000000
0.113 0.114 0.000000
0.114 0.115 0.000000
0.115 0.116 0.000000
0.116 0.117 0.000000
0.117 0.118 0.000000
0.118 0.119 0.000000
0.119 0.120 0.000000
0.120 0.121 0.000000
0.121 0.122 0.000000
0.122 0.123 0.000000
0.123 0.124 0.000000
0.124 0.125 0.000000
0.125 0.126 0.000000
0.126 0.127 0.000000
0.127 0.128 0.000000
0.128 0.129 0.000000
0.129 0.130 0.000000
0.130 0.131 0.000000
0.131 0.132 0.000000
0.132 0.133 0.000000
0.133 0.134 0.000000
0.134 0.135 0.000000
0.135 0.136 0.000000
0.136 0.137 0.000000
0.137 0.138 0.000000
0.138 0.139 0.000000
0.139 0.140 0.000000
0.140 0.141 0.000000
0.141 0.142 0.000000
0.142 0.143 0.000000
0.143 0.144 0.000000
0.144 0.145 0.000000
0.145 0.146 0.000000
0.146 0.147 0.000000
0.147 0.148 0.000000
0.148 0.149 0.000000
0.149 0.150 0.000000
