1
0.000 0.001 0.000000
0.001 0.002 0.000000
0.002 0.003 0.000000
0.003 0.004 0.000000
0.004 0.005 0.000000
0.005 0.006 0.000000
0.006 0.007 0.000000
0.007 0.008 0.000018
0.008 0.009 0.000000
0.009 0.010 0.000000
0.010 0.011 0.000000
0.011 0.012 0.000000
0.012 0.013 0.000001
0.013 0.014 0.000011
0.014 0.015 0.000082
0.015 0.016 0.000385
0.016 0.017 0.001323
0.017 0.018 0.003601
0.018 0.019 0.008148
0.019 0.020 0.016002
0.020 0.021 0.028081
0.021 0.022 0.044925
0.022 0.023 0.066593
0.023 0.024 0.092864
0.024 0.025 0.123294
0.025 0.026 0.156410
0.026 0.027 0.191673
0.027 0.028 0.228597
0.028 0.029 0.264954
0.029 0.030 0.299720
0.030 0.031 0.334014
0.031 0.032 0.365908
0.032 0.033 0.395452
0.033 0.034 0.421951
0.034 0.035 0.444834
0.035 0.036 0.465813
0.036 0.037 0.483789
0.037 0.038 0.500658
0.038 0.039 0.513013
0.039 0.040 0.522230
0.040 0.041 0.529672
0.041 0.042 0.534358
0.042 0.043 0.538008
0.043 0.044 0.539731
0.044 0.045 0.539835
0.045 0.046 0.536006
0.046 0.047 0.531704
0.047 0.048 0.529452
0.048 0.049 0.523967
0.049 0.050 0.514587
0.050 0.051 0.506948
0.051 0.052 0.502101
0.052 0.053 0.494178
0.053 0.054 0.485468
0.054 0.055 0.476675
0.055 0.056 0.468996
0.056 0.057 0.461874
0.057 0.058 0.646494
0.058 0.059 1.000000
0.059 0.060 0.794879
0.060 0.061 0.435562
0.061 0.062 0.425747
0.062 0.063 0.396965
0.063 0.064 0.386280
0.064 0.065 0.375110
0.065 0.066 0.364224
0.066 0.067 0.490792
0.067 0.068 0.482101
0.068 0.069 0.364334
0.069 0.070 0.325146
0.070 0.071 0.259254
0.071 0.072 0.253086
0.072 0.073 0.245132
0.073 0.074 0.238952
0.074 0.075 0.233345
0.075 0.076 0.227092
0.076 0.077 0.219327
0.077 0.078 0.212892
0.078 0.079 0.207526
0.079 0.080 0.202015
0.080 0.081 0.195984
0.081 0.082 0.188150
0.082 0.083 0.181862
0.083 0.084 0.175940
0.084 0.085 0.170874
0.085 0.086 0.166151
0.086 0.087 0.161064
0.087 0.088 0.157052
0.088 0.089 0.151585
0.089 0.090 0.145399
0.090 0.091 0.140000
0.091 0.092 0.132957
0.092 0.093 0.127457
0.093 0.094 0.123900
0.094 0.095 0.118127
0.095 0.096 0.114076
0.096 0.097 0.110067
0.097 0.098 0.104829
0.098 0.099 0.099936
0.099 0.100 0.096207
0.100 0.101 0.092808
0.101 0.102 0.088817
0.102 0.103 0.084413
0.103 0.104 0.080863
0.104 0.105 0.077013
0.105 0.106 0.072462
0.106 0.107 0.068500
0.107 0.108 0.063513
0.108 0.109 0.060539
0.109 0.110 0.057779
0.110 0.111 0.054729
0.111 0.112 0.051883
0.112 0.113 0.048037
0.113 0.114 0.044484
0.114 0.115 0.041687
0.115 0.116 0.038747
0.116 0.117 0.035463
0.117 0.118 0.032219
0.118 0.119 0.029342
0.119 0.120 0.027172
0.120 0.121 0.025884
0.121 0.122 0.023880
0.122 0.123 0.021888
0.123 0.124 0.019792
0.124 0.125 0.017268
0.125 0.126 0.014435
0.126 0.127 0.013029
0.127 0.128 0.011256
0.128 0.129 0.009743
0.129 0.130 0.008228
0.130 0.131 0.006526
0.131 0.132 0.005431
0.132 0.133 0.003693
0.133 0.134 0.002704
0.134 0.135 0.001791
0.135 0.136 0.000673
0.136 0.137 0.000403
0.137 0.138 0.000000
0.138 0.139 0.000000
0.139 0.140 0.000000
0.140 0.141 0.000000
0.141 0.142 0.000000
0.142 0.143 0.000000
0.143 0.144 0.000000
0.144 0.145 0.000000
0.145 0.146 0.000000
0.146 0.147 0.000000
0.147 0.148 0.000000
0.148 0.149 0.000000
0.149 0.150 0.000000
