1
0.000 0.001 0.000000
0.001 0.002 0.000000
0.002 0.003 0.000000
0.003 0.004 0.000000
0.004 0.005 0.000000
0.005 0.006 0.000000
0.006 0.007 0.000000
0.007 0.008 0.000000
0.008 0.009 0.000000
0.009 0.010 0.000000
0.010 0.011 0.000000
0.011 0.012 0.000000
0.012 0.013 0.000000
0.013 0.014 0.000000
0.014 0.015 0.000001
0.015 0.016 0.000010
0.016 0.017 0.000069
0.017 0.018 0.000321
0.018 0.019 0.001118
0.019 0.020 0.003116
0.020 0.021 0.007272
0.021 0.022 0.014702
0.022 0.023 0.026468
0.023 0.024 0.043410
0.024 0.025 0.065997
0.025 0.026 0.093841
0.026 0.027 0.126469
0.027 0.028 0.163840
0.028 0.029 0.204656
0.029 0.030 0.247456
0.030 0.031 0.290370
0.031 0.032 0.332685
0.032 0.033 0.375370
0.033 0.034 0.415744
0.034 0.035 0.452812
0.035 0.036 0.489109
0.036 0.037 0.521161
0.037 0.038 0.545352
0.038 0.039 0.568623
0.039 0.040 0.592461
0.040 0.041 0.609046
0.041 0.042 0.622453
0.042 0.043 0.635633
0.043 0.044 0.644529
0.044 0.045 0.651348
0.045 0.046 0.655266
0.046 0.047 0.655376
0.047 0.048 0.655294
0.048 0.049 0.654435
0.049 0.050 0.646981
0.050 0.051 0.641130
0.051 0.052 0.638327
0.052 0.053 0.630914
0.053 0.054 0.620358
0.054 0.055 0.609576
0.055 0.056 0.600482
0.056 0.057 0.591428
0.057 0.058 0.730185
0.058 0.059 1.000000
0.059 0.060 0.835020
0.060 0.061 0.548594
0.061 0.062 0.534160
0.062 0.063 0.503896
0.063 0.064 0.486572
0.064 0.065 0.471860
0.065 0.066 0.459619
0.066 0.067 0.556442
0.067 0.068 0.543589
0.068 0.069 0.438172
0.069 0.070 0.395409
0.070 0.071 0.337477
0.071 0.072 0.325920
0.072 0.073 0.311054
0.073 0.074 0.302243
0.074 0.075 0.292288
0.075 0.076 0.277454
0.076 0.077 0.262023
0.077 0.078 0.249606
0.078 0.079 0.241519
0.079 0.080 0.231520
0.080 0.081 0.218055
0.081 0.082 0.203241
0.082 0.083 0.189067
0.083 0.084 0.174717
0.084 0.085 0.161967
0.085 0.086 0.150511
0.086 0.087 0.137549
0.087 0.088 0.125178
0.088 0.089 0.111360
0.089 0.090 0.098104
0.090 0.091 0.084839
0.091 0.092 0.072482
0.092 0.093 0.060333
0.093 0.094 0.049365
0.094 0.095 0.040001
0.095 0.096 0.030408
0.096 0.097 0.020946
0.097 0.098 0.012806
0.098 0.099 0.006223
0.099 0.100 0.000746
0.100 0.101 0.000000
0.101 0.102 0.000000
0.102 0.103 0.000000
0.103 0.104 0.000000
0.104 0.105 0.000000
0.105 0.106 0.000000
0.106 0.107 0.000000
0.107 0.108 0.000000
0.108 0.109 0.000000
0.109 0.110 0.000000
0.110 0.111 0.000000
0.111 0.112 0.000000
0.112 0.113 0.000000
0.113 0.114 0.000000
0.114 0.115 0.000000
0.115 0.116 0.000000
0.116 0.117 0.000000
0.117 0.118 0.000000
0.118 0.119 0.000000
0.119 0.120 0.000000
0.120 0.121 0.000000
0.121 0.122 0.000000
0.122 0.123 0.000000
0.123 0.124 0.000000
0.124 0.125 0.000000
0.125 0.126 0.000000
0.126 0.127 0.000000
0.127 0.128 0.000000
0.128 0.129 0.000000
0.129 0.130 0.000000
0.130 0.131 0.000000
0.131 0.132 0.000000
0.132 0.133 0.000000
0.133 0.134 0.000000
0.134 0.135 0.000000
0.135 0.136 0.000000
0.136 0.137 0.000000
0.137 0.138 0.000000
0.138 0.139 0.000000
0.139 0.140 0.000000
0.140 0.141 0.000000
0.141 0.142 0.000000
0.142 0.143 0.000000
0.143 0.144 0.000000
0.144 0.145 0.000000
0.145 0.146 0.000000
0.146 0.147 0.000000
0.147 0.148 0.000000
0.148 0.149 0.000000
0.149 0.150 0.000000
