1
0.000 0.001 0.000000
0.001 0.002 0.000000
0.002 0.003 0.000000
0.003 0.004 0.000000
0.004 0.005 0.000000
0.005 0.006 0.000000
0.006 0.007 0.000000
0.007 0.008 0.000000
0.008 0.009 0.000000
0.009 0.010 0.000000
0.010 0.011 0.000000
0.011 0.012 0.000000
0.012 0.013 0.000000
0.013 0.014 0.000000
0.014 0.015 0.000000
0.015 0.016 0.000000
0.016 0.017 0.000002
0.017 0.018 0.000017
0.018 0.019 0.000111
0.019 0.020 0.000502
0.020 0.021 0.001733
0.021 0.022 0.004812
0.022 0.023 0.011219
0.023 0.024 0.022756
0.024 0.025 0.041421
0.025 0.026 0.068630
0.026 0.027 0.105026
0.027 0.028 0.151040
0.028 0.029 0.206202
0.029 0.030 0.268433
0.030 0.031 0.336109
0.031 0.032 0.406008
0.032 0.033 0.477279
0.033 0.034 0.546016
0.034 0.035 0.615989
0.035 0.036 0.682336
0.036 0.037 0.741602
0.037 0.038 0.796972
0.038 0.039 0.847936
0.039 0.040 0.891109
0.040 0.041 0.924400
0.041 0.042 0.951898
0.042 0.043 0.972885
0.043 0.044 0.984222
0.044 0.045 0.999017
0.045 0.046 1.000000
0.046 0.047 0.999689
0.047 0.048 0.996630
0.048 0.049 0.984035
0.049 0.050 0.965801
0.050 0.051 0.947766
0.051 0.052 0.930189
0.052 0.053 0.899978
0.053 0.054 0.880913
0.054 0.055 0.858432
0.055 0.056 0.825318
0.056 0.057 0.790233
0.057 0.058 0.839564
0.058 0.059 0.958790
0.059 0.060 0.850495
0.060 0.061 0.667955
0.061 0.062 0.637931
0.062 0.063 0.601495
0.063 0.064 0.569832
0.064 0.065 0.536860
0.065 0.066 0.500419
0.066 0.067 0.526661
0.067 0.068 0.497273
0.068 0.069 0.408012
0.069 0.070 0.362330
0.070 0.071 0.315557
0.071 0.072 0.291865
0.072 0.073 0.261646
0.073 0.074 0.235570
0.074 0.075 0.205807
0.075 0.076 0.186484
0.076 0.077 0.167570
0.077 0.078 0.145552
0.078 0.079 0.122179
0.079 0.080 0.102862
0.080 0.081 0.081258
0.081 0.082 0.064310
0.082 0.083 0.049990
0.083 0.084 0.034195
0.084 0.085 0.025693
0.085 0.086 0.016716
0.086 0.087 0.004446
0.087 0.088 0.000000
0.088 0.089 0.000000
0.089 0.090 0.000000
0.090 0.091 0.000000
0.091 0.092 0.000000
0.092 0.093 0.000000
0.093 0.094 0.000000
0.094 0.095 0.000000
0.095 0.096 0.000000
0.096 0.097 0.000000
0.097 0.098 0.000000
0.098 0.099 0.000000
0.099 0.100 0.000000
0.100 0.101 0.000000
0.101 0.102 0.000000
0.102 0.103 0.000000
0.103 0.104 0.000000
0.104 0.105 0.000000
0.105 0.106 0.000000
0.106 0.107 0.000000
0.107 0.108 0.000000
0.108 0.109 0.000000
0.109 0.110 0.000000
0.110 0.111 0.000000
0.111 0.112 0.000000
0.112 0.113 0.000000
0.113 0.114 0.000000
0.114 0.115 0.000000
0.115 0.116 0.000000
0.116 0.117 0.000000
0.117 0.118 0.000000
0.118 0.119 0.000000
0.119 0.120 0.000000
0.120 0.121 0.000000
0.121 0.122 0.000000
0.122 0.123 0.000000
0.123 0.124 0.000000
0.124 0.125 0.000000
0.125 0.126 0.000000
0.126 0.127 0.000000
0.127 0.128 0.000000
0.128 0.129 0.000000
0.129 0.130 0.000000
0.130 0.131 0.000000
0.131 0.132 0.000000
0.132 0.133 0.000000
0.133 0.134 0.000000
0.134 0.135 0.000000
0.135 0.136 0.000000
0.136 0.137 0.000000
0.137 0.138 0.000000
0.138 0.139 0.000000
0.139 0.140 0.000000
0.140 0.141 0.000000
0.141 0.142 0.000000
0.142 0.143 0.000000
0.143 0.144 0.000000
0.144 0.145 0.000000
0.145 0.146 0.000000
0.146 0.147 0.000000
0.147 0.148 0.000000
0.148 0.149 0.000000
0.149 0.150 0.000000
