1
0.000 0.001 0.000000
0.001 0.002 0.000000
0.002 0.003 0.000000
0.003 0.004 0.000000
0.004 0.005 0.000000
0.005 0.006 0.000000
0.006 0.007 0.000000
0.007 0.008 0.000000
0.008 0.009 0.000000
0.009 0.010 0.000000
0.010 0.011 0.000000
0.011 0.012 0.000000
0.012 0.013 0.000000
0.013 0.014 0.000000
0.014 0.015 0.000000
0.015 0.016 0.000000
0.016 0.017 0.000000
0.017 0.018 0.000000
0.018 0.019 0.000000
0.019 0.020 0.000003
0.020 0.021 0.000018
0.021 0.022 0.000081
0.022 0.023 0.000281
0.023 0.024 0.000803
0.024 0.025 0.001963
0.025 0.026 0.004205
0.026 0.027 0.008052
0.027 0.028 0.014192
0.028 0.029 0.023202
0.029 0.030 0.035345
0.030 0.031 0.051010
0.031 0.032 0.070237
0.032 0.033 0.092802
0.033 0.034 0.118445
0.034 0.035 0.146738
0.035 0.036 0.176860
0.036 0.037 0.208081
0.037 0.038 0.239614
0.038 0.039 0.270584
0.039 0.040 0.301202
0.040 0.041 0.332378
0.041 0.042 0.361705
0.042 0.043 0.390186
0.043 0.044 0.416087
0.044 0.045 0.440553
0.045 0.046 0.461763
0.046 0.047 0.479032
0.047 0.048 0.496851
0.048 0.049 0.512137
0.049 0.050 0.520634
0.050 0.051 0.528122
0.051 0.052 0.536901
0.052 0.053 0.543537
0.053 0.054 0.544525
0.054 0.055 0.545535
0.055 0.056 0.547109
0.056 0.057 0.549223
0.057 0.058 0.703599
0.058 0.059 1.000000
0.059 0.060 0.838104
0.060 0.061 0.537552
0.061 0.062 0.530259
0.062 0.063 0.506625
0.063 0.064 0.493735
0.064 0.065 0.481071
0.065 0.066 0.469518
0.066 0.067 0.589230
0.067 0.068 0.581492
0.068 0.069 0.465803
0.069 0.070 0.422514
0.070 0.071 0.356503
0.071 0.072 0.345652
0.072 0.073 0.331738
0.073 0.074 0.325331
0.074 0.075 0.317111
0.075 0.076 0.304608
0.076 0.077 0.289733
0.077 0.078 0.275574
0.078 0.079 0.270062
0.079 0.080 0.262656
0.080 0.081 0.251707
0.081 0.082 0.239206
0.082 0.083 0.227750
0.083 0.084 0.216062
0.084 0.085 0.205622
0.085 0.086 0.196380
0.086 0.087 0.184950
0.087 0.088 0.174516
0.088 0.089 0.167578
0.089 0.090 0.157768
0.090 0.091 0.146542
0.091 0.092 0.134890
0.092 0.093 0.126400
0.093 0.094 0.120043
0.094 0.095 0.110946
0.095 0.096 0.102260
0.096 0.097 0.090677
0.097 0.098 0.081439
0.098 0.099 0.071170
0.099 0.100 0.064139
0.100 0.101 0.060736
0.101 0.102 0.054393
0.102 0.103 0.045738
0.103 0.104 0.037509
0.104 0.105 0.033826
0.105 0.106 0.029232
0.106 0.107 0.024303
0.107 0.108 0.018681
0.108 0.109 0.012470
0.109 0.110 0.009219
0.110 0.111 0.006136
0.111 0.112 0.002437
0.112 0.113 0.001445
0.113 0.114 0.000000
0.114 0.115 0.000000
0.115 0.116 0.000000
0.116 0.117 0.000000
0.117 0.118 0.000000
0.118 0.119 0.000000
0.119 0.120 0.000000
0.120 0.121 0.000000
0.121 0.122 0.000000
0.122 0.123 0.000000
0.123 0.124 0.000000
0.124 0.125 0.000000
0.125 0.126 0.000000
0.126 0.127 0.000000
0.127 0.128 0.000000
0.128 0.129 0.000000
0.129 0.130 0.000000
0.130 0.131 0.000000
0.131 0.132 0.000000
0.132 0.133 0.000000
0.133 0.134 0.000000
0.134 0.135 0.000000
0.135 0.136 0.000000
0.136 0.137 0.000000
0.137 0.138 0.000000
0.138 0.139 0.000000
0.139 0.140 0.000000
0.140 0.141 0.000000
0.141 0.142 0.000000
0.142 0.143 0.000000
0.143 0.144 0.000000
0.144 0.145 0.000000
0.145 0.146 0.000000
0.146 0.147 0.000000
0.147 0.148 0.000000
0.148 0.149 0.000000
0.149 0.150 0.000000
