1
0.000 0.001 0.000000
0.001 0.002 0.000000
0.002 0.003 0.000000
0.003 0.004 0.000000
0.004 0.005 0.000000
0.005 0.006 0.000000
0.006 0.007 0.000000
0.007 0.008 0.000000
0.008 0.009 0.000000
0.009 0.010 0.000000
0.010 0.011 0.000000
0.011 0.012 0.000000
0.012 0.013 0.000000
0.013 0.014 0.000000
0.014 0.015 0.000003
0.015 0.016 0.000022
0.016 0.017 0.000121
0.017 0.018 0.000475
0.018 0.019 0.001439
0.019 0.020 0.003576
0.020 0.021 0.007608
0.021 0.022 0.014229
0.022 0.023 0.024036
0.023 0.024 0.037448
0.024 0.025 0.054526
0.025 0.026 0.074901
0.026 0.027 0.098270
0.027 0.028 0.124275
0.028 0.029 0.151969
0.029 0.030 0.180145
0.030 0.031 0.208700
0.031 0.032 0.236925
0.032 0.033 0.264145
0.033 0.034 0.290204
0.034 0.035 0.314490
0.035 0.036 0.336537
0.036 0.037 0.357240
0.037 0.038 0.376998
0.038 0.039 0.392533
0.039 0.040 0.405567
0.040 0.041 0.417574
0.041 0.042 0.427430
0.042 0.043 0.436107
0.043 0.044 0.442446
0.044 0.045 0.448227
0.045 0.046 0.451044
0.046 0.047 0.451917
0.047 0.048 0.454943
0.048 0.049 0.455813
0.049 0.050 0.452949
0.050 0.051 0.450677
0.051 0.052 0.449502
0.052 0.053 0.445966
0.053 0.054 0.440990
0.054 0.055 0.436119
0.055 0.056 0.432903
0.056 0.057 0.429461
0.057 0.058 0.625971
0.058 0.059 1.000000
0.059 0.060 0.790028
0.060 0.061 0.417458
0.061 0.062 0.411027
0.062 0.063 0.384905
0.063 0.064 0.377680
0.064 0.065 0.369282
0.065 0.066 0.361548
0.066 0.067 0.499692
0.067 0.068 0.492560
0.068 0.069 0.370489
0.069 0.070 0.331187
0.070 0.071 0.262578
0.071 0.072 0.257588
0.072 0.073 0.251223
0.073 0.074 0.246499
0.074 0.075 0.242186
0.075 0.076 0.237432
0.076 0.077 0.230775
0.077 0.078 0.225644
0.078 0.079 0.221930
0.079 0.080 0.217597
0.080 0.081 0.212408
0.081 0.082 0.206179
0.082 0.083 0.200053
0.083 0.084 0.194338
0.084 0.085 0.189491
0.085 0.086 0.185003
0.086 0.087 0.179854
0.087 0.088 0.176382
0.088 0.089 0.171389
0.089 0.090 0.164983
0.090 0.091 0.159428
0.091 0.092 0.151754
0.092 0.093 0.146300
0.093 0.094 0.143498
0.094 0.095 0.138251
0.095 0.096 0.133285
0.096 0.097 0.128314
0.097 0.098 0.121823
0.098 0.099 0.115972
0.099 0.100 0.111345
0.100 0.101 0.107135
0.101 0.102 0.102386
0.102 0.103 0.096799
0.103 0.104 0.092409
0.104 0.105 0.087783
0.105 0.106 0.082628
0.106 0.107 0.078096
0.107 0.108 0.072698
0.108 0.109 0.067968
0.109 0.110 0.064130
0.110 0.111 0.060140
0.111 0.112 0.056581
0.112 0.113 0.051764
0.113 0.114 0.047145
0.114 0.115 0.043973
0.115 0.116 0.040534
0.116 0.117 0.036893
0.117 0.118 0.033184
0.118 0.119 0.029147
0.119 0.120 0.026594
0.120 0.121 0.025223
0.121 0.122 0.022392
0.122 0.123 0.020239
0.123 0.124 0.017958
0.124 0.125 0.015214
0.125 0.126 0.012271
0.126 0.127 0.010526
0.127 0.128 0.008460
0.128 0.129 0.006360
0.129 0.130 0.004936
0.130 0.131 0.003152
0.131 0.132 0.002347
0.132 0.133 0.001143
0.133 0.134 0.000297
0.134 0.135 0.000000
0.135 0.136 0.000000
0.136 0.137 0.000000
0.137 0.138 0.000000
0.138 0.139 0.000000
0.139 0.140 0.000000
0.140 0.141 0.000000
0.141 0.142 0.000000
0.142 0.143 0.000000
0.143 0.144 0.000000
0.144 0.145 0.000000
0.145 0.146 0.000000
0.146 0.147 0.000000
0.147 0.148 0.000000
0.148 0.149 0.000000
0.149 0.150 0.000000
