1
0.000 0.001 0.000000
0.001 0.002 0.000000
0.002 0.003 0.000000
0.003 0.004 0.000000
0.004 0.005 0.000000
0.005 0.006 0.000000
0.006 0.007 0.000000
0.007 0.008 0.000000
0.008 0.009 0.000000
0.009 0.010 0.000000
0.010 0.011 0.000000
0.011 0.012 0.000002
0.012 0.013 0.000032
0.013 0.014 0.000254
0.014 0.015 0.001247
0.015 0.016 0.004304
0.016 0.017 0.011419
0.017 0.018 0.025009
0.018 0.019 0.047072
0.019 0.020 0.078648
0.020 0.021 0.120022
0.021 0.022 0.170136
0.022 0.023 0.227169
0.023 0.024 0.288321
0.024 0.025 0.352027
0.025 0.026 0.415206
0.026 0.027 0.476220
0.027 0.028 0.535915
0.028 0.029 0.591413
0.029 0.030 0.640976
0.030 0.031 0.683056
0.031 0.032 0.719822
0.032 0.033 0.755469
0.033 0.034 0.781759
0.034 0.035 0.799719
0.035 0.036 0.818157
0.036 0.037 0.830665
0.037 0.038 0.832803
0.038 0.039 0.835280
0.039 0.040 0.840329
0.040 0.041 0.836088
0.041 0.042 0.829765
0.042 0.043 0.824422
0.043 0.044 0.816323
0.044 0.045 0.806597
0.045 0.046 0.793676
0.046 0.047 0.779556
0.047 0.048 0.765440
0.048 0.049 0.751059
0.049 0.050 0.731308
0.050 0.051 0.715069
0.051 0.052 0.702843
0.052 0.053 0.684691
0.053 0.054 0.664670
0.054 0.055 0.646812
0.055 0.056 0.630837
0.056 0.057 0.614039
0.057 0.058 0.743600
0.058 0.059 1.000000
0.059 0.060 0.833423
0.060 0.061 0.552786
0.061 0.062 0.533818
0.062 0.063 0.499237
0.063 0.064 0.479018
0.064 0.065 0.461752
0.065 0.066 0.446814
0.066 0.067 0.533979
0.067 0.068 0.519192
0.068 0.069 0.418362
0.069 0.070 0.375784
0.070 0.071 0.320781
0.071 0.072 0.308919
0.072 0.073 0.293875
0.073 0.074 0.283114
0.074 0.075 0.271568
0.075 0.076 0.256364
0.076 0.077 0.241245
0.077 0.078 0.228698
0.078 0.079 0.220039
0.079 0.080 0.209588
0.080 0.081 0.195751
0.081 0.082 0.180861
0.082 0.083 0.166964
0.083 0.084 0.153424
0.084 0.085 0.140956
0.085 0.086 0.129563
0.086 0.087 0.116599
0.087 0.088 0.104127
0.088 0.089 0.089629
0.089 0.090 0.076905
0.090 0.091 0.065936
0.091 0.092 0.053842
0.092 0.093 0.042160
0.093 0.094 0.029212
0.094 0.095 0.017719
0.095 0.096 0.008878
0.096 0.097 0.000895
0.097 0.098 0.000000
0.098 0.099 0.000000
0.099 0.100 0.000000
0.100 0.101 0.000000
0.101 0.102 0.000000
0.102 0.103 0.000000
0.103 0.104 0.000000
0.104 0.105 0.000000
0.105 0.106 0.000000
0.106 0.107 0.000000
0.107 0.108 0.000000
0.108 0.109 0.000000
0.109 0.110 0.000000
0.110 0.111 0.000000
0.111 0.112 0.000000
0.112 0.113 0.000000
0.113 0.114 0.000000
0.114 0.115 0.000000
0.115 0.116 0.000000
0.116 0.117 0.000000
0.117 0.118 0.000000
0.118 0.119 0.000000
0.119 0.120 0.000000
0.120 0.121 0.000000
0.121 0.122 0.000000
0.122 0.123 0.000000
0.123 0.124 0.000000
0.124 0.125 0.000000
0.125 0.126 0.000000
0.126 0.127 0.000000
0.127 0.128 0.000000
0.128 0.129 0.000000
0.129 0.130 0.000000
0.130 0.131 0.000000
0.131 0.132 0.000000
0.132 0.133 0.000000
0.133 0.134 0.000000
0.134 0.135 0.000000
0.135 0.136 0.000000
0.136 0.137 0.000000
0.137 0.138 0.000000
0.138 0.139 0.000000
0.139 0.140 0.000000
0.140 0.141 0.000000
0.141 0.142 0.000000
0.142 0.143 0.000000
0.143 0.144 0.000000
0.144 0.145 0.000000
0.145 0.146 0.000000
0.146 0.147 0.000000
0.147 0.148 0.000000
0.148 0.149 0.000000
0.149 0.150 0.000000
