1
0.000 0.001 0.000000
0.001 0.002 0.000000
0.002 0.003 0.000000
0.003 0.004 0.000000
0.004 0.005 0.000000
0.005 0.006 0.000000
0.006 0.007 0.000000
0.007 0.008 0.000000
0.008 0.009 0.000000
0.009 0.010 0.000000
0.010 0.011 0.000000
0.011 0.012 0.000000
0.012 0.013 0.000000
0.013 0.014 0.000000
0.014 0.015 0.000000
0.015 0.016 0.000000
0.016 0.017 0.000000
0.017 0.018 0.000000
0.018 0.019 0.000000
0.019 0.020 0.000000
0.020 0.021 0.000003
0.021 0.022 0.000015
0.022 0.023 0.000062
0.023 0.024 0.000206
0.024 0.025 0.000571
0.025 0.026 0.001368
0.026 0.027 0.002894
0.027 0.028 0.005557
0.028 0.029 0.009809
0.029 0.030 0.016001
0.030 0.031 0.024577
0.031 0.032 0.035766
0.032 0.033 0.049727
0.033 0.034 0.066307
0.034 0.035 0.085639
0.035 0.036 0.107346
0.036 0.037 0.131118
0.037 0.038 0.156398
0.038 0.039 0.182291
0.039 0.040 0.209270
0.040 0.041 0.236209
0.041 0.042 0.262113
0.042 0.043 0.288429
0.043 0.044 0.313418
0.044 0.045 0.337579
0.045 0.046 0.359312
0.046 0.047 0.378003
0.047 0.048 0.396229
0.048 0.049 0.415132
0.049 0.050 0.429998
0.050 0.051 0.442725
0.051 0.052 0.455755
0.052 0.053 0.466907
0.053 0.054 0.474916
0.054 0.055 0.481349
0.055 0.056 0.487241
0.056 0.057 0.491457
0.057 0.058 0.664905
0.058 0.059 1.000000
0.059 0.060 0.829230
0.060 0.061 0.500442
0.061 0.062 0.496118
0.062 0.063 0.476003
0.063 0.064 0.470633
0.064 0.065 0.463709
0.065 0.066 0.458192
0.066 0.067 0.599740
0.067 0.068 0.595491
0.068 0.069 0.468612
0.069 0.070 0.424782
0.070 0.071 0.352024
0.071 0.072 0.344162
0.072 0.073 0.333838
0.073 0.074 0.327992
0.074 0.075 0.319691
0.075 0.076 0.312595
0.076 0.077 0.302914
0.077 0.078 0.294671
0.078 0.079 0.290162
0.079 0.080 0.283888
0.080 0.081 0.274323
0.081 0.082 0.263309
0.082 0.083 0.253661
0.083 0.084 0.244501
0.084 0.085 0.235902
0.085 0.086 0.228019
0.086 0.087 0.216613
0.087 0.088 0.211270
0.088 0.089 0.204688
0.089 0.090 0.195272
0.090 0.091 0.186323
0.091 0.092 0.174435
0.092 0.093 0.166422
0.093 0.094 0.162021
0.094 0.095 0.153645
0.095 0.096 0.145438
0.096 0.097 0.135530
0.097 0.098 0.126572
0.098 0.099 0.118173
0.099 0.100 0.111515
0.100 0.101 0.106610
0.101 0.102 0.100555
0.102 0.103 0.092018
0.103 0.104 0.085408
0.104 0.105 0.080040
0.105 0.106 0.072402
0.106 0.107 0.067380
0.107 0.108 0.061078
0.108 0.109 0.055694
0.109 0.110 0.049767
0.110 0.111 0.044270
0.111 0.112 0.039827
0.112 0.113 0.034065
0.113 0.114 0.028313
0.114 0.115 0.024825
0.115 0.116 0.020673
0.116 0.117 0.016994
0.117 0.118 0.013030
0.118 0.119 0.007675
0.119 0.120 0.005909
0.120 0.121 0.004737
0.121 0.122 0.001843
0.122 0.123 0.001125
0.123 0.124 0.000000
0.124 0.125 0.000000
0.125 0.126 0.000000
0.126 0.127 0.000000
0.127 0.128 0.000000
0.128 0.129 0.000000
0.129 0.130 0.000000
0.130 0.131 0.000000
0.131 0.132 0.000000
0.132 0.133 0.000000
0.133 0.134 0.000000
0.134 0.135 0.000000
0.135 0.136 0.000000
0.136 0.137 0.000000
0.137 0.138 0.000000
0.138 0.139 0.000000
0.139 0.140 0.000000
0.140 0.141 0.000000
0.141 0.142 0.000000
0.142 0.143 0.000000
0.143 0.144 0.000000
0.144 0.145 0.000000
0.145 0.146 0.000000
0.146 0.147 0.000000
0.147 0.148 0.000000
0.148 0.149 0.000000
0.149 0.150 0.000000
