1
0.000 0.001 0.000000
0.001 0.002 0.000000
0.002 0.003 0.000000
0.003 0.004 0.000000
0.004 0.005 0.000000
0.005 0.006 0.000000
0.006 0.007 0.000000
0.007 0.008 0.000000
0.008 0.009 0.000000
0.009 0.010 0.000000
0.010 0.011 0.000000
0.011 0.012 0.000000
0.012 0.013 0.000000
0.013 0.014 0.000006
0.014 0.015 0.000073
0.015 0.016 0.000473
0.016 0.017 0.002058
0.017 0.018 0.006595
0.018 0.019 0.016764
0.019 0.020 0.035588
0.020 0.021 0.065776
0.021 0.022 0.108747
0.022 0.023 0.164010
0.023 0.024 0.230037
0.024 0.025 0.304750
0.025 0.026 0.383852
0.026 0.027 0.462761
0.027 0.028 0.545903
0.028 0.029 0.626125
0.029 0.030 0.701621
0.030 0.031 0.769609
0.031 0.032 0.827076
0.032 0.033 0.875554
0.033 0.034 0.914314
0.034 0.035 0.945932
0.035 0.036 0.969794
0.036 0.037 0.979142
0.037 0.038 0.992838
0.038 0.039 1.000000
0.039 0.040 0.999184
0.040 0.041 0.993008
0.041 0.042 0.983326
0.042 0.043 0.968323
0.043 0.044 0.946122
0.044 0.045 0.925125
0.045 0.046 0.897445
0.046 0.047 0.863801
0.047 0.048 0.838877
0.048 0.049 0.809127
0.049 0.050 0.781678
0.050 0.051 0.753353
0.051 0.052 0.720555
0.052 0.053 0.687808
0.053 0.054 0.659487
0.054 0.055 0.627470
0.055 0.056 0.583873
0.056 0.057 0.551315
0.057 0.058 0.562589
0.058 0.059 0.605354
0.059 0.060 0.538859
0.060 0.061 0.439343
0.061 0.062 0.410358
0.062 0.063 0.381269
0.063 0.064 0.348512
0.064 0.065 0.323583
0.065 0.066 0.295802
0.066 0.067 0.297123
0.067 0.068 0.274662
0.068 0.069 0.226049
0.069 0.070 0.194937
0.070 0.071 0.162878
0.071 0.072 0.145959
0.072 0.073 0.125235
0.073 0.074 0.109729
0.074 0.075 0.094198
0.075 0.076 0.075486
0.076 0.077 0.064330
0.077 0.078 0.051416
0.078 0.079 0.037870
0.079 0.080 0.024896
0.080 0.081 0.019282
0.081 0.082 0.011919
0.082 0.083 0.003210
0.083 0.084 0.000000
0.084 0.085 0.000000
0.085 0.086 0.000000
0.086 0.087 0.000000
0.087 0.088 0.000000
0.088 0.089 0.000000
0.089 0.090 0.000000
0.090 0.091 0.000000
0.091 0.092 0.000000
0.092 0.093 0.000000
0.093 0.094 0.000000
0.094 0.095 0.000000
0.095 0.096 0.000000
0.096 0.097 0.000000
0.097 0.098 0.000000
0.098 0.099 0.000000
0.099 0.100 0.000000
0.100 0.101 0.000000
0.101 0.102 0.000000
0.102 0.103 0.000000
0.103 0.104 0.000000
0.104 0.105 0.000000
0.105 0.106 0.000000
0.106 0.107 0.000000
0.107 0.108 0.000000
0.108 0.109 0.000000
0.109 0.110 0.000000
0.110 0.111 0.000000
0.111 0.112 0.000000
0.112 0.113 0.000000
0.113 0.114 0.000000
0.114 0.115 0.000000
0.115 0.116 0.000000
0.116 0.117 0.000000
0.117 0.118 0.000000
0.118 0.119 0.000000
0.119 0.120 0.000000
0.120 0.121 0.000000
0.121 0.122 0.000000
0.122 0.123 0.000000
0.123 0.124 0.000000
0.124 0.125 0.000000
0.125 0.126 0.000000
0.126 0.127 0.000000
0.127 0.128 0.000000
0.128 0.129 0.000000
0.129 0.130 0.000000
0.130 0.131 0.000000
0.131 0.132 0.000000
0.132 0.133 0.000000
0.133 0.134 0.000000
0.134 0.135 0.000000
0.135 0.136 0.000000
0.136 0.137 0.000000
0.137 0.138 0.000000
0.138 0.139 0.000000
0.139 0.140 0.000000
0.140 0.141 0.000000
0.141 0.142 0.000000
0.142 0.143 0.000000
0.143 0.144 0.000000
0.144 0.145 0.000000
0.145 0.146 0.000000
0.146 0.147 0.000000
0.147 0.148 0.000000
0.148 0.149 0.000000
0.149 0.150 0.000000
