1
0.000 0.001 0.000000
0.001 0.002 0.000000
0.002 0.003 0.000000
0.003 0.004 0.000000
0.004 0.005 0.000000
0.005 0.006 0.000000
0.006 0.007 0.000000
0.007 0.008 0.000000
0.008 0.009 0.000000
0.009 0.010 0.000000
0.010 0.011 0.000000
0.011 0.012 0.000000
0.012 0.013 0.000000
0.013 0.014 0.000000
0.014 0.015 0.000000
0.015 0.016 0.000000
0.016 0.017 0.000005
0.017 0.018 0.000035
0.018 0.019 0.000171
0.019 0.020 0.000630
0.020 0.021 0.001852
0.021 0.022 0.004559
0.022 0.023 0.009682
0.023 0.024 0.018244
0.024 0.025 0.031287
0.025 0.026 0.049396
0.026 0.027 0.072736
0.027 0.028 0.101841
0.028 0.029 0.136104
0.029 0.030 0.174099
0.030 0.031 0.215060
0.031 0.032 0.257792
0.032 0.033 0.301807
0.033 0.034 0.345029
0.034 0.035 0.387043
0.035 0.036 0.429423
0.036 0.037 0.468591
0.037 0.038 0.502860
0.038 0.039 0.534039
0.039 0.040 0.563139
0.040 0.041 0.587411
0.041 0.042 0.607901
0.042 0.043 0.626103
0.043 0.044 0.638852
0.044 0.045 0.649442
0.045 0.046 0.655124
0.046 0.047 0.659899
0.047 0.048 0.664139
0.048 0.049 0.666152
0.049 0.050 0.662434
0.050 0.051 0.657701
0.051 0.052 0.653961
0.052 0.053 0.648633
0.053 0.054 0.639620
0.054 0.055 0.626876
0.055 0.056 0.614783
0.056 0.057 0.604595
0.057 0.058 0.735876
0.058 0.059 1.000000
0.059 0.060 0.838500
0.060 0.061 0.554924
0.061 0.062 0.540521
0.062 0.063 0.511750
0.063 0.064 0.492840
0.064 0.065 0.475368
0.065 0.066 0.460143
0.066 0.067 0.554488
0.067 0.068 0.537507
0.068 0.069 0.432338
0.069 0.070 0.389890
0.070 0.071 0.330683
0.071 0.072 0.317581
0.072 0.073 0.301174
0.073 0.074 0.292475
0.074 0.075 0.282379
0.075 0.076 0.267706
0.076 0.077 0.251541
0.077 0.078 0.236210
0.078 0.079 0.228807
0.079 0.080 0.220181
0.080 0.081 0.208797
0.081 0.082 0.195764
0.082 0.083 0.183473
0.083 0.084 0.170852
0.084 0.085 0.159626
0.085 0.086 0.148286
0.086 0.087 0.139319
0.087 0.088 0.131526
0.088 0.089 0.123417
0.089 0.090 0.113757
0.090 0.091 0.102820
0.091 0.092 0.092398
0.092 0.093 0.083849
0.093 0.094 0.075066
0.094 0.095 0.068239
0.095 0.096 0.061876
0.096 0.097 0.053906
0.097 0.098 0.045368
0.098 0.099 0.035906
0.099 0.100 0.028398
0.100 0.101 0.026233
0.101 0.102 0.021795
0.102 0.103 0.016286
0.103 0.104 0.010465
0.104 0.105 0.008116
0.105 0.106 0.005358
0.106 0.107 0.001480
0.107 0.108 0.000000
0.108 0.109 0.000000
0.109 0.110 0.000000
0.110 0.111 0.000000
0.111 0.112 0.000000
0.112 0.113 0.000000
0.113 0.114 0.000000
0.114 0.115 0.000000
0.115 0.116 0.000000
0.116 0.117 0.000000
0.117 0.118 0.000000
0.118 0.119 0.000000
0.119 0.120 0.000000
0.120 0.121 0.000000
0.121 0.122 0.000000
0.122 0.123 0.000000
0.123 0.124 0.000000
0.124 0.125 0.000000
0.125 0.126 0.000000
0.126 0.127 0.000000
0.127 0.128 0.000000
0.128 0.129 0.000000
0.129 0.130 0.000000
0.130 0.131 0.000000
0.131 0.132 0.000000
0.132 0.133 0.000000
0.133 0.134 0.000000
0.134 0.135 0.000000
0.135 0.136 0.000000
0.136 0.137 0.000000
0.137 0.138 0.000000
0.138 0.139 0.000000
0.139 0.140 0.000000
0.140 0.141 0.000000
0.141 0.142 0.000000
0.142 0.143 0.000000
0.143 0.144 0.000000
0.144 0.145 0.000000
0.145 0.146 0.000000
0.146 0.147 0.000000
0.147 0.148 0.000000
0.148 0.149 0.000000
0.149 0.150 0.000000
