1
0.000 0.001 0.000000
0.001 0.002 0.000000
0.002 0.003 0.000000
0.003 0.004 0.000000
0.004 0.005 0.000000
0.005 0.006 0.000000
0.006 0.007 0.000000
0.007 0.008 0.000000
0.008 0.009 0.000000
0.009 0.010 0.000000
0.010 0.011 0.000000
0.011 0.012 0.000000
0.012 0.013 0.000000
0.013 0.014 0.000000
0.014 0.015 0.000000
0.015 0.016 0.000000
0.016 0.017 0.000000
0.017 0.018 0.000000
0.018 0.019 0.000000
0.019 0.020 0.000001
0.020 0.021 0.000008
0.021 0.022 0.000037
0.022 0.023 0.000142
0.023 0.024 0.000443
0.024 0.025 0.001172
0.025 0.026 0.002689
0.026 0.027 0.005466
0.027 0.028 0.010128
0.028 0.029 0.017331
0.029 0.030 0.027535
0.030 0.031 0.041254
0.031 0.032 0.058692
0.032 0.033 0.080024
0.033 0.034 0.104886
0.034 0.035 0.132855
0.035 0.036 0.164087
0.036 0.037 0.197133
0.037 0.038 0.230434
0.038 0.039 0.264831
0.039 0.040 0.300598
0.040 0.041 0.334695
0.041 0.042 0.366687
0.042 0.043 0.399730
0.043 0.044 0.430059
0.044 0.045 0.458742
0.045 0.046 0.483787
0.046 0.047 0.504576
0.047 0.048 0.524981
0.048 0.049 0.543104
0.049 0.050 0.554233
0.050 0.051 0.564252
0.051 0.052 0.574298
0.052 0.053 0.583557
0.053 0.054 0.589431
0.054 0.055 0.592068
0.055 0.056 0.592563
0.056 0.057 0.592547
0.057 0.058 0.731514
0.058 0.059 1.000000
0.059 0.060 0.852093
0.060 0.061 0.575329
0.061 0.062 0.563959
0.062 0.063 0.541244
0.063 0.064 0.528282
0.064 0.065 0.515995
0.065 0.066 0.504853
0.066 0.067 0.612205
0.067 0.068 0.601148
0.068 0.069 0.486937
0.069 0.070 0.440900
0.070 0.071 0.374169
0.071 0.072 0.362656
0.072 0.073 0.346968
0.073 0.074 0.339258
0.074 0.075 0.329775
0.075 0.076 0.314831
0.076 0.077 0.298034
0.077 0.078 0.283414
0.078 0.079 0.273256
0.079 0.080 0.260389
0.080 0.081 0.247977
0.081 0.082 0.233566
0.082 0.083 0.219831
0.083 0.084 0.205600
0.084 0.085 0.192916
0.085 0.086 0.181489
0.086 0.087 0.168285
0.087 0.088 0.154912
0.088 0.089 0.145329
0.089 0.090 0.133954
0.090 0.091 0.120911
0.091 0.092 0.108585
0.092 0.093 0.098281
0.093 0.094 0.087403
0.094 0.095 0.079103
0.095 0.096 0.071341
0.096 0.097 0.061528
0.097 0.098 0.051048
0.098 0.099 0.039423
0.099 0.100 0.030055
0.100 0.101 0.027168
0.101 0.102 0.021505
0.102 0.103 0.013526
0.103 0.104 0.009806
0.104 0.105 0.006696
0.105 0.106 0.001859
0.106 0.107 0.000000
0.107 0.108 0.000000
0.108 0.109 0.000000
0.109 0.110 0.000000
0.110 0.111 0.000000
0.111 0.112 0.000000
0.112 0.113 0.000000
0.113 0.114 0.000000
0.114 0.115 0.000000
0.115 0.116 0.000000
0.116 0.117 0.000000
0.117 0.118 0.000000
0.118 0.119 0.000000
0.119 0.120 0.000000
0.120 0.121 0.000000
0.121 0.122 0.000000
0.122 0.123 0.000000
0.123 0.124 0.000000
0.124 0.125 0.000000
0.125 0.126 0.000000
0.126 0.127 0.000000
0.127 0.128 0.000000
0.128 0.129 0.000000
0.129 0.130 0.000000
0.130 0.131 0.000000
0.131 0.132 0.000000
0.132 0.133 0.000000
0.133 0.134 0.000000
0.134 0.135 0.000000
0.135 0.136 0.000000
0.136 0.137 0.000000
0.137 0.138 0.000000
0.138 0.139 0.000000
0.139 0.140 0.000000
0.140 0.141 0.000000
0.141 0.142 0.000000
0.142 0.143 0.000000
0.143 0.144 0.000000
0.144 0.145 0.000000
0.145 0.146 0.000000
0.146 0.147 0.000000
0.147 0.148 0.000000
0.148 0.149 0.000000
0.149 0.150 0.000000
