1
0.000 0.001 0.000000
0.001 0.002 0.000000
0.002 0.003 0.000000
0.003 0.004 0.000000
0.004 0.005 0.000000
0.005 0.006 0.000000
0.006 0.007 0.000000
0.007 0.008 0.000000
0.008 0.009 0.000000
0.009 0.010 0.000000
0.010 0.011 0.000000
0.011 0.012 0.000000
0.012 0.013 0.000000
0.013 0.014 0.000000
0.014 0.015 0.000000
0.015 0.016 0.000000
0.016 0.017 0.000000
0.017 0.018 0.000000
0.018 0.019 0.000000
0.019 0.020 0.000000
0.020 0.021 0.000002
0.021 0.022 0.000013
0.022 0.023 0.000054
0.023 0.024 0.000186
0.024 0.025 0.000533
0.025 0.026 0.001307
0.026 0.027 0.002823
0.027 0.028 0.005507
0.028 0.029 0.009849
0.029 0.030 0.016260
0.030 0.031 0.025210
0.031 0.032 0.036958
0.032 0.033 0.051705
0.033 0.034 0.069439
0.034 0.035 0.090106
0.035 0.036 0.113444
0.036 0.037 0.138815
0.037 0.038 0.165755
0.038 0.039 0.193558
0.039 0.040 0.222420
0.040 0.041 0.251569
0.041 0.042 0.280311
0.042 0.043 0.309086
0.043 0.044 0.336226
0.044 0.045 0.362636
0.045 0.046 0.386758
0.046 0.047 0.407890
0.047 0.048 0.429367
0.048 0.049 0.449358
0.049 0.050 0.464320
0.050 0.051 0.477311
0.051 0.052 0.491135
0.052 0.053 0.503429
0.053 0.054 0.511532
0.054 0.055 0.516694
0.055 0.056 0.522199
0.056 0.057 0.527151
0.057 0.058 0.688743
0.058 0.059 1.000000
0.059 0.060 0.838327
0.060 0.061 0.530647
0.061 0.062 0.527159
0.062 0.063 0.506227
0.063 0.064 0.497323
0.064 0.065 0.487850
0.065 0.066 0.480478
0.066 0.067 0.609614
0.067 0.068 0.602574
0.068 0.069 0.478900
0.069 0.070 0.435339
0.070 0.071 0.365982
0.071 0.072 0.356787
0.072 0.073 0.344682
0.073 0.074 0.339147
0.074 0.075 0.331760
0.075 0.076 0.320826
0.076 0.077 0.307223
0.077 0.078 0.294365
0.078 0.079 0.289121
0.079 0.080 0.281912
0.080 0.081 0.270959
0.081 0.082 0.258369
0.082 0.083 0.247114
0.083 0.084 0.235856
0.084 0.085 0.225545
0.085 0.086 0.215318
0.086 0.087 0.205451
0.087 0.088 0.198287
0.088 0.089 0.190518
0.089 0.090 0.179732
0.090 0.091 0.168315
0.091 0.092 0.155195
0.092 0.093 0.144864
0.093 0.094 0.140171
0.094 0.095 0.131992
0.095 0.096 0.124130
0.096 0.097 0.114737
0.097 0.098 0.103810
0.098 0.099 0.092446
0.099 0.100 0.083378
0.100 0.101 0.079678
0.101 0.102 0.073673
0.102 0.103 0.064941
0.103 0.104 0.057995
0.104 0.105 0.052794
0.105 0.106 0.045463
0.106 0.107 0.040299
0.107 0.108 0.034121
0.108 0.109 0.028593
0.109 0.110 0.021885
0.110 0.111 0.017917
0.111 0.112 0.014661
0.112 0.113 0.010766
0.113 0.114 0.006433
0.114 0.115 0.004242
0.115 0.116 0.001109
0.116 0.117 0.000000
0.117 0.118 0.000000
0.118 0.119 0.000000
0.119 0.120 0.000000
0.120 0.121 0.000000
0.121 0.122 0.000000
0.122 0.123 0.000000
0.123 0.124 0.000000
0.124 0.125 0.000000
0.125 0.126 0.000000
0.126 0.127 0.000000
0.127 0.128 0.000000
0.128 0.129 0.000000
0.129 0.130 0.000000
0.130 0.131 0.000000
0.131 0.132 0.000000
0.132 0.133 0.000000
0.133 0.134 0.000000
0.134 0.135 0.000000
0.135 0.136 0.000000
0.136 0.137 0.000000
0.137 0.138 0.000000
0.138 0.139 0.000000
0.139 0.140 0.000000
0.140 0.141 0.000000
0.141 0.142 0.000000
0.142 0.143 0.000000
0.143 0.144 0.000000
0.144 0.145 0.000000
0.145 0.146 0.000000
0.146 0.147 0.000000
0.147 0.148 0.000000
0.148 0.149 0.000000
0.149 0.150 0.000000
