1
0.000 0.001 0.000000
0.001 0.002 0.000000
0.002 0.003 0.000000
0.003 0.004 0.000000
0.004 0.005 0.000000
0.005 0.006 0.000000
0.006 0.007 0.000000
0.007 0.008 0.000000
0.008 0.009 0.000000
0.009 0.010 0.000000
0.010 0.011 0.000000
0.011 0.012 0.000000
0.012 0.013 0.000000
0.013 0.014 0.000000
0.014 0.015 0.000000
0.015 0.016 0.000000
0.016 0.017 0.000000
0.017 0.018 0.000000
0.018 0.019 0.000000
0.019 0.020 0.000000
0.020 0.021 0.000003
0.021 0.022 0.000018
0.022 0.023 0.000077
0.023 0.024 0.000268
0.024 0.025 0.000775
0.025 0.026 0.001917
0.026 0.027 0.004152
0.027 0.028 0.008103
0.028 0.029 0.014491
0.029 0.030 0.023874
0.030 0.031 0.036948
0.031 0.032 0.054034
0.032 0.033 0.075485
0.033 0.034 0.101003
0.034 0.035 0.130085
0.035 0.036 0.162850
0.036 0.037 0.197807
0.037 0.038 0.233732
0.038 0.039 0.271285
0.039 0.040 0.310350
0.040 0.041 0.346799
0.041 0.042 0.384067
0.042 0.043 0.421247
0.043 0.044 0.456143
0.044 0.045 0.489028
0.045 0.046 0.517062
0.046 0.047 0.541823
0.047 0.048 0.564960
0.048 0.049 0.584585
0.049 0.050 0.597462
0.050 0.051 0.609795
0.051 0.052 0.621060
0.052 0.053 0.629786
0.053 0.054 0.636147
0.054 0.055 0.640153
0.055 0.056 0.639631
0.056 0.057 0.636803
0.057 0.058 0.759747
0.058 0.059 1.000000
0.059 0.060 0.866814
0.060 0.061 0.615485
0.061 0.062 0.600379
0.062 0.063 0.575620
0.063 0.064 0.560743
0.064 0.065 0.546576
0.065 0.066 0.532134
0.066 0.067 0.626432
0.067 0.068 0.613441
0.068 0.069 0.503044
0.069 0.070 0.454813
0.070 0.071 0.389569
0.071 0.072 0.376983
0.072 0.073 0.359002
0.073 0.074 0.347058
0.074 0.075 0.333665
0.075 0.076 0.315614
0.076 0.077 0.296647
0.077 0.078 0.279000
0.078 0.079 0.264852
0.079 0.080 0.248028
0.080 0.081 0.233251
0.081 0.082 0.215924
0.082 0.083 0.199796
0.083 0.084 0.183865
0.084 0.085 0.168593
0.085 0.086 0.154150
0.086 0.087 0.135859
0.087 0.088 0.124243
0.088 0.089 0.111024
0.089 0.090 0.098231
0.090 0.091 0.085700
0.091 0.092 0.072851
0.092 0.093 0.058826
0.093 0.094 0.050385
0.094 0.095 0.041462
0.095 0.096 0.032903
0.096 0.097 0.021108
0.097 0.098 0.014971
0.098 0.099 0.008820
0.099 0.100 0.002227
0.100 0.101 0.000000
0.101 0.102 0.000000
0.102 0.103 0.000000
0.103 0.104 0.000000
0.104 0.105 0.000000
0.105 0.106 0.000000
0.106 0.107 0.000000
0.107 0.108 0.000000
0.108 0.109 0.000000
0.109 0.110 0.000000
0.110 0.111 0.000000
0.111 0.112 0.000000
0.112 0.113 0.000000
0.113 0.114 0.000000
0.114 0.115 0.000000
0.115 0.116 0.000000
0.116 0.117 0.000000
0.117 0.118 0.000000
0.118 0.119 0.000000
0.119 0.120 0.000000
0.120 0.121 0.000000
0.121 0.122 0.000000
0.122 0.123 0.000000
0.123 0.124 0.000000
0.124 0.125 0.000000
0.125 0.126 0.000000
0.126 0.127 0.000000
0.127 0.128 0.000000
0.128 0.129 0.000000
0.129 0.130 0.000000
0.130 0.131 0.000000
0.131 0.132 0.000000
0.132 0.133 0.000000
0.133 0.134 0.000000
0.134 0.135 0.000000
0.135 0.136 0.000000
0.136 0.137 0.000000
0.137 0.138 0.000000
0.138 0.139 0.000000
0.139 0.140 0.000000
0.140 0.141 0.000000
0.141 0.142 0.000000
0.142 0.143 0.000000
0.143 0.144 0.000000
0.144 0.145 0.000000
0.145 0.146 0.000000
0.146 0.147 0.000000
0.147 0.148 0.000000
0.148 0.149 0.000000
0.149 0.150 0.000000
