1
0.000 0.001 0.000000
0.001 0.002 0.000000
0.002 0.003 0.000000
0.003 0.004 0.000000
0.004 0.005 0.000000
0.005 0.006 0.000000
0.006 0.007 0.000000
0.007 0.008 0.000000
0.008 0.009 0.000000
0.009 0.010 0.000000
0.010 0.011 0.000000
0.011 0.012 0.000000
0.012 0.013 0.000000
0.013 0.014 0.000000
0.014 0.015 0.000000
0.015 0.016 0.000000
0.016 0.017 0.000000
0.017 0.018 0.000000
0.018 0.019 0.000000
0.019 0.020 0.000000
0.020 0.021 0.000000
0.021 0.022 0.000003
0.022 0.023 0.000017
0.023 0.024 0.000066
0.024 0.025 0.000214
0.025 0.026 0.000583
0.026 0.027 0.001376
0.027 0.028 0.002909
0.028 0.029 0.005586
0.029 0.030 0.009785
0.030 0.031 0.016013
0.031 0.032 0.024628
0.032 0.033 0.035945
0.033 0.034 0.050067
0.034 0.035 0.067069
0.035 0.036 0.087137
0.036 0.037 0.109715
0.037 0.038 0.134332
0.038 0.039 0.160344
0.039 0.040 0.187899
0.040 0.041 0.216235
0.041 0.042 0.244485
0.042 0.043 0.273388
0.043 0.044 0.301238
0.044 0.045 0.328365
0.045 0.046 0.353556
0.046 0.047 0.374984
0.047 0.048 0.398960
0.048 0.049 0.421915
0.049 0.050 0.439931
0.050 0.051 0.455556
0.051 0.052 0.472224
0.052 0.053 0.487643
0.053 0.054 0.498409
0.054 0.055 0.506120
0.055 0.056 0.513946
0.056 0.057 0.521121
0.057 0.058 0.685197
0.058 0.059 1.000000
0.059 0.060 0.839652
0.060 0.061 0.532280
0.061 0.062 0.531488
0.062 0.063 0.512949
0.063 0.064 0.506449
0.064 0.065 0.499119
0.065 0.066 0.493643
0.066 0.067 0.629424
0.067 0.068 0.624412
0.068 0.069 0.498795
0.069 0.070 0.453468
0.070 0.071 0.380978
0.071 0.072 0.369255
0.072 0.073 0.358644
0.073 0.074 0.354688
0.074 0.075 0.348715
0.075 0.076 0.338930
0.076 0.077 0.326217
0.077 0.078 0.315338
0.078 0.079 0.309225
0.079 0.080 0.301176
0.080 0.081 0.289234
0.081 0.082 0.275359
0.082 0.083 0.261540
0.083 0.084 0.251062
0.084 0.085 0.241891
0.085 0.086 0.234001
0.086 0.087 0.223235
0.087 0.088 0.215345
0.088 0.089 0.206761
0.089 0.090 0.194923
0.090 0.091 0.182351
0.091 0.092 0.167933
0.092 0.093 0.156288
0.093 0.094 0.151347
0.094 0.095 0.142627
0.095 0.096 0.134255
0.096 0.097 0.124143
0.097 0.098 0.112348
0.098 0.099 0.099922
0.099 0.100 0.090827
0.100 0.101 0.084376
0.101 0.102 0.078293
0.102 0.103 0.069242
0.103 0.104 0.062119
0.104 0.105 0.056918
0.105 0.106 0.050349
0.106 0.107 0.043366
0.107 0.108 0.034147
0.108 0.109 0.028928
0.109 0.110 0.023273
0.110 0.111 0.017990
0.111 0.112 0.012479
0.112 0.113 0.009373
0.113 0.114 0.006553
0.114 0.115 0.002544
0.115 0.116 0.001476
0.116 0.117 0.000000
0.117 0.118 0.000000
0.118 0.119 0.000000
0.119 0.120 0.000000
0.120 0.121 0.000000
0.121 0.122 0.000000
0.122 0.123 0.000000
0.123 0.124 0.000000
0.124 0.125 0.000000
0.125 0.126 0.000000
0.126 0.127 0.000000
0.127 0.128 0.000000
0.128 0.129 0.000000
0.129 0.130 0.000000
0.130 0.131 0.000000
0.131 0.132 0.000000
0.132 0.133 0.000000
0.133 0.134 0.000000
0.134 0.135 0.000000
0.135 0.136 0.000000
0.136 0.137 0.000000
0.137 0.138 0.000000
0.138 0.139 0.000000
0.139 0.140 0.000000
0.140 0.141 0.000000
0.141 0.142 0.000000
0.142 0.143 0.000000
0.143 0.144 0.000000
0.144 0.145 0.000000
0.145 0.146 0.000000
0.146 0.147 0.000000
0.147 0.148 0.000000
0.148 0.149 0.000000
0.149 0.150 0.000000
