1
0.000 0.001 0.000000
0.001 0.002 0.000000
0.002 0.003 0.000000
0.003 0.004 0.000000
0.004 0.005 0.000000
0.005 0.006 0.000000
0.006 0.007 0.000000
0.007 0.008 0.000000
0.008 0.009 0.000000
0.009 0.010 0.000000
0.010 0.011 0.000000
0.011 0.012 0.000000
0.012 0.013 0.000000
0.013 0.014 0.000000
0.014 0.015 0.000000
0.015 0.016 0.000000
0.016 0.017 0.000001
0.017 0.018 0.000006
0.018 0.019 0.000037
0.019 0.020 0.000160
0.020 0.021 0.000542
0.021 0.022 0.001501
0.022 0.023 0.003533
0.023 0.024 0.007289
0.024 0.025 0.013475
0.025 0.026 0.022726
0.026 0.027 0.035521
0.027 0.028 0.052313
0.028 0.029 0.073033
0.029 0.030 0.096976
0.030 0.031 0.124261
0.031 0.032 0.153804
0.032 0.033 0.184963
0.033 0.034 0.217463
0.034 0.035 0.250458
0.035 0.036 0.281597
0.036 0.037 0.313346
0.037 0.038 0.344615
0.038 0.039 0.372520
0.039 0.040 0.398785
0.040 0.041 0.423574
0.041 0.042 0.444930
0.042 0.043 0.464707
0.043 0.044 0.481760
0.044 0.045 0.496761
0.045 0.046 0.507696
0.046 0.047 0.515216
0.047 0.048 0.523610
0.048 0.049 0.529503
0.049 0.050 0.529670
0.050 0.051 0.528871
0.051 0.052 0.531526
0.052 0.053 0.532783
0.053 0.054 0.530666
0.054 0.055 0.526320
0.055 0.056 0.523370
0.056 0.057 0.520315
0.057 0.058 0.683713
0.058 0.059 1.000000
0.059 0.060 0.821349
0.060 0.061 0.498206
0.061 0.062 0.488931
0.062 0.063 0.462692
0.063 0.064 0.449858
0.064 0.065 0.436580
0.065 0.066 0.424705
0.066 0.067 0.546699
0.067 0.068 0.538322
0.068 0.069 0.422845
0.069 0.070 0.380928
0.070 0.071 0.315070
0.071 0.072 0.305903
0.072 0.073 0.294722
0.073 0.074 0.288396
0.074 0.075 0.280845
0.075 0.076 0.271320
0.076 0.077 0.259656
0.077 0.078 0.249377
0.078 0.079 0.242068
0.079 0.080 0.235993
0.080 0.081 0.226900
0.081 0.082 0.216984
0.082 0.083 0.208298
0.083 0.084 0.199969
0.084 0.085 0.192344
0.085 0.086 0.185567
0.086 0.087 0.176570
0.087 0.088 0.170150
0.088 0.089 0.163046
0.089 0.090 0.153627
0.090 0.091 0.143591
0.091 0.092 0.133993
0.092 0.093 0.127658
0.093 0.094 0.124190
0.094 0.095 0.117597
0.095 0.096 0.111219
0.096 0.097 0.104024
0.097 0.098 0.095459
0.098 0.099 0.087164
0.099 0.100 0.080631
0.100 0.101 0.075203
0.101 0.102 0.070840
0.102 0.103 0.064431
0.103 0.104 0.059560
0.104 0.105 0.055895
0.105 0.106 0.051207
0.106 0.107 0.046411
0.107 0.108 0.040616
0.108 0.109 0.035523
0.109 0.110 0.029321
0.110 0.111 0.025687
0.111 0.112 0.022797
0.112 0.113 0.019105
0.113 0.114 0.015964
0.114 0.115 0.012678
0.115 0.116 0.008264
0.116 0.117 0.006262
0.117 0.118 0.004174
0.118 0.119 0.001359
0.119 0.120 0.000798
0.120 0.121 0.000000
0.121 0.122 0.000000
0.122 0.123 0.000000
0.123 0.124 0.000000
0.124 0.125 0.000000
0.125 0.126 0.000000
0.126 0.127 0.000000
0.127 0.128 0.000000
0.128 0.129 0.000000
0.129 0.130 0.000000
0.130 0.131 0.000000
0.131 0.132 0.000000
0.132 0.133 0.000000
0.133 0.134 0.000000
0.134 0.135 0.000000
0.135 0.136 0.000000
0.136 0.137 0.000000
0.137 0.138 0.000000
0.138 0.139 0.000000
0.139 0.140 0.000000
0.140 0.141 0.000000
0.141 0.142 0.000000
0.142 0.143 0.000000
0.143 0.144 0.000000
0.144 0.145 0.000000
0.145 0.146 0.000000
0.146 0.147 0.000000
0.147 0.148 0.000000
0.148 0.149 0.000000
0.149 0.150 0.000000
