1
0.000 0.001 0.000000
0.001 0.002 0.000000
0.002 0.003 0.000000
0.003 0.004 0.000000
0.004 0.005 0.000000
0.005 0.006 0.000000
0.006 0.007 0.000000
0.007 0.008 0.000000
0.008 0.009 0.000000
0.009 0.010 0.000000
0.010 0.011 0.000000
0.011 0.012 0.000000
0.012 0.013 0.000001
0.013 0.014 0.000015
0.014 0.015 0.000118
0.015 0.016 0.000596
0.016 0.017 0.002141
0.017 0.018 0.005957
0.018 0.019 0.013594
0.019 0.020 0.026709
0.020 0.021 0.046587
0.021 0.022 0.073773
0.022 0.023 0.108018
0.023 0.024 0.148522
0.024 0.025 0.194321
0.025 0.026 0.243174
0.026 0.027 0.293231
0.027 0.028 0.344376
0.028 0.029 0.394755
0.029 0.030 0.442581
0.030 0.031 0.486703
0.031 0.032 0.526706
0.032 0.033 0.563296
0.033 0.034 0.595851
0.034 0.035 0.623852
0.035 0.036 0.647944
0.036 0.037 0.668059
0.037 0.038 0.682496
0.038 0.039 0.691733
0.039 0.040 0.699996
0.040 0.041 0.705097
0.041 0.042 0.706941
0.042 0.043 0.708130
0.043 0.044 0.705150
0.044 0.045 0.701714
0.045 0.046 0.695535
0.046 0.047 0.685035
0.047 0.048 0.676880
0.048 0.049 0.668622
0.049 0.050 0.655264
0.050 0.051 0.641355
0.051 0.052 0.630145
0.052 0.053 0.618808
0.053 0.054 0.604852
0.054 0.055 0.589329
0.055 0.056 0.575560
0.056 0.057 0.562307
0.057 0.058 0.710714
0.058 0.059 1.000000
0.059 0.060 0.818279
0.060 0.061 0.507531
0.061 0.062 0.491926
0.062 0.063 0.461361
0.063 0.064 0.444281
0.064 0.065 0.427652
0.065 0.066 0.413737
0.066 0.067 0.514360
0.067 0.068 0.500321
0.068 0.069 0.393172
0.069 0.070 0.351238
0.070 0.071 0.289841
0.071 0.072 0.278964
0.072 0.073 0.266206
0.073 0.074 0.259065
0.074 0.075 0.250771
0.075 0.076 0.239938
0.076 0.077 0.227475
0.077 0.078 0.216655
0.078 0.079 0.208934
0.079 0.080 0.202022
0.080 0.081 0.192545
0.081 0.082 0.182195
0.082 0.083 0.172917
0.083 0.084 0.163767
0.084 0.085 0.155530
0.085 0.086 0.148223
0.086 0.087 0.138626
0.087 0.088 0.132938
0.088 0.089 0.126983
0.089 0.090 0.119091
0.090 0.091 0.110732
0.091 0.092 0.101552
0.092 0.093 0.094881
0.093 0.094 0.089506
0.094 0.095 0.083755
0.095 0.096 0.078295
0.096 0.097 0.071842
0.097 0.098 0.064500
0.098 0.099 0.056843
0.099 0.100 0.050827
0.100 0.101 0.048396
0.101 0.102 0.044409
0.102 0.103 0.038731
0.103 0.104 0.034196
0.104 0.105 0.030815
0.105 0.106 0.026144
0.106 0.107 0.022826
0.107 0.108 0.018931
0.108 0.109 0.015438
0.109 0.110 0.011274
0.110 0.111 0.008794
0.111 0.112 0.006723
0.112 0.113 0.003871
0.113 0.114 0.002557
0.114 0.115 0.000709
0.115 0.116 0.000000
0.116 0.117 0.000000
0.117 0.118 0.000000
0.118 0.119 0.000000
0.119 0.120 0.000000
0.120 0.121 0.000000
0.121 0.122 0.000000
0.122 0.123 0.000000
0.123 0.124 0.000000
0.124 0.125 0.000000
0.125 0.126 0.000000
0.126 0.127 0.000000
0.127 0.128 0.000000
0.128 0.129 0.000000
0.129 0.130 0.000000
0.130 0.131 0.000000
0.131 0.132 0.000000
0.132 0.133 0.000000
0.133 0.134 0.000000
0.134 0.135 0.000000
0.135 0.136 0.000000
0.136 0.137 0.000000
0.137 0.138 0.000000
0.138 0.139 0.000000
0.139 0.140 0.000000
0.140 0.141 0.000000
0.141 0.142 0.000000
0.142 0.143 0.000000
0.143 0.144 0.000000
0.144 0.145 0.000000
0.145 0.146 0.000000
0.146 0.147 0.000000
0.147 0.148 0.000000
0.148 0.149 0.000000
0.149 0.150 0.000000
