1
0.000 0.001 0.000000
0.001 0.002 0.000000
0.002 0.003 0.000000
0.003 0.004 0.000000
0.004 0.005 0.000000
0.005 0.006 0.000000
0.006 0.007 0.000000
0.007 0.008 0.000000
0.008 0.009 0.000000
0.009 0.010 0.000000
0.010 0.011 0.000000
0.011 0.012 0.000000
0.012 0.013 0.000000
0.013 0.014 0.000000
0.014 0.015 0.000000
0.015 0.016 0.000000
0.016 0.017 0.000000
0.017 0.018 0.000002
0.018 0.019 0.000011
0.019 0.020 0.000058
0.020 0.021 0.000223
0.021 0.022 0.000686
0.022 0.023 0.001758
0.023 0.024 0.003891
0.024 0.025 0.007639
0.025 0.026 0.013546
0.026 0.027 0.022083
0.027 0.028 0.033734
0.028 0.029 0.048611
0.029 0.030 0.066247
0.030 0.031 0.087351
0.031 0.032 0.111059
0.032 0.033 0.136801
0.033 0.034 0.164041
0.034 0.035 0.192090
0.035 0.036 0.220158
0.036 0.037 0.247980
0.037 0.038 0.276034
0.038 0.039 0.301768
0.039 0.040 0.325980
0.040 0.041 0.348982
0.041 0.042 0.369260
0.042 0.043 0.388295
0.043 0.044 0.405094
0.044 0.045 0.420665
0.045 0.046 0.432463
0.046 0.047 0.441792
0.047 0.048 0.450879
0.048 0.049 0.459402
0.049 0.050 0.464145
0.050 0.051 0.468638
0.051 0.052 0.473375
0.052 0.053 0.475402
0.053 0.054 0.475428
0.054 0.055 0.474104
0.055 0.056 0.473429
0.056 0.057 0.472484
0.057 0.058 0.652428
0.058 0.059 1.000000
0.059 0.060 0.811035
0.060 0.061 0.463593
0.061 0.062 0.457067
0.062 0.063 0.431683
0.063 0.064 0.422773
0.064 0.065 0.411972
0.065 0.066 0.404614
0.066 0.067 0.541159
0.067 0.068 0.535066
0.068 0.069 0.412565
0.069 0.070 0.371307
0.070 0.071 0.301567
0.071 0.072 0.295184
0.072 0.073 0.286724
0.073 0.074 0.281103
0.074 0.075 0.275291
0.075 0.076 0.268438
0.076 0.077 0.259466
0.077 0.078 0.251850
0.078 0.079 0.246403
0.079 0.080 0.240095
0.080 0.081 0.231377
0.081 0.082 0.223815
0.082 0.083 0.216731
0.083 0.084 0.210045
0.084 0.085 0.204195
0.085 0.086 0.198853
0.086 0.087 0.192170
0.087 0.088 0.187606
0.088 0.089 0.181373
0.089 0.090 0.173494
0.090 0.091 0.166645
0.091 0.092 0.157219
0.092 0.093 0.150483
0.093 0.094 0.146642
0.094 0.095 0.139899
0.095 0.096 0.132607
0.096 0.097 0.127345
0.097 0.098 0.120467
0.098 0.099 0.114327
0.099 0.100 0.109383
0.100 0.101 0.105067
0.101 0.102 0.100205
0.102 0.103 0.094040
0.103 0.104 0.089276
0.104 0.105 0.084771
0.105 0.106 0.079173
0.106 0.107 0.074055
0.107 0.108 0.067291
0.108 0.109 0.063384
0.109 0.110 0.059369
0.110 0.111 0.055385
0.111 0.112 0.052002
0.112 0.113 0.047308
0.113 0.114 0.043228
0.114 0.115 0.039587
0.115 0.116 0.035468
0.116 0.117 0.031442
0.117 0.118 0.026765
0.118 0.119 0.022610
0.119 0.120 0.020396
0.120 0.121 0.019415
0.121 0.122 0.016963
0.122 0.123 0.014449
0.123 0.124 0.011794
0.124 0.125 0.008237
0.125 0.126 0.006414
0.126 0.127 0.004950
0.127 0.128 0.003345
0.128 0.129 0.001257
0.129 0.130 0.000770
0.130 0.131 0.000000
0.131 0.132 0.000000
0.132 0.133 0.000000
0.133 0.134 0.000000
0.134 0.135 0.000000
0.135 0.136 0.000000
0.136 0.137 0.000000
0.137 0.138 0.000000
0.138 0.139 0.000000
0.139 0.140 0.000000
0.140 0.141 0.000000
0.141 0.142 0.000000
0.142 0.143 0.000000
0.143 0.144 0.000000
0.144 0.145 0.000000
0.145 0.146 0.000000
0.146 0.147 0.000000
0.147 0.148 0.000000
0.148 0.149 0.000000
0.149 0.150 0.000000
