1
0.000 0.001 0.000000
0.001 0.002 0.000000
0.002 0.003 0.000000
0.003 0.004 0.000000
0.004 0.005 0.000000
0.005 0.006 0.000000
0.006 0.007 0.000000
0.007 0.008 0.000000
0.008 0.009 0.000000
0.009 0.010 0.000000
0.010 0.011 0.000000
0.011 0.012 0.000000
0.012 0.013 0.000000
0.013 0.014 0.000000
0.014 0.015 0.000000
0.015 0.016 0.000000
0.016 0.017 0.000000
0.017 0.018 0.000000
0.018 0.019 0.000000
0.019 0.020 0.000001
0.020 0.021 0.000006
0.021 0.022 0.000030
0.022 0.023 0.000117
0.023 0.024 0.000368
0.024 0.025 0.000979
0.025 0.026 0.002258
0.026 0.027 0.004618
0.027 0.028 0.008613
0.028 0.029 0.014784
0.029 0.030 0.023474
0.030 0.031 0.035234
0.031 0.032 0.050182
0.032 0.033 0.068349
0.033 0.034 0.089606
0.034 0.035 0.113749
0.035 0.036 0.139960
0.036 0.037 0.168719
0.037 0.038 0.198650
0.038 0.039 0.228942
0.039 0.040 0.259987
0.040 0.041 0.291088
0.041 0.042 0.320760
0.042 0.043 0.350015
0.043 0.044 0.377387
0.044 0.045 0.403290
0.045 0.046 0.426095
0.046 0.047 0.445525
0.047 0.048 0.465469
0.048 0.049 0.482822
0.049 0.050 0.493313
0.050 0.051 0.503206
0.051 0.052 0.513673
0.052 0.053 0.524893
0.053 0.054 0.532008
0.054 0.055 0.535411
0.055 0.056 0.539442
0.056 0.057 0.544028
0.057 0.058 0.700250
0.058 0.059 1.000000
0.059 0.060 0.840616
0.060 0.061 0.539996
0.061 0.062 0.534324
0.062 0.063 0.511787
0.063 0.064 0.499949
0.064 0.065 0.488312
0.065 0.066 0.479180
0.066 0.067 0.598448
0.067 0.068 0.592141
0.068 0.069 0.475080
0.069 0.070 0.431838
0.070 0.071 0.364714
0.071 0.072 0.354605
0.072 0.073 0.341342
0.073 0.074 0.335647
0.074 0.075 0.328050
0.075 0.076 0.316078
0.076 0.077 0.301552
0.077 0.078 0.288994
0.078 0.079 0.281295
0.079 0.080 0.270377
0.080 0.081 0.259858
0.081 0.082 0.248051
0.082 0.083 0.237151
0.083 0.084 0.225909
0.084 0.085 0.216070
0.085 0.086 0.207527
0.086 0.087 0.196537
0.087 0.088 0.187859
0.088 0.089 0.178729
0.089 0.090 0.166862
0.090 0.091 0.153973
0.091 0.092 0.138694
0.092 0.093 0.130974
0.093 0.094 0.125601
0.094 0.095 0.117295
0.095 0.096 0.109411
0.096 0.097 0.099699
0.097 0.098 0.088697
0.098 0.099 0.076755
0.099 0.100 0.068213
0.100 0.101 0.062147
0.101 0.102 0.056880
0.102 0.103 0.049203
0.103 0.104 0.043028
0.104 0.105 0.038494
0.105 0.106 0.032879
0.106 0.107 0.026879
0.107 0.108 0.018824
0.108 0.109 0.015097
0.109 0.110 0.011163
0.110 0.111 0.007431
0.111 0.112 0.002952
0.112 0.113 0.001751
0.113 0.114 0.000000
0.114 0.115 0.000000
0.115 0.116 0.000000
0.116 0.117 0.000000
0.117 0.118 0.000000
0.118 0.119 0.000000
0.119 0.120 0.000000
0.120 0.121 0.000000
0.121 0.122 0.000000
0.122 0.123 0.000000
0.123 0.124 0.000000
0.124 0.125 0.000000
0.125 0.126 0.000000
0.126 0.127 0.000000
0.127 0.128 0.000000
0.128 0.129 0.000000
0.129 0.130 0.000000
0.130 0.131 0.000000
0.131 0.132 0.000000
0.132 0.133 0.000000
0.133 0.134 0.000000
0.134 0.135 0.000000
0.135 0.136 0.000000
0.136 0.137 0.000000
0.137 0.138 0.000000
0.138 0.139 0.000000
0.139 0.140 0.000000
0.140 0.141 0.000000
0.141 0.142 0.000000
0.142 0.143 0.000000
0.143 0.144 0.000000
0.144 0.145 0.000000
0.145 0.146 0.000000
0.146 0.147 0.000000
0.147 0.148 0.000000
0.148 0.149 0.000000
0.149 0.150 0.000000
