1
0.000 0.001 0.000000
0.001 0.002 0.000000
0.002 0.003 0.000000
0.003 0.004 0.000000
0.004 0.005 0.000000
0.005 0.006 0.000000
0.006 0.007 0.000000
0.007 0.008 0.000000
0.008 0.009 0.000000
0.009 0.010 0.000000
0.010 0.011 0.000000
0.011 0.012 0.000000
0.012 0.013 0.000000
0.013 0.014 0.000000
0.014 0.015 0.000000
0.015 0.016 0.000000
0.016 0.017 0.000000
0.017 0.018 0.000000
0.018 0.019 0.000000
0.019 0.020 0.000000
0.020 0.021 0.000001
0.021 0.022 0.000005
0.022 0.023 0.000025
0.023 0.024 0.000088
0.024 0.025 0.000259
0.025 0.026 0.000657
0.026 0.027 0.001459
0.027 0.028 0.002918
0.028 0.029 0.005335
0.029 0.030 0.008970
0.030 0.031 0.014170
0.031 0.032 0.021126
0.032 0.033 0.030003
0.033 0.034 0.040953
0.034 0.035 0.053859
0.035 0.036 0.068405
0.036 0.037 0.084783
0.037 0.038 0.103114
0.038 0.039 0.121977
0.039 0.040 0.141412
0.040 0.041 0.161640
0.041 0.042 0.181955
0.042 0.043 0.202356
0.043 0.044 0.222340
0.044 0.045 0.242403
0.045 0.046 0.260580
0.046 0.047 0.277803
0.047 0.048 0.296142
0.048 0.049 0.312505
0.049 0.050 0.325996
0.050 0.051 0.339450
0.051 0.052 0.353020
0.052 0.053 0.363703
0.053 0.054 0.372698
0.054 0.055 0.381473
0.055 0.056 0.390728
0.056 0.057 0.398986
0.057 0.058 0.604762
0.058 0.059 1.000000
0.059 0.060 0.806623
0.060 0.061 0.430044
0.061 0.062 0.432544
0.062 0.063 0.412553
0.063 0.064 0.412896
0.064 0.065 0.411139
0.065 0.066 0.409112
0.066 0.067 0.579365
0.067 0.068 0.579882
0.068 0.069 0.440240
0.069 0.070 0.398414
0.070 0.071 0.318207
0.071 0.072 0.316394
0.072 0.073 0.312630
0.073 0.074 0.309734
0.074 0.075 0.307396
0.075 0.076 0.304868
0.076 0.077 0.299667
0.077 0.078 0.296070
0.078 0.079 0.293654
0.079 0.080 0.290401
0.080 0.081 0.286118
0.081 0.082 0.280178
0.082 0.083 0.274206
0.083 0.084 0.268802
0.084 0.085 0.264259
0.085 0.086 0.259927
0.086 0.087 0.254631
0.087 0.088 0.251551
0.088 0.089 0.245932
0.089 0.090 0.238421
0.090 0.091 0.232520
0.091 0.092 0.222976
0.092 0.093 0.216423
0.093 0.094 0.213742
0.094 0.095 0.207404
0.095 0.096 0.201322
0.096 0.097 0.195472
0.097 0.098 0.187218
0.098 0.099 0.180188
0.099 0.100 0.174430
0.100 0.101 0.168588
0.101 0.102 0.162397
0.102 0.103 0.155089
0.103 0.104 0.149521
0.104 0.105 0.143503
0.105 0.106 0.136003
0.106 0.107 0.129540
0.107 0.108 0.121618
0.108 0.109 0.115183
0.109 0.110 0.108828
0.110 0.111 0.102194
0.111 0.112 0.096091
0.112 0.113 0.088348
0.113 0.114 0.081353
0.114 0.115 0.075119
0.115 0.116 0.069490
0.116 0.117 0.063509
0.117 0.118 0.057737
0.118 0.119 0.049837
0.119 0.120 0.045542
0.120 0.121 0.043285
0.121 0.122 0.038507
0.122 0.123 0.034722
0.123 0.124 0.030697
0.124 0.125 0.025516
0.125 0.126 0.021387
0.126 0.127 0.018170
0.127 0.128 0.014058
0.128 0.129 0.011210
0.129 0.130 0.008115
0.130 0.131 0.005677
0.131 0.132 0.003582
0.132 0.133 0.001748
0.133 0.134 0.000455
0.134 0.135 0.000000
0.135 0.136 0.000000
0.136 0.137 0.000000
0.137 0.138 0.000000
0.138 0.139 0.000000
0.139 0.140 0.000000
0.140 0.141 0.000000
0.141 0.142 0.000000
0.142 0.143 0.000000
0.143 0.144 0.000000
0.144 0.145 0.000000
0.145 0.146 0.000000
0.146 0.147 0.000000
0.147 0.148 0.000000
0.148 0.149 0.000000
0.149 0.150 0.000000
