1
0.000 0.001 0.000000
0.001 0.002 0.000000
0.002 0.003 0.000000
0.003 0.004 0.000000
0.004 0.005 0.000000
0.005 0.006 0.000000
0.006 0.007 0.000000
0.007 0.008 0.000000
0.008 0.009 0.000000
0.009 0.010 0.000000
0.010 0.011 0.000000
0.011 0.012 0.000000
0.012 0.013 0.000000
0.013 0.014 0.000000
0.014 0.015 0.000000
0.015 0.016 0.000000
0.016 0.017 0.000000
0.017 0.018 0.000000
0.018 0.019 0.000002
0.019 0.020 0.000011
0.020 0.021 0.000050
0.021 0.022 0.000178
0.022 0.023 0.000518
0.023 0.024 0.001281
0.024 0.025 0.002778
0.025 0.026 0.005384
0.026 0.027 0.009494
0.027 0.028 0.015546
0.028 0.029 0.023879
0.029 0.030 0.034500
0.030 0.031 0.047615
0.031 0.032 0.063120
0.032 0.033 0.080840
0.033 0.034 0.100493
0.034 0.035 0.121522
0.035 0.036 0.143520
0.036 0.037 0.166507
0.037 0.038 0.190044
0.038 0.039 0.212457
0.039 0.040 0.234595
0.040 0.041 0.256352
0.041 0.042 0.276722
0.042 0.043 0.296638
0.043 0.044 0.314999
0.044 0.045 0.332772
0.045 0.046 0.347773
0.046 0.047 0.360444
0.047 0.048 0.374448
0.048 0.049 0.386595
0.049 0.050 0.394774
0.050 0.051 0.402508
0.051 0.052 0.410925
0.052 0.053 0.416932
0.053 0.054 0.420560
0.054 0.055 0.423536
0.055 0.056 0.427672
0.056 0.057 0.431222
0.057 0.058 0.626308
0.058 0.059 1.000000
0.059 0.060 0.805133
0.060 0.061 0.440846
0.061 0.062 0.438818
0.062 0.063 0.416321
0.063 0.064 0.412081
0.064 0.065 0.406459
0.065 0.066 0.401626
0.066 0.067 0.552271
0.067 0.068 0.548469
0.068 0.069 0.419078
0.069 0.070 0.377910
0.070 0.071 0.304322
0.071 0.072 0.299920
0.072 0.073 0.293725
0.073 0.074 0.289982
0.074 0.075 0.286231
0.075 0.076 0.281360
0.076 0.077 0.274112
0.077 0.078 0.268660
0.078 0.079 0.265326
0.079 0.080 0.260888
0.080 0.081 0.254888
0.081 0.082 0.247606
0.082 0.083 0.240519
0.083 0.084 0.233741
0.084 0.085 0.228013
0.085 0.086 0.222786
0.086 0.087 0.216402
0.087 0.088 0.212168
0.088 0.089 0.206140
0.089 0.090 0.198151
0.090 0.091 0.190982
0.091 0.092 0.181268
0.092 0.093 0.174412
0.093 0.094 0.170748
0.094 0.095 0.163950
0.095 0.096 0.157433
0.096 0.097 0.150453
0.097 0.098 0.142245
0.098 0.099 0.134781
0.099 0.100 0.128845
0.100 0.101 0.123631
0.101 0.102 0.117233
0.102 0.103 0.110760
0.103 0.104 0.105765
0.104 0.105 0.100816
0.105 0.106 0.094691
0.106 0.107 0.089202
0.107 0.108 0.082231
0.108 0.109 0.077450
0.109 0.110 0.072654
0.110 0.111 0.067780
0.111 0.112 0.063514
0.112 0.113 0.057381
0.113 0.114 0.052871
0.114 0.115 0.049053
0.115 0.116 0.044812
0.116 0.117 0.040481
0.117 0.118 0.035854
0.118 0.119 0.030876
0.119 0.120 0.027960
0.120 0.121 0.026484
0.121 0.122 0.023049
0.122 0.123 0.020549
0.123 0.124 0.017892
0.124 0.125 0.014735
0.125 0.126 0.011303
0.126 0.127 0.009377
0.127 0.128 0.007155
0.128 0.129 0.004762
0.129 0.130 0.003342
0.130 0.131 0.001491
0.131 0.132 0.000437
0.132 0.133 0.000000
0.133 0.134 0.000000
0.134 0.135 0.000000
0.135 0.136 0.000000
0.136 0.137 0.000000
0.137 0.138 0.000000
0.138 0.139 0.000000
0.139 0.140 0.000000
0.140 0.141 0.000000
0.141 0.142 0.000000
0.142 0.143 0.000000
0.143 0.144 0.000000
0.144 0.145 0.000000
0.145 0.146 0.000000
0.146 0.147 0.000000
0.147 0.148 0.000000
0.148 0.149 0.000000
0.149 0.150 0.000000
