1
0.000 0.001 0.000000
0.001 0.002 0.000000
0.002 0.003 0.000000
0.003 0.004 0.000000
0.004 0.005 0.000000
0.005 0.006 0.000000
0.006 0.007 0.000000
0.007 0.008 0.000000
0.008 0.009 0.000000
0.009 0.010 0.000000
0.010 0.011 0.000000
0.011 0.012 0.000000
0.012 0.013 0.000000
0.013 0.014 0.000000
0.014 0.015 0.000000
0.015 0.016 0.000000
0.016 0.017 0.000000
0.017 0.018 0.000000
0.018 0.019 0.000000
0.019 0.020 0.000000
0.020 0.021 0.000001
0.021 0.022 0.000006
0.022 0.023 0.000027
0.023 0.024 0.000103
0.024 0.025 0.000318
0.025 0.026 0.000839
0.026 0.027 0.001922
0.027 0.028 0.003950
0.028 0.029 0.007397
0.029 0.030 0.012672
0.030 0.031 0.020307
0.031 0.032 0.030721
0.032 0.033 0.044129
0.033 0.034 0.060532
0.034 0.035 0.079969
0.035 0.036 0.102231
0.036 0.037 0.127564
0.037 0.038 0.154613
0.038 0.039 0.183007
0.039 0.040 0.213102
0.040 0.041 0.243787
0.041 0.042 0.273849
0.042 0.043 0.304456
0.043 0.044 0.333561
0.044 0.045 0.361984
0.045 0.046 0.388151
0.046 0.047 0.410536
0.047 0.048 0.432786
0.048 0.049 0.453829
0.049 0.050 0.469030
0.050 0.051 0.484873
0.051 0.052 0.500842
0.052 0.053 0.514928
0.053 0.054 0.525659
0.054 0.055 0.533174
0.055 0.056 0.539381
0.056 0.057 0.544970
0.057 0.058 0.700516
0.058 0.059 1.000000
0.059 0.060 0.846471
0.060 0.061 0.548940
0.061 0.062 0.544248
0.062 0.063 0.521570
0.063 0.064 0.513934
0.064 0.065 0.505884
0.065 0.066 0.499524
0.066 0.067 0.626576
0.067 0.068 0.620449
0.068 0.069 0.499445
0.069 0.070 0.454675
0.070 0.071 0.385679
0.071 0.072 0.374419
0.072 0.073 0.359582
0.073 0.074 0.352888
0.074 0.075 0.342401
0.075 0.076 0.331655
0.076 0.077 0.318292
0.077 0.078 0.307184
0.078 0.079 0.300905
0.079 0.080 0.292712
0.080 0.081 0.280619
0.081 0.082 0.266401
0.082 0.083 0.253264
0.083 0.084 0.239710
0.084 0.085 0.227491
0.085 0.086 0.214970
0.086 0.087 0.204681
0.087 0.088 0.196652
0.088 0.089 0.188213
0.089 0.090 0.176703
0.090 0.091 0.163610
0.091 0.092 0.150028
0.092 0.093 0.139845
0.093 0.094 0.131885
0.094 0.095 0.119496
0.095 0.096 0.111773
0.096 0.097 0.102026
0.097 0.098 0.090934
0.098 0.099 0.078449
0.099 0.100 0.069921
0.100 0.101 0.065806
0.101 0.102 0.057993
0.102 0.103 0.046304
0.103 0.104 0.040045
0.104 0.105 0.035426
0.105 0.106 0.029731
0.106 0.107 0.023628
0.107 0.108 0.015511
0.108 0.109 0.011717
0.109 0.110 0.007814
0.110 0.111 0.002903
0.111 0.112 0.001812
0.112 0.113 0.000000
0.113 0.114 0.000000
0.114 0.115 0.000000
0.115 0.116 0.000000
0.116 0.117 0.000000
0.117 0.118 0.000000
0.118 0.119 0.000000
0.119 0.120 0.000000
0.120 0.121 0.000000
0.121 0.122 0.000000
0.122 0.123 0.000000
0.123 0.124 0.000000
0.124 0.125 0.000000
0.125 0.126 0.000000
0.126 0.127 0.000000
0.127 0.128 0.000000
0.128 0.129 0.000000
0.129 0.130 0.000000
0.130 0.131 0.000000
0.131 0.132 0.000000
0.132 0.133 0.000000
0.133 0.134 0.000000
0.134 0.135 0.000000
0.135 0.136 0.000000
0.136 0.137 0.000000
0.137 0.138 0.000000
0.138 0.139 0.000000
0.139 0.140 0.000000
0.140 0.141 0.000000
0.141 0.142 0.000000
0.142 0.143 0.000000
0.143 0.144 0.000000
0.144 0.145 0.000000
0.145 0.146 0.000000
0.146 0.147 0.000000
0.147 0.148 0.000000
0.148 0.149 0.000000
0.149 0.150 0.000000
