1
0.000 0.001 0.000000
0.001 0.002 0.000000
0.002 0.003 0.000000
0.003 0.004 0.000000
0.004 0.005 0.000000
0.005 0.006 0.000000
0.006 0.007 0.000000
0.007 0.008 0.000000
0.008 0.009 0.000000
0.009 0.010 0.000000
0.010 0.011 0.000000
0.011 0.012 0.000000
0.012 0.013 0.000000
0.013 0.014 0.000000
0.014 0.015 0.000000
0.015 0.016 0.000000
0.016 0.017 0.000000
0.017 0.018 0.000000
0.018 0.019 0.000000
0.019 0.020 0.000000
0.020 0.021 0.000001
0.021 0.022 0.000004
0.022 0.023 0.000018
0.023 0.024 0.000068
0.024 0.025 0.000208
0.025 0.026 0.000540
0.026 0.027 0.001226
0.027 0.028 0.002503
0.028 0.029 0.004657
0.029 0.030 0.007954
0.030 0.031 0.012753
0.031 0.032 0.019274
0.032 0.033 0.027701
0.033 0.034 0.038215
0.034 0.035 0.050739
0.035 0.036 0.064980
0.036 0.037 0.081120
0.037 0.038 0.099303
0.038 0.039 0.118109
0.039 0.040 0.137702
0.040 0.041 0.158268
0.041 0.042 0.178806
0.042 0.043 0.199683
0.043 0.044 0.220452
0.044 0.045 0.241386
0.045 0.046 0.260268
0.046 0.047 0.278112
0.047 0.048 0.297237
0.048 0.049 0.314541
0.049 0.050 0.328995
0.050 0.051 0.342858
0.051 0.052 0.357070
0.052 0.053 0.368987
0.053 0.054 0.378694
0.054 0.055 0.388014
0.055 0.056 0.398145
0.056 0.057 0.407029
0.057 0.058 0.609712
0.058 0.059 1.000000
0.059 0.060 0.810613
0.060 0.061 0.439254
0.061 0.062 0.442030
0.062 0.063 0.422774
0.063 0.064 0.423022
0.064 0.065 0.420988
0.065 0.066 0.419404
0.066 0.067 0.589056
0.067 0.068 0.589798
0.068 0.069 0.450740
0.069 0.070 0.408505
0.070 0.071 0.328382
0.071 0.072 0.326193
0.072 0.073 0.322200
0.073 0.074 0.319605
0.074 0.075 0.317044
0.075 0.076 0.314264
0.076 0.077 0.308594
0.077 0.078 0.304434
0.078 0.079 0.302241
0.079 0.080 0.298766
0.080 0.081 0.293535
0.081 0.082 0.286860
0.082 0.083 0.280626
0.083 0.084 0.275034
0.084 0.085 0.270180
0.085 0.086 0.265640
0.086 0.087 0.259460
0.087 0.088 0.256202
0.088 0.089 0.250546
0.089 0.090 0.242390
0.090 0.091 0.235901
0.091 0.092 0.225266
0.092 0.093 0.218354
0.093 0.094 0.215874
0.094 0.095 0.209060
0.095 0.096 0.202390
0.096 0.097 0.195802
0.097 0.098 0.186679
0.098 0.099 0.179001
0.099 0.100 0.172544
0.100 0.101 0.166296
0.101 0.102 0.159765
0.102 0.103 0.151433
0.103 0.104 0.145180
0.104 0.105 0.139039
0.105 0.106 0.131236
0.106 0.107 0.124261
0.107 0.108 0.115621
0.108 0.109 0.108450
0.109 0.110 0.100877
0.110 0.111 0.093942
0.111 0.112 0.088014
0.112 0.113 0.079844
0.113 0.114 0.072245
0.114 0.115 0.066582
0.115 0.116 0.060165
0.116 0.117 0.053444
0.117 0.118 0.047682
0.118 0.119 0.039862
0.119 0.120 0.035145
0.120 0.121 0.033388
0.121 0.122 0.029200
0.122 0.123 0.024520
0.123 0.124 0.020742
0.124 0.125 0.015983
0.125 0.126 0.012393
0.126 0.127 0.009125
0.127 0.128 0.006612
0.128 0.129 0.003835
0.129 0.130 0.001859
0.130 0.131 0.000468
0.131 0.132 0.000000
0.132 0.133 0.000000
0.133 0.134 0.000000
0.134 0.135 0.000000
0.135 0.136 0.000000
0.136 0.137 0.000000
0.137 0.138 0.000000
0.138 0.139 0.000000
0.139 0.140 0.000000
0.140 0.141 0.000000
0.141 0.142 0.000000
0.142 0.143 0.000000
0.143 0.144 0.000000
0.144 0.145 0.000000
0.145 0.146 0.000000
0.146 0.147 0.000000
0.147 0.148 0.000000
0.148 0.149 0.000000
0.149 0.150 0.000000
