1
0.000 0.001 0.000000
0.001 0.002 0.000000
0.002 0.003 0.000000
0.003 0.004 0.000000
0.004 0.005 0.000000
0.005 0.006 0.000000
0.006 0.007 0.000000
0.007 0.008 0.000000
0.008 0.009 0.000000
0.009 0.010 0.000000
0.010 0.011 0.000000
0.011 0.012 0.000000
0.012 0.013 0.000000
0.013 0.014 0.000000
0.014 0.015 0.000000
0.015 0.016 0.000000
0.016 0.017 0.000001
0.017 0.018 0.000008
0.018 0.019 0.000046
0.019 0.020 0.000197
0.020 0.021 0.000649
0.021 0.022 0.001758
0.022 0.023 0.004053
0.023 0.024 0.008177
0.024 0.025 0.014849
0.025 0.026 0.024614
0.026 0.027 0.037819
0.027 0.028 0.054876
0.028 0.029 0.075953
0.029 0.030 0.100197
0.030 0.031 0.126618
0.031 0.032 0.155924
0.032 0.033 0.187093
0.033 0.034 0.218530
0.034 0.035 0.250334
0.035 0.036 0.283215
0.036 0.037 0.315560
0.037 0.038 0.342169
0.038 0.039 0.366931
0.039 0.040 0.393469
0.040 0.041 0.416251
0.041 0.042 0.435787
0.042 0.043 0.455697
0.043 0.044 0.470756
0.044 0.045 0.484870
0.045 0.046 0.498659
0.046 0.047 0.505184
0.047 0.048 0.513917
0.048 0.049 0.523262
0.049 0.050 0.524734
0.050 0.051 0.525017
0.051 0.052 0.528272
0.052 0.053 0.532335
0.053 0.054 0.531411
0.054 0.055 0.526076
0.055 0.056 0.524178
0.056 0.057 0.525086
0.057 0.058 0.688881
0.058 0.059 1.000000
0.059 0.060 0.821042
0.060 0.061 0.502049
0.061 0.062 0.494965
0.062 0.063 0.472425
0.063 0.064 0.460111
0.064 0.065 0.449278
0.065 0.066 0.442318
0.066 0.067 0.560652
0.067 0.068 0.551098
0.068 0.069 0.437181
0.069 0.070 0.396044
0.070 0.071 0.332143
0.071 0.072 0.321746
0.072 0.073 0.309198
0.073 0.074 0.306654
0.074 0.075 0.302178
0.075 0.076 0.291265
0.076 0.077 0.277701
0.077 0.078 0.267842
0.078 0.079 0.263361
0.079 0.080 0.256763
0.080 0.081 0.246995
0.081 0.082 0.235973
0.082 0.083 0.224880
0.083 0.084 0.212418
0.084 0.085 0.202686
0.085 0.086 0.194742
0.086 0.087 0.185377
0.087 0.088 0.177690
0.088 0.089 0.170460
0.089 0.090 0.159765
0.090 0.091 0.145828
0.091 0.092 0.133670
0.092 0.093 0.124480
0.093 0.094 0.116766
0.094 0.095 0.106952
0.095 0.096 0.097862
0.096 0.097 0.086159
0.097 0.098 0.073507
0.098 0.099 0.058773
0.099 0.100 0.048959
0.100 0.101 0.044403
0.101 0.102 0.035160
0.102 0.103 0.024148
0.103 0.104 0.013776
0.104 0.105 0.000741
0.105 0.106 0.000000
0.106 0.107 0.000000
0.107 0.108 0.000000
0.108 0.109 0.000000
0.109 0.110 0.000000
0.110 0.111 0.000000
0.111 0.112 0.000000
0.112 0.113 0.000000
0.113 0.114 0.000000
0.114 0.115 0.000000
0.115 0.116 0.000000
0.116 0.117 0.000000
0.117 0.118 0.000000
0.118 0.119 0.000000
0.119 0.120 0.000000
0.120 0.121 0.000000
0.121 0.122 0.000000
0.122 0.123 0.000000
0.123 0.124 0.000000
0.124 0.125 0.000000
0.125 0.126 0.000000
0.126 0.127 0.000000
0.127 0.128 0.000000
0.128 0.129 0.000000
0.129 0.130 0.000000
0.130 0.131 0.000000
0.131 0.132 0.000000
0.132 0.133 0.000000
0.133 0.134 0.000000
0.134 0.135 0.000000
0.135 0.136 0.000000
0.136 0.137 0.000000
0.137 0.138 0.000000
0.138 0.139 0.000000
0.139 0.140 0.000000
0.140 0.141 0.000000
0.141 0.142 0.000000
0.142 0.143 0.000000
0.143 0.144 0.000000
0.144 0.145 0.000000
0.145 0.146 0.000000
0.146 0.147 0.000000
0.147 0.148 0.000000
0.148 0.149 0.000000
0.149 0.150 0.000000
