1
0.000 0.001 0.000000
0.001 0.002 0.000000
0.002 0.003 0.000000
0.003 0.004 0.000000
0.004 0.005 0.000000
0.005 0.006 0.000000
0.006 0.007 0.000000
0.007 0.008 0.000000
0.008 0.009 0.000000
0.009 0.010 0.000000
0.010 0.011 0.000000
0.011 0.012 0.000000
0.012 0.013 0.000000
0.013 0.014 0.000000
0.014 0.015 0.000000
0.015 0.016 0.000000
0.016 0.017 0.000000
0.017 0.018 0.000000
0.018 0.019 0.000000
0.019 0.020 0.000000
0.020 0.021 0.000001
0.021 0.022 0.000005
0.022 0.023 0.000024
0.023 0.024 0.000096
0.024 0.025 0.000318
0.025 0.026 0.000885
0.026 0.027 0.002121
0.027 0.028 0.004520
0.028 0.029 0.008736
0.029 0.030 0.015434
0.030 0.031 0.025268
0.031 0.032 0.039037
0.032 0.033 0.057322
0.033 0.034 0.080239
0.034 0.035 0.107473
0.035 0.036 0.139115
0.036 0.037 0.174167
0.037 0.038 0.212132
0.038 0.039 0.252983
0.039 0.040 0.296170
0.040 0.041 0.338519
0.041 0.042 0.379328
0.042 0.043 0.422821
0.043 0.044 0.465250
0.044 0.045 0.506373
0.045 0.046 0.540800
0.046 0.047 0.573929
0.047 0.048 0.604190
0.048 0.049 0.628804
0.049 0.050 0.648062
0.050 0.051 0.666503
0.051 0.052 0.683523
0.052 0.053 0.687680
0.053 0.054 0.697692
0.054 0.055 0.706830
0.055 0.056 0.706383
0.056 0.057 0.700173
0.057 0.058 0.800336
0.058 0.059 1.000000
0.059 0.060 0.891530
0.060 0.061 0.679599
0.061 0.062 0.661934
0.062 0.063 0.627281
0.063 0.064 0.611140
0.064 0.065 0.593653
0.065 0.066 0.572562
0.066 0.067 0.647093
0.067 0.068 0.630950
0.068 0.069 0.525974
0.069 0.070 0.473739
0.070 0.071 0.413295
0.071 0.072 0.388277
0.072 0.073 0.366274
0.073 0.074 0.345896
0.074 0.075 0.324434
0.075 0.076 0.301781
0.076 0.077 0.279519
0.077 0.078 0.255491
0.078 0.079 0.229881
0.079 0.080 0.214064
0.080 0.081 0.194937
0.081 0.082 0.172049
0.082 0.083 0.152258
0.083 0.084 0.134588
0.084 0.085 0.111481
0.085 0.086 0.098025
0.086 0.087 0.082248
0.087 0.088 0.066722
0.088 0.089 0.049319
0.089 0.090 0.031892
0.090 0.091 0.025213
0.091 0.092 0.016494
0.092 0.093 0.004542
0.093 0.094 0.000000
0.094 0.095 0.000000
0.095 0.096 0.000000
0.096 0.097 0.000000
0.097 0.098 0.000000
0.098 0.099 0.000000
0.099 0.100 0.000000
0.100 0.101 0.000000
0.101 0.102 0.000000
0.102 0.103 0.000000
0.103 0.104 0.000000
0.104 0.105 0.000000
0.105 0.106 0.000000
0.106 0.107 0.000000
0.107 0.108 0.000000
0.108 0.109 0.000000
0.109 0.110 0.000000
0.110 0.111 0.000000
0.111 0.112 0.000000
0.112 0.113 0.000000
0.113 0.114 0.000000
0.114 0.115 0.000000
0.115 0.116 0.000000
0.116 0.117 0.000000
0.117 0.118 0.000000
0.118 0.119 0.000000
0.119 0.120 0.000000
0.120 0.121 0.000000
0.121 0.122 0.000000
0.122 0.123 0.000000
0.123 0.124 0.000000
0.124 0.125 0.000000
0.125 0.126 0.000000
0.126 0.127 0.000000
0.127 0.128 0.000000
0.128 0.129 0.000000
0.129 0.130 0.000000
0.130 0.131 0.000000
0.131 0.132 0.000000
0.132 0.133 0.000000
0.133 0.134 0.000000
0.134 0.135 0.000000
0.135 0.136 0.000000
0.136 0.137 0.000000
0.137 0.138 0.000000
0.138 0.139 0.000000
0.139 0.140 0.000000
0.140 0.141 0.000000
0.141 0.142 0.000000
0.142 0.143 0.000000
0.143 0.144 0.000000
0.144 0.145 0.000000
0.145 0.146 0.000000
0.146 0.147 0.000000
0.147 0.148 0.000000
0.148 0.149 0.000000
0.149 0.150 0.000000
