1
0.000 0.001 0.000000
0.001 0.002 0.000000
0.002 0.003 0.000000
0.003 0.004 0.000000
0.004 0.005 0.000000
0.005 0.006 0.000000
0.006 0.007 0.000000
0.007 0.008 0.000000
0.008 0.009 0.000000
0.009 0.010 0.000000
0.010 0.011 0.000000
0.011 0.012 0.000000
0.012 0.013 0.000000
0.013 0.014 0.000000
0.014 0.015 0.000000
0.015 0.016 0.000004
0.016 0.017 0.000035
0.017 0.018 0.000202
0.018 0.019 0.000845
0.019 0.020 0.002713
0.020 0.021 0.007129
0.021 0.022 0.015879
0.022 0.023 0.030892
0.023 0.024 0.053946
0.024 0.025 0.086409
0.025 0.026 0.128584
0.026 0.027 0.179572
0.027 0.028 0.238330
0.028 0.029 0.303547
0.029 0.030 0.372530
0.030 0.031 0.442359
0.031 0.032 0.514509
0.032 0.033 0.585862
0.033 0.034 0.653309
0.034 0.035 0.715060
0.035 0.036 0.771339
0.036 0.037 0.818271
0.037 0.038 0.860622
0.038 0.039 0.897740
0.039 0.040 0.928734
0.040 0.041 0.947374
0.041 0.042 0.967841
0.042 0.043 0.983123
0.043 0.044 0.994343
0.044 0.045 1.000000
0.045 0.046 0.992251
0.046 0.047 0.985117
0.047 0.048 0.974995
0.048 0.049 0.957243
0.049 0.050 0.934676
0.050 0.051 0.913759
0.051 0.052 0.891887
0.052 0.053 0.868425
0.053 0.054 0.845933
0.054 0.055 0.823536
0.055 0.056 0.792683
0.056 0.057 0.758302
0.057 0.058 0.822877
0.058 0.059 0.971430
0.059 0.060 0.851126
0.060 0.061 0.647253
0.061 0.062 0.618891
0.062 0.063 0.581042
0.063 0.064 0.552309
0.064 0.065 0.523198
0.065 0.066 0.491681
0.066 0.067 0.532826
0.067 0.068 0.507678
0.068 0.069 0.418196
0.069 0.070 0.365732
0.070 0.071 0.317973
0.071 0.072 0.299187
0.072 0.073 0.274729
0.073 0.074 0.252332
0.074 0.075 0.229777
0.075 0.076 0.207573
0.076 0.077 0.183366
0.077 0.078 0.165874
0.078 0.079 0.148253
0.079 0.080 0.132723
0.080 0.081 0.116263
0.081 0.082 0.096341
0.082 0.083 0.076961
0.083 0.084 0.066905
0.084 0.085 0.055223
0.085 0.086 0.043165
0.086 0.087 0.027566
0.087 0.088 0.019873
0.088 0.089 0.011952
0.089 0.090 0.003026
0.090 0.091 0.000000
0.091 0.092 0.000000
0.092 0.093 0.000000
0.093 0.094 0.000000
0.094 0.095 0.000000
0.095 0.096 0.000000
0.096 0.097 0.000000
0.097 0.098 0.000000
0.098 0.099 0.000000
0.099 0.100 0.000000
0.100 0.101 0.000000
0.101 0.102 0.000000
0.102 0.103 0.000000
0.103 0.104 0.000000
0.104 0.105 0.000000
0.105 0.106 0.000000
0.106 0.107 0.000000
0.107 0.108 0.000000
0.108 0.109 0.000000
0.109 0.110 0.000000
0.110 0.111 0.000000
0.111 0.112 0.000000
0.112 0.113 0.000000
0.113 0.114 0.000000
0.114 0.115 0.000000
0.115 0.116 0.000000
0.116 0.117 0.000000
0.117 0.118 0.000000
0.118 0.119 0.000000
0.119 0.120 0.000000
0.120 0.121 0.000000
0.121 0.122 0.000000
0.122 0.123 0.000000
0.123 0.124 0.000000
0.124 0.125 0.000000
0.125 0.126 0.000000
0.126 0.127 0.000000
0.127 0.128 0.000000
0.128 0.129 0.000000
0.129 0.130 0.000000
0.130 0.131 0.000000
0.131 0.132 0.000000
0.132 0.133 0.000000
0.133 0.134 0.000000
0.134 0.135 0.000000
0.135 0.136 0.000000
0.136 0.137 0.000000
0.137 0.138 0.000000
0.138 0.139 0.000000
0.139 0.140 0.000000
0.140 0.141 0.000000
0.141 0.142 0.000000
0.142 0.143 0.000000
0.143 0.144 0.000000
0.144 0.145 0.000000
0.145 0.146 0.000000
0.146 0.147 0.000000
0.147 0.148 0.000000
0.148 0.149 0.000000
0.149 0.150 0.000000
