1
0.000 0.001 0.000000
0.001 0.002 0.000000
0.002 0.003 0.000000
0.003 0.004 0.000000
0.004 0.005 0.000000
0.005 0.006 0.000000
0.006 0.007 0.000000
0.007 0.008 0.000000
0.008 0.009 0.000000
0.009 0.010 0.000000
0.010 0.011 0.000000
0.011 0.012 0.000000
0.012 0.013 0.000000
0.013 0.014 0.000000
0.014 0.015 0.000000
0.015 0.016 0.000000
0.016 0.017 0.000000
0.017 0.018 0.000001
0.018 0.019 0.000010
0.019 0.020 0.000055
0.020 0.021 0.000230
0.021 0.022 0.000759
0.022 0.023 0.002057
0.023 0.024 0.004775
0.024 0.025 0.009764
0.025 0.026 0.017912
0.026 0.027 0.030084
0.027 0.028 0.047070
0.028 0.029 0.069298
0.029 0.030 0.096699
0.030 0.031 0.128891
0.031 0.032 0.165041
0.032 0.033 0.205074
0.033 0.034 0.247479
0.034 0.035 0.291292
0.035 0.036 0.336084
0.036 0.037 0.379527
0.037 0.038 0.421368
0.038 0.039 0.462389
0.039 0.040 0.502213
0.040 0.041 0.537410
0.041 0.042 0.569965
0.042 0.043 0.600066
0.043 0.044 0.625980
0.044 0.045 0.648926
0.045 0.046 0.665833
0.046 0.047 0.680475
0.047 0.048 0.692641
0.048 0.049 0.700288
0.049 0.050 0.702710
0.050 0.051 0.705292
0.051 0.052 0.707843
0.052 0.053 0.704215
0.053 0.054 0.698074
0.054 0.055 0.689812
0.055 0.056 0.678903
0.056 0.057 0.667042
0.057 0.058 0.778183
0.058 0.059 1.000000
0.059 0.060 0.859806
0.060 0.061 0.614197
0.061 0.062 0.596091
0.062 0.063 0.563675
0.063 0.064 0.541207
0.064 0.065 0.520192
0.065 0.066 0.497908
0.066 0.067 0.578205
0.067 0.068 0.562221
0.068 0.069 0.459741
0.069 0.070 0.413390
0.070 0.071 0.355796
0.071 0.072 0.337124
0.072 0.073 0.318246
0.073 0.074 0.304496
0.074 0.075 0.289746
0.075 0.076 0.271508
0.076 0.077 0.252970
0.077 0.078 0.234072
0.078 0.079 0.222326
0.079 0.080 0.210001
0.080 0.081 0.194888
0.081 0.082 0.177354
0.082 0.083 0.159964
0.083 0.084 0.146869
0.084 0.085 0.134291
0.085 0.086 0.122451
0.086 0.087 0.109089
0.087 0.088 0.094905
0.088 0.089 0.083235
0.089 0.090 0.072371
0.090 0.091 0.062238
0.091 0.092 0.050318
0.092 0.093 0.042601
0.093 0.094 0.034689
0.094 0.095 0.025302
0.095 0.096 0.019822
0.096 0.097 0.013554
0.097 0.098 0.006156
0.098 0.099 0.001527
0.099 0.100 0.000000
0.100 0.101 0.000000
0.101 0.102 0.000000
0.102 0.103 0.000000
0.103 0.104 0.000000
0.104 0.105 0.000000
0.105 0.106 0.000000
0.106 0.107 0.000000
0.107 0.108 0.000000
0.108 0.109 0.000000
0.109 0.110 0.000000
0.110 0.111 0.000000
0.111 0.112 0.000000
0.112 0.113 0.000000
0.113 0.114 0.000000
0.114 0.115 0.000000
0.115 0.116 0.000000
0.116 0.117 0.000000
0.117 0.118 0.000000
0.118 0.119 0.000000
0.119 0.120 0.000000
0.120 0.121 0.000000
0.121 0.122 0.000000
0.122 0.123 0.000000
0.123 0.124 0.000000
0.124 0.125 0.000000
0.125 0.126 0.000000
0.126 0.127 0.000000
0.127 0.128 0.000000
0.128 0.129 0.000000
0.129 0.130 0.000000
0.130 0.131 0.000000
0.131 0.132 0.000000
0.132 0.133 0.000000
0.133 0.134 0.000000
0.134 0.135 0.000000
0.135 0.136 0.000000
0.136 0.137 0.000000
0.137 0.138 0.000000
0.138 0.139 0.000000
0.139 0.140 0.000000
0.140 0.141 0.000000
0.141 0.142 0.000000
0.142 0.143 0.000000
0.143 0.144 0.000000
0.144 0.145 0.000000
0.145 0.146 0.000000
0.146 0.147 0.000000
0.147 0.148 0.000000
0.148 0.149 0.000000
0.149 0.150 0.000000
