1
0.000 0.001 0.000000
0.001 0.002 0.000000
0.002 0.003 0.000000
0.003 0.004 0.000000
0.004 0.005 0.000000
0.005 0.006 0.000000
0.006 0.007 0.000000
0.007 0.008 0.000000
0.008 0.009 0.000000
0.009 0.010 0.000000
0.010 0.011 0.000000
0.011 0.012 0.000000
0.012 0.013 0.000000
0.013 0.014 0.000000
0.014 0.015 0.000000
0.015 0.016 0.000000
0.016 0.017 0.000002
0.017 0.018 0.000020
0.018 0.019 0.000124
0.019 0.020 0.000538
0.020 0.021 0.001803
0.021 0.022 0.004881
0.022 0.023 0.011154
0.023 0.024 0.022254
0.024 0.025 0.039766
0.025 0.026 0.064724
0.026 0.027 0.098413
0.027 0.028 0.140818
0.028 0.029 0.191297
0.029 0.030 0.247808
0.030 0.031 0.309544
0.031 0.032 0.373657
0.032 0.033 0.439349
0.033 0.034 0.503430
0.034 0.035 0.565469
0.035 0.036 0.624164
0.036 0.037 0.672877
0.037 0.038 0.724877
0.038 0.039 0.772474
0.039 0.040 0.813467
0.040 0.041 0.847640
0.041 0.042 0.876759
0.042 0.043 0.899138
0.043 0.044 0.917310
0.044 0.045 0.929124
0.045 0.046 0.929395
0.046 0.047 0.930329
0.047 0.048 0.925280
0.048 0.049 0.910004
0.049 0.050 0.901314
0.050 0.051 0.891843
0.051 0.052 0.881012
0.052 0.053 0.862210
0.053 0.054 0.842299
0.054 0.055 0.821256
0.055 0.056 0.794064
0.056 0.057 0.764533
0.057 0.058 0.838677
0.058 0.059 1.000000
0.059 0.060 0.879980
0.060 0.061 0.671782
0.061 0.062 0.644424
0.062 0.063 0.605587
0.063 0.064 0.576640
0.064 0.065 0.547800
0.065 0.066 0.517014
0.066 0.067 0.565761
0.067 0.068 0.540773
0.068 0.069 0.442067
0.069 0.070 0.395257
0.070 0.071 0.343930
0.071 0.072 0.324915
0.072 0.073 0.299915
0.073 0.074 0.277010
0.074 0.075 0.253793
0.075 0.076 0.230551
0.076 0.077 0.205110
0.077 0.078 0.187170
0.078 0.079 0.169518
0.079 0.080 0.153446
0.080 0.081 0.135850
0.081 0.082 0.114848
0.082 0.083 0.094272
0.083 0.084 0.083569
0.084 0.085 0.071311
0.085 0.086 0.058803
0.086 0.087 0.044880
0.087 0.088 0.028743
0.088 0.089 0.019781
0.089 0.090 0.012127
0.090 0.091 0.003718
0.091 0.092 0.000000
0.092 0.093 0.000000
0.093 0.094 0.000000
0.094 0.095 0.000000
0.095 0.096 0.000000
0.096 0.097 0.000000
0.097 0.098 0.000000
0.098 0.099 0.000000
0.099 0.100 0.000000
0.100 0.101 0.000000
0.101 0.102 0.000000
0.102 0.103 0.000000
0.103 0.104 0.000000
0.104 0.105 0.000000
0.105 0.106 0.000000
0.106 0.107 0.000000
0.107 0.108 0.000000
0.108 0.109 0.000000
0.109 0.110 0.000000
0.110 0.111 0.000000
0.111 0.112 0.000000
0.112 0.113 0.000000
0.113 0.114 0.000000
0.114 0.115 0.000000
0.115 0.116 0.000000
0.116 0.117 0.000000
0.117 0.118 0.000000
0.118 0.119 0.000000
0.119 0.120 0.000000
0.120 0.121 0.000000
0.121 0.122 0.000000
0.122 0.123 0.000000
0.123 0.124 0.000000
0.124 0.125 0.000000
0.125 0.126 0.000000
0.126 0.127 0.000000
0.127 0.128 0.000000
0.128 0.129 0.000000
0.129 0.130 0.000000
0.130 0.131 0.000000
0.131 0.132 0.000000
0.132 0.133 0.000000
0.133 0.134 0.000000
0.134 0.135 0.000000
0.135 0.136 0.000000
0.136 0.137 0.000000
0.137 0.138 0.000000
0.138 0.139 0.000000
0.139 0.140 0.000000
0.140 0.141 0.000000
0.141 0.142 0.000000
0.142 0.143 0.000000
0.143 0.144 0.000000
0.144 0.145 0.000000
0.145 0.146 0.000000
0.146 0.147 0.000000
0.147 0.148 0.000000
0.148 0.149 0.000000
0.149 0.150 0.000000
