1
0.000 0.001 0.000000
0.001 0.002 0.000000
0.002 0.003 0.000000
0.003 0.004 0.000000
0.004 0.005 0.000000
0.005 0.006 0.000000
0.006 0.007 0.000000
0.007 0.008 0.000000
0.008 0.009 0.000000
0.009 0.010 0.000000
0.010 0.011 0.000000
0.011 0.012 0.000000
0.012 0.013 0.000000
0.013 0.014 0.000000
0.014 0.015 0.000000
0.015 0.016 0.000000
0.016 0.017 0.000000
0.017 0.018 0.000000
0.018 0.019 0.000000
0.019 0.020 0.000000
0.020 0.021 0.000001
0.021 0.022 0.000007
0.022 0.023 0.000030
0.023 0.024 0.000108
0.024 0.025 0.000323
0.025 0.026 0.000823
0.026 0.027 0.001840
0.027 0.028 0.003705
0.028 0.029 0.006823
0.029 0.030 0.011560
0.030 0.031 0.018350
0.031 0.032 0.027464
0.032 0.033 0.039167
0.033 0.034 0.053606
0.034 0.035 0.070694
0.035 0.036 0.090152
0.036 0.037 0.111907
0.037 0.038 0.135605
0.038 0.039 0.160186
0.039 0.040 0.186069
0.040 0.041 0.212645
0.041 0.042 0.238968
0.042 0.043 0.265781
0.043 0.044 0.291760
0.044 0.045 0.317397
0.045 0.046 0.341033
0.046 0.047 0.362307
0.047 0.048 0.384115
0.048 0.049 0.404604
0.049 0.050 0.420955
0.050 0.051 0.435544
0.051 0.052 0.450862
0.052 0.053 0.464549
0.053 0.054 0.474582
0.054 0.055 0.482631
0.055 0.056 0.490913
0.056 0.057 0.498094
0.057 0.058 0.669979
0.058 0.059 1.000000
0.059 0.060 0.835082
0.060 0.061 0.514777
0.061 0.062 0.513351
0.062 0.063 0.493647
0.063 0.064 0.487616
0.064 0.065 0.480287
0.065 0.066 0.474755
0.066 0.067 0.614523
0.067 0.068 0.609552
0.068 0.069 0.483716
0.069 0.070 0.439611
0.070 0.071 0.367059
0.071 0.072 0.359014
0.072 0.073 0.348251
0.073 0.074 0.342903
0.074 0.075 0.335879
0.075 0.076 0.326213
0.076 0.077 0.312872
0.077 0.078 0.303722
0.078 0.079 0.298789
0.079 0.080 0.291934
0.080 0.081 0.281416
0.081 0.082 0.269314
0.082 0.083 0.258677
0.083 0.084 0.248333
0.084 0.085 0.237778
0.085 0.086 0.230745
0.086 0.087 0.220902
0.087 0.088 0.214141
0.088 0.089 0.206360
0.089 0.090 0.195584
0.090 0.091 0.184985
0.091 0.092 0.170806
0.092 0.093 0.163016
0.093 0.094 0.158778
0.094 0.095 0.150522
0.095 0.096 0.142485
0.096 0.097 0.133325
0.097 0.098 0.122356
0.098 0.099 0.111037
0.099 0.100 0.104030
0.100 0.101 0.099373
0.101 0.102 0.093102
0.102 0.103 0.084082
0.103 0.104 0.077032
0.104 0.105 0.070821
0.105 0.106 0.065360
0.106 0.107 0.059766
0.107 0.108 0.052876
0.108 0.109 0.046860
0.109 0.110 0.040285
0.110 0.111 0.033546
0.111 0.112 0.029776
0.112 0.113 0.024944
0.113 0.114 0.020803
0.114 0.115 0.015780
0.115 0.116 0.012221
0.116 0.117 0.009063
0.117 0.118 0.005149
0.118 0.119 0.002851
0.119 0.120 0.000760
0.120 0.121 0.000000
0.121 0.122 0.000000
0.122 0.123 0.000000
0.123 0.124 0.000000
0.124 0.125 0.000000
0.125 0.126 0.000000
0.126 0.127 0.000000
0.127 0.128 0.000000
0.128 0.129 0.000000
0.129 0.130 0.000000
0.130 0.131 0.000000
0.131 0.132 0.000000
0.132 0.133 0.000000
0.133 0.134 0.000000
0.134 0.135 0.000000
0.135 0.136 0.000000
0.136 0.137 0.000000
0.137 0.138 0.000000
0.138 0.139 0.000000
0.139 0.140 0.000000
0.140 0.141 0.000000
0.141 0.142 0.000000
0.142 0.143 0.000000
0.143 0.144 0.000000
0.144 0.145 0.000000
0.145 0.146 0.000000
0.146 0.147 0.000000
0.147 0.148 0.000000
0.148 0.149 0.000000
0.149 0.150 0.000000
