1
0.000 0.001 0.000000
0.001 0.002 0.000000
0.002 0.003 0.000000
0.003 0.004 0.000000
0.004 0.005 0.000000
0.005 0.006 0.000000
0.006 0.007 0.000000
0.007 0.008 0.000000
0.008 0.009 0.000000
0.009 0.010 0.000000
0.010 0.011 0.000000
0.011 0.012 0.000000
0.012 0.013 0.000000
0.013 0.014 0.000000
0.014 0.015 0.000000
0.015 0.016 0.000000
0.016 0.017 0.000000
0.017 0.018 0.000000
0.018 0.019 0.000000
0.019 0.020 0.000001
0.020 0.021 0.000006
0.021 0.022 0.000030
0.022 0.023 0.000118
0.023 0.024 0.000378
0.024 0.025 0.001017
0.025 0.026 0.002362
0.026 0.027 0.004870
0.027 0.028 0.009112
0.028 0.029 0.015699
0.029 0.030 0.025047
0.030 0.031 0.037642
0.031 0.032 0.053705
0.032 0.033 0.073277
0.033 0.034 0.096145
0.034 0.035 0.122012
0.035 0.036 0.150474
0.036 0.037 0.180626
0.037 0.038 0.211531
0.038 0.039 0.242611
0.039 0.040 0.273969
0.040 0.041 0.306181
0.041 0.042 0.337023
0.042 0.043 0.367484
0.043 0.044 0.395698
0.044 0.045 0.422522
0.045 0.046 0.446269
0.046 0.047 0.466150
0.047 0.048 0.486350
0.048 0.049 0.504122
0.049 0.050 0.514906
0.050 0.051 0.524886
0.051 0.052 0.536231
0.052 0.053 0.543265
0.053 0.054 0.550012
0.054 0.055 0.553074
0.055 0.056 0.556023
0.056 0.057 0.559243
0.057 0.058 0.709867
0.058 0.059 1.000000
0.059 0.060 0.844298
0.060 0.061 0.550905
0.061 0.062 0.543969
0.062 0.063 0.520645
0.063 0.064 0.507625
0.064 0.065 0.493779
0.065 0.066 0.485913
0.066 0.067 0.604837
0.067 0.068 0.597030
0.068 0.069 0.480501
0.069 0.070 0.436496
0.070 0.071 0.370379
0.071 0.072 0.358755
0.072 0.073 0.343649
0.073 0.074 0.336562
0.074 0.075 0.327523
0.075 0.076 0.311952
0.076 0.077 0.298593
0.077 0.078 0.287611
0.078 0.079 0.281258
0.079 0.080 0.273059
0.080 0.081 0.261195
0.081 0.082 0.247403
0.082 0.083 0.234601
0.083 0.084 0.221430
0.084 0.085 0.209622
0.085 0.086 0.199057
0.086 0.087 0.184948
0.087 0.088 0.177039
0.088 0.089 0.168784
0.089 0.090 0.157872
0.090 0.091 0.145394
0.091 0.092 0.132805
0.092 0.093 0.123159
0.093 0.094 0.115299
0.094 0.095 0.103630
0.095 0.096 0.096334
0.096 0.097 0.087119
0.097 0.098 0.076800
0.098 0.099 0.065166
0.099 0.100 0.057173
0.100 0.101 0.053193
0.101 0.102 0.044546
0.102 0.103 0.037461
0.103 0.104 0.031592
0.104 0.105 0.027144
0.105 0.106 0.021749
0.106 0.107 0.014769
0.107 0.108 0.010969
0.108 0.109 0.007442
0.109 0.110 0.002764
0.110 0.111 0.001602
0.111 0.112 0.000000
0.112 0.113 0.000000
0.113 0.114 0.000000
0.114 0.115 0.000000
0.115 0.116 0.000000
0.116 0.117 0.000000
0.117 0.118 0.000000
0.118 0.119 0.000000
0.119 0.120 0.000000
0.120 0.121 0.000000
0.121 0.122 0.000000
0.122 0.123 0.000000
0.123 0.124 0.000000
0.124 0.125 0.000000
0.125 0.126 0.000000
0.126 0.127 0.000000
0.127 0.128 0.000000
0.128 0.129 0.000000
0.129 0.130 0.000000
0.130 0.131 0.000000
0.131 0.132 0.000000
0.132 0.133 0.000000
0.133 0.134 0.000000
0.134 0.135 0.000000
0.135 0.136 0.000000
0.136 0.137 0.000000
0.137 0.138 0.000000
0.138 0.139 0.000000
0.139 0.140 0.000000
0.140 0.141 0.000000
0.141 0.142 0.000000
0.142 0.143 0.000000
0.143 0.144 0.000000
0.144 0.145 0.000000
0.145 0.146 0.000000
0.146 0.147 0.000000
0.147 0.148 0.000000
0.148 0.149 0.000000
0.149 0.150 0.000000
