1
0.000 0.001 0.000000
0.001 0.002 0.000000
0.002 0.003 0.000000
0.003 0.004 0.000000
0.004 0.005 0.000000
0.005 0.006 0.000000
0.006 0.007 0.000000
0.007 0.008 0.000000
0.008 0.009 0.000000
0.009 0.010 0.000000
0.010 0.011 0.000000
0.011 0.012 0.000000
0.012 0.013 0.000000
0.013 0.014 0.000000
0.014 0.015 0.000000
0.015 0.016 0.000000
0.016 0.017 0.000000
0.017 0.018 0.000001
0.018 0.019 0.000007
0.019 0.020 0.000045
0.020 0.021 0.000209
0.021 0.022 0.000745
0.022 0.023 0.002149
0.023 0.024 0.005236
0.024 0.025 0.011127
0.025 0.026 0.021100
0.026 0.027 0.036282
0.027 0.028 0.057812
0.028 0.029 0.086591
0.029 0.030 0.122347
0.030 0.031 0.164468
0.031 0.032 0.211952
0.032 0.033 0.264623
0.033 0.034 0.320211
0.034 0.035 0.376868
0.035 0.036 0.434081
0.036 0.037 0.489114
0.037 0.038 0.541280
0.038 0.039 0.593816
0.039 0.040 0.643225
0.040 0.041 0.685177
0.041 0.042 0.723236
0.042 0.043 0.756518
0.043 0.044 0.784276
0.044 0.045 0.808345
0.045 0.046 0.819366
0.046 0.047 0.834227
0.047 0.048 0.844373
0.048 0.049 0.847449
0.049 0.050 0.846916
0.050 0.051 0.844931
0.051 0.052 0.839805
0.052 0.053 0.825486
0.053 0.054 0.811421
0.054 0.055 0.794874
0.055 0.056 0.775721
0.056 0.057 0.751313
0.057 0.058 0.830291
0.058 0.059 1.000000
0.059 0.060 0.882858
0.060 0.061 0.675701
0.061 0.062 0.644584
0.062 0.063 0.609643
0.063 0.064 0.584266
0.064 0.065 0.558170
0.065 0.066 0.529196
0.066 0.067 0.581212
0.067 0.068 0.558178
0.068 0.069 0.461752
0.069 0.070 0.407408
0.070 0.071 0.355479
0.071 0.072 0.336259
0.072 0.073 0.310654
0.073 0.074 0.287001
0.074 0.075 0.262856
0.075 0.076 0.235968
0.076 0.077 0.217805
0.077 0.078 0.197744
0.078 0.079 0.177918
0.079 0.080 0.159773
0.080 0.081 0.137547
0.081 0.082 0.119031
0.082 0.083 0.103519
0.083 0.084 0.090283
0.084 0.085 0.074984
0.085 0.086 0.056714
0.086 0.087 0.044371
0.087 0.088 0.032281
0.088 0.089 0.017608
0.089 0.090 0.010807
0.090 0.091 0.003318
0.091 0.092 0.000000
0.092 0.093 0.000000
0.093 0.094 0.000000
0.094 0.095 0.000000
0.095 0.096 0.000000
0.096 0.097 0.000000
0.097 0.098 0.000000
0.098 0.099 0.000000
0.099 0.100 0.000000
0.100 0.101 0.000000
0.101 0.102 0.000000
0.102 0.103 0.000000
0.103 0.104 0.000000
0.104 0.105 0.000000
0.105 0.106 0.000000
0.106 0.107 0.000000
0.107 0.108 0.000000
0.108 0.109 0.000000
0.109 0.110 0.000000
0.110 0.111 0.000000
0.111 0.112 0.000000
0.112 0.113 0.000000
0.113 0.114 0.000000
0.114 0.115 0.000000
0.115 0.116 0.000000
0.116 0.117 0.000000
0.117 0.118 0.000000
0.118 0.119 0.000000
0.119 0.120 0.000000
0.120 0.121 0.000000
0.121 0.122 0.000000
0.122 0.123 0.000000
0.123 0.124 0.000000
0.124 0.125 0.000000
0.125 0.126 0.000000
0.126 0.127 0.000000
0.127 0.128 0.000000
0.128 0.129 0.000000
0.129 0.130 0.000000
0.130 0.131 0.000000
0.131 0.132 0.000000
0.132 0.133 0.000000
0.133 0.134 0.000000
0.134 0.135 0.000000
0.135 0.136 0.000000
0.136 0.137 0.000000
0.137 0.138 0.000000
0.138 0.139 0.000000
0.139 0.140 0.000000
0.140 0.141 0.000000
0.141 0.142 0.000000
0.142 0.143 0.000000
0.143 0.144 0.000000
0.144 0.145 0.000000
0.145 0.146 0.000000
0.146 0.147 0.000000
0.147 0.148 0.000000
0.148 0.149 0.000000
0.149 0.150 0.000000
