1
0.000 0.001 0.000000
0.001 0.002 0.000000
0.002 0.003 0.000000
0.003 0.004 0.000000
0.004 0.005 0.000000
0.005 0.006 0.000000
0.006 0.007 0.000000
0.007 0.008 0.000000
0.008 0.009 0.000000
0.009 0.010 0.000000
0.010 0.011 0.000000
0.011 0.012 0.000000
0.012 0.013 0.000000
0.013 0.014 0.000000
0.014 0.015 0.000000
0.015 0.016 0.000000
0.016 0.017 0.000001
0.017 0.018 0.000005
0.018 0.019 0.000028
0.019 0.020 0.000117
0.020 0.021 0.000390
0.021 0.022 0.001067
0.022 0.023 0.002492
0.023 0.024 0.005122
0.024 0.025 0.009491
0.025 0.026 0.016076
0.026 0.027 0.025268
0.027 0.028 0.037381
0.028 0.029 0.052542
0.029 0.030 0.070442
0.030 0.031 0.090904
0.031 0.032 0.113340
0.032 0.033 0.137651
0.033 0.034 0.163301
0.034 0.035 0.189246
0.035 0.036 0.215114
0.036 0.037 0.240948
0.037 0.038 0.266328
0.038 0.039 0.289640
0.039 0.040 0.311552
0.040 0.041 0.331975
0.041 0.042 0.350688
0.042 0.043 0.368666
0.043 0.044 0.384049
0.044 0.045 0.398722
0.045 0.046 0.409731
0.046 0.047 0.419464
0.047 0.048 0.429542
0.048 0.049 0.436428
0.049 0.050 0.440424
0.050 0.051 0.444132
0.051 0.052 0.447668
0.052 0.053 0.448058
0.053 0.054 0.447101
0.054 0.055 0.445848
0.055 0.056 0.444382
0.056 0.057 0.441993
0.057 0.058 0.633535
0.058 0.059 1.000000
0.059 0.060 0.802412
0.060 0.061 0.440398
0.061 0.062 0.435477
0.062 0.063 0.410044
0.063 0.064 0.403512
0.064 0.065 0.396058
0.065 0.066 0.387925
0.066 0.067 0.530666
0.067 0.068 0.524124
0.068 0.069 0.396355
0.069 0.070 0.355129
0.070 0.071 0.283227
0.071 0.072 0.276631
0.072 0.073 0.270013
0.073 0.074 0.264845
0.074 0.075 0.260368
0.075 0.076 0.255083
0.076 0.077 0.248017
0.077 0.078 0.242433
0.078 0.079 0.237719
0.079 0.080 0.232872
0.080 0.081 0.227511
0.081 0.082 0.220468
0.082 0.083 0.213228
0.083 0.084 0.206380
0.084 0.085 0.200378
0.085 0.086 0.194066
0.086 0.087 0.189302
0.087 0.088 0.185447
0.088 0.089 0.179980
0.089 0.090 0.173682
0.090 0.091 0.167985
0.091 0.092 0.160618
0.092 0.093 0.154819
0.093 0.094 0.151101
0.094 0.095 0.145475
0.095 0.096 0.140323
0.096 0.097 0.135181
0.097 0.098 0.128595
0.098 0.099 0.121956
0.099 0.100 0.118046
0.100 0.101 0.114338
0.101 0.102 0.109937
0.102 0.103 0.105268
0.103 0.104 0.101493
0.104 0.105 0.097151
0.105 0.106 0.092036
0.106 0.107 0.087652
0.107 0.108 0.082530
0.108 0.109 0.078440
0.109 0.110 0.074710
0.110 0.111 0.070091
0.111 0.112 0.066849
0.112 0.113 0.062440
0.113 0.114 0.058304
0.114 0.115 0.055214
0.115 0.116 0.051997
0.116 0.117 0.048221
0.117 0.118 0.045028
0.118 0.119 0.041049
0.119 0.120 0.037761
0.120 0.121 0.035114
0.121 0.122 0.032856
0.122 0.123 0.030642
0.123 0.124 0.028312
0.124 0.125 0.025417
0.125 0.126 0.022499
0.126 0.127 0.020174
0.127 0.128 0.017340
0.128 0.129 0.014506
0.129 0.130 0.012740
0.130 0.131 0.010761
0.131 0.132 0.009617
0.132 0.133 0.008002
0.133 0.134 0.006083
0.134 0.135 0.003977
0.135 0.136 0.002978
0.136 0.137 0.002025
0.137 0.138 0.000716
0.138 0.139 0.000365
0.139 0.140 0.000000
0.140 0.141 0.000000
0.141 0.142 0.000000
0.142 0.143 0.000000
0.143 0.144 0.000000
0.144 0.145 0.000000
0.145 0.146 0.000000
0.146 0.147 0.000000
0.147 0.148 0.000000
0.148 0.149 0.000000
0.149 0.150 0.000000
