1
0.000 0.001 0.000000
0.001 0.002 0.000000
0.002 0.003 0.000000
0.003 0.004 0.000000
0.004 0.005 0.000000
0.005 0.006 0.000000
0.006 0.007 0.000000
0.007 0.008 0.000000
0.008 0.009 0.000000
0.009 0.010 0.000000
0.010 0.011 0.000000
0.011 0.012 0.000000
0.012 0.013 0.000000
0.013 0.014 0.000000
0.014 0.015 0.000000
0.015 0.016 0.000004
0.016 0.017 0.000040
0.017 0.018 0.000242
0.018 0.019 0.001019
0.019 0.020 0.003266
0.020 0.021 0.008482
0.021 0.022 0.018601
0.022 0.023 0.035626
0.023 0.024 0.061280
0.024 0.025 0.096615
0.025 0.026 0.141750
0.026 0.027 0.195838
0.027 0.028 0.257558
0.028 0.029 0.325279
0.029 0.030 0.397120
0.030 0.031 0.469656
0.031 0.032 0.539943
0.032 0.033 0.609746
0.033 0.034 0.675613
0.034 0.035 0.735168
0.035 0.036 0.788974
0.036 0.037 0.834712
0.037 0.038 0.876065
0.038 0.039 0.912283
0.039 0.040 0.942227
0.040 0.041 0.964274
0.041 0.042 0.981597
0.042 0.043 0.991829
0.043 0.044 0.997468
0.044 0.045 1.000000
0.045 0.046 0.991619
0.046 0.047 0.984098
0.047 0.048 0.970907
0.048 0.049 0.950638
0.049 0.050 0.930393
0.050 0.051 0.910886
0.051 0.052 0.890159
0.052 0.053 0.861946
0.053 0.054 0.836522
0.054 0.055 0.810954
0.055 0.056 0.777997
0.056 0.057 0.740508
0.057 0.058 0.809452
0.058 0.059 0.964253
0.059 0.060 0.843437
0.060 0.061 0.641081
0.061 0.062 0.609499
0.062 0.063 0.567920
0.063 0.064 0.533496
0.064 0.065 0.505793
0.065 0.066 0.476338
0.066 0.067 0.520081
0.067 0.068 0.496520
0.068 0.069 0.406635
0.069 0.070 0.362156
0.070 0.071 0.314127
0.071 0.072 0.295320
0.072 0.073 0.271171
0.073 0.074 0.248952
0.074 0.075 0.224544
0.075 0.076 0.206328
0.076 0.077 0.189001
0.077 0.078 0.170074
0.078 0.079 0.151535
0.079 0.080 0.133193
0.080 0.081 0.118423
0.081 0.082 0.100863
0.082 0.083 0.086051
0.083 0.084 0.071410
0.084 0.085 0.060352
0.085 0.086 0.049060
0.086 0.087 0.034884
0.087 0.088 0.026196
0.088 0.089 0.016984
0.089 0.090 0.007671
0.090 0.091 0.002350
0.091 0.092 0.000000
0.092 0.093 0.000000
0.093 0.094 0.000000
0.094 0.095 0.000000
0.095 0.096 0.000000
0.096 0.097 0.000000
0.097 0.098 0.000000
0.098 0.099 0.000000
0.099 0.100 0.000000
0.100 0.101 0.000000
0.101 0.102 0.000000
0.102 0.103 0.000000
0.103 0.104 0.000000
0.104 0.105 0.000000
0.105 0.106 0.000000
0.106 0.107 0.000000
0.107 0.108 0.000000
0.108 0.109 0.000000
0.109 0.110 0.000000
0.110 0.111 0.000000
0.111 0.112 0.000000
0.112 0.113 0.000000
0.113 0.114 0.000000
0.114 0.115 0.000000
0.115 0.116 0.000000
0.116 0.117 0.000000
0.117 0.118 0.000000
0.118 0.119 0.000000
0.119 0.120 0.000000
0.120 0.121 0.000000
0.121 0.122 0.000000
0.122 0.123 0.000000
0.123 0.124 0.000000
0.124 0.125 0.000000
0.125 0.126 0.000000
0.126 0.127 0.000000
0.127 0.128 0.000000
0.128 0.129 0.000000
0.129 0.130 0.000000
0.130 0.131 0.000000
0.131 0.132 0.000000
0.132 0.133 0.000000
0.133 0.134 0.000000
0.134 0.135 0.000000
0.135 0.136 0.000000
0.136 0.137 0.000000
0.137 0.138 0.000000
0.138 0.139 0.000000
0.139 0.140 0.000000
0.140 0.141 0.000000
0.141 0.142 0.000000
0.142 0.143 0.000000
0.143 0.144 0.000000
0.144 0.145 0.000000
0.145 0.146 0.000000
0.146 0.147 0.000000
0.147 0.148 0.000000
0.148 0.149 0.000000
0.149 0.150 0.000000
