1
0.000 0.001 0.000000
0.001 0.002 0.000000
0.002 0.003 0.000000
0.003 0.004 0.000000
0.004 0.005 0.000000
0.005 0.006 0.000000
0.006 0.007 0.000000
0.007 0.008 0.000000
0.008 0.009 0.000000
0.009 0.010 0.000000
0.010 0.011 0.000000
0.011 0.012 0.000000
0.012 0.013 0.000000
0.013 0.014 0.000000
0.014 0.015 0.000000
0.015 0.016 0.000000
0.016 0.017 0.000000
0.017 0.018 0.000000
0.018 0.019 0.000003
0.019 0.020 0.000016
0.020 0.021 0.000072
0.021 0.022 0.000255
0.022 0.023 0.000736
0.023 0.024 0.001804
0.024 0.025 0.003877
0.025 0.026 0.007437
0.026 0.027 0.012981
0.027 0.028 0.021110
0.028 0.029 0.032208
0.029 0.030 0.046244
0.030 0.031 0.063334
0.031 0.032 0.083373
0.032 0.033 0.106183
0.033 0.034 0.131151
0.034 0.035 0.157826
0.035 0.036 0.185922
0.036 0.037 0.214759
0.037 0.038 0.242700
0.038 0.039 0.269566
0.039 0.040 0.296667
0.040 0.041 0.322662
0.041 0.042 0.346714
0.042 0.043 0.370396
0.043 0.044 0.391374
0.044 0.045 0.411258
0.045 0.046 0.429166
0.046 0.047 0.442592
0.047 0.048 0.456935
0.048 0.049 0.470797
0.049 0.050 0.478669
0.050 0.051 0.484893
0.051 0.052 0.493075
0.052 0.053 0.500354
0.053 0.054 0.503200
0.054 0.055 0.503691
0.055 0.056 0.506273
0.056 0.057 0.508926
0.057 0.058 0.677380
0.058 0.059 1.000000
0.059 0.060 0.825577
0.060 0.061 0.503648
0.061 0.062 0.498579
0.062 0.063 0.476298
0.063 0.064 0.466906
0.064 0.065 0.457705
0.065 0.066 0.451671
0.066 0.067 0.579731
0.067 0.068 0.572824
0.068 0.069 0.454181
0.069 0.070 0.411674
0.070 0.071 0.344331
0.071 0.072 0.335605
0.072 0.073 0.324732
0.073 0.074 0.320644
0.074 0.075 0.314761
0.075 0.076 0.304848
0.076 0.077 0.292492
0.077 0.078 0.282671
0.078 0.079 0.277832
0.079 0.080 0.270761
0.080 0.081 0.259960
0.081 0.082 0.247996
0.082 0.083 0.236988
0.083 0.084 0.225691
0.084 0.085 0.215875
0.085 0.086 0.207398
0.086 0.087 0.196561
0.087 0.088 0.188161
0.088 0.089 0.179127
0.089 0.090 0.168157
0.090 0.091 0.156125
0.091 0.092 0.143216
0.092 0.093 0.133098
0.093 0.094 0.127241
0.094 0.095 0.118397
0.095 0.096 0.109971
0.096 0.097 0.099266
0.097 0.098 0.089097
0.098 0.099 0.078096
0.099 0.100 0.070311
0.100 0.101 0.065562
0.101 0.102 0.059613
0.102 0.103 0.051248
0.103 0.104 0.043919
0.104 0.105 0.039747
0.105 0.106 0.034552
0.106 0.107 0.028453
0.107 0.108 0.023226
0.108 0.109 0.018500
0.109 0.110 0.013029
0.110 0.111 0.009363
0.111 0.112 0.005702
0.112 0.113 0.002685
0.113 0.114 0.000746
0.114 0.115 0.000000
0.115 0.116 0.000000
0.116 0.117 0.000000
0.117 0.118 0.000000
0.118 0.119 0.000000
0.119 0.120 0.000000
0.120 0.121 0.000000
0.121 0.122 0.000000
0.122 0.123 0.000000
0.123 0.124 0.000000
0.124 0.125 0.000000
0.125 0.126 0.000000
0.126 0.127 0.000000
0.127 0.128 0.000000
0.128 0.129 0.000000
0.129 0.130 0.000000
0.130 0.131 0.000000
0.131 0.132 0.000000
0.132 0.133 0.000000
0.133 0.134 0.000000
0.134 0.135 0.000000
0.135 0.136 0.000000
0.136 0.137 0.000000
0.137 0.138 0.000000
0.138 0.139 0.000000
0.139 0.140 0.000000
0.140 0.141 0.000000
0.141 0.142 0.000000
0.142 0.143 0.000000
0.143 0.144 0.000000
0.144 0.145 0.000000
0.145 0.146 0.000000
0.146 0.147 0.000000
0.147 0.148 0.000000
0.148 0.149 0.000000
0.149 0.150 0.000000
