1
0.000 0.001 0.000000
0.001 0.002 0.000000
0.002 0.003 0.000000
0.003 0.004 0.000000
0.004 0.005 0.000000
0.005 0.006 0.000000
0.006 0.007 0.000000
0.007 0.008 0.000000
0.008 0.009 0.000000
0.009 0.010 0.000000
0.010 0.011 0.000000
0.011 0.012 0.000000
0.012 0.013 0.000000
0.013 0.014 0.000000
0.014 0.015 0.000000
0.015 0.016 0.000000
0.016 0.017 0.000000
0.017 0.018 0.000000
0.018 0.019 0.000000
0.019 0.020 0.000000
0.020 0.021 0.000002
0.021 0.022 0.000012
0.022 0.023 0.000051
0.023 0.024 0.000171
0.024 0.025 0.000482
0.025 0.026 0.001169
0.026 0.027 0.002495
0.027 0.028 0.004814
0.028 0.029 0.008526
0.029 0.030 0.013920
0.030 0.031 0.021374
0.031 0.032 0.031105
0.032 0.033 0.043216
0.033 0.034 0.057712
0.034 0.035 0.074395
0.035 0.036 0.092786
0.036 0.037 0.113275
0.037 0.038 0.135420
0.038 0.039 0.158251
0.039 0.040 0.181595
0.040 0.041 0.205043
0.041 0.042 0.228340
0.042 0.043 0.251754
0.043 0.044 0.273883
0.044 0.045 0.295426
0.045 0.046 0.314350
0.046 0.047 0.331913
0.047 0.048 0.350715
0.048 0.049 0.366818
0.049 0.050 0.378599
0.050 0.051 0.390509
0.051 0.052 0.402762
0.052 0.053 0.411407
0.053 0.054 0.417179
0.054 0.055 0.424459
0.055 0.056 0.431570
0.056 0.057 0.437775
0.057 0.058 0.630379
0.058 0.059 1.000000
0.059 0.060 0.814955
0.060 0.061 0.458492
0.061 0.062 0.458287
0.062 0.063 0.436491
0.063 0.064 0.433315
0.064 0.065 0.428826
0.065 0.066 0.423814
0.066 0.067 0.580496
0.067 0.068 0.577676
0.068 0.069 0.441878
0.069 0.070 0.398809
0.070 0.071 0.320343
0.071 0.072 0.317023
0.072 0.073 0.311267
0.073 0.074 0.307192
0.074 0.075 0.303542
0.075 0.076 0.298852
0.076 0.077 0.291835
0.077 0.078 0.286466
0.078 0.079 0.282292
0.079 0.080 0.277605
0.080 0.081 0.271924
0.081 0.082 0.264170
0.082 0.083 0.256379
0.083 0.084 0.248991
0.084 0.085 0.242492
0.085 0.086 0.236280
0.086 0.087 0.228597
0.087 0.088 0.224913
0.088 0.089 0.219213
0.089 0.090 0.211922
0.090 0.091 0.205341
0.091 0.092 0.196461
0.092 0.093 0.189907
0.093 0.094 0.186224
0.094 0.095 0.179768
0.095 0.096 0.173712
0.096 0.097 0.167505
0.097 0.098 0.159354
0.098 0.099 0.151735
0.099 0.100 0.145851
0.100 0.101 0.140458
0.101 0.102 0.133320
0.102 0.103 0.127678
0.103 0.104 0.123289
0.104 0.105 0.118333
0.105 0.106 0.112264
0.106 0.107 0.107083
0.107 0.108 0.100838
0.108 0.109 0.095819
0.109 0.110 0.091028
0.110 0.111 0.085826
0.111 0.112 0.081025
0.112 0.113 0.074542
0.113 0.114 0.067827
0.114 0.115 0.064195
0.115 0.116 0.060354
0.116 0.117 0.055948
0.117 0.118 0.051968
0.118 0.119 0.046664
0.119 0.120 0.042985
0.120 0.121 0.040892
0.121 0.122 0.037291
0.122 0.123 0.033664
0.123 0.124 0.029206
0.124 0.125 0.025933
0.125 0.126 0.022625
0.126 0.127 0.020093
0.127 0.128 0.016963
0.128 0.129 0.014196
0.129 0.130 0.011475
0.130 0.131 0.007916
0.131 0.132 0.006778
0.132 0.133 0.005228
0.133 0.134 0.003443
0.134 0.135 0.001273
0.135 0.136 0.000750
0.136 0.137 0.000000
0.137 0.138 0.000000
0.138 0.139 0.000000
0.139 0.140 0.000000
0.140 0.141 0.000000
0.141 0.142 0.000000
0.142 0.143 0.000000
0.143 0.144 0.000000
0.144 0.145 0.000000
0.145 0.146 0.000000
0.146 0.147 0.000000
0.147 0.148 0.000000
0.148 0.149 0.000000
0.149 0.150 0.000000
