1
0.000 0.001 0.000000
0.001 0.002 0.000000
0.002 0.003 0.000000
0.003 0.004 0.000000
0.004 0.005 0.000000
0.005 0.006 0.000000
0.006 0.007 0.000000
0.007 0.008 0.000000
0.008 0.009 0.000000
0.009 0.010 0.000000
0.010 0.011 0.000000
0.011 0.012 0.000000
0.012 0.013 0.000000
0.013 0.014 0.000008
0.014 0.015 0.000071
0.015 0.016 0.000394
0.016 0.017 0.001542
0.017 0.018 0.004594
0.018 0.019 0.011107
0.019 0.020 0.022931
0.020 0.021 0.041676
0.021 0.022 0.068424
0.022 0.023 0.103405
0.023 0.024 0.146024
0.024 0.025 0.195292
0.025 0.026 0.249109
0.026 0.027 0.305396
0.027 0.028 0.363722
0.028 0.029 0.421864
0.029 0.030 0.476778
0.030 0.031 0.528642
0.031 0.032 0.577032
0.032 0.033 0.620396
0.033 0.034 0.657142
0.034 0.035 0.690093
0.035 0.036 0.719386
0.036 0.037 0.741576
0.037 0.038 0.758651
0.038 0.039 0.770510
0.039 0.040 0.780845
0.040 0.041 0.786301
0.041 0.042 0.787464
0.042 0.043 0.787660
0.043 0.044 0.783201
0.044 0.045 0.776754
0.045 0.046 0.767454
0.046 0.047 0.753655
0.047 0.048 0.739942
0.048 0.049 0.730059
0.049 0.050 0.714309
0.050 0.051 0.698179
0.051 0.052 0.685203
0.052 0.053 0.671911
0.053 0.054 0.654995
0.054 0.055 0.635319
0.055 0.056 0.617629
0.056 0.057 0.602044
0.057 0.058 0.736471
0.058 0.059 1.000000
0.059 0.060 0.828178
0.060 0.061 0.535425
0.061 0.062 0.518733
0.062 0.063 0.488288
0.063 0.064 0.468511
0.064 0.065 0.450078
0.065 0.066 0.434183
0.066 0.067 0.525827
0.067 0.068 0.509721
0.068 0.069 0.404767
0.069 0.070 0.360527
0.070 0.071 0.303133
0.071 0.072 0.290794
0.072 0.073 0.275885
0.073 0.074 0.267866
0.074 0.075 0.258641
0.075 0.076 0.245688
0.076 0.077 0.231324
0.077 0.078 0.218907
0.078 0.079 0.210312
0.079 0.080 0.199847
0.080 0.081 0.189747
0.081 0.082 0.178521
0.082 0.083 0.168041
0.083 0.084 0.157365
0.084 0.085 0.147989
0.085 0.086 0.139694
0.086 0.087 0.130108
0.087 0.088 0.120952
0.088 0.089 0.114613
0.089 0.090 0.106538
0.090 0.091 0.097226
0.091 0.092 0.088309
0.092 0.093 0.081364
0.093 0.094 0.075517
0.094 0.095 0.068213
0.095 0.096 0.060428
0.096 0.097 0.053961
0.097 0.098 0.046885
0.098 0.099 0.038903
0.099 0.100 0.033460
0.100 0.101 0.030753
0.101 0.102 0.024910
0.102 0.103 0.020265
0.103 0.104 0.016330
0.104 0.105 0.013244
0.105 0.106 0.008823
0.106 0.107 0.006587
0.107 0.108 0.004152
0.108 0.109 0.001113
0.109 0.110 0.000000
0.110 0.111 0.000000
0.111 0.112 0.000000
0.112 0.113 0.000000
0.113 0.114 0.000000
0.114 0.115 0.000000
0.115 0.116 0.000000
0.116 0.117 0.000000
0.117 0.118 0.000000
0.118 0.119 0.000000
0.119 0.120 0.000000
0.120 0.121 0.000000
0.121 0.122 0.000000
0.122 0.123 0.000000
0.123 0.124 0.000000
0.124 0.125 0.000000
0.125 0.126 0.000000
0.126 0.127 0.000000
0.127 0.128 0.000000
0.128 0.129 0.000000
0.129 0.130 0.000000
0.130 0.131 0.000000
0.131 0.132 0.000000
0.132 0.133 0.000000
0.133 0.134 0.000000
0.134 0.135 0.000000
0.135 0.136 0.000000
0.136 0.137 0.000000
0.137 0.138 0.000000
0.138 0.139 0.000000
0.139 0.140 0.000000
0.140 0.141 0.000000
0.141 0.142 0.000000
0.142 0.143 0.000000
0.143 0.144 0.000000
0.144 0.145 0.000000
0.145 0.146 0.000000
0.146 0.147 0.000000
0.147 0.148 0.000000
0.148 0.149 0.000000
0.149 0.150 0.000000
