1
0.000 0.001 0.000000
0.001 0.002 0.000000
0.002 0.003 0.000000
0.003 0.004 0.000000
0.004 0.005 0.000000
0.005 0.006 0.000000
0.006 0.007 0.000000
0.007 0.008 0.000000
0.008 0.009 0.000000
0.009 0.010 0.000000
0.010 0.011 0.000000
0.011 0.012 0.000000
0.012 0.013 0.000000
0.013 0.014 0.000000
0.014 0.015 0.000000
0.015 0.016 0.000000
0.016 0.017 0.000000
0.017 0.018 0.000005
0.018 0.019 0.000035
0.019 0.020 0.000178
0.020 0.021 0.000679
0.021 0.022 0.002052
0.022 0.023 0.005147
0.023 0.024 0.011140
0.024 0.025 0.021399
0.025 0.026 0.037140
0.026 0.027 0.059318
0.027 0.028 0.088672
0.028 0.029 0.125293
0.029 0.030 0.168410
0.030 0.031 0.217028
0.031 0.032 0.269300
0.032 0.033 0.325556
0.033 0.034 0.383290
0.034 0.035 0.440360
0.035 0.036 0.496334
0.036 0.037 0.548337
0.037 0.038 0.598545
0.038 0.039 0.646345
0.039 0.040 0.690068
0.040 0.041 0.727342
0.041 0.042 0.760940
0.042 0.043 0.789092
0.043 0.044 0.813342
0.044 0.045 0.832688
0.045 0.046 0.841774
0.046 0.047 0.851316
0.047 0.048 0.856301
0.048 0.049 0.853575
0.049 0.050 0.846685
0.050 0.051 0.840506
0.051 0.052 0.833656
0.052 0.053 0.816664
0.053 0.054 0.801398
0.054 0.055 0.785015
0.055 0.056 0.763454
0.056 0.057 0.739440
0.057 0.058 0.823066
0.058 0.059 1.000000
0.059 0.060 0.875635
0.060 0.061 0.658684
0.061 0.062 0.633000
0.062 0.063 0.594267
0.063 0.064 0.565898
0.064 0.065 0.538295
0.065 0.066 0.507436
0.066 0.067 0.566835
0.067 0.068 0.546678
0.068 0.069 0.451031
0.069 0.070 0.401974
0.070 0.071 0.344926
0.071 0.072 0.328344
0.072 0.073 0.306153
0.073 0.074 0.285793
0.074 0.075 0.264986
0.075 0.076 0.243661
0.076 0.077 0.221108
0.077 0.078 0.203434
0.078 0.079 0.186688
0.079 0.080 0.170856
0.080 0.081 0.152980
0.081 0.082 0.130248
0.082 0.083 0.115488
0.083 0.084 0.102617
0.084 0.085 0.088338
0.085 0.086 0.072102
0.086 0.087 0.059684
0.087 0.088 0.047562
0.088 0.089 0.032718
0.089 0.090 0.024488
0.090 0.091 0.018377
0.091 0.092 0.008826
0.092 0.093 0.002422
0.093 0.094 0.000000
0.094 0.095 0.000000
0.095 0.096 0.000000
0.096 0.097 0.000000
0.097 0.098 0.000000
0.098 0.099 0.000000
0.099 0.100 0.000000
0.100 0.101 0.000000
0.101 0.102 0.000000
0.102 0.103 0.000000
0.103 0.104 0.000000
0.104 0.105 0.000000
0.105 0.106 0.000000
0.106 0.107 0.000000
0.107 0.108 0.000000
0.108 0.109 0.000000
0.109 0.110 0.000000
0.110 0.111 0.000000
0.111 0.112 0.000000
0.112 0.113 0.000000
0.113 0.114 0.000000
0.114 0.115 0.000000
0.115 0.116 0.000000
0.116 0.117 0.000000
0.117 0.118 0.000000
0.118 0.119 0.000000
0.119 0.120 0.000000
0.120 0.121 0.000000
0.121 0.122 0.000000
0.122 0.123 0.000000
0.123 0.124 0.000000
0.124 0.125 0.000000
0.125 0.126 0.000000
0.126 0.127 0.000000
0.127 0.128 0.000000
0.128 0.129 0.000000
0.129 0.130 0.000000
0.130 0.131 0.000000
0.131 0.132 0.000000
0.132 0.133 0.000000
0.133 0.134 0.000000
0.134 0.135 0.000000
0.135 0.136 0.000000
0.136 0.137 0.000000
0.137 0.138 0.000000
0.138 0.139 0.000000
0.139 0.140 0.000000
0.140 0.141 0.000000
0.141 0.142 0.000000
0.142 0.143 0.000000
0.143 0.144 0.000000
0.144 0.145 0.000000
0.145 0.146 0.000000
0.146 0.147 0.000000
0.147 0.148 0.000000
0.148 0.149 0.000000
0.149 0.150 0.000000
