1
0.000 0.001 0.000000
0.001 0.002 0.000000
0.002 0.003 0.000000
0.003 0.004 0.000000
0.004 0.005 0.000000
0.005 0.006 0.000000
0.006 0.007 0.000000
0.007 0.008 0.000000
0.008 0.009 0.000000
0.009 0.010 0.000000
0.010 0.011 0.000000
0.011 0.012 0.000000
0.012 0.013 0.000000
0.013 0.014 0.000000
0.014 0.015 0.000000
0.015 0.016 0.000000
0.016 0.017 0.000000
0.017 0.018 0.000000
0.018 0.019 0.000000
0.019 0.020 0.000000
0.020 0.021 0.000000
0.021 0.022 0.000002
0.022 0.023 0.000011
0.023 0.024 0.000042
0.024 0.025 0.000137
0.025 0.026 0.000375
0.026 0.027 0.000893
0.027 0.028 0.001903
0.028 0.029 0.003682
0.029 0.030 0.006499
0.030 0.031 0.010729
0.031 0.032 0.016644
0.032 0.033 0.024448
0.033 0.034 0.034420
0.034 0.035 0.046621
0.035 0.036 0.060745
0.036 0.037 0.077099
0.037 0.038 0.095491
0.038 0.039 0.114601
0.039 0.040 0.135038
0.040 0.041 0.156830
0.041 0.042 0.178578
0.042 0.043 0.201203
0.043 0.044 0.223680
0.044 0.045 0.246247
0.045 0.046 0.267747
0.046 0.047 0.287077
0.047 0.048 0.307850
0.048 0.049 0.328144
0.049 0.050 0.344742
0.050 0.051 0.359319
0.051 0.052 0.374980
0.052 0.053 0.390391
0.053 0.054 0.402055
0.054 0.055 0.412198
0.055 0.056 0.424114
0.056 0.057 0.434865
0.057 0.058 0.628271
0.058 0.059 1.000000
0.059 0.060 0.820870
0.060 0.061 0.467182
0.061 0.062 0.470435
0.062 0.063 0.453404
0.063 0.064 0.452526
0.064 0.065 0.449512
0.065 0.066 0.449110
0.066 0.067 0.613217
0.067 0.068 0.613889
0.068 0.069 0.478489
0.069 0.070 0.435441
0.070 0.071 0.356735
0.071 0.072 0.352641
0.072 0.073 0.347179
0.073 0.074 0.345935
0.074 0.075 0.343071
0.075 0.076 0.338825
0.076 0.077 0.330999
0.077 0.078 0.324756
0.078 0.079 0.323096
0.079 0.080 0.318949
0.080 0.081 0.310933
0.081 0.082 0.301973
0.082 0.083 0.294540
0.083 0.084 0.287554
0.084 0.085 0.281245
0.085 0.086 0.275856
0.086 0.087 0.267095
0.087 0.088 0.262633
0.088 0.089 0.257021
0.089 0.090 0.247116
0.090 0.091 0.237802
0.091 0.092 0.224156
0.092 0.093 0.215982
0.093 0.094 0.213100
0.094 0.095 0.204513
0.095 0.096 0.196019
0.096 0.097 0.186696
0.097 0.098 0.174743
0.098 0.099 0.163594
0.099 0.100 0.154721
0.100 0.101 0.148327
0.101 0.102 0.140439
0.102 0.103 0.128698
0.103 0.104 0.119842
0.104 0.105 0.113092
0.105 0.106 0.104322
0.106 0.107 0.095399
0.107 0.108 0.084199
0.108 0.109 0.075139
0.109 0.110 0.064735
0.110 0.111 0.056509
0.111 0.112 0.049358
0.112 0.113 0.041879
0.113 0.114 0.035028
0.114 0.115 0.029354
0.115 0.116 0.022258
0.116 0.117 0.017280
0.117 0.118 0.011557
0.118 0.119 0.006164
0.119 0.120 0.003136
0.120 0.121 0.000677
0.121 0.122 0.000000
0.122 0.123 0.000000
0.123 0.124 0.000000
0.124 0.125 0.000000
0.125 0.126 0.000000
0.126 0.127 0.000000
0.127 0.128 0.000000
0.128 0.129 0.000000
0.129 0.130 0.000000
0.130 0.131 0.000000
0.131 0.132 0.000000
0.132 0.133 0.000000
0.133 0.134 0.000000
0.134 0.135 0.000000
0.135 0.136 0.000000
0.136 0.137 0.000000
0.137 0.138 0.000000
0.138 0.139 0.000000
0.139 0.140 0.000000
0.140 0.141 0.000000
0.141 0.142 0.000000
0.142 0.143 0.000000
0.143 0.144 0.000000
0.144 0.145 0.000000
0.145 0.146 0.000000
0.146 0.147 0.000000
0.147 0.148 0.000000
0.148 0.149 0.000000
0.149 0.150 0.000000
