1
0.000 0.001 0.000000
0.001 0.002 0.000000
0.002 0.003 0.000000
0.003 0.004 0.000000
0.004 0.005 0.000000
0.005 0.006 0.000000
0.006 0.007 0.000000
0.007 0.008 0.000000
0.008 0.009 0.000000
0.009 0.010 0.000000
0.010 0.011 0.000000
0.011 0.012 0.000000
0.012 0.013 0.000000
0.013 0.014 0.000000
0.014 0.015 0.000000
0.015 0.016 0.000000
0.016 0.017 0.000000
0.017 0.018 0.000000
0.018 0.019 0.000000
0.019 0.020 0.000001
0.020 0.021 0.000005
0.021 0.022 0.000028
0.022 0.023 0.000115
0.023 0.024 0.000386
0.024 0.025 0.001083
0.025 0.026 0.002606
0.026 0.027 0.005533
0.027 0.028 0.010627
0.028 0.029 0.018613
0.029 0.030 0.030446
0.030 0.031 0.046764
0.031 0.032 0.067347
0.032 0.033 0.093086
0.033 0.034 0.123556
0.034 0.035 0.158142
0.035 0.036 0.196573
0.036 0.037 0.236717
0.037 0.038 0.281142
0.038 0.039 0.328300
0.039 0.040 0.373889
0.040 0.041 0.419014
0.041 0.042 0.464873
0.042 0.043 0.507057
0.043 0.044 0.545604
0.044 0.045 0.586373
0.045 0.046 0.619371
0.046 0.047 0.650700
0.047 0.048 0.677095
0.048 0.049 0.696149
0.049 0.050 0.716932
0.050 0.051 0.735339
0.051 0.052 0.750380
0.052 0.053 0.757879
0.053 0.054 0.767340
0.054 0.055 0.772240
0.055 0.056 0.762252
0.056 0.057 0.751240
0.057 0.058 0.832949
0.058 0.059 1.000000
0.059 0.060 0.908703
0.060 0.061 0.723687
0.061 0.062 0.703634
0.062 0.063 0.682848
0.063 0.064 0.664997
0.064 0.065 0.640522
0.065 0.066 0.609456
0.066 0.067 0.655277
0.067 0.068 0.634703
0.068 0.069 0.544890
0.069 0.070 0.489781
0.070 0.071 0.431106
0.071 0.072 0.404099
0.072 0.073 0.366717
0.073 0.074 0.335672
0.074 0.075 0.304089
0.075 0.076 0.272898
0.076 0.077 0.240970
0.077 0.078 0.202169
0.078 0.079 0.158803
0.079 0.080 0.124922
0.080 0.081 0.095288
0.081 0.082 0.055723
0.082 0.083 0.002673
0.083 0.084 0.000000
0.084 0.085 0.000000
0.085 0.086 0.000000
0.086 0.087 0.000000
0.087 0.088 0.000000
0.088 0.089 0.000000
0.089 0.090 0.000000
0.090 0.091 0.000000
0.091 0.092 0.000000
0.092 0.093 0.000000
0.093 0.094 0.000000
0.094 0.095 0.000000
0.095 0.096 0.000000
0.096 0.097 0.000000
0.097 0.098 0.000000
0.098 0.099 0.000000
0.099 0.100 0.000000
0.100 0.101 0.000000
0.101 0.102 0.000000
0.102 0.103 0.000000
0.103 0.104 0.000000
0.104 0.105 0.000000
0.105 0.106 0.000000
0.106 0.107 0.000000
0.107 0.108 0.000000
0.108 0.109 0.000000
0.109 0.110 0.000000
0.110 0.111 0.000000
0.111 0.112 0.000000
0.112 0.113 0.000000
0.113 0.114 0.000000
0.114 0.115 0.000000
0.115 0.116 0.000000
0.116 0.117 0.000000
0.117 0.118 0.000000
0.118 0.119 0.000000
0.119 0.120 0.000000
0.120 0.121 0.000000
0.121 0.122 0.000000
0.122 0.123 0.000000
0.123 0.124 0.000000
0.124 0.125 0.000000
0.125 0.126 0.000000
0.126 0.127 0.000000
0.127 0.128 0.000000
0.128 0.129 0.000000
0.129 0.130 0.000000
0.130 0.131 0.000000
0.131 0.132 0.000000
0.132 0.133 0.000000
0.133 0.134 0.000000
0.134 0.135 0.000000
0.135 0.136 0.000000
0.136 0.137 0.000000
0.137 0.138 0.000000
0.138 0.139 0.000000
0.139 0.140 0.000000
0.140 0.141 0.000000
0.141 0.142 0.000000
0.142 0.143 0.000000
0.143 0.144 0.000000
0.144 0.145 0.000000
0.145 0.146 0.000000
0.146 0.147 0.000000
0.147 0.148 0.000000
0.148 0.149 0.000000
0.149 0.150 0.000000
