1
0.000 0.001 0.000000
0.001 0.002 0.000000
0.002 0.003 0.000000
0.003 0.004 0.000000
0.004 0.005 0.000000
0.005 0.006 0.000000
0.006 0.007 0.000000
0.007 0.008 0.000000
0.008 0.009 0.000000
0.009 0.010 0.000000
0.010 0.011 0.000000
0.011 0.012 0.000000
0.012 0.013 0.000000
0.013 0.014 0.000000
0.014 0.015 0.000000
0.015 0.016 0.000000
0.016 0.017 0.000000
0.017 0.018 0.000000
0.018 0.019 0.000000
0.019 0.020 0.000000
0.020 0.021 0.000001
0.021 0.022 0.000007
0.022 0.023 0.000035
0.023 0.024 0.000131
0.024 0.025 0.000401
0.025 0.026 0.001046
0.026 0.027 0.002373
0.027 0.028 0.004829
0.028 0.029 0.008955
0.029 0.030 0.015212
0.030 0.031 0.024194
0.031 0.032 0.036298
0.032 0.033 0.051791
0.033 0.034 0.070597
0.034 0.035 0.092736
0.035 0.036 0.118143
0.036 0.037 0.145283
0.037 0.038 0.175057
0.038 0.039 0.206588
0.039 0.040 0.239872
0.040 0.041 0.273203
0.041 0.042 0.305871
0.042 0.043 0.338718
0.043 0.044 0.369945
0.044 0.045 0.399993
0.045 0.046 0.427085
0.046 0.047 0.451103
0.047 0.048 0.475050
0.048 0.049 0.496002
0.049 0.050 0.509997
0.050 0.051 0.523956
0.051 0.052 0.537948
0.052 0.053 0.551715
0.053 0.054 0.561781
0.054 0.055 0.567715
0.055 0.056 0.572952
0.056 0.057 0.578859
0.057 0.058 0.723272
0.058 0.059 1.000000
0.059 0.060 0.854781
0.060 0.061 0.576677
0.061 0.062 0.570458
0.062 0.063 0.547961
0.063 0.064 0.534641
0.064 0.065 0.522075
0.065 0.066 0.509276
0.066 0.067 0.625331
0.067 0.068 0.618112
0.068 0.069 0.503019
0.069 0.070 0.458453
0.070 0.071 0.393057
0.071 0.072 0.380916
0.072 0.073 0.364310
0.073 0.074 0.356475
0.074 0.075 0.346633
0.075 0.076 0.330862
0.076 0.077 0.312896
0.077 0.078 0.295281
0.078 0.079 0.288367
0.079 0.080 0.279532
0.080 0.081 0.266829
0.081 0.082 0.251865
0.082 0.083 0.237686
0.083 0.084 0.222956
0.084 0.085 0.209752
0.085 0.086 0.197850
0.086 0.087 0.183947
0.087 0.088 0.169659
0.088 0.089 0.160598
0.089 0.090 0.149211
0.090 0.091 0.135803
0.091 0.092 0.123140
0.092 0.093 0.112883
0.093 0.094 0.103674
0.094 0.095 0.092577
0.095 0.096 0.080187
0.096 0.097 0.071004
0.097 0.098 0.060965
0.098 0.099 0.049315
0.099 0.100 0.041441
0.100 0.101 0.037650
0.101 0.102 0.030168
0.102 0.103 0.019526
0.103 0.104 0.014592
0.104 0.105 0.010517
0.105 0.106 0.004112
0.106 0.107 0.002512
0.107 0.108 0.000000
0.108 0.109 0.000000
0.109 0.110 0.000000
0.110 0.111 0.000000
0.111 0.112 0.000000
0.112 0.113 0.000000
0.113 0.114 0.000000
0.114 0.115 0.000000
0.115 0.116 0.000000
0.116 0.117 0.000000
0.117 0.118 0.000000
0.118 0.119 0.000000
0.119 0.120 0.000000
0.120 0.121 0.000000
0.121 0.122 0.000000
0.122 0.123 0.000000
0.123 0.124 0.000000
0.124 0.125 0.000000
0.125 0.126 0.000000
0.126 0.127 0.000000
0.127 0.128 0.000000
0.128 0.129 0.000000
0.129 0.130 0.000000
0.130 0.131 0.000000
0.131 0.132 0.000000
0.132 0.133 0.000000
0.133 0.134 0.000000
0.134 0.135 0.000000
0.135 0.136 0.000000
0.136 0.137 0.000000
0.137 0.138 0.000000
0.138 0.139 0.000000
0.139 0.140 0.000000
0.140 0.141 0.000000
0.141 0.142 0.000000
0.142 0.143 0.000000
0.143 0.144 0.000000
0.144 0.145 0.000000
0.145 0.146 0.000000
0.146 0.147 0.000000
0.147 0.148 0.000000
0.148 0.149 0.000000
0.149 0.150 0.000000
