1
0.000 0.001 0.000000
0.001 0.002 0.000000
0.002 0.003 0.000000
0.003 0.004 0.000000
0.004 0.005 0.000000
0.005 0.006 0.000000
0.006 0.007 0.000000
0.007 0.008 0.000000
0.008 0.009 0.000000
0.009 0.010 0.000000
0.010 0.011 0.000000
0.011 0.012 0.000000
0.012 0.013 0.000000
0.013 0.014 0.000000
0.014 0.015 0.000000
0.015 0.016 0.000004
0.016 0.017 0.000032
0.017 0.018 0.000165
0.018 0.019 0.000626
0.019 0.020 0.001866
0.020 0.021 0.004603
0.021 0.022 0.009733
0.022 0.023 0.018185
0.023 0.024 0.030769
0.024 0.025 0.048063
0.025 0.026 0.070078
0.026 0.027 0.096350
0.027 0.028 0.126948
0.028 0.029 0.160988
0.029 0.030 0.196755
0.030 0.031 0.233848
0.031 0.032 0.270907
0.032 0.033 0.307653
0.033 0.034 0.343355
0.034 0.035 0.377208
0.035 0.036 0.408341
0.036 0.037 0.437155
0.037 0.038 0.463325
0.038 0.039 0.484821
0.039 0.040 0.504175
0.040 0.041 0.520820
0.041 0.042 0.533653
0.042 0.043 0.545092
0.043 0.044 0.552871
0.044 0.045 0.560171
0.045 0.046 0.564231
0.046 0.047 0.565126
0.047 0.048 0.566829
0.048 0.049 0.566673
0.049 0.050 0.562295
0.050 0.051 0.556672
0.051 0.052 0.552011
0.052 0.053 0.546482
0.053 0.054 0.538182
0.054 0.055 0.528608
0.055 0.056 0.520618
0.056 0.057 0.511404
0.057 0.058 0.678630
0.058 0.059 1.000000
0.059 0.060 0.812495
0.060 0.061 0.482328
0.061 0.062 0.471780
0.062 0.063 0.444197
0.063 0.064 0.431218
0.064 0.065 0.417767
0.065 0.066 0.406507
0.066 0.067 0.524327
0.067 0.068 0.513412
0.068 0.069 0.397466
0.069 0.070 0.356694
0.070 0.071 0.292379
0.071 0.072 0.283878
0.072 0.073 0.273640
0.073 0.074 0.267239
0.074 0.075 0.260041
0.075 0.076 0.251507
0.076 0.077 0.241075
0.077 0.078 0.231947
0.078 0.079 0.225987
0.079 0.080 0.218168
0.080 0.081 0.209952
0.081 0.082 0.200991
0.082 0.083 0.193090
0.083 0.084 0.185631
0.084 0.085 0.178819
0.085 0.086 0.172708
0.086 0.087 0.164767
0.087 0.088 0.159164
0.088 0.089 0.152691
0.089 0.090 0.144301
0.090 0.091 0.135838
0.091 0.092 0.127103
0.092 0.093 0.121259
0.093 0.094 0.118110
0.094 0.095 0.112144
0.095 0.096 0.106361
0.096 0.097 0.100054
0.097 0.098 0.092461
0.098 0.099 0.085427
0.099 0.100 0.079242
0.100 0.101 0.075701
0.101 0.102 0.071537
0.102 0.103 0.065719
0.103 0.104 0.061274
0.104 0.105 0.057675
0.105 0.106 0.053129
0.106 0.107 0.048661
0.107 0.108 0.042745
0.108 0.109 0.039173
0.109 0.110 0.035266
0.110 0.111 0.031647
0.111 0.112 0.028736
0.112 0.113 0.024920
0.113 0.114 0.021678
0.114 0.115 0.017886
0.115 0.116 0.015184
0.116 0.117 0.012796
0.117 0.118 0.010185
0.118 0.119 0.006936
0.119 0.120 0.004638
0.120 0.121 0.003972
0.121 0.122 0.002615
0.122 0.123 0.000722
0.123 0.124 0.000000
0.124 0.125 0.000000
0.125 0.126 0.000000
0.126 0.127 0.000000
0.127 0.128 0.000000
0.128 0.129 0.000000
0.129 0.130 0.000000
0.130 0.131 0.000000
0.131 0.132 0.000000
0.132 0.133 0.000000
0.133 0.134 0.000000
0.134 0.135 0.000000
0.135 0.136 0.000000
0.136 0.137 0.000000
0.137 0.138 0.000000
0.138 0.139 0.000000
0.139 0.140 0.000000
0.140 0.141 0.000000
0.141 0.142 0.000000
0.142 0.143 0.000000
0.143 0.144 0.000000
0.144 0.145 0.000000
0.145 0.146 0.000000
0.146 0.147 0.000000
0.147 0.148 0.000000
0.148 0.149 0.000000
0.149 0.150 0.000000
