1
0.000 0.001 0.000000
0.001 0.002 0.000000
0.002 0.003 0.000000
0.003 0.004 0.000000
0.004 0.005 0.000000
0.005 0.006 0.000000
0.006 0.007 0.000000
0.007 0.008 0.000000
0.008 0.009 0.000000
0.009 0.010 0.000000
0.010 0.011 0.000000
0.011 0.012 0.000000
0.012 0.013 0.000000
0.013 0.014 0.000000
0.014 0.015 0.000000
0.015 0.016 0.000001
0.016 0.017 0.000007
0.017 0.018 0.000050
0.018 0.019 0.000259
0.019 0.020 0.000995
0.020 0.021 0.003026
0.021 0.022 0.007632
0.022 0.023 0.016485
0.023 0.024 0.031506
0.024 0.025 0.054638
0.025 0.026 0.086972
0.026 0.027 0.128668
0.027 0.028 0.180159
0.028 0.029 0.240642
0.029 0.030 0.307533
0.030 0.031 0.379543
0.031 0.032 0.453305
0.032 0.033 0.526431
0.033 0.034 0.597069
0.034 0.035 0.664202
0.035 0.036 0.729777
0.036 0.037 0.787555
0.037 0.038 0.839638
0.038 0.039 0.883457
0.039 0.040 0.919149
0.040 0.041 0.947692
0.041 0.042 0.965359
0.042 0.043 0.984843
0.043 0.044 0.994330
0.044 0.045 1.000000
0.045 0.046 0.994928
0.046 0.047 0.984037
0.047 0.048 0.969543
0.048 0.049 0.944823
0.049 0.050 0.928786
0.050 0.051 0.908146
0.051 0.052 0.880425
0.052 0.053 0.852554
0.053 0.054 0.827392
0.054 0.055 0.794934
0.055 0.056 0.745984
0.056 0.057 0.708841
0.057 0.058 0.716979
0.058 0.059 0.754221
0.059 0.060 0.679324
0.060 0.061 0.569242
0.061 0.062 0.528834
0.062 0.063 0.498129
0.063 0.064 0.463275
0.064 0.065 0.427284
0.065 0.066 0.387109
0.066 0.067 0.377772
0.067 0.068 0.339158
0.068 0.069 0.281261
0.069 0.070 0.244129
0.070 0.071 0.210756
0.071 0.072 0.180965
0.072 0.073 0.142584
0.073 0.074 0.123049
0.074 0.075 0.103215
0.075 0.076 0.078222
0.076 0.077 0.062951
0.077 0.078 0.045470
0.078 0.079 0.024793
0.079 0.080 0.015751
0.080 0.081 0.004704
0.081 0.082 0.000000
0.082 0.083 0.000000
0.083 0.084 0.000000
0.084 0.085 0.000000
0.085 0.086 0.000000
0.086 0.087 0.000000
0.087 0.088 0.000000
0.088 0.089 0.000000
0.089 0.090 0.000000
0.090 0.091 0.000000
0.091 0.092 0.000000
0.092 0.093 0.000000
0.093 0.094 0.000000
0.094 0.095 0.000000
0.095 0.096 0.000000
0.096 0.097 0.000000
0.097 0.098 0.000000
0.098 0.099 0.000000
0.099 0.100 0.000000
0.100 0.101 0.000000
0.101 0.102 0.000000
0.102 0.103 0.000000
0.103 0.104 0.000000
0.104 0.105 0.000000
0.105 0.106 0.000000
0.106 0.107 0.000000
0.107 0.108 0.000000
0.108 0.109 0.000000
0.109 0.110 0.000000
0.110 0.111 0.000000
0.111 0.112 0.000000
0.112 0.113 0.000000
0.113 0.114 0.000000
0.114 0.115 0.000000
0.115 0.116 0.000000
0.116 0.117 0.000000
0.117 0.118 0.000000
0.118 0.119 0.000000
0.119 0.120 0.000000
0.120 0.121 0.000000
0.121 0.122 0.000000
0.122 0.123 0.000000
0.123 0.124 0.000000
0.124 0.125 0.000000
0.125 0.126 0.000000
0.126 0.127 0.000000
0.127 0.128 0.000000
0.128 0.129 0.000000
0.129 0.130 0.000000
0.130 0.131 0.000000
0.131 0.132 0.000000
0.132 0.133 0.000000
0.133 0.134 0.000000
0.134 0.135 0.000000
0.135 0.136 0.000000
0.136 0.137 0.000000
0.137 0.138 0.000000
0.138 0.139 0.000000
0.139 0.140 0.000000
0.140 0.141 0.000000
0.141 0.142 0.000000
0.142 0.143 0.000000
0.143 0.144 0.000000
0.144 0.145 0.000000
0.145 0.146 0.000000
0.146 0.147 0.000000
0.147 0.148 0.000000
0.148 0.149 0.000000
0.149 0.150 0.000000
