1
0.000 0.001 0.000000
0.001 0.002 0.000000
0.002 0.003 0.000000
0.003 0.004 0.000000
0.004 0.005 0.000000
0.005 0.006 0.000000
0.006 0.007 0.000000
0.007 0.008 0.000000
0.008 0.009 0.000000
0.009 0.010 0.000000
0.010 0.011 0.000000
0.011 0.012 0.000000
0.012 0.013 0.000000
0.013 0.014 0.000000
0.014 0.015 0.000000
0.015 0.016 0.000000
0.016 0.017 0.000000
0.017 0.018 0.000000
0.018 0.019 0.000000
0.019 0.020 0.000001
0.020 0.021 0.000004
0.021 0.022 0.000019
0.022 0.023 0.000078
0.023 0.024 0.000251
0.024 0.025 0.000683
0.025 0.026 0.001605
0.026 0.027 0.003327
0.027 0.028 0.006270
0.028 0.029 0.010891
0.029 0.030 0.017499
0.030 0.031 0.026454
0.031 0.032 0.037983
0.032 0.033 0.052193
0.033 0.034 0.069034
0.034 0.035 0.088327
0.035 0.036 0.109678
0.036 0.037 0.132864
0.037 0.038 0.157219
0.038 0.039 0.181711
0.039 0.040 0.207055
0.040 0.041 0.232633
0.041 0.042 0.257281
0.042 0.043 0.282281
0.043 0.044 0.306011
0.044 0.045 0.328984
0.045 0.046 0.350322
0.046 0.047 0.368288
0.047 0.048 0.387155
0.048 0.049 0.405467
0.049 0.050 0.418719
0.050 0.051 0.430155
0.051 0.052 0.443008
0.052 0.053 0.454949
0.053 0.054 0.462766
0.054 0.055 0.468462
0.055 0.056 0.475972
0.056 0.057 0.482856
0.057 0.058 0.660034
0.058 0.059 1.000000
0.059 0.060 0.826834
0.060 0.061 0.495771
0.061 0.062 0.494524
0.062 0.063 0.474728
0.063 0.064 0.468935
0.064 0.065 0.462528
0.065 0.066 0.459110
0.066 0.067 0.601302
0.067 0.068 0.597723
0.068 0.069 0.472402
0.069 0.070 0.429416
0.070 0.071 0.357599
0.071 0.072 0.350625
0.072 0.073 0.341630
0.073 0.074 0.338558
0.074 0.075 0.333675
0.075 0.076 0.325519
0.076 0.077 0.314466
0.077 0.078 0.305700
0.078 0.079 0.301897
0.079 0.080 0.295643
0.080 0.081 0.285409
0.081 0.082 0.273972
0.082 0.083 0.263760
0.083 0.084 0.253491
0.084 0.085 0.244410
0.085 0.086 0.236578
0.086 0.087 0.225876
0.087 0.088 0.218244
0.088 0.089 0.209910
0.089 0.090 0.198037
0.090 0.091 0.186549
0.091 0.092 0.172958
0.092 0.093 0.163514
0.093 0.094 0.156799
0.094 0.095 0.148029
0.095 0.096 0.139557
0.096 0.097 0.129631
0.097 0.098 0.117970
0.098 0.099 0.105588
0.099 0.100 0.097753
0.100 0.101 0.093072
0.101 0.102 0.086059
0.102 0.103 0.075559
0.103 0.104 0.068773
0.104 0.105 0.063750
0.105 0.106 0.057354
0.106 0.107 0.050070
0.107 0.108 0.043335
0.108 0.109 0.037378
0.109 0.110 0.030369
0.110 0.111 0.025449
0.111 0.112 0.021434
0.112 0.113 0.016025
0.113 0.114 0.012699
0.114 0.115 0.008639
0.115 0.116 0.005829
0.116 0.117 0.002767
0.117 0.118 0.000738
0.118 0.119 0.000000
0.119 0.120 0.000000
0.120 0.121 0.000000
0.121 0.122 0.000000
0.122 0.123 0.000000
0.123 0.124 0.000000
0.124 0.125 0.000000
0.125 0.126 0.000000
0.126 0.127 0.000000
0.127 0.128 0.000000
0.128 0.129 0.000000
0.129 0.130 0.000000
0.130 0.131 0.000000
0.131 0.132 0.000000
0.132 0.133 0.000000
0.133 0.134 0.000000
0.134 0.135 0.000000
0.135 0.136 0.000000
0.136 0.137 0.000000
0.137 0.138 0.000000
0.138 0.139 0.000000
0.139 0.140 0.000000
0.140 0.141 0.000000
0.141 0.142 0.000000
0.142 0.143 0.000000
0.143 0.144 0.000000
0.144 0.145 0.000000
0.145 0.146 0.000000
0.146 0.147 0.000000
0.147 0.148 0.000000
0.148 0.149 0.000000
0.149 0.150 0.000000
