1
0.000 0.001 0.000000
0.001 0.002 0.000000
0.002 0.003 0.000000
0.003 0.004 0.000000
0.004 0.005 0.000000
0.005 0.006 0.000000
0.006 0.007 0.000000
0.007 0.008 0.000000
0.008 0.009 0.000000
0.009 0.010 0.000000
0.010 0.011 0.000000
0.011 0.012 0.000000
0.012 0.013 0.000000
0.013 0.014 0.000000
0.014 0.015 0.000000
0.015 0.016 0.000000
0.016 0.017 0.000000
0.017 0.018 0.000000
0.018 0.019 0.000000
0.019 0.020 0.000000
0.020 0.021 0.000002
0.021 0.022 0.000010
0.022 0.023 0.000044
0.023 0.024 0.000149
0.024 0.025 0.000423
0.025 0.026 0.001034
0.026 0.027 0.002226
0.027 0.028 0.004346
0.028 0.029 0.007782
0.029 0.030 0.012843
0.030 0.031 0.019937
0.031 0.032 0.029307
0.032 0.033 0.041075
0.033 0.034 0.055323
0.034 0.035 0.072051
0.035 0.036 0.090976
0.036 0.037 0.111846
0.037 0.038 0.134116
0.038 0.039 0.156832
0.039 0.040 0.180569
0.040 0.041 0.205065
0.041 0.042 0.228984
0.042 0.043 0.253483
0.043 0.044 0.276852
0.044 0.045 0.299887
0.045 0.046 0.321741
0.046 0.047 0.340189
0.047 0.048 0.359959
0.048 0.049 0.379484
0.049 0.050 0.394021
0.050 0.051 0.406490
0.051 0.052 0.420459
0.052 0.053 0.434342
0.053 0.054 0.443865
0.054 0.055 0.450869
0.055 0.056 0.459967
0.056 0.057 0.468907
0.057 0.058 0.651117
0.058 0.059 1.000000
0.059 0.060 0.824912
0.060 0.061 0.487263
0.061 0.062 0.487758
0.062 0.063 0.469557
0.063 0.064 0.465129
0.064 0.065 0.459830
0.065 0.066 0.457706
0.066 0.067 0.606311
0.067 0.068 0.603825
0.068 0.069 0.475683
0.069 0.070 0.432900
0.070 0.071 0.359202
0.071 0.072 0.352722
0.072 0.073 0.344455
0.073 0.074 0.342825
0.074 0.075 0.339228
0.075 0.076 0.332096
0.076 0.077 0.321637
0.077 0.078 0.313593
0.078 0.079 0.310816
0.079 0.080 0.305452
0.080 0.081 0.296065
0.081 0.082 0.285585
0.082 0.083 0.276168
0.083 0.084 0.266473
0.084 0.085 0.258217
0.085 0.086 0.251307
0.086 0.087 0.241465
0.087 0.088 0.235038
0.088 0.089 0.228079
0.089 0.090 0.217082
0.090 0.091 0.205183
0.091 0.092 0.191188
0.092 0.093 0.181863
0.093 0.094 0.176366
0.094 0.095 0.166415
0.095 0.096 0.156800
0.096 0.097 0.145235
0.097 0.098 0.132615
0.098 0.099 0.119705
0.099 0.100 0.109634
0.100 0.101 0.104614
0.101 0.102 0.097016
0.102 0.103 0.086089
0.103 0.104 0.076899
0.104 0.105 0.071326
0.105 0.106 0.064225
0.106 0.107 0.056206
0.107 0.108 0.048518
0.108 0.109 0.041708
0.109 0.110 0.033808
0.110 0.111 0.027993
0.111 0.112 0.022684
0.112 0.113 0.017959
0.113 0.114 0.013268
0.114 0.115 0.009899
0.115 0.116 0.005628
0.116 0.117 0.002671
0.117 0.118 0.000712
0.118 0.119 0.000000
0.119 0.120 0.000000
0.120 0.121 0.000000
0.121 0.122 0.000000
0.122 0.123 0.000000
0.123 0.124 0.000000
0.124 0.125 0.000000
0.125 0.126 0.000000
0.126 0.127 0.000000
0.127 0.128 0.000000
0.128 0.129 0.000000
0.129 0.130 0.000000
0.130 0.131 0.000000
0.131 0.132 0.000000
0.132 0.133 0.000000
0.133 0.134 0.000000
0.134 0.135 0.000000
0.135 0.136 0.000000
0.136 0.137 0.000000
0.137 0.138 0.000000
0.138 0.139 0.000000
0.139 0.140 0.000000
0.140 0.141 0.000000
0.141 0.142 0.000000
0.142 0.143 0.000000
0.143 0.144 0.000000
0.144 0.145 0.000000
0.145 0.146 0.000000
0.146 0.147 0.000000
0.147 0.148 0.000000
0.148 0.149 0.000000
0.149 0.150 0.000000
