1
0.000 0.001 0.000000
0.001 0.002 0.000000
0.002 0.003 0.000000
0.003 0.004 0.000000
0.004 0.005 0.000000
0.005 0.006 0.000000
0.006 0.007 0.000000
0.007 0.008 0.000000
0.008 0.009 0.000000
0.009 0.010 0.000000
0.010 0.011 0.000000
0.011 0.012 0.000000
0.012 0.013 0.000000
0.013 0.014 0.000000
0.014 0.015 0.000000
0.015 0.016 0.000000
0.016 0.017 0.000000
0.017 0.018 0.000001
0.018 0.019 0.000007
0.019 0.020 0.000034
0.020 0.021 0.000124
0.021 0.022 0.000373
0.022 0.023 0.000943
0.023 0.024 0.002087
0.024 0.025 0.004129
0.025 0.026 0.007385
0.026 0.027 0.012212
0.027 0.028 0.018915
0.028 0.029 0.027679
0.029 0.030 0.038473
0.030 0.031 0.051374
0.031 0.032 0.066077
0.032 0.033 0.082674
0.033 0.034 0.100653
0.034 0.035 0.119198
0.035 0.036 0.138505
0.036 0.037 0.158521
0.037 0.038 0.179178
0.038 0.039 0.198804
0.039 0.040 0.217465
0.040 0.041 0.235125
0.041 0.042 0.252438
0.042 0.043 0.269731
0.043 0.044 0.284736
0.044 0.045 0.298850
0.045 0.046 0.310135
0.046 0.047 0.321538
0.047 0.048 0.334744
0.048 0.049 0.343742
0.049 0.050 0.349503
0.050 0.051 0.357185
0.051 0.052 0.364695
0.052 0.053 0.367309
0.053 0.054 0.370084
0.054 0.055 0.373354
0.055 0.056 0.375929
0.056 0.057 0.378874
0.057 0.058 0.592682
0.058 0.059 1.000000
0.059 0.060 0.787884
0.060 0.061 0.393536
0.061 0.062 0.392384
0.062 0.063 0.367975
0.063 0.064 0.366281
0.064 0.065 0.363442
0.065 0.066 0.357987
0.066 0.067 0.521511
0.067 0.068 0.518488
0.068 0.069 0.381059
0.069 0.070 0.341421
0.070 0.071 0.264877
0.071 0.072 0.263023
0.072 0.073 0.259037
0.073 0.074 0.254672
0.074 0.075 0.252349
0.075 0.076 0.249717
0.076 0.077 0.245395
0.077 0.078 0.242791
0.078 0.079 0.239210
0.079 0.080 0.236259
0.080 0.081 0.234409
0.081 0.082 0.230565
0.082 0.083 0.225254
0.083 0.084 0.220236
0.084 0.085 0.216385
0.085 0.086 0.212511
0.086 0.087 0.209788
0.087 0.088 0.206790
0.088 0.089 0.201521
0.089 0.090 0.196460
0.090 0.091 0.192260
0.091 0.092 0.186666
0.092 0.093 0.181484
0.093 0.094 0.177901
0.094 0.095 0.173213
0.095 0.096 0.169230
0.096 0.097 0.165777
0.097 0.098 0.160722
0.098 0.099 0.155769
0.099 0.100 0.152353
0.100 0.101 0.148425
0.101 0.102 0.143690
0.102 0.103 0.139908
0.103 0.104 0.136609
0.104 0.105 0.131490
0.105 0.106 0.125729
0.106 0.107 0.121303
0.107 0.108 0.116301
0.108 0.109 0.112622
0.109 0.110 0.109857
0.110 0.111 0.105947
0.111 0.112 0.101720
0.112 0.113 0.096000
0.113 0.114 0.090291
0.114 0.115 0.086570
0.115 0.116 0.083069
0.116 0.117 0.078167
0.117 0.118 0.074639
0.118 0.119 0.070380
0.119 0.120 0.065950
0.120 0.121 0.062884
0.121 0.122 0.059292
0.122 0.123 0.055808
0.123 0.124 0.052142
0.124 0.125 0.047452
0.125 0.126 0.042682
0.126 0.127 0.039009
0.127 0.128 0.034276
0.128 0.129 0.030333
0.129 0.130 0.026319
0.130 0.131 0.021798
0.131 0.132 0.019166
0.132 0.133 0.015481
0.133 0.134 0.011140
0.134 0.135 0.006847
0.135 0.136 0.003128
0.136 0.137 0.000267
0.137 0.138 0.000000
0.138 0.139 0.000000
0.139 0.140 0.000000
0.140 0.141 0.000000
0.141 0.142 0.000000
0.142 0.143 0.000000
0.143 0.144 0.000000
0.144 0.145 0.000000
0.145 0.146 0.000000
0.146 0.147 0.000000
0.147 0.148 0.000000
0.148 0.149 0.000000
0.149 0.150 0.000000
