1
0.000 0.001 0.000000
0.001 0.002 0.000000
0.002 0.003 0.000000
0.003 0.004 0.000000
0.004 0.005 0.000000
0.005 0.006 0.000000
0.006 0.007 0.000000
0.007 0.008 0.000000
0.008 0.009 0.000000
0.009 0.010 0.000000
0.010 0.011 0.000000
0.011 0.012 0.000000
0.012 0.013 0.000000
0.013 0.014 0.000000
0.014 0.015 0.000000
0.015 0.016 0.000001
0.016 0.017 0.000013
0.017 0.018 0.000075
0.018 0.019 0.000314
0.019 0.020 0.001011
0.020 0.021 0.002657
0.021 0.022 0.005898
0.022 0.023 0.011457
0.023 0.024 0.020026
0.024 0.025 0.032076
0.025 0.026 0.047781
0.026 0.027 0.066977
0.027 0.028 0.089733
0.028 0.029 0.115466
0.029 0.030 0.142718
0.030 0.031 0.171442
0.031 0.032 0.200959
0.032 0.033 0.230236
0.033 0.034 0.259336
0.034 0.035 0.287446
0.035 0.036 0.313133
0.036 0.037 0.338030
0.037 0.038 0.361603
0.038 0.039 0.380527
0.039 0.040 0.397925
0.040 0.041 0.414148
0.041 0.042 0.426876
0.042 0.043 0.439192
0.043 0.044 0.449061
0.044 0.045 0.457627
0.045 0.046 0.464019
0.046 0.047 0.466676
0.047 0.048 0.471533
0.048 0.049 0.475461
0.049 0.050 0.474588
0.050 0.051 0.472295
0.051 0.052 0.471933
0.052 0.053 0.471421
0.053 0.054 0.467655
0.054 0.055 0.462858
0.055 0.056 0.460883
0.056 0.057 0.458289
0.057 0.058 0.644122
0.058 0.059 1.000000
0.059 0.060 0.800507
0.060 0.061 0.444041
0.061 0.062 0.437469
0.062 0.063 0.412709
0.063 0.064 0.404085
0.064 0.065 0.394310
0.065 0.066 0.387247
0.066 0.067 0.520754
0.067 0.068 0.513485
0.068 0.069 0.393907
0.069 0.070 0.353566
0.070 0.071 0.285702
0.071 0.072 0.279149
0.072 0.073 0.271622
0.073 0.074 0.267550
0.074 0.075 0.262649
0.075 0.076 0.256779
0.076 0.077 0.248510
0.077 0.078 0.241796
0.078 0.079 0.238378
0.079 0.080 0.233405
0.080 0.081 0.226039
0.081 0.082 0.218038
0.082 0.083 0.211091
0.083 0.084 0.204542
0.084 0.085 0.198728
0.085 0.086 0.193658
0.086 0.087 0.186600
0.087 0.088 0.182400
0.088 0.089 0.177336
0.089 0.090 0.169622
0.090 0.091 0.162415
0.091 0.092 0.152577
0.092 0.093 0.146301
0.093 0.094 0.143464
0.094 0.095 0.137090
0.095 0.096 0.130875
0.096 0.097 0.124185
0.097 0.098 0.115859
0.098 0.099 0.108139
0.099 0.100 0.101976
0.100 0.101 0.097316
0.101 0.102 0.091727
0.102 0.103 0.083838
0.103 0.104 0.078221
0.104 0.105 0.073687
0.105 0.106 0.067940
0.106 0.107 0.061939
0.107 0.108 0.055821
0.108 0.109 0.050561
0.109 0.110 0.044580
0.110 0.111 0.039919
0.111 0.112 0.036151
0.112 0.113 0.030938
0.113 0.114 0.027353
0.114 0.115 0.023751
0.115 0.116 0.019258
0.116 0.117 0.016085
0.117 0.118 0.012370
0.118 0.119 0.008734
0.119 0.120 0.006443
0.120 0.121 0.005481
0.121 0.122 0.003280
0.122 0.123 0.001588
0.123 0.124 0.000435
0.124 0.125 0.000000
0.125 0.126 0.000000
0.126 0.127 0.000000
0.127 0.128 0.000000
0.128 0.129 0.000000
0.129 0.130 0.000000
0.130 0.131 0.000000
0.131 0.132 0.000000
0.132 0.133 0.000000
0.133 0.134 0.000000
0.134 0.135 0.000000
0.135 0.136 0.000000
0.136 0.137 0.000000
0.137 0.138 0.000000
0.138 0.139 0.000000
0.139 0.140 0.000000
0.140 0.141 0.000000
0.141 0.142 0.000000
0.142 0.143 0.000000
0.143 0.144 0.000000
0.144 0.145 0.000000
0.145 0.146 0.000000
0.146 0.147 0.000000
0.147 0.148 0.000000
0.148 0.149 0.000000
0.149 0.150 0.000000
