1
0.000 0.001 0.000000
0.001 0.002 0.000000
0.002 0.003 0.000000
0.003 0.004 0.000000
0.004 0.005 0.000000
0.005 0.006 0.000000
0.006 0.007 0.000000
0.007 0.008 0.000000
0.008 0.009 0.000000
0.009 0.010 0.000000
0.010 0.011 0.000000
0.011 0.012 0.000000
0.012 0.013 0.000000
0.013 0.014 0.000000
0.014 0.015 0.000000
0.015 0.016 0.000001
0.016 0.017 0.000013
0.017 0.018 0.000076
0.018 0.019 0.000324
0.019 0.020 0.001069
0.020 0.021 0.002886
0.021 0.022 0.006622
0.022 0.023 0.013287
0.023 0.024 0.023954
0.024 0.025 0.039599
0.025 0.026 0.060555
0.026 0.027 0.086932
0.027 0.028 0.118946
0.028 0.029 0.156040
0.029 0.030 0.196751
0.030 0.031 0.239911
0.031 0.032 0.284661
0.032 0.033 0.330856
0.033 0.034 0.376011
0.034 0.035 0.419544
0.035 0.036 0.462409
0.036 0.037 0.501321
0.037 0.038 0.535438
0.038 0.039 0.567624
0.039 0.040 0.598244
0.040 0.041 0.623022
0.041 0.042 0.644243
0.042 0.043 0.663899
0.043 0.044 0.678218
0.044 0.045 0.690488
0.045 0.046 0.698229
0.046 0.047 0.702006
0.047 0.048 0.705068
0.048 0.049 0.705656
0.049 0.050 0.700643
0.050 0.051 0.695833
0.051 0.052 0.692101
0.052 0.053 0.684591
0.053 0.054 0.674698
0.054 0.055 0.662710
0.055 0.056 0.649602
0.056 0.057 0.636816
0.057 0.058 0.759163
0.058 0.059 1.000000
0.059 0.060 0.845866
0.060 0.061 0.579278
0.061 0.062 0.561068
0.062 0.063 0.528488
0.063 0.064 0.507700
0.064 0.065 0.488562
0.065 0.066 0.470724
0.066 0.067 0.554854
0.067 0.068 0.537616
0.068 0.069 0.432176
0.069 0.070 0.388915
0.070 0.071 0.332153
0.071 0.072 0.317450
0.072 0.073 0.298902
0.073 0.074 0.287332
0.074 0.075 0.273399
0.075 0.076 0.258614
0.076 0.077 0.242983
0.077 0.078 0.229242
0.078 0.079 0.218954
0.079 0.080 0.207868
0.080 0.081 0.193183
0.081 0.082 0.179785
0.082 0.083 0.167141
0.083 0.084 0.154402
0.084 0.085 0.142855
0.085 0.086 0.132310
0.086 0.087 0.119532
0.087 0.088 0.110549
0.088 0.089 0.100873
0.089 0.090 0.090732
0.090 0.091 0.079997
0.091 0.092 0.068724
0.092 0.093 0.061390
0.093 0.094 0.054285
0.094 0.095 0.046521
0.095 0.096 0.038245
0.096 0.097 0.031439
0.097 0.098 0.024389
0.098 0.099 0.016116
0.099 0.100 0.011996
0.100 0.101 0.009525
0.101 0.102 0.004632
0.102 0.103 0.001215
0.103 0.104 0.000000
0.104 0.105 0.000000
0.105 0.106 0.000000
0.106 0.107 0.000000
0.107 0.108 0.000000
0.108 0.109 0.000000
0.109 0.110 0.000000
0.110 0.111 0.000000
0.111 0.112 0.000000
0.112 0.113 0.000000
0.113 0.114 0.000000
0.114 0.115 0.000000
0.115 0.116 0.000000
0.116 0.117 0.000000
0.117 0.118 0.000000
0.118 0.119 0.000000
0.119 0.120 0.000000
0.120 0.121 0.000000
0.121 0.122 0.000000
0.122 0.123 0.000000
0.123 0.124 0.000000
0.124 0.125 0.000000
0.125 0.126 0.000000
0.126 0.127 0.000000
0.127 0.128 0.000000
0.128 0.129 0.000000
0.129 0.130 0.000000
0.130 0.131 0.000000
0.131 0.132 0.000000
0.132 0.133 0.000000
0.133 0.134 0.000000
0.134 0.135 0.000000
0.135 0.136 0.000000
0.136 0.137 0.000000
0.137 0.138 0.000000
0.138 0.139 0.000000
0.139 0.140 0.000000
0.140 0.141 0.000000
0.141 0.142 0.000000
0.142 0.143 0.000000
0.143 0.144 0.000000
0.144 0.145 0.000000
0.145 0.146 0.000000
0.146 0.147 0.000000
0.147 0.148 0.000000
0.148 0.149 0.000000
0.149 0.150 0.000000
