1
0.000 0.001 0.000000
0.001 0.002 0.000000
0.002 0.003 0.000000
0.003 0.004 0.000000
0.004 0.005 0.000000
0.005 0.006 0.000000
0.006 0.007 0.000000
0.007 0.008 0.000000
0.008 0.009 0.000000
0.009 0.010 0.000000
0.010 0.011 0.000000
0.011 0.012 0.000000
0.012 0.013 0.000000
0.013 0.014 0.000000
0.014 0.015 0.000000
0.015 0.016 0.000000
0.016 0.017 0.000000
0.017 0.018 0.000000
0.018 0.019 0.000003
0.019 0.020 0.000017
0.020 0.021 0.000076
0.021 0.022 0.000270
0.022 0.023 0.000781
0.023 0.024 0.001914
0.024 0.025 0.004098
0.025 0.026 0.007830
0.026 0.027 0.013612
0.027 0.028 0.021963
0.028 0.029 0.033231
0.029 0.030 0.047400
0.030 0.031 0.064586
0.031 0.032 0.084490
0.032 0.033 0.106870
0.033 0.034 0.131303
0.034 0.035 0.157067
0.035 0.036 0.183617
0.036 0.037 0.210689
0.037 0.038 0.238025
0.038 0.039 0.264079
0.039 0.040 0.289352
0.040 0.041 0.313540
0.041 0.042 0.335936
0.042 0.043 0.357287
0.043 0.044 0.376762
0.044 0.045 0.395194
0.045 0.046 0.410023
0.046 0.047 0.422545
0.047 0.048 0.435820
0.048 0.049 0.446591
0.049 0.050 0.453368
0.050 0.051 0.459334
0.051 0.052 0.465791
0.052 0.053 0.469592
0.053 0.054 0.471035
0.054 0.055 0.471575
0.055 0.056 0.472475
0.056 0.057 0.472269
0.057 0.058 0.652591
0.058 0.059 1.000000
0.059 0.060 0.813663
0.060 0.061 0.468421
0.061 0.062 0.463539
0.062 0.063 0.439500
0.063 0.064 0.432157
0.064 0.065 0.423593
0.065 0.066 0.415822
0.066 0.067 0.553075
0.067 0.068 0.546576
0.068 0.069 0.421865
0.069 0.070 0.379515
0.070 0.071 0.308487
0.071 0.072 0.300557
0.072 0.073 0.292685
0.073 0.074 0.287425
0.074 0.075 0.281926
0.075 0.076 0.275382
0.076 0.077 0.266701
0.077 0.078 0.259447
0.078 0.079 0.254368
0.079 0.080 0.248395
0.080 0.081 0.240711
0.081 0.082 0.231540
0.082 0.083 0.222416
0.083 0.084 0.215484
0.084 0.085 0.209384
0.085 0.086 0.203811
0.086 0.087 0.196822
0.087 0.088 0.191980
0.088 0.089 0.185492
0.089 0.090 0.177268
0.090 0.091 0.170017
0.091 0.092 0.160163
0.092 0.093 0.152488
0.093 0.094 0.149492
0.094 0.095 0.143537
0.095 0.096 0.137789
0.096 0.097 0.131750
0.097 0.098 0.124054
0.098 0.099 0.117057
0.099 0.100 0.111428
0.100 0.101 0.106585
0.101 0.102 0.100476
0.102 0.103 0.094655
0.103 0.104 0.090226
0.104 0.105 0.086023
0.105 0.106 0.080743
0.106 0.107 0.075945
0.107 0.108 0.070112
0.108 0.109 0.065199
0.109 0.110 0.059712
0.110 0.111 0.055724
0.111 0.112 0.052330
0.112 0.113 0.047619
0.113 0.114 0.043511
0.114 0.115 0.039851
0.115 0.116 0.035726
0.116 0.117 0.031226
0.117 0.118 0.027973
0.118 0.119 0.023468
0.119 0.120 0.021021
0.120 0.121 0.019847
0.121 0.122 0.017117
0.122 0.123 0.013861
0.123 0.124 0.011822
0.124 0.125 0.009432
0.125 0.126 0.007074
0.126 0.127 0.004707
0.127 0.128 0.003424
0.128 0.129 0.002177
0.129 0.130 0.000606
0.130 0.131 0.000000
0.131 0.132 0.000000
0.132 0.133 0.000000
0.133 0.134 0.000000
0.134 0.135 0.000000
0.135 0.136 0.000000
0.136 0.137 0.000000
0.137 0.138 0.000000
0.138 0.139 0.000000
0.139 0.140 0.000000
0.140 0.141 0.000000
0.141 0.142 0.000000
0.142 0.143 0.000000
0.143 0.144 0.000000
0.144 0.145 0.000000
0.145 0.146 0.000000
0.146 0.147 0.000000
0.147 0.148 0.000000
0.148 0.149 0.000000
0.149 0.150 0.000000
