1
0.000 0.001 0.000000
0.001 0.002 0.000000
0.002 0.003 0.000000
0.003 0.004 0.000000
0.004 0.005 0.000000
0.005 0.006 0.000000
0.006 0.007 0.000000
0.007 0.008 0.000000
0.008 0.009 0.000000
0.009 0.010 0.000000
0.010 0.011 0.000000
0.011 0.012 0.000000
0.012 0.013 0.000000
0.013 0.014 0.000000
0.014 0.015 0.000000
0.015 0.016 0.000000
0.016 0.017 0.000000
0.017 0.018 0.000000
0.018 0.019 0.000001
0.019 0.020 0.000008
0.020 0.021 0.000040
0.021 0.022 0.000153
0.022 0.023 0.000470
0.023 0.024 0.001216
0.024 0.025 0.002744
0.025 0.026 0.005497
0.026 0.027 0.009976
0.027 0.028 0.016763
0.028 0.029 0.026337
0.029 0.030 0.038879
0.030 0.031 0.054499
0.031 0.032 0.073340
0.032 0.033 0.095398
0.033 0.034 0.119768
0.034 0.035 0.146227
0.035 0.036 0.175171
0.036 0.037 0.205098
0.037 0.038 0.233394
0.038 0.039 0.262045
0.039 0.040 0.292261
0.040 0.041 0.320197
0.041 0.042 0.346369
0.042 0.043 0.372979
0.043 0.044 0.396343
0.044 0.045 0.418647
0.045 0.046 0.439599
0.046 0.047 0.455563
0.047 0.048 0.472156
0.048 0.049 0.488349
0.049 0.050 0.497651
0.050 0.051 0.506112
0.051 0.052 0.516758
0.052 0.053 0.525668
0.053 0.054 0.529861
0.054 0.055 0.531014
0.055 0.056 0.534025
0.056 0.057 0.538267
0.057 0.058 0.697222
0.058 0.059 1.000000
0.059 0.060 0.835470
0.060 0.061 0.531560
0.061 0.062 0.526248
0.062 0.063 0.504279
0.063 0.064 0.493503
0.064 0.065 0.484312
0.065 0.066 0.478104
0.066 0.067 0.599156
0.067 0.068 0.591238
0.068 0.069 0.474907
0.069 0.070 0.432043
0.070 0.071 0.366975
0.071 0.072 0.356905
0.072 0.073 0.343710
0.073 0.074 0.339611
0.074 0.075 0.333572
0.075 0.076 0.320878
0.076 0.077 0.306006
0.077 0.078 0.294797
0.078 0.079 0.289091
0.079 0.080 0.280950
0.080 0.081 0.268902
0.081 0.082 0.255292
0.082 0.083 0.241787
0.083 0.084 0.227166
0.084 0.085 0.215060
0.085 0.086 0.204685
0.086 0.087 0.192530
0.087 0.088 0.181731
0.088 0.089 0.170373
0.089 0.090 0.156950
0.090 0.091 0.141505
0.091 0.092 0.127093
0.092 0.093 0.114689
0.093 0.094 0.104226
0.094 0.095 0.091395
0.095 0.096 0.081327
0.096 0.097 0.068193
0.097 0.098 0.056470
0.098 0.099 0.042845
0.099 0.100 0.034730
0.100 0.101 0.029747
0.101 0.102 0.022594
0.102 0.103 0.016219
0.103 0.104 0.009837
0.104 0.105 0.005349
0.105 0.106 0.000959
0.106 0.107 0.000000
0.107 0.108 0.000000
0.108 0.109 0.000000
0.109 0.110 0.000000
0.110 0.111 0.000000
0.111 0.112 0.000000
0.112 0.113 0.000000
0.113 0.114 0.000000
0.114 0.115 0.000000
0.115 0.116 0.000000
0.116 0.117 0.000000
0.117 0.118 0.000000
0.118 0.119 0.000000
0.119 0.120 0.000000
0.120 0.121 0.000000
0.121 0.122 0.000000
0.122 0.123 0.000000
0.123 0.124 0.000000
0.124 0.125 0.000000
0.125 0.126 0.000000
0.126 0.127 0.000000
0.127 0.128 0.000000
0.128 0.129 0.000000
0.129 0.130 0.000000
0.130 0.131 0.000000
0.131 0.132 0.000000
0.132 0.133 0.000000
0.133 0.134 0.000000
0.134 0.135 0.000000
0.135 0.136 0.000000
0.136 0.137 0.000000
0.137 0.138 0.000000
0.138 0.139 0.000000
0.139 0.140 0.000000
0.140 0.141 0.000000
0.141 0.142 0.000000
0.142 0.143 0.000000
0.143 0.144 0.000000
0.144 0.145 0.000000
0.145 0.146 0.000000
0.146 0.147 0.000000
0.147 0.148 0.000000
0.148 0.149 0.000000
0.149 0.150 0.000000
