1
0.000 0.001 0.000000
0.001 0.002 0.000000
0.002 0.003 0.000000
0.003 0.004 0.000000
0.004 0.005 0.000000
0.005 0.006 0.000000
0.006 0.007 0.000000
0.007 0.008 0.000000
0.008 0.009 0.000000
0.009 0.010 0.000000
0.010 0.011 0.000000
0.011 0.012 0.000000
0.012 0.013 0.000000
0.013 0.014 0.000000
0.014 0.015 0.000000
0.015 0.016 0.000000
0.016 0.017 0.000000
0.017 0.018 0.000001
0.018 0.019 0.000004
0.019 0.020 0.000023
0.020 0.021 0.000097
0.021 0.022 0.000321
0.022 0.023 0.000877
0.023 0.024 0.002061
0.024 0.025 0.004274
0.025 0.026 0.007965
0.026 0.027 0.013579
0.027 0.028 0.021625
0.028 0.029 0.032438
0.029 0.030 0.045904
0.030 0.031 0.062204
0.031 0.032 0.081145
0.032 0.033 0.102340
0.033 0.034 0.125596
0.034 0.035 0.150435
0.035 0.036 0.175919
0.036 0.037 0.202309
0.037 0.038 0.228675
0.038 0.039 0.253179
0.039 0.040 0.277547
0.040 0.041 0.301339
0.041 0.042 0.322965
0.042 0.043 0.344456
0.043 0.044 0.363825
0.044 0.045 0.382115
0.045 0.046 0.398236
0.046 0.047 0.410404
0.047 0.048 0.424000
0.048 0.049 0.436926
0.049 0.050 0.444518
0.050 0.051 0.450153
0.051 0.052 0.457538
0.052 0.053 0.464574
0.053 0.054 0.467394
0.054 0.055 0.468352
0.055 0.056 0.471627
0.056 0.057 0.474529
0.057 0.058 0.654708
0.058 0.059 1.000000
0.059 0.060 0.815524
0.060 0.061 0.474143
0.061 0.062 0.470354
0.062 0.063 0.448381
0.063 0.064 0.440981
0.064 0.065 0.432794
0.065 0.066 0.427573
0.066 0.067 0.565334
0.067 0.068 0.559689
0.068 0.069 0.437059
0.069 0.070 0.395179
0.070 0.071 0.325210
0.071 0.072 0.318099
0.072 0.073 0.309494
0.073 0.074 0.306177
0.074 0.075 0.301370
0.075 0.076 0.294067
0.076 0.077 0.284070
0.077 0.078 0.276095
0.078 0.079 0.272570
0.079 0.080 0.266931
0.080 0.081 0.257940
0.081 0.082 0.248131
0.082 0.083 0.239388
0.083 0.084 0.230703
0.084 0.085 0.223143
0.085 0.086 0.216654
0.086 0.087 0.207713
0.087 0.088 0.201793
0.088 0.089 0.195160
0.089 0.090 0.185444
0.090 0.091 0.175558
0.091 0.092 0.163467
0.092 0.093 0.155300
0.093 0.094 0.150526
0.094 0.095 0.141734
0.095 0.096 0.133962
0.096 0.097 0.125123
0.097 0.098 0.114628
0.098 0.099 0.103930
0.099 0.100 0.096825
0.100 0.101 0.092133
0.101 0.102 0.085781
0.102 0.103 0.076419
0.103 0.104 0.070289
0.104 0.105 0.065631
0.105 0.106 0.059721
0.106 0.107 0.053200
0.107 0.108 0.046900
0.108 0.109 0.041397
0.109 0.110 0.034989
0.110 0.111 0.030304
0.111 0.112 0.026530
0.112 0.113 0.021385
0.113 0.114 0.018100
0.114 0.115 0.014656
0.115 0.116 0.010299
0.116 0.117 0.007552
0.117 0.118 0.004326
0.118 0.119 0.001759
0.119 0.120 0.000468
0.120 0.121 0.000000
0.121 0.122 0.000000
0.122 0.123 0.000000
0.123 0.124 0.000000
0.124 0.125 0.000000
0.125 0.126 0.000000
0.126 0.127 0.000000
0.127 0.128 0.000000
0.128 0.129 0.000000
0.129 0.130 0.000000
0.130 0.131 0.000000
0.131 0.132 0.000000
0.132 0.133 0.000000
0.133 0.134 0.000000
0.134 0.135 0.000000
0.135 0.136 0.000000
0.136 0.137 0.000000
0.137 0.138 0.000000
0.138 0.139 0.000000
0.139 0.140 0.000000
0.140 0.141 0.000000
0.141 0.142 0.000000
0.142 0.143 0.000000
0.143 0.144 0.000000
0.144 0.145 0.000000
0.145 0.146 0.000000
0.146 0.147 0.000000
0.147 0.148 0.000000
0.148 0.149 0.000000
0.149 0.150 0.000000
