1
0.000 0.001 0.000000
0.001 0.002 0.000000
0.002 0.003 0.000000
0.003 0.004 0.000000
0.004 0.005 0.000000
0.005 0.006 0.000000
0.006 0.007 0.000000
0.007 0.008 0.000000
0.008 0.009 0.000000
0.009 0.010 0.000000
0.010 0.011 0.000000
0.011 0.012 0.000000
0.012 0.013 0.000000
0.013 0.014 0.000000
0.014 0.015 0.000000
0.015 0.016 0.000000
0.016 0.017 0.000000
0.017 0.018 0.000000
0.018 0.019 0.000002
0.019 0.020 0.000016
0.020 0.021 0.000072
0.021 0.022 0.000255
0.022 0.023 0.000732
0.023 0.024 0.001790
0.024 0.025 0.003816
0.025 0.026 0.007267
0.026 0.027 0.012615
0.027 0.028 0.020317
0.028 0.029 0.030713
0.029 0.030 0.043770
0.030 0.031 0.059528
0.031 0.032 0.077829
0.032 0.033 0.098468
0.033 0.034 0.120744
0.034 0.035 0.144283
0.035 0.036 0.168762
0.036 0.037 0.193590
0.037 0.038 0.218853
0.038 0.039 0.243080
0.039 0.040 0.266395
0.040 0.041 0.288501
0.041 0.042 0.309433
0.042 0.043 0.329497
0.043 0.044 0.347457
0.044 0.045 0.364401
0.045 0.046 0.378085
0.046 0.047 0.390215
0.047 0.048 0.403006
0.048 0.049 0.412858
0.049 0.050 0.419436
0.050 0.051 0.425964
0.051 0.052 0.432560
0.052 0.053 0.436007
0.053 0.054 0.437839
0.054 0.055 0.439009
0.055 0.056 0.440064
0.056 0.057 0.440782
0.057 0.058 0.632643
0.058 0.059 1.000000
0.059 0.060 0.804092
0.060 0.061 0.442713
0.061 0.062 0.439071
0.062 0.063 0.414691
0.063 0.064 0.409115
0.064 0.065 0.402575
0.065 0.066 0.395391
0.066 0.067 0.541551
0.067 0.068 0.536138
0.068 0.069 0.406623
0.069 0.070 0.365129
0.070 0.071 0.291859
0.071 0.072 0.285640
0.072 0.073 0.279155
0.073 0.074 0.274225
0.074 0.075 0.269980
0.075 0.076 0.264835
0.076 0.077 0.257731
0.077 0.078 0.252188
0.078 0.079 0.247512
0.079 0.080 0.242683
0.080 0.081 0.237345
0.081 0.082 0.230172
0.082 0.083 0.222787
0.083 0.084 0.215165
0.084 0.085 0.210057
0.085 0.086 0.205342
0.086 0.087 0.200309
0.087 0.088 0.196190
0.088 0.089 0.190375
0.089 0.090 0.183727
0.090 0.091 0.177786
0.091 0.092 0.169960
0.092 0.093 0.163781
0.093 0.094 0.159751
0.094 0.095 0.153702
0.095 0.096 0.147621
0.096 0.097 0.143058
0.097 0.098 0.136951
0.098 0.099 0.131010
0.099 0.100 0.126651
0.100 0.101 0.122718
0.101 0.102 0.117814
0.102 0.103 0.112581
0.103 0.104 0.108308
0.104 0.105 0.103466
0.105 0.106 0.097741
0.106 0.107 0.092323
0.107 0.108 0.087503
0.108 0.109 0.083757
0.109 0.110 0.080340
0.110 0.111 0.076398
0.111 0.112 0.072617
0.112 0.113 0.067549
0.113 0.114 0.062779
0.114 0.115 0.059095
0.115 0.116 0.054885
0.116 0.117 0.051245
0.117 0.118 0.048266
0.118 0.119 0.044475
0.119 0.120 0.041303
0.120 0.121 0.039234
0.121 0.122 0.036363
0.122 0.123 0.033520
0.123 0.124 0.030149
0.124 0.125 0.027365
0.125 0.126 0.024544
0.126 0.127 0.022312
0.127 0.128 0.019511
0.128 0.129 0.017111
0.129 0.130 0.014729
0.130 0.131 0.011759
0.131 0.132 0.010688
0.132 0.133 0.009126
0.133 0.134 0.007230
0.134 0.135 0.005470
0.135 0.136 0.003536
0.136 0.137 0.002596
0.137 0.138 0.001555
0.138 0.139 0.000359
0.139 0.140 0.000000
0.140 0.141 0.000000
0.141 0.142 0.000000
0.142 0.143 0.000000
0.143 0.144 0.000000
0.144 0.145 0.000000
0.145 0.146 0.000000
0.146 0.147 0.000000
0.147 0.148 0.000000
0.148 0.149 0.000000
0.149 0.150 0.000000
