1
0.000 0.001 0.000000
0.001 0.002 0.000000
0.002 0.003 0.000000
0.003 0.004 0.000000
0.004 0.005 0.000000
0.005 0.006 0.000000
0.006 0.007 0.000000
0.007 0.008 0.000000
0.008 0.009 0.000000
0.009 0.010 0.000001
0.010 0.011 0.000022
0.011 0.012 0.000172
0.012 0.013 0.000869
0.013 0.014 0.003353
0.014 0.015 0.009595
0.015 0.016 0.021774
0.016 0.017 0.041794
0.017 0.018 0.070628
0.018 0.019 0.107580
0.019 0.020 0.152122
0.020 0.021 0.202688
0.021 0.022 0.257074
0.022 0.023 0.312256
0.023 0.024 0.366710
0.024 0.025 0.419903
0.025 0.026 0.468370
0.026 0.027 0.512123
0.027 0.028 0.554041
0.028 0.029 0.590929
0.029 0.030 0.621085
0.030 0.031 0.646464
0.031 0.032 0.667620
0.032 0.033 0.684718
0.033 0.034 0.697948
0.034 0.035 0.707581
0.035 0.036 0.714149
0.036 0.037 0.718153
0.037 0.038 0.717614
0.038 0.039 0.712051
0.039 0.040 0.706999
0.040 0.041 0.700977
0.041 0.042 0.692152
0.042 0.043 0.684731
0.043 0.044 0.674582
0.044 0.045 0.664706
0.045 0.046 0.653932
0.046 0.047 0.638588
0.047 0.048 0.627478
0.048 0.049 0.617685
0.049 0.050 0.602106
0.050 0.051 0.586254
0.051 0.052 0.574608
0.052 0.053 0.564100
0.053 0.054 0.550022
0.054 0.055 0.534780
0.055 0.056 0.523703
0.056 0.057 0.513573
0.057 0.058 0.680209
0.058 0.059 1.000000
0.059 0.060 0.803004
0.060 0.061 0.468146
0.061 0.062 0.455608
0.062 0.063 0.427409
0.063 0.064 0.412898
0.064 0.065 0.398839
0.065 0.066 0.388374
0.066 0.067 0.499382
0.067 0.068 0.487674
0.068 0.069 0.379005
0.069 0.070 0.339220
0.070 0.071 0.278326
0.071 0.072 0.268954
0.072 0.073 0.258442
0.073 0.074 0.253298
0.074 0.075 0.246972
0.075 0.076 0.238158
0.076 0.077 0.227492
0.077 0.078 0.218888
0.078 0.079 0.214259
0.079 0.080 0.208015
0.080 0.081 0.199138
0.081 0.082 0.189737
0.082 0.083 0.181237
0.083 0.084 0.172745
0.084 0.085 0.165412
0.085 0.086 0.159122
0.086 0.087 0.151114
0.087 0.088 0.145270
0.088 0.089 0.139117
0.089 0.090 0.130828
0.090 0.091 0.122156
0.091 0.092 0.112443
0.092 0.093 0.105329
0.093 0.094 0.101013
0.094 0.095 0.094268
0.095 0.096 0.087834
0.096 0.097 0.080063
0.097 0.098 0.072470
0.098 0.099 0.064723
0.099 0.100 0.058691
0.100 0.101 0.055719
0.101 0.102 0.051271
0.102 0.103 0.045052
0.103 0.104 0.039769
0.104 0.105 0.036624
0.105 0.106 0.032699
0.106 0.107 0.028254
0.107 0.108 0.024178
0.108 0.109 0.020574
0.109 0.110 0.016389
0.110 0.111 0.013449
0.111 0.112 0.011045
0.112 0.113 0.007880
0.113 0.114 0.005904
0.114 0.115 0.003520
0.115 0.116 0.001615
0.116 0.117 0.000435
0.117 0.118 0.000000
0.118 0.119 0.000000
0.119 0.120 0.000000
0.120 0.121 0.000000
0.121 0.122 0.000000
0.122 0.123 0.000000
0.123 0.124 0.000000
0.124 0.125 0.000000
0.125 0.126 0.000000
0.126 0.127 0.000000
0.127 0.128 0.000000
0.128 0.129 0.000000
0.129 0.130 0.000000
0.130 0.131 0.000000
0.131 0.132 0.000000
0.132 0.133 0.000000
0.133 0.134 0.000000
0.134 0.135 0.000000
0.135 0.136 0.000000
0.136 0.137 0.000000
0.137 0.138 0.000000
0.138 0.139 0.000000
0.139 0.140 0.000000
0.140 0.141 0.000000
0.141 0.142 0.000000
0.142 0.143 0.000000
0.143 0.144 0.000000
0.144 0.145 0.000000
0.145 0.146 0.000000
0.146 0.147 0.000000
0.147 0.148 0.000000
0.148 0.149 0.000000
0.149 0.150 0.000000
