1
0.000 0.001 0.000000
0.001 0.002 0.000000
0.002 0.003 0.000000
0.003 0.004 0.000000
0.004 0.005 0.000000
0.005 0.006 0.000000
0.006 0.007 0.000000
0.007 0.008 0.000000
0.008 0.009 0.000000
0.009 0.010 0.000000
0.010 0.011 0.000000
0.011 0.012 0.000000
0.012 0.013 0.000000
0.013 0.014 0.000000
0.014 0.015 0.000000
0.015 0.016 0.000000
0.016 0.017 0.000000
0.017 0.018 0.000000
0.018 0.019 0.000002
0.019 0.020 0.000012
0.020 0.021 0.000062
0.021 0.022 0.000238
0.022 0.023 0.000736
0.023 0.024 0.001909
0.024 0.025 0.004303
0.025 0.026 0.008592
0.026 0.027 0.015508
0.027 0.028 0.025874
0.028 0.029 0.040361
0.029 0.030 0.059114
0.030 0.031 0.082205
0.031 0.032 0.109566
0.032 0.033 0.141022
0.033 0.034 0.175604
0.034 0.035 0.212417
0.035 0.036 0.251461
0.036 0.037 0.290836
0.037 0.038 0.328596
0.038 0.039 0.366575
0.039 0.040 0.404667
0.040 0.041 0.438876
0.041 0.042 0.470378
0.042 0.043 0.500917
0.043 0.044 0.527158
0.044 0.045 0.550929
0.045 0.046 0.571589
0.046 0.047 0.587483
0.047 0.048 0.602731
0.048 0.049 0.615145
0.049 0.050 0.620562
0.050 0.051 0.625147
0.051 0.052 0.630346
0.052 0.053 0.631272
0.053 0.054 0.627580
0.054 0.055 0.625251
0.055 0.056 0.620440
0.056 0.057 0.615187
0.057 0.058 0.745864
0.058 0.059 1.000000
0.059 0.060 0.851490
0.060 0.061 0.581807
0.061 0.062 0.568109
0.062 0.063 0.538455
0.063 0.064 0.522932
0.064 0.065 0.508283
0.065 0.066 0.494560
0.066 0.067 0.591467
0.067 0.068 0.578239
0.068 0.069 0.468929
0.069 0.070 0.423409
0.070 0.071 0.361718
0.071 0.072 0.344681
0.072 0.073 0.328248
0.073 0.074 0.319107
0.074 0.075 0.308491
0.075 0.076 0.292936
0.076 0.077 0.276004
0.077 0.078 0.261052
0.078 0.079 0.250053
0.079 0.080 0.236759
0.080 0.081 0.224223
0.081 0.082 0.209694
0.082 0.083 0.195925
0.083 0.084 0.181867
0.084 0.085 0.169134
0.085 0.086 0.157507
0.086 0.087 0.143000
0.087 0.088 0.133593
0.088 0.089 0.123502
0.089 0.090 0.112392
0.090 0.091 0.100198
0.091 0.092 0.088562
0.092 0.093 0.077116
0.093 0.094 0.069981
0.094 0.095 0.061849
0.095 0.096 0.054206
0.096 0.097 0.044839
0.097 0.098 0.033878
0.098 0.099 0.025751
0.099 0.100 0.020022
0.100 0.101 0.016794
0.101 0.102 0.010005
0.102 0.103 0.006247
0.103 0.104 0.001635
0.104 0.105 0.000000
0.105 0.106 0.000000
0.106 0.107 0.000000
0.107 0.108 0.000000
0.108 0.109 0.000000
0.109 0.110 0.000000
0.110 0.111 0.000000
0.111 0.112 0.000000
0.112 0.113 0.000000
0.113 0.114 0.000000
0.114 0.115 0.000000
0.115 0.116 0.000000
0.116 0.117 0.000000
0.117 0.118 0.000000
0.118 0.119 0.000000
0.119 0.120 0.000000
0.120 0.121 0.000000
0.121 0.122 0.000000
0.122 0.123 0.000000
0.123 0.124 0.000000
0.124 0.125 0.000000
0.125 0.126 0.000000
0.126 0.127 0.000000
0.127 0.128 0.000000
0.128 0.129 0.000000
0.129 0.130 0.000000
0.130 0.131 0.000000
0.131 0.132 0.000000
0.132 0.133 0.000000
0.133 0.134 0.000000
0.134 0.135 0.000000
0.135 0.136 0.000000
0.136 0.137 0.000000
0.137 0.138 0.000000
0.138 0.139 0.000000
0.139 0.140 0.000000
0.140 0.141 0.000000
0.141 0.142 0.000000
0.142 0.143 0.000000
0.143 0.144 0.000000
0.144 0.145 0.000000
0.145 0.146 0.000000
0.146 0.147 0.000000
0.147 0.148 0.000000
0.148 0.149 0.000000
0.149 0.150 0.000000
