1
0.000 0.001 0.000000
0.001 0.002 0.000000
0.002 0.003 0.000000
0.003 0.004 0.000000
0.004 0.005 0.000000
0.005 0.006 0.000000
0.006 0.007 0.000000
0.007 0.008 0.000000
0.008 0.009 0.000000
0.009 0.010 0.000000
0.010 0.011 0.000000
0.011 0.012 0.000000
0.012 0.013 0.000000
0.013 0.014 0.000000
0.014 0.015 0.000000
0.015 0.016 0.000000
0.016 0.017 0.000000
0.017 0.018 0.000004
0.018 0.019 0.000022
0.019 0.020 0.000094
0.020 0.021 0.000322
0.021 0.022 0.000904
0.022 0.023 0.002161
0.023 0.024 0.004527
0.024 0.025 0.008517
0.025 0.026 0.014611
0.026 0.027 0.023216
0.027 0.028 0.034748
0.028 0.029 0.049344
0.029 0.030 0.066652
0.030 0.031 0.086687
0.031 0.032 0.108863
0.032 0.033 0.132936
0.033 0.034 0.158584
0.034 0.035 0.185056
0.035 0.036 0.211262
0.036 0.037 0.237792
0.037 0.038 0.264087
0.038 0.039 0.288071
0.039 0.040 0.311429
0.040 0.041 0.333465
0.041 0.042 0.353157
0.042 0.043 0.372158
0.043 0.044 0.389163
0.044 0.045 0.404917
0.045 0.046 0.417818
0.046 0.047 0.427912
0.047 0.048 0.439118
0.048 0.049 0.448582
0.049 0.050 0.453576
0.050 0.051 0.457537
0.051 0.052 0.462832
0.052 0.053 0.466223
0.053 0.054 0.466459
0.054 0.055 0.466088
0.055 0.056 0.467270
0.056 0.057 0.467452
0.057 0.058 0.649767
0.058 0.059 1.000000
0.059 0.060 0.810917
0.060 0.061 0.463968
0.061 0.062 0.458766
0.062 0.063 0.434759
0.063 0.064 0.427279
0.064 0.065 0.418727
0.065 0.066 0.412027
0.066 0.067 0.548827
0.067 0.068 0.542631
0.068 0.069 0.420193
0.069 0.070 0.378571
0.070 0.071 0.309062
0.071 0.072 0.302638
0.072 0.073 0.294505
0.073 0.074 0.289582
0.074 0.075 0.283941
0.075 0.076 0.277000
0.076 0.077 0.267901
0.077 0.078 0.260381
0.078 0.079 0.255991
0.079 0.080 0.250121
0.080 0.081 0.241744
0.081 0.082 0.232357
0.082 0.083 0.223924
0.083 0.084 0.215963
0.084 0.085 0.208751
0.085 0.086 0.202190
0.086 0.087 0.193503
0.087 0.088 0.188142
0.088 0.089 0.181455
0.089 0.090 0.172679
0.090 0.091 0.164672
0.091 0.092 0.154055
0.092 0.093 0.146130
0.093 0.094 0.142742
0.094 0.095 0.136119
0.095 0.096 0.129697
0.096 0.097 0.122796
0.097 0.098 0.114307
0.098 0.099 0.106172
0.099 0.100 0.100646
0.100 0.101 0.096219
0.101 0.102 0.091074
0.102 0.103 0.084173
0.103 0.104 0.078825
0.104 0.105 0.073787
0.105 0.106 0.068876
0.106 0.107 0.064213
0.107 0.108 0.058494
0.108 0.109 0.053615
0.109 0.110 0.048065
0.110 0.111 0.043941
0.111 0.112 0.040573
0.112 0.113 0.036034
0.113 0.114 0.032167
0.114 0.115 0.028041
0.115 0.116 0.024523
0.116 0.117 0.021310
0.117 0.118 0.017836
0.118 0.119 0.013056
0.119 0.120 0.011126
0.120 0.121 0.010108
0.121 0.122 0.007459
0.122 0.123 0.005812
0.123 0.124 0.004086
0.124 0.125 0.001896
0.125 0.126 0.000491
0.126 0.127 0.000000
0.127 0.128 0.000000
0.128 0.129 0.000000
0.129 0.130 0.000000
0.130 0.131 0.000000
0.131 0.132 0.000000
0.132 0.133 0.000000
0.133 0.134 0.000000
0.134 0.135 0.000000
0.135 0.136 0.000000
0.136 0.137 0.000000
0.137 0.138 0.000000
0.138 0.139 0.000000
0.139 0.140 0.000000
0.140 0.141 0.000000
0.141 0.142 0.000000
0.142 0.143 0.000000
0.143 0.144 0.000000
0.144 0.145 0.000000
0.145 0.146 0.000000
0.146 0.147 0.000000
0.147 0.148 0.000000
0.148 0.149 0.000000
0.149 0.150 0.000000
