1
0.000 0.001 0.000000
0.001 0.002 0.000000
0.002 0.003 0.000000
0.003 0.004 0.000000
0.004 0.005 0.000000
0.005 0.006 0.000000
0.006 0.007 0.000000
0.007 0.008 0.000000
0.008 0.009 0.000000
0.009 0.010 0.000000
0.010 0.011 0.000000
0.011 0.012 0.000000
0.012 0.013 0.000000
0.013 0.014 0.000000
0.014 0.015 0.000000
0.015 0.016 0.000000
0.016 0.017 0.000000
0.017 0.018 0.000000
0.018 0.019 0.000000
0.019 0.020 0.000000
0.020 0.021 0.000002
0.021 0.022 0.000010
0.022 0.023 0.000045
0.023 0.024 0.000156
0.024 0.025 0.000453
0.025 0.026 0.001123
0.026 0.027 0.002444
0.027 0.028 0.004801
0.028 0.029 0.008638
0.029 0.030 0.014342
0.030 0.031 0.022334
0.031 0.032 0.032859
0.032 0.033 0.046143
0.033 0.034 0.062205
0.034 0.035 0.080959
0.035 0.036 0.102174
0.036 0.037 0.125385
0.037 0.038 0.150183
0.038 0.039 0.175795
0.039 0.040 0.202456
0.040 0.041 0.229525
0.041 0.042 0.256233
0.042 0.043 0.283146
0.043 0.044 0.308756
0.044 0.045 0.334029
0.045 0.046 0.357279
0.046 0.047 0.377633
0.047 0.048 0.398445
0.048 0.049 0.418208
0.049 0.050 0.433563
0.050 0.051 0.447005
0.051 0.052 0.461367
0.052 0.053 0.474244
0.053 0.054 0.483434
0.054 0.055 0.490490
0.055 0.056 0.497874
0.056 0.057 0.504255
0.057 0.058 0.673680
0.058 0.059 1.000000
0.059 0.060 0.835798
0.060 0.061 0.517818
0.061 0.062 0.515829
0.062 0.063 0.496204
0.063 0.064 0.489818
0.064 0.065 0.482316
0.065 0.066 0.476874
0.066 0.067 0.613527
0.067 0.068 0.608866
0.068 0.069 0.484469
0.069 0.070 0.440100
0.070 0.071 0.368440
0.071 0.072 0.359648
0.072 0.073 0.348135
0.073 0.074 0.342118
0.074 0.075 0.335512
0.075 0.076 0.325970
0.076 0.077 0.313681
0.077 0.078 0.303022
0.078 0.079 0.296806
0.079 0.080 0.288709
0.080 0.081 0.276118
0.081 0.082 0.264334
0.082 0.083 0.253938
0.083 0.084 0.243690
0.084 0.085 0.234300
0.085 0.086 0.225971
0.086 0.087 0.214844
0.087 0.088 0.205900
0.088 0.089 0.198615
0.089 0.090 0.188210
0.090 0.091 0.177489
0.091 0.092 0.164578
0.092 0.093 0.155601
0.093 0.094 0.149102
0.094 0.095 0.141086
0.095 0.096 0.133326
0.096 0.097 0.124248
0.097 0.098 0.113487
0.098 0.099 0.102604
0.099 0.100 0.093814
0.100 0.101 0.089707
0.101 0.102 0.083623
0.102 0.103 0.074722
0.103 0.104 0.067745
0.104 0.105 0.062499
0.105 0.106 0.055170
0.106 0.107 0.049667
0.107 0.108 0.042993
0.108 0.109 0.037085
0.109 0.110 0.030018
0.110 0.111 0.025384
0.111 0.112 0.021628
0.112 0.113 0.017012
0.113 0.114 0.012258
0.114 0.115 0.009237
0.115 0.116 0.005216
0.116 0.117 0.003362
0.117 0.118 0.000897
0.118 0.119 0.000000
0.119 0.120 0.000000
0.120 0.121 0.000000
0.121 0.122 0.000000
0.122 0.123 0.000000
0.123 0.124 0.000000
0.124 0.125 0.000000
0.125 0.126 0.000000
0.126 0.127 0.000000
0.127 0.128 0.000000
0.128 0.129 0.000000
0.129 0.130 0.000000
0.130 0.131 0.000000
0.131 0.132 0.000000
0.132 0.133 0.000000
0.133 0.134 0.000000
0.134 0.135 0.000000
0.135 0.136 0.000000
0.136 0.137 0.000000
0.137 0.138 0.000000
0.138 0.139 0.000000
0.139 0.140 0.000000
0.140 0.141 0.000000
0.141 0.142 0.000000
0.142 0.143 0.000000
0.143 0.144 0.000000
0.144 0.145 0.000000
0.145 0.146 0.000000
0.146 0.147 0.000000
0.147 0.148 0.000000
0.148 0.149 0.000000
0.149 0.150 0.000000
