1
0.000 0.001 0.000000
0.001 0.002 0.000000
0.002 0.003 0.000000
0.003 0.004 0.000000
0.004 0.005 0.000000
0.005 0.006 0.000000
0.006 0.007 0.000000
0.007 0.008 0.000000
0.008 0.009 0.000000
0.009 0.010 0.000000
0.010 0.011 0.000000
0.011 0.012 0.000000
0.012 0.013 0.000000
0.013 0.014 0.000000
0.014 0.015 0.000000
0.015 0.016 0.000000
0.016 0.017 0.000000
0.017 0.018 0.000000
0.018 0.019 0.000000
0.019 0.020 0.000003
0.020 0.021 0.000014
0.021 0.022 0.000060
0.022 0.023 0.000204
0.023 0.024 0.000573
0.024 0.025 0.001381
0.025 0.026 0.002929
0.026 0.027 0.005574
0.027 0.028 0.009768
0.028 0.029 0.015910
0.029 0.030 0.024155
0.030 0.031 0.034882
0.031 0.032 0.048147
0.032 0.033 0.063748
0.033 0.034 0.081652
0.034 0.035 0.101715
0.035 0.036 0.123129
0.036 0.037 0.145870
0.037 0.038 0.169867
0.038 0.039 0.192880
0.039 0.040 0.215863
0.040 0.041 0.239487
0.041 0.042 0.261790
0.042 0.043 0.284009
0.043 0.044 0.304877
0.044 0.045 0.325030
0.045 0.046 0.343197
0.046 0.047 0.357918
0.047 0.048 0.374175
0.048 0.049 0.389971
0.049 0.050 0.401045
0.050 0.051 0.409505
0.051 0.052 0.419424
0.052 0.053 0.429725
0.053 0.054 0.435771
0.054 0.055 0.439913
0.055 0.056 0.446462
0.056 0.057 0.452072
0.057 0.058 0.640044
0.058 0.059 1.000000
0.059 0.060 0.814079
0.060 0.061 0.463440
0.061 0.062 0.462330
0.062 0.063 0.442362
0.063 0.064 0.437501
0.064 0.065 0.430979
0.065 0.066 0.427720
0.066 0.067 0.576155
0.067 0.068 0.572907
0.068 0.069 0.445652
0.069 0.070 0.403526
0.070 0.071 0.330039
0.071 0.072 0.324109
0.072 0.073 0.317171
0.073 0.074 0.314951
0.074 0.075 0.311032
0.075 0.076 0.305576
0.076 0.077 0.296885
0.077 0.078 0.289804
0.078 0.079 0.287407
0.079 0.080 0.282671
0.080 0.081 0.274254
0.081 0.082 0.265188
0.082 0.083 0.257686
0.083 0.084 0.250529
0.084 0.085 0.244087
0.085 0.086 0.238659
0.086 0.087 0.230117
0.087 0.088 0.225507
0.088 0.089 0.220319
0.089 0.090 0.211113
0.090 0.091 0.202043
0.091 0.092 0.189539
0.092 0.093 0.182033
0.093 0.094 0.179126
0.094 0.095 0.171235
0.095 0.096 0.163491
0.096 0.097 0.154822
0.097 0.098 0.143986
0.098 0.099 0.133502
0.099 0.100 0.125435
0.100 0.101 0.120196
0.101 0.102 0.113221
0.102 0.103 0.102575
0.103 0.104 0.094550
0.104 0.105 0.088808
0.105 0.106 0.081343
0.106 0.107 0.073500
0.107 0.108 0.063903
0.108 0.109 0.055469
0.109 0.110 0.046196
0.110 0.111 0.037649
0.111 0.112 0.030389
0.112 0.113 0.021610
0.113 0.114 0.015573
0.114 0.115 0.010060
0.115 0.116 0.004543
0.116 0.117 0.000585
0.117 0.118 0.000000
0.118 0.119 0.000000
0.119 0.120 0.000000
0.120 0.121 0.000000
0.121 0.122 0.000000
0.122 0.123 0.000000
0.123 0.124 0.000000
0.124 0.125 0.000000
0.125 0.126 0.000000
0.126 0.127 0.000000
0.127 0.128 0.000000
0.128 0.129 0.000000
0.129 0.130 0.000000
0.130 0.131 0.000000
0.131 0.132 0.000000
0.132 0.133 0.000000
0.133 0.134 0.000000
0.134 0.135 0.000000
0.135 0.136 0.000000
0.136 0.137 0.000000
0.137 0.138 0.000000
0.138 0.139 0.000000
0.139 0.140 0.000000
0.140 0.141 0.000000
0.141 0.142 0.000000
0.142 0.143 0.000000
0.143 0.144 0.000000
0.144 0.145 0.000000
0.145 0.146 0.000000
0.146 0.147 0.000000
0.147 0.148 0.000000
0.148 0.149 0.000000
0.149 0.150 0.000000
