1
0.000 0.001 0.000000
0.001 0.002 0.000000
0.002 0.003 0.000000
0.003 0.004 0.000000
0.004 0.005 0.000000
0.005 0.006 0.000000
0.006 0.007 0.000000
0.007 0.008 0.000000
0.008 0.009 0.000000
0.009 0.010 0.000000
0.010 0.011 0.000000
0.011 0.012 0.000000
0.012 0.013 0.000000
0.013 0.014 0.000000
0.014 0.015 0.000000
0.015 0.016 0.000000
0.016 0.017 0.000000
0.017 0.018 0.000000
0.018 0.019 0.000000
0.019 0.020 0.000000
0.020 0.021 0.000000
0.021 0.022 0.000002
0.022 0.023 0.000010
0.023 0.024 0.000038
0.024 0.025 0.000123
0.025 0.026 0.000336
0.026 0.027 0.000799
0.027 0.028 0.001695
0.028 0.029 0.003266
0.029 0.030 0.005760
0.030 0.031 0.009485
0.031 0.032 0.014673
0.032 0.033 0.021580
0.033 0.034 0.030384
0.034 0.035 0.041040
0.035 0.036 0.053398
0.036 0.037 0.067652
0.037 0.038 0.084004
0.038 0.039 0.101281
0.039 0.040 0.119372
0.040 0.041 0.138560
0.041 0.042 0.158297
0.042 0.043 0.178341
0.043 0.044 0.198222
0.044 0.045 0.218600
0.045 0.046 0.237372
0.046 0.047 0.255466
0.047 0.048 0.274773
0.048 0.049 0.292215
0.049 0.050 0.307121
0.050 0.051 0.322191
0.051 0.052 0.337310
0.052 0.053 0.349353
0.053 0.054 0.359888
0.054 0.055 0.370438
0.055 0.056 0.381216
0.056 0.057 0.390964
0.057 0.058 0.599219
0.058 0.059 1.000000
0.059 0.060 0.808128
0.060 0.061 0.428814
0.061 0.062 0.432727
0.062 0.063 0.413511
0.063 0.064 0.415313
0.064 0.065 0.414846
0.065 0.066 0.413639
0.066 0.067 0.590193
0.067 0.068 0.592089
0.068 0.069 0.449032
0.069 0.070 0.406915
0.070 0.071 0.324549
0.071 0.072 0.323567
0.072 0.073 0.320478
0.073 0.074 0.317778
0.074 0.075 0.315849
0.075 0.076 0.313918
0.076 0.077 0.309289
0.077 0.078 0.306222
0.078 0.079 0.304005
0.079 0.080 0.301060
0.080 0.081 0.297275
0.081 0.082 0.291690
0.082 0.083 0.285900
0.083 0.084 0.280747
0.084 0.085 0.276449
0.085 0.086 0.272243
0.086 0.087 0.267231
0.087 0.088 0.264360
0.088 0.089 0.258606
0.089 0.090 0.251122
0.090 0.091 0.245516
0.091 0.092 0.236006
0.092 0.093 0.229395
0.093 0.094 0.226776
0.094 0.095 0.220442
0.095 0.096 0.214377
0.096 0.097 0.208703
0.097 0.098 0.200476
0.098 0.099 0.193688
0.099 0.100 0.188013
0.100 0.101 0.181844
0.101 0.102 0.175549
0.102 0.103 0.168357
0.103 0.104 0.162889
0.104 0.105 0.156638
0.105 0.106 0.148873
0.106 0.107 0.142341
0.107 0.108 0.134295
0.108 0.109 0.127847
0.109 0.110 0.121555
0.110 0.111 0.114882
0.111 0.112 0.108900
0.112 0.113 0.100493
0.113 0.114 0.092918
0.114 0.115 0.086668
0.115 0.116 0.079635
0.116 0.117 0.072766
0.117 0.118 0.066148
0.118 0.119 0.057155
0.119 0.120 0.052122
0.120 0.121 0.049032
0.121 0.122 0.044569
0.122 0.123 0.040051
0.123 0.124 0.034885
0.124 0.125 0.029888
0.125 0.126 0.024889
0.126 0.127 0.020615
0.127 0.128 0.016694
0.128 0.129 0.012786
0.129 0.130 0.009937
0.130 0.131 0.006439
0.131 0.132 0.004324
0.132 0.133 0.002785
0.133 0.134 0.000468
0.134 0.135 0.000000
0.135 0.136 0.000000
0.136 0.137 0.000000
0.137 0.138 0.000000
0.138 0.139 0.000000
0.139 0.140 0.000000
0.140 0.141 0.000000
0.141 0.142 0.000000
0.142 0.143 0.000000
0.143 0.144 0.000000
0.144 0.145 0.000000
0.145 0.146 0.000000
0.146 0.147 0.000000
0.147 0.148 0.000000
0.148 0.149 0.000000
0.149 0.150 0.000000
