1
0.000 0.001 0.000000
0.001 0.002 0.000000
0.002 0.003 0.000000
0.003 0.004 0.000000
0.004 0.005 0.000000
0.005 0.006 0.000000
0.006 0.007 0.000000
0.007 0.008 0.000000
0.008 0.009 0.000000
0.009 0.010 0.000000
0.010 0.011 0.000000
0.011 0.012 0.000000
0.012 0.013 0.000000
0.013 0.014 0.000000
0.014 0.015 0.000000
0.015 0.016 0.000000
0.016 0.017 0.000000
0.017 0.018 0.000000
0.018 0.019 0.000000
0.019 0.020 0.000001
0.020 0.021 0.000007
0.021 0.022 0.000039
0.022 0.023 0.000162
0.023 0.024 0.000534
0.024 0.025 0.001482
0.025 0.026 0.003539
0.026 0.027 0.007446
0.027 0.028 0.014174
0.028 0.029 0.024782
0.029 0.030 0.040173
0.030 0.031 0.061181
0.031 0.032 0.087983
0.032 0.033 0.121007
0.033 0.034 0.159702
0.034 0.035 0.203412
0.035 0.036 0.251523
0.036 0.037 0.302062
0.037 0.038 0.355485
0.038 0.039 0.410083
0.039 0.040 0.464115
0.040 0.041 0.516342
0.041 0.042 0.565736
0.042 0.043 0.613174
0.043 0.044 0.656529
0.044 0.045 0.697642
0.045 0.046 0.729364
0.046 0.047 0.758372
0.047 0.048 0.780310
0.048 0.049 0.792315
0.049 0.050 0.809729
0.050 0.051 0.823291
0.051 0.052 0.829690
0.052 0.053 0.828152
0.053 0.054 0.827529
0.054 0.055 0.822733
0.055 0.056 0.804265
0.056 0.057 0.778990
0.057 0.058 0.850269
0.058 0.059 1.000000
0.059 0.060 0.900943
0.060 0.061 0.717537
0.061 0.062 0.690208
0.062 0.063 0.651151
0.063 0.064 0.626193
0.064 0.065 0.598551
0.065 0.066 0.565870
0.066 0.067 0.607867
0.067 0.068 0.582039
0.068 0.069 0.483557
0.069 0.070 0.433645
0.070 0.071 0.380707
0.071 0.072 0.356435
0.072 0.073 0.323901
0.073 0.074 0.295171
0.074 0.075 0.262284
0.075 0.076 0.239306
0.076 0.077 0.216637
0.077 0.078 0.189983
0.078 0.079 0.161904
0.079 0.080 0.135291
0.080 0.081 0.117061
0.081 0.082 0.093692
0.082 0.083 0.070779
0.083 0.084 0.058835
0.084 0.085 0.044539
0.085 0.086 0.026187
0.086 0.087 0.016671
0.087 0.088 0.004350
0.088 0.089 0.000000
0.089 0.090 0.000000
0.090 0.091 0.000000
0.091 0.092 0.000000
0.092 0.093 0.000000
0.093 0.094 0.000000
0.094 0.095 0.000000
0.095 0.096 0.000000
0.096 0.097 0.000000
0.097 0.098 0.000000
0.098 0.099 0.000000
0.099 0.100 0.000000
0.100 0.101 0.000000
0.101 0.102 0.000000
0.102 0.103 0.000000
0.103 0.104 0.000000
0.104 0.105 0.000000
0.105 0.106 0.000000
0.106 0.107 0.000000
0.107 0.108 0.000000
0.108 0.109 0.000000
0.109 0.110 0.000000
0.110 0.111 0.000000
0.111 0.112 0.000000
0.112 0.113 0.000000
0.113 0.114 0.000000
0.114 0.115 0.000000
0.115 0.116 0.000000
0.116 0.117 0.000000
0.117 0.118 0.000000
0.118 0.119 0.000000
0.119 0.120 0.000000
0.120 0.121 0.000000
0.121 0.122 0.000000
0.122 0.123 0.000000
0.123 0.124 0.000000
0.124 0.125 0.000000
0.125 0.126 0.000000
0.126 0.127 0.000000
0.127 0.128 0.000000
0.128 0.129 0.000000
0.129 0.130 0.000000
0.130 0.131 0.000000
0.131 0.132 0.000000
0.132 0.133 0.000000
0.133 0.134 0.000000
0.134 0.135 0.000000
0.135 0.136 0.000000
0.136 0.137 0.000000
0.137 0.138 0.000000
0.138 0.139 0.000000
0.139 0.140 0.000000
0.140 0.141 0.000000
0.141 0.142 0.000000
0.142 0.143 0.000000
0.143 0.144 0.000000
0.144 0.145 0.000000
0.145 0.146 0.000000
0.146 0.147 0.000000
0.147 0.148 0.000000
0.148 0.149 0.000000
0.149 0.150 0.000000
