1
0.000 0.001 0.000000
0.001 0.002 0.000000
0.002 0.003 0.000000
0.003 0.004 0.000000
0.004 0.005 0.000000
0.005 0.006 0.000000
0.006 0.007 0.000000
0.007 0.008 0.000000
0.008 0.009 0.000000
0.009 0.010 0.000000
0.010 0.011 0.000000
0.011 0.012 0.000000
0.012 0.013 0.000000
0.013 0.014 0.000000
0.014 0.015 0.000000
0.015 0.016 0.000001
0.016 0.017 0.000006
0.017 0.018 0.000040
0.018 0.019 0.000180
0.019 0.020 0.000620
0.020 0.021 0.001721
0.021 0.022 0.004003
0.022 0.023 0.008094
0.023 0.024 0.014644
0.024 0.025 0.024192
0.025 0.026 0.037025
0.026 0.027 0.053156
0.027 0.028 0.072641
0.028 0.029 0.095081
0.029 0.030 0.119398
0.030 0.031 0.145552
0.031 0.032 0.172594
0.032 0.033 0.199918
0.033 0.034 0.227472
0.034 0.035 0.254469
0.035 0.036 0.279247
0.036 0.037 0.303298
0.037 0.038 0.327063
0.038 0.039 0.346682
0.039 0.040 0.364713
0.040 0.041 0.381624
0.041 0.042 0.394950
0.042 0.043 0.408014
0.043 0.044 0.419391
0.044 0.045 0.429219
0.045 0.046 0.436455
0.046 0.047 0.440698
0.047 0.048 0.446875
0.048 0.049 0.451661
0.049 0.050 0.452333
0.050 0.051 0.451434
0.051 0.052 0.452066
0.052 0.053 0.452142
0.053 0.054 0.449252
0.054 0.055 0.446018
0.055 0.056 0.445285
0.056 0.057 0.443089
0.057 0.058 0.634297
0.058 0.059 1.000000
0.059 0.060 0.797749
0.060 0.061 0.434515
0.061 0.062 0.428752
0.062 0.063 0.404056
0.063 0.064 0.396728
0.064 0.065 0.387653
0.065 0.066 0.380990
0.066 0.067 0.519409
0.067 0.068 0.513108
0.068 0.069 0.391403
0.069 0.070 0.350999
0.070 0.071 0.281670
0.071 0.072 0.276036
0.072 0.073 0.269596
0.073 0.074 0.265306
0.074 0.075 0.260370
0.075 0.076 0.255516
0.076 0.077 0.248270
0.077 0.078 0.242160
0.078 0.079 0.238993
0.079 0.080 0.234320
0.080 0.081 0.227310
0.081 0.082 0.219761
0.082 0.083 0.213509
0.083 0.084 0.208016
0.084 0.085 0.202860
0.085 0.086 0.198242
0.086 0.087 0.191456
0.087 0.088 0.187815
0.088 0.089 0.182980
0.089 0.090 0.175636
0.090 0.091 0.169592
0.091 0.092 0.159937
0.092 0.093 0.154029
0.093 0.094 0.152019
0.094 0.095 0.146099
0.095 0.096 0.140221
0.096 0.097 0.134283
0.097 0.098 0.126537
0.098 0.099 0.120023
0.099 0.100 0.114338
0.100 0.101 0.109337
0.101 0.102 0.104214
0.102 0.103 0.096931
0.103 0.104 0.091559
0.104 0.105 0.087191
0.105 0.106 0.081531
0.106 0.107 0.076063
0.107 0.108 0.069218
0.108 0.109 0.063412
0.109 0.110 0.057023
0.110 0.111 0.051126
0.111 0.112 0.046411
0.112 0.113 0.040214
0.113 0.114 0.034843
0.114 0.115 0.029516
0.115 0.116 0.024272
0.116 0.117 0.019336
0.117 0.118 0.014635
0.118 0.119 0.009588
0.119 0.120 0.007174
0.120 0.121 0.005230
0.121 0.122 0.002314
0.122 0.123 0.000413
0.123 0.124 0.000000
0.124 0.125 0.000000
0.125 0.126 0.000000
0.126 0.127 0.000000
0.127 0.128 0.000000
0.128 0.129 0.000000
0.129 0.130 0.000000
0.130 0.131 0.000000
0.131 0.132 0.000000
0.132 0.133 0.000000
0.133 0.134 0.000000
0.134 0.135 0.000000
0.135 0.136 0.000000
0.136 0.137 0.000000
0.137 0.138 0.000000
0.138 0.139 0.000000
0.139 0.140 0.000000
0.140 0.141 0.000000
0.141 0.142 0.000000
0.142 0.143 0.000000
0.143 0.144 0.000000
0.144 0.145 0.000000
0.145 0.146 0.000000
0.146 0.147 0.000000
0.147 0.148 0.000000
0.148 0.149 0.000000
0.149 0.150 0.000000
