1
0.000 0.001 0.000000
0.001 0.002 0.000000
0.002 0.003 0.000000
0.003 0.004 0.000000
0.004 0.005 0.000000
0.005 0.006 0.000000
0.006 0.007 0.000000
0.007 0.008 0.000000
0.008 0.009 0.000000
0.009 0.010 0.000000
0.010 0.011 0.000000
0.011 0.012 0.000000
0.012 0.013 0.000000
0.013 0.014 0.000000
0.014 0.015 0.000000
0.015 0.016 0.000000
0.016 0.017 0.000001
0.017 0.018 0.000006
0.018 0.019 0.000032
0.019 0.020 0.000139
0.020 0.021 0.000468
0.021 0.022 0.001289
0.022 0.023 0.003022
0.023 0.024 0.006220
0.024 0.025 0.011506
0.025 0.026 0.019424
0.026 0.027 0.030357
0.027 0.028 0.044810
0.028 0.029 0.062895
0.029 0.030 0.084086
0.030 0.031 0.108121
0.031 0.032 0.134461
0.032 0.033 0.162572
0.033 0.034 0.191767
0.034 0.035 0.221596
0.035 0.036 0.250803
0.036 0.037 0.279685
0.037 0.038 0.308001
0.038 0.039 0.333291
0.039 0.040 0.357152
0.040 0.041 0.379151
0.041 0.042 0.398411
0.042 0.043 0.415478
0.043 0.044 0.432236
0.044 0.045 0.447629
0.045 0.046 0.459226
0.046 0.047 0.468348
0.047 0.048 0.478077
0.048 0.049 0.485311
0.049 0.050 0.488668
0.050 0.051 0.490558
0.051 0.052 0.492943
0.052 0.053 0.493529
0.053 0.054 0.491306
0.054 0.055 0.488088
0.055 0.056 0.485544
0.056 0.057 0.482246
0.057 0.058 0.657616
0.058 0.059 1.000000
0.059 0.060 0.812549
0.060 0.061 0.470500
0.061 0.062 0.463907
0.062 0.063 0.438858
0.063 0.064 0.429986
0.064 0.065 0.419950
0.065 0.066 0.411007
0.066 0.067 0.542654
0.067 0.068 0.534687
0.068 0.069 0.412748
0.069 0.070 0.370608
0.070 0.071 0.301528
0.071 0.072 0.293505
0.072 0.073 0.282789
0.073 0.074 0.277504
0.074 0.075 0.271798
0.075 0.076 0.265077
0.076 0.077 0.256318
0.077 0.078 0.248912
0.078 0.079 0.243951
0.079 0.080 0.238024
0.080 0.081 0.230193
0.081 0.082 0.221072
0.082 0.083 0.212783
0.083 0.084 0.204981
0.084 0.085 0.197837
0.085 0.086 0.190392
0.086 0.087 0.183856
0.087 0.088 0.179577
0.088 0.089 0.173960
0.089 0.090 0.166380
0.090 0.091 0.159469
0.091 0.092 0.150233
0.092 0.093 0.143858
0.093 0.094 0.140406
0.094 0.095 0.133989
0.095 0.096 0.127781
0.096 0.097 0.121213
0.097 0.098 0.113112
0.098 0.099 0.105282
0.099 0.100 0.100465
0.100 0.101 0.096354
0.101 0.102 0.091764
0.102 0.103 0.085708
0.103 0.104 0.081080
0.104 0.105 0.076928
0.105 0.106 0.071725
0.106 0.107 0.066863
0.107 0.108 0.061002
0.108 0.109 0.055388
0.109 0.110 0.051407
0.110 0.111 0.047557
0.111 0.112 0.044356
0.112 0.113 0.039963
0.113 0.114 0.036195
0.114 0.115 0.032701
0.115 0.116 0.028708
0.116 0.117 0.024386
0.117 0.118 0.021497
0.118 0.119 0.017470
0.119 0.120 0.015417
0.120 0.121 0.014474
0.121 0.122 0.012097
0.122 0.123 0.009645
0.123 0.124 0.006529
0.124 0.125 0.004829
0.125 0.126 0.003168
0.126 0.127 0.001230
0.127 0.128 0.000735
0.128 0.129 0.000000
0.129 0.130 0.000000
0.130 0.131 0.000000
0.131 0.132 0.000000
0.132 0.133 0.000000
0.133 0.134 0.000000
0.134 0.135 0.000000
0.135 0.136 0.000000
0.136 0.137 0.000000
0.137 0.138 0.000000
0.138 0.139 0.000000
0.139 0.140 0.000000
0.140 0.141 0.000000
0.141 0.142 0.000000
0.142 0.143 0.000000
0.143 0.144 0.000000
0.144 0.145 0.000000
0.145 0.146 0.000000
0.146 0.147 0.000000
0.147 0.148 0.000000
0.148 0.149 0.000000
0.149 0.150 0.000000
