1
0.000 0.001 0.000000
0.001 0.002 0.000000
0.002 0.003 0.000000
0.003 0.004 0.000000
0.004 0.005 0.000000
0.005 0.006 0.000000
0.006 0.007 0.000000
0.007 0.008 0.000000
0.008 0.009 0.000000
0.009 0.010 0.000000
0.010 0.011 0.000000
0.011 0.012 0.000000
0.012 0.013 0.000000
0.013 0.014 0.000000
0.014 0.015 0.000000
0.015 0.016 0.000000
0.016 0.017 0.000000
0.017 0.018 0.000004
0.018 0.019 0.000023
0.019 0.020 0.000104
0.020 0.021 0.000362
0.021 0.022 0.001026
0.022 0.023 0.002460
0.023 0.024 0.005165
0.024 0.025 0.009722
0.025 0.026 0.016651
0.026 0.027 0.026420
0.027 0.028 0.039431
0.028 0.029 0.055781
0.029 0.030 0.075147
0.030 0.031 0.097467
0.031 0.032 0.122140
0.032 0.033 0.148689
0.033 0.034 0.176726
0.034 0.035 0.205395
0.035 0.036 0.233762
0.036 0.037 0.262137
0.037 0.038 0.290129
0.038 0.039 0.315788
0.039 0.040 0.340410
0.040 0.041 0.363421
0.041 0.042 0.384029
0.042 0.043 0.403472
0.043 0.044 0.420385
0.044 0.045 0.436409
0.045 0.046 0.448807
0.046 0.047 0.458492
0.047 0.048 0.469037
0.048 0.049 0.477221
0.049 0.050 0.481361
0.050 0.051 0.484533
0.051 0.052 0.488353
0.052 0.053 0.489876
0.053 0.054 0.489000
0.054 0.055 0.487347
0.055 0.056 0.486082
0.056 0.057 0.483744
0.057 0.058 0.660227
0.058 0.059 1.000000
0.059 0.060 0.813224
0.060 0.061 0.472594
0.061 0.062 0.465398
0.062 0.063 0.439560
0.063 0.064 0.430833
0.064 0.065 0.420927
0.065 0.066 0.412125
0.066 0.067 0.543367
0.067 0.068 0.535591
0.068 0.069 0.414195
0.069 0.070 0.372128
0.070 0.071 0.303264
0.071 0.072 0.295346
0.072 0.073 0.284836
0.073 0.074 0.279297
0.074 0.075 0.273315
0.075 0.076 0.266272
0.076 0.077 0.257205
0.077 0.078 0.249467
0.078 0.079 0.244234
0.079 0.080 0.238004
0.080 0.081 0.229827
0.081 0.082 0.220395
0.082 0.083 0.211196
0.083 0.084 0.204181
0.084 0.085 0.197937
0.085 0.086 0.192258
0.086 0.087 0.185003
0.087 0.088 0.180016
0.088 0.089 0.173594
0.089 0.090 0.165396
0.090 0.091 0.158102
0.091 0.092 0.148282
0.092 0.093 0.140716
0.093 0.094 0.137729
0.094 0.095 0.131797
0.095 0.096 0.126058
0.096 0.097 0.119980
0.097 0.098 0.112368
0.098 0.099 0.105486
0.099 0.100 0.099847
0.100 0.101 0.094562
0.101 0.102 0.090139
0.102 0.103 0.084289
0.103 0.104 0.079837
0.104 0.105 0.075843
0.105 0.106 0.070825
0.106 0.107 0.066141
0.107 0.108 0.060464
0.108 0.109 0.055150
0.109 0.110 0.051076
0.110 0.111 0.047144
0.111 0.112 0.043878
0.112 0.113 0.039422
0.113 0.114 0.035591
0.114 0.115 0.032019
0.115 0.116 0.027513
0.116 0.117 0.024537
0.117 0.118 0.021354
0.118 0.119 0.017067
0.119 0.120 0.014727
0.120 0.121 0.013009
0.121 0.122 0.011158
0.122 0.123 0.009254
0.123 0.124 0.007248
0.124 0.125 0.004609
0.125 0.126 0.003274
0.126 0.127 0.002149
0.127 0.128 0.000583
0.128 0.129 0.000000
0.129 0.130 0.000000
0.130 0.131 0.000000
0.131 0.132 0.000000
0.132 0.133 0.000000
0.133 0.134 0.000000
0.134 0.135 0.000000
0.135 0.136 0.000000
0.136 0.137 0.000000
0.137 0.138 0.000000
0.138 0.139 0.000000
0.139 0.140 0.000000
0.140 0.141 0.000000
0.141 0.142 0.000000
0.142 0.143 0.000000
0.143 0.144 0.000000
0.144 0.145 0.000000
0.145 0.146 0.000000
0.146 0.147 0.000000
0.147 0.148 0.000000
0.148 0.149 0.000000
0.149 0.150 0.000000
