1
0.000 0.001 0.000000
0.001 0.002 0.000000
0.002 0.003 0.000000
0.003 0.004 0.000000
0.004 0.005 0.000000
0.005 0.006 0.000000
0.006 0.007 0.000000
0.007 0.008 0.000000
0.008 0.009 0.000000
0.009 0.010 0.000000
0.010 0.011 0.000000
0.011 0.012 0.000000
0.012 0.013 0.000000
0.013 0.014 0.000000
0.014 0.015 0.000000
0.015 0.016 0.000000
0.016 0.017 0.000000
0.017 0.018 0.000000
0.018 0.019 0.000000
0.019 0.020 0.000000
0.020 0.021 0.000000
0.021 0.022 0.000000
0.022 0.023 0.000001
0.023 0.024 0.000007
0.024 0.025 0.000028
0.025 0.026 0.000094
0.026 0.027 0.000266
0.027 0.028 0.000657
0.028 0.029 0.001449
0.029 0.030 0.002861
0.030 0.031 0.005201
0.031 0.032 0.008806
0.032 0.033 0.013987
0.033 0.034 0.021036
0.034 0.035 0.030231
0.035 0.036 0.041741
0.036 0.037 0.055591
0.037 0.038 0.071495
0.038 0.039 0.089154
0.039 0.040 0.108915
0.040 0.041 0.130427
0.041 0.042 0.152944
0.042 0.043 0.176984
0.043 0.044 0.201025
0.044 0.045 0.225882
0.045 0.046 0.250789
0.046 0.047 0.273475
0.047 0.048 0.297711
0.048 0.049 0.322335
0.049 0.050 0.342845
0.050 0.051 0.361719
0.051 0.052 0.382101
0.052 0.053 0.402591
0.053 0.054 0.418971
0.054 0.055 0.432615
0.055 0.056 0.448118
0.056 0.057 0.463771
0.057 0.058 0.647908
0.058 0.059 1.000000
0.059 0.060 0.836762
0.060 0.061 0.505088
0.061 0.062 0.510867
0.062 0.063 0.497247
0.063 0.064 0.496764
0.064 0.065 0.495395
0.065 0.066 0.497258
0.066 0.067 0.659663
0.067 0.068 0.661518
0.068 0.069 0.526587
0.069 0.070 0.482839
0.070 0.071 0.404704
0.071 0.072 0.399355
0.072 0.073 0.391661
0.073 0.074 0.392153
0.074 0.075 0.390162
0.075 0.076 0.383235
0.076 0.077 0.372259
0.077 0.078 0.364213
0.078 0.079 0.362384
0.079 0.080 0.357380
0.080 0.081 0.347489
0.081 0.082 0.336053
0.082 0.083 0.325573
0.083 0.084 0.314349
0.084 0.085 0.305002
0.085 0.086 0.297326
0.086 0.087 0.286153
0.087 0.088 0.278747
0.088 0.089 0.270873
0.089 0.090 0.257934
0.090 0.091 0.243208
0.091 0.092 0.226579
0.092 0.093 0.215387
0.093 0.094 0.208409
0.094 0.095 0.196235
0.095 0.096 0.184481
0.096 0.097 0.169920
0.097 0.098 0.154168
0.098 0.099 0.137504
0.099 0.100 0.124807
0.100 0.101 0.118984
0.101 0.102 0.109310
0.102 0.103 0.094805
0.103 0.104 0.085048
0.104 0.105 0.077836
0.105 0.106 0.068000
0.106 0.107 0.059770
0.107 0.108 0.049275
0.108 0.109 0.041866
0.109 0.110 0.033809
0.110 0.111 0.025651
0.111 0.112 0.020548
0.112 0.113 0.013842
0.113 0.114 0.008884
0.114 0.115 0.005713
0.115 0.116 0.000965
0.116 0.117 0.000000
0.117 0.118 0.000000
0.118 0.119 0.000000
0.119 0.120 0.000000
0.120 0.121 0.000000
0.121 0.122 0.000000
0.122 0.123 0.000000
0.123 0.124 0.000000
0.124 0.125 0.000000
0.125 0.126 0.000000
0.126 0.127 0.000000
0.127 0.128 0.000000
0.128 0.129 0.000000
0.129 0.130 0.000000
0.130 0.131 0.000000
0.131 0.132 0.000000
0.132 0.133 0.000000
0.133 0.134 0.000000
0.134 0.135 0.000000
0.135 0.136 0.000000
0.136 0.137 0.000000
0.137 0.138 0.000000
0.138 0.139 0.000000
0.139 0.140 0.000000
0.140 0.141 0.000000
0.141 0.142 0.000000
0.142 0.143 0.000000
0.143 0.144 0.000000
0.144 0.145 0.000000
0.145 0.146 0.000000
0.146 0.147 0.000000
0.147 0.148 0.000000
0.148 0.149 0.000000
0.149 0.150 0.000000
