1
0.000 0.001 0.000000
0.001 0.002 0.000000
0.002 0.003 0.000000
0.003 0.004 0.000000
0.004 0.005 0.000000
0.005 0.006 0.000000
0.006 0.007 0.000000
0.007 0.008 0.000000
0.008 0.009 0.000000
0.009 0.010 0.000000
0.010 0.011 0.000000
0.011 0.012 0.000000
0.012 0.013 0.000000
0.013 0.014 0.000000
0.014 0.015 0.000000
0.015 0.016 0.000000
0.016 0.017 0.000004
0.017 0.018 0.000033
0.018 0.019 0.000176
0.019 0.020 0.000680
0.020 0.021 0.002068
0.021 0.022 0.005190
0.022 0.023 0.011135
0.023 0.024 0.021086
0.024 0.025 0.036124
0.025 0.026 0.056940
0.026 0.027 0.083476
0.027 0.028 0.116113
0.028 0.029 0.154234
0.029 0.030 0.196182
0.030 0.031 0.240742
0.031 0.032 0.287218
0.032 0.033 0.334447
0.033 0.034 0.380469
0.034 0.035 0.424440
0.035 0.036 0.466977
0.036 0.037 0.505404
0.037 0.038 0.537717
0.038 0.039 0.566921
0.039 0.040 0.593712
0.040 0.041 0.617921
0.041 0.042 0.637334
0.042 0.043 0.655520
0.043 0.044 0.668589
0.044 0.045 0.679231
0.045 0.046 0.685321
0.046 0.047 0.685711
0.047 0.048 0.686522
0.048 0.049 0.685473
0.049 0.050 0.677076
0.050 0.051 0.669025
0.051 0.052 0.661800
0.052 0.053 0.655310
0.053 0.054 0.646929
0.054 0.055 0.635726
0.055 0.056 0.623359
0.056 0.057 0.611450
0.057 0.058 0.742514
0.058 0.059 1.000000
0.059 0.060 0.838498
0.060 0.061 0.556713
0.061 0.062 0.539727
0.062 0.063 0.507690
0.063 0.064 0.490299
0.064 0.065 0.473947
0.065 0.066 0.459345
0.066 0.067 0.552186
0.067 0.068 0.537786
0.068 0.069 0.432249
0.069 0.070 0.388813
0.070 0.071 0.329759
0.071 0.072 0.315116
0.072 0.073 0.297146
0.073 0.074 0.285284
0.074 0.075 0.276169
0.075 0.076 0.262826
0.076 0.077 0.248126
0.077 0.078 0.235527
0.078 0.079 0.226588
0.079 0.080 0.216762
0.080 0.081 0.204426
0.081 0.082 0.190198
0.082 0.083 0.175505
0.083 0.084 0.164193
0.084 0.085 0.154406
0.085 0.086 0.145826
0.086 0.087 0.135857
0.087 0.088 0.126960
0.088 0.089 0.117788
0.089 0.090 0.107265
0.090 0.091 0.094422
0.091 0.092 0.085630
0.092 0.093 0.078583
0.093 0.094 0.072271
0.094 0.095 0.064776
0.095 0.096 0.057746
0.096 0.097 0.049134
0.097 0.098 0.038956
0.098 0.099 0.031228
0.099 0.100 0.026011
0.100 0.101 0.023472
0.101 0.102 0.018546
0.102 0.103 0.011647
0.103 0.104 0.008430
0.104 0.105 0.005749
0.105 0.106 0.001594
0.106 0.107 0.000000
0.107 0.108 0.000000
0.108 0.109 0.000000
0.109 0.110 0.000000
0.110 0.111 0.000000
0.111 0.112 0.000000
0.112 0.113 0.000000
0.113 0.114 0.000000
0.114 0.115 0.000000
0.115 0.116 0.000000
0.116 0.117 0.000000
0.117 0.118 0.000000
0.118 0.119 0.000000
0.119 0.120 0.000000
0.120 0.121 0.000000
0.121 0.122 0.000000
0.122 0.123 0.000000
0.123 0.124 0.000000
0.124 0.125 0.000000
0.125 0.126 0.000000
0.126 0.127 0.000000
0.127 0.128 0.000000
0.128 0.129 0.000000
0.129 0.130 0.000000
0.130 0.131 0.000000
0.131 0.132 0.000000
0.132 0.133 0.000000
0.133 0.134 0.000000
0.134 0.135 0.000000
0.135 0.136 0.000000
0.136 0.137 0.000000
0.137 0.138 0.000000
0.138 0.139 0.000000
0.139 0.140 0.000000
0.140 0.141 0.000000
0.141 0.142 0.000000
0.142 0.143 0.000000
0.143 0.144 0.000000
0.144 0.145 0.000000
0.145 0.146 0.000000
0.146 0.147 0.000000
0.147 0.148 0.000000
0.148 0.149 0.000000
0.149 0.150 0.000000
