1
0.000 0.001 0.000000
0.001 0.002 0.000000
0.002 0.003 0.000000
0.003 0.004 0.000000
0.004 0.005 0.000000
0.005 0.006 0.000000
0.006 0.007 0.000000
0.007 0.008 0.000000
0.008 0.009 0.000000
0.009 0.010 0.000000
0.010 0.011 0.000000
0.011 0.012 0.000000
0.012 0.013 0.000000
0.013 0.014 0.000000
0.014 0.015 0.000000
0.015 0.016 0.000000
0.016 0.017 0.000000
0.017 0.018 0.000002
0.018 0.019 0.000016
0.019 0.020 0.000077
0.020 0.021 0.000286
0.021 0.022 0.000851
0.022 0.023 0.002127
0.023 0.024 0.004610
0.024 0.025 0.008894
0.025 0.026 0.015573
0.026 0.027 0.025105
0.027 0.028 0.037944
0.028 0.029 0.054317
0.029 0.030 0.073759
0.030 0.031 0.096257
0.031 0.032 0.121443
0.032 0.033 0.148627
0.033 0.034 0.177235
0.034 0.035 0.206443
0.035 0.036 0.235630
0.036 0.037 0.264910
0.037 0.038 0.293508
0.038 0.039 0.319715
0.039 0.040 0.344832
0.040 0.041 0.368236
0.041 0.042 0.388916
0.042 0.043 0.408519
0.043 0.044 0.425884
0.044 0.045 0.441838
0.045 0.046 0.453841
0.046 0.047 0.462995
0.047 0.048 0.472895
0.048 0.049 0.480501
0.049 0.050 0.483723
0.050 0.051 0.486819
0.051 0.052 0.490392
0.052 0.053 0.491548
0.053 0.054 0.490531
0.054 0.055 0.488710
0.055 0.056 0.486970
0.056 0.057 0.483978
0.057 0.058 0.660116
0.058 0.059 1.000000
0.059 0.060 0.812771
0.060 0.061 0.471094
0.061 0.062 0.462708
0.062 0.063 0.438069
0.063 0.064 0.429695
0.064 0.065 0.420150
0.065 0.066 0.411673
0.066 0.067 0.543898
0.067 0.068 0.536487
0.068 0.069 0.414758
0.069 0.070 0.372835
0.070 0.071 0.303884
0.071 0.072 0.296234
0.072 0.073 0.286579
0.073 0.074 0.279244
0.074 0.075 0.273557
0.075 0.076 0.266857
0.076 0.077 0.258137
0.077 0.078 0.250822
0.078 0.079 0.245939
0.079 0.080 0.240030
0.080 0.081 0.232177
0.081 0.082 0.223020
0.082 0.083 0.214699
0.083 0.084 0.206884
0.084 0.085 0.199715
0.085 0.086 0.192349
0.086 0.087 0.185561
0.087 0.088 0.181001
0.088 0.089 0.175001
0.089 0.090 0.167168
0.090 0.091 0.160163
0.091 0.092 0.150713
0.092 0.093 0.144072
0.093 0.094 0.140319
0.094 0.095 0.133622
0.095 0.096 0.126489
0.096 0.097 0.120902
0.097 0.098 0.113760
0.098 0.099 0.107285
0.099 0.100 0.102080
0.100 0.101 0.097735
0.101 0.102 0.092730
0.102 0.103 0.086291
0.103 0.104 0.081255
0.104 0.105 0.076092
0.105 0.106 0.071510
0.106 0.107 0.067317
0.107 0.108 0.062144
0.108 0.109 0.057807
0.109 0.110 0.053277
0.110 0.111 0.048879
0.111 0.112 0.045170
0.112 0.113 0.039732
0.113 0.114 0.036386
0.114 0.115 0.033356
0.115 0.116 0.029849
0.116 0.117 0.026524
0.117 0.118 0.022992
0.118 0.119 0.018319
0.119 0.120 0.015336
0.120 0.121 0.014556
0.121 0.122 0.012488
0.122 0.123 0.010358
0.123 0.124 0.008114
0.124 0.125 0.005161
0.125 0.126 0.003667
0.126 0.127 0.002408
0.127 0.128 0.000653
0.128 0.129 0.000000
0.129 0.130 0.000000
0.130 0.131 0.000000
0.131 0.132 0.000000
0.132 0.133 0.000000
0.133 0.134 0.000000
0.134 0.135 0.000000
0.135 0.136 0.000000
0.136 0.137 0.000000
0.137 0.138 0.000000
0.138 0.139 0.000000
0.139 0.140 0.000000
0.140 0.141 0.000000
0.141 0.142 0.000000
0.142 0.143 0.000000
0.143 0.144 0.000000
0.144 0.145 0.000000
0.145 0.146 0.000000
0.146 0.147 0.000000
0.147 0.148 0.000000
0.148 0.149 0.000000
0.149 0.150 0.000000
