1
0.000 0.001 0.000000
0.001 0.002 0.000000
0.002 0.003 0.000000
0.003 0.004 0.000000
0.004 0.005 0.000000
0.005 0.006 0.000000
0.006 0.007 0.000000
0.007 0.008 0.000000
0.008 0.009 0.000000
0.009 0.010 0.000000
0.010 0.011 0.000000
0.011 0.012 0.000000
0.012 0.013 0.000000
0.013 0.014 0.000000
0.014 0.015 0.000000
0.015 0.016 0.000000
0.016 0.017 0.000000
0.017 0.018 0.000000
0.018 0.019 0.000004
0.019 0.020 0.000021
0.020 0.021 0.000094
0.021 0.022 0.000323
0.022 0.023 0.000912
0.023 0.024 0.002185
0.024 0.025 0.004597
0.025 0.026 0.008656
0.026 0.027 0.014841
0.027 0.028 0.023713
0.028 0.029 0.035627
0.029 0.030 0.050418
0.030 0.031 0.068124
0.031 0.032 0.088771
0.032 0.033 0.111661
0.033 0.034 0.136531
0.034 0.035 0.163098
0.035 0.036 0.190570
0.036 0.037 0.218951
0.037 0.038 0.245995
0.038 0.039 0.270946
0.039 0.040 0.296085
0.040 0.041 0.320672
0.041 0.042 0.342940
0.042 0.043 0.364894
0.043 0.044 0.383760
0.044 0.045 0.401741
0.045 0.046 0.418582
0.046 0.047 0.429785
0.047 0.048 0.442852
0.048 0.049 0.456107
0.049 0.050 0.462879
0.050 0.051 0.467446
0.051 0.052 0.474242
0.052 0.053 0.481981
0.053 0.054 0.484912
0.054 0.055 0.484341
0.055 0.056 0.486839
0.056 0.057 0.490398
0.057 0.058 0.665572
0.058 0.059 1.000000
0.059 0.060 0.818060
0.060 0.061 0.484038
0.061 0.062 0.479989
0.062 0.063 0.459053
0.063 0.064 0.450242
0.064 0.065 0.441426
0.065 0.066 0.436450
0.066 0.067 0.568703
0.067 0.068 0.562118
0.068 0.069 0.442214
0.069 0.070 0.400657
0.070 0.071 0.332350
0.071 0.072 0.323876
0.072 0.073 0.313854
0.073 0.074 0.311772
0.074 0.075 0.307731
0.075 0.076 0.299342
0.076 0.077 0.287899
0.077 0.078 0.279243
0.078 0.079 0.275854
0.079 0.080 0.270172
0.080 0.081 0.260984
0.081 0.082 0.250830
0.082 0.083 0.241393
0.083 0.084 0.231284
0.084 0.085 0.223030
0.085 0.086 0.216295
0.086 0.087 0.207264
0.087 0.088 0.201037
0.088 0.089 0.195012
0.089 0.090 0.184970
0.090 0.091 0.172934
0.091 0.092 0.160454
0.092 0.093 0.152041
0.093 0.094 0.146592
0.094 0.095 0.137617
0.095 0.096 0.129121
0.096 0.097 0.118621
0.097 0.098 0.106584
0.098 0.099 0.093231
0.099 0.100 0.084102
0.100 0.101 0.079700
0.101 0.102 0.071260
0.102 0.103 0.060493
0.103 0.104 0.051177
0.104 0.105 0.045299
0.105 0.106 0.037610
0.106 0.107 0.030418
0.107 0.108 0.023813
0.108 0.109 0.017302
0.109 0.110 0.011558
0.110 0.111 0.006991
0.111 0.112 0.003735
0.112 0.113 0.000647
0.113 0.114 0.000000
0.114 0.115 0.000000
0.115 0.116 0.000000
0.116 0.117 0.000000
0.117 0.118 0.000000
0.118 0.119 0.000000
0.119 0.120 0.000000
0.120 0.121 0.000000
0.121 0.122 0.000000
0.122 0.123 0.000000
0.123 0.124 0.000000
0.124 0.125 0.000000
0.125 0.126 0.000000
0.126 0.127 0.000000
0.127 0.128 0.000000
0.128 0.129 0.000000
0.129 0.130 0.000000
0.130 0.131 0.000000
0.131 0.132 0.000000
0.132 0.133 0.000000
0.133 0.134 0.000000
0.134 0.135 0.000000
0.135 0.136 0.000000
0.136 0.137 0.000000
0.137 0.138 0.000000
0.138 0.139 0.000000
0.139 0.140 0.000000
0.140 0.141 0.000000
0.141 0.142 0.000000
0.142 0.143 0.000000
0.143 0.144 0.000000
0.144 0.145 0.000000
0.145 0.146 0.000000
0.146 0.147 0.000000
0.147 0.148 0.000000
0.148 0.149 0.000000
0.149 0.150 0.000000
