1
0.000 0.001 0.000000
0.001 0.002 0.000000
0.002 0.003 0.000000
0.003 0.004 0.000000
0.004 0.005 0.000000
0.005 0.006 0.000000
0.006 0.007 0.000000
0.007 0.008 0.000000
0.008 0.009 0.000000
0.009 0.010 0.000000
0.010 0.011 0.000000
0.011 0.012 0.000000
0.012 0.013 0.000000
0.013 0.014 0.000000
0.014 0.015 0.000000
0.015 0.016 0.000000
0.016 0.017 0.000000
0.017 0.018 0.000000
0.018 0.019 0.000000
0.019 0.020 0.000002
0.020 0.021 0.000010
0.021 0.022 0.000042
0.022 0.023 0.000142
0.023 0.024 0.000399
0.024 0.025 0.000967
0.025 0.026 0.002060
0.026 0.027 0.003959
0.027 0.028 0.006979
0.028 0.029 0.011413
0.029 0.030 0.017482
0.030 0.031 0.025406
0.031 0.032 0.035214
0.032 0.033 0.047075
0.033 0.034 0.060728
0.034 0.035 0.075768
0.035 0.036 0.092217
0.036 0.037 0.109842
0.037 0.038 0.128863
0.038 0.039 0.148067
0.039 0.040 0.166898
0.040 0.041 0.185580
0.041 0.042 0.204324
0.042 0.043 0.222806
0.043 0.044 0.240047
0.044 0.045 0.257127
0.045 0.046 0.271643
0.046 0.047 0.286076
0.047 0.048 0.301427
0.048 0.049 0.313702
0.049 0.050 0.323666
0.050 0.051 0.334633
0.051 0.052 0.345098
0.052 0.053 0.351114
0.053 0.054 0.357067
0.054 0.055 0.363319
0.055 0.056 0.368822
0.056 0.057 0.374488
0.057 0.058 0.589404
0.058 0.059 1.000000
0.059 0.060 0.792862
0.060 0.061 0.398931
0.061 0.062 0.399935
0.062 0.063 0.377109
0.063 0.064 0.377136
0.064 0.065 0.375861
0.065 0.066 0.371906
0.066 0.067 0.542702
0.067 0.068 0.541689
0.068 0.069 0.400427
0.069 0.070 0.360091
0.070 0.071 0.280532
0.071 0.072 0.279413
0.072 0.073 0.276022
0.073 0.074 0.272162
0.074 0.075 0.270375
0.075 0.076 0.268268
0.076 0.077 0.264254
0.077 0.078 0.262046
0.078 0.079 0.258801
0.079 0.080 0.256141
0.080 0.081 0.254580
0.081 0.082 0.250821
0.082 0.083 0.245536
0.083 0.084 0.240550
0.084 0.085 0.236756
0.085 0.086 0.232937
0.086 0.087 0.230245
0.087 0.088 0.227326
0.088 0.089 0.221898
0.089 0.090 0.216591
0.090 0.091 0.212272
0.091 0.092 0.206267
0.092 0.093 0.200806
0.093 0.094 0.197168
0.094 0.095 0.192199
0.095 0.096 0.187952
0.096 0.097 0.184286
0.097 0.098 0.178809
0.098 0.099 0.173488
0.099 0.100 0.169814
0.100 0.101 0.165541
0.101 0.102 0.160402
0.102 0.103 0.156245
0.103 0.104 0.152661
0.104 0.105 0.147089
0.105 0.106 0.140746
0.106 0.107 0.135874
0.107 0.108 0.130312
0.108 0.109 0.126230
0.109 0.110 0.123113
0.110 0.111 0.118747
0.111 0.112 0.114063
0.112 0.113 0.107663
0.113 0.114 0.101313
0.114 0.115 0.097132
0.115 0.116 0.093144
0.116 0.117 0.087639
0.117 0.118 0.083597
0.118 0.119 0.078620
0.119 0.120 0.073674
0.120 0.121 0.070340
0.121 0.122 0.066256
0.122 0.123 0.062279
0.123 0.124 0.058084
0.124 0.125 0.052726
0.125 0.126 0.047280
0.126 0.127 0.043072
0.127 0.128 0.037692
0.128 0.129 0.033155
0.129 0.130 0.028569
0.130 0.131 0.023408
0.131 0.132 0.020139
0.132 0.133 0.015851
0.133 0.134 0.011377
0.134 0.135 0.007664
0.135 0.136 0.004433
0.136 0.137 0.002364
0.137 0.138 0.000284
0.138 0.139 0.000000
0.139 0.140 0.000000
0.140 0.141 0.000000
0.141 0.142 0.000000
0.142 0.143 0.000000
0.143 0.144 0.000000
0.144 0.145 0.000000
0.145 0.146 0.000000
0.146 0.147 0.000000
0.147 0.148 0.000000
0.148 0.149 0.000000
0.149 0.150 0.000000
