1
0.000 0.001 0.000000
0.001 0.002 0.000000
0.002 0.003 0.000000
0.003 0.004 0.000000
0.004 0.005 0.000000
0.005 0.006 0.000000
0.006 0.007 0.000000
0.007 0.008 0.000000
0.008 0.009 0.000000
0.009 0.010 0.000000
0.010 0.011 0.000000
0.011 0.012 0.000000
0.012 0.013 0.000000
0.013 0.014 0.000000
0.014 0.015 0.000000
0.015 0.016 0.000000
0.016 0.017 0.000006
0.017 0.018 0.000047
0.018 0.019 0.000252
0.019 0.020 0.000991
0.020 0.021 0.003044
0.021 0.022 0.007664
0.022 0.023 0.016473
0.023 0.024 0.031209
0.024 0.025 0.053174
0.025 0.026 0.083977
0.026 0.027 0.123505
0.027 0.028 0.171769
0.028 0.029 0.227655
0.029 0.030 0.288424
0.030 0.031 0.353365
0.031 0.032 0.419452
0.032 0.033 0.486103
0.033 0.034 0.549773
0.034 0.035 0.609891
0.035 0.036 0.666054
0.036 0.037 0.711319
0.037 0.038 0.759252
0.038 0.039 0.802886
0.039 0.040 0.840230
0.040 0.041 0.869811
0.041 0.042 0.894084
0.042 0.043 0.912700
0.043 0.044 0.927559
0.044 0.045 0.935605
0.045 0.046 0.932271
0.046 0.047 0.929759
0.047 0.048 0.922456
0.048 0.049 0.905687
0.049 0.050 0.894087
0.050 0.051 0.882561
0.051 0.052 0.871045
0.052 0.053 0.851199
0.053 0.054 0.829991
0.054 0.055 0.808358
0.055 0.056 0.781630
0.056 0.057 0.752071
0.057 0.058 0.829496
0.058 0.059 1.000000
0.059 0.060 0.867331
0.060 0.061 0.654178
0.061 0.062 0.627479
0.062 0.063 0.588484
0.063 0.064 0.560148
0.064 0.065 0.532474
0.065 0.066 0.503446
0.066 0.067 0.555471
0.067 0.068 0.531582
0.068 0.069 0.433176
0.069 0.070 0.387456
0.070 0.071 0.336535
0.071 0.072 0.318783
0.072 0.073 0.295506
0.073 0.074 0.274147
0.074 0.075 0.252458
0.075 0.076 0.230482
0.076 0.077 0.206521
0.077 0.078 0.190054
0.078 0.079 0.174336
0.079 0.080 0.159592
0.080 0.081 0.142918
0.081 0.082 0.123254
0.082 0.083 0.106444
0.083 0.084 0.088976
0.084 0.085 0.077632
0.085 0.086 0.066241
0.086 0.087 0.053297
0.087 0.088 0.040670
0.088 0.089 0.025039
0.089 0.090 0.017922
0.090 0.091 0.012651
0.091 0.092 0.003461
0.092 0.093 0.000000
0.093 0.094 0.000000
0.094 0.095 0.000000
0.095 0.096 0.000000
0.096 0.097 0.000000
0.097 0.098 0.000000
0.098 0.099 0.000000
0.099 0.100 0.000000
0.100 0.101 0.000000
0.101 0.102 0.000000
0.102 0.103 0.000000
0.103 0.104 0.000000
0.104 0.105 0.000000
0.105 0.106 0.000000
0.106 0.107 0.000000
0.107 0.108 0.000000
0.108 0.109 0.000000
0.109 0.110 0.000000
0.110 0.111 0.000000
0.111 0.112 0.000000
0.112 0.113 0.000000
0.113 0.114 0.000000
0.114 0.115 0.000000
0.115 0.116 0.000000
0.116 0.117 0.000000
0.117 0.118 0.000000
0.118 0.119 0.000000
0.119 0.120 0.000000
0.120 0.121 0.000000
0.121 0.122 0.000000
0.122 0.123 0.000000
0.123 0.124 0.000000
0.124 0.125 0.000000
0.125 0.126 0.000000
0.126 0.127 0.000000
0.127 0.128 0.000000
0.128 0.129 0.000000
0.129 0.130 0.000000
0.130 0.131 0.000000
0.131 0.132 0.000000
0.132 0.133 0.000000
0.133 0.134 0.000000
0.134 0.135 0.000000
0.135 0.136 0.000000
0.136 0.137 0.000000
0.137 0.138 0.000000
0.138 0.139 0.000000
0.139 0.140 0.000000
0.140 0.141 0.000000
0.141 0.142 0.000000
0.142 0.143 0.000000
0.143 0.144 0.000000
0.144 0.145 0.000000
0.145 0.146 0.000000
0.146 0.147 0.000000
0.147 0.148 0.000000
0.148 0.149 0.000000
0.149 0.150 0.000000
