1
0.000 0.001 0.000000
0.001 0.002 0.000000
0.002 0.003 0.000000
0.003 0.004 0.000000
0.004 0.005 0.000000
0.005 0.006 0.000000
0.006 0.007 0.000000
0.007 0.008 0.000000
0.008 0.009 0.000000
0.009 0.010 0.000000
0.010 0.011 0.000000
0.011 0.012 0.000000
0.012 0.013 0.000000
0.013 0.014 0.000000
0.014 0.015 0.000000
0.015 0.016 0.000000
0.016 0.017 0.000000
0.017 0.018 0.000001
0.018 0.019 0.000004
0.019 0.020 0.000024
0.020 0.021 0.000103
0.021 0.022 0.000342
0.022 0.023 0.000941
0.023 0.024 0.002219
0.024 0.025 0.004616
0.025 0.026 0.008618
0.026 0.027 0.014709
0.027 0.028 0.023396
0.028 0.029 0.035033
0.029 0.030 0.049580
0.030 0.031 0.067079
0.031 0.032 0.087179
0.032 0.033 0.109809
0.033 0.034 0.134602
0.034 0.035 0.160775
0.035 0.036 0.187454
0.036 0.037 0.214810
0.037 0.038 0.242323
0.038 0.039 0.268372
0.039 0.040 0.294200
0.040 0.041 0.318765
0.041 0.042 0.341161
0.042 0.043 0.363074
0.043 0.044 0.382856
0.044 0.045 0.401486
0.045 0.046 0.417414
0.046 0.047 0.430195
0.047 0.048 0.443601
0.048 0.049 0.455457
0.049 0.050 0.462836
0.050 0.051 0.468710
0.051 0.052 0.475800
0.052 0.053 0.481144
0.053 0.054 0.483150
0.054 0.055 0.484011
0.055 0.056 0.485910
0.056 0.057 0.486754
0.057 0.058 0.662501
0.058 0.059 1.000000
0.059 0.060 0.819057
0.060 0.061 0.484466
0.061 0.062 0.479236
0.062 0.063 0.456090
0.063 0.064 0.448143
0.064 0.065 0.439068
0.065 0.066 0.431992
0.066 0.067 0.565206
0.067 0.068 0.558823
0.068 0.069 0.437512
0.069 0.070 0.394949
0.070 0.071 0.325630
0.071 0.072 0.318019
0.072 0.073 0.308388
0.073 0.074 0.302800
0.074 0.075 0.296132
0.075 0.076 0.287795
0.076 0.077 0.277197
0.077 0.078 0.268035
0.078 0.079 0.262145
0.079 0.080 0.255633
0.080 0.081 0.246229
0.081 0.082 0.235651
0.082 0.083 0.226331
0.083 0.084 0.217468
0.084 0.085 0.209247
0.085 0.086 0.201143
0.086 0.087 0.192719
0.087 0.088 0.186985
0.088 0.089 0.180160
0.089 0.090 0.171003
0.090 0.091 0.162379
0.091 0.092 0.151195
0.092 0.093 0.142833
0.093 0.094 0.139289
0.094 0.095 0.132368
0.095 0.096 0.125639
0.096 0.097 0.118224
0.097 0.098 0.109255
0.098 0.099 0.100389
0.099 0.100 0.094576
0.100 0.101 0.090282
0.101 0.102 0.085008
0.102 0.103 0.077671
0.103 0.104 0.071973
0.104 0.105 0.066828
0.105 0.106 0.062016
0.106 0.107 0.057273
0.107 0.108 0.051448
0.108 0.109 0.046416
0.109 0.110 0.040523
0.110 0.111 0.036396
0.111 0.112 0.033091
0.112 0.113 0.028729
0.113 0.114 0.025045
0.114 0.115 0.020834
0.115 0.116 0.017447
0.116 0.117 0.014453
0.117 0.118 0.011211
0.118 0.119 0.006931
0.119 0.120 0.005203
0.120 0.121 0.003573
0.121 0.122 0.002354
0.122 0.123 0.000650
0.123 0.124 0.000000
0.124 0.125 0.000000
0.125 0.126 0.000000
0.126 0.127 0.000000
0.127 0.128 0.000000
0.128 0.129 0.000000
0.129 0.130 0.000000
0.130 0.131 0.000000
0.131 0.132 0.000000
0.132 0.133 0.000000
0.133 0.134 0.000000
0.134 0.135 0.000000
0.135 0.136 0.000000
0.136 0.137 0.000000
0.137 0.138 0.000000
0.138 0.139 0.000000
0.139 0.140 0.000000
0.140 0.141 0.000000
0.141 0.142 0.000000
0.142 0.143 0.000000
0.143 0.144 0.000000
0.144 0.145 0.000000
0.145 0.146 0.000000
0.146 0.147 0.000000
0.147 0.148 0.000000
0.148 0.149 0.000000
0.149 0.150 0.000000
