1
0.000 0.001 0.000000
0.001 0.002 0.000000
0.002 0.003 0.000000
0.003 0.004 0.000000
0.004 0.005 0.000000
0.005 0.006 0.000000
0.006 0.007 0.000000
0.007 0.008 0.000000
0.008 0.009 0.000000
0.009 0.010 0.000000
0.010 0.011 0.000000
0.011 0.012 0.000000
0.012 0.013 0.000000
0.013 0.014 0.000000
0.014 0.015 0.000000
0.015 0.016 0.000000
0.016 0.017 0.000000
0.017 0.018 0.000000
0.018 0.019 0.000000
0.019 0.020 0.000001
0.020 0.021 0.000005
0.021 0.022 0.000023
0.022 0.023 0.000088
0.023 0.024 0.000274
0.024 0.025 0.000723
0.025 0.026 0.001652
0.026 0.027 0.003364
0.027 0.028 0.006225
0.028 0.029 0.010661
0.029 0.030 0.016945
0.030 0.031 0.025453
0.031 0.032 0.036326
0.032 0.033 0.049621
0.033 0.034 0.065262
0.034 0.035 0.083029
0.035 0.036 0.102591
0.036 0.037 0.123537
0.037 0.038 0.146048
0.038 0.039 0.168982
0.039 0.040 0.191985
0.040 0.041 0.215120
0.041 0.042 0.237575
0.042 0.043 0.259592
0.043 0.044 0.280603
0.044 0.045 0.300677
0.045 0.046 0.318122
0.046 0.047 0.334662
0.047 0.048 0.351203
0.048 0.049 0.364548
0.049 0.050 0.376499
0.050 0.051 0.388498
0.051 0.052 0.400378
0.052 0.053 0.408813
0.053 0.054 0.415648
0.054 0.055 0.421471
0.055 0.056 0.427184
0.056 0.057 0.432773
0.057 0.058 0.627140
0.058 0.059 1.000000
0.059 0.060 0.810839
0.060 0.061 0.449402
0.061 0.062 0.448451
0.062 0.063 0.425734
0.063 0.064 0.421869
0.064 0.065 0.417017
0.065 0.066 0.411484
0.066 0.067 0.566972
0.067 0.068 0.562645
0.068 0.069 0.429328
0.069 0.070 0.387955
0.070 0.071 0.311772
0.071 0.072 0.308213
0.072 0.073 0.302239
0.073 0.074 0.297925
0.074 0.075 0.294274
0.075 0.076 0.289539
0.076 0.077 0.282575
0.077 0.078 0.277206
0.078 0.079 0.272646
0.079 0.080 0.267961
0.080 0.081 0.262745
0.081 0.082 0.255346
0.082 0.083 0.247640
0.083 0.084 0.240221
0.084 0.085 0.232904
0.085 0.086 0.228352
0.086 0.087 0.223516
0.087 0.088 0.219665
0.088 0.089 0.213950
0.089 0.090 0.207104
0.090 0.091 0.200812
0.091 0.092 0.192557
0.092 0.093 0.186149
0.093 0.094 0.182164
0.094 0.095 0.175871
0.095 0.096 0.170109
0.096 0.097 0.164284
0.097 0.098 0.156674
0.098 0.099 0.149350
0.099 0.100 0.143790
0.100 0.101 0.137961
0.101 0.102 0.133047
0.102 0.103 0.127856
0.103 0.104 0.123698
0.104 0.105 0.118789
0.105 0.106 0.112929
0.106 0.107 0.107951
0.107 0.108 0.102052
0.108 0.109 0.097412
0.109 0.110 0.093136
0.110 0.111 0.088263
0.111 0.112 0.083602
0.112 0.113 0.077422
0.113 0.114 0.070923
0.114 0.115 0.067543
0.115 0.116 0.064057
0.116 0.117 0.059810
0.117 0.118 0.056291
0.118 0.119 0.051762
0.119 0.120 0.048073
0.120 0.121 0.045725
0.121 0.122 0.042357
0.122 0.123 0.039013
0.123 0.124 0.035501
0.124 0.125 0.030723
0.125 0.126 0.027665
0.126 0.127 0.025263
0.127 0.128 0.022207
0.128 0.129 0.019620
0.129 0.130 0.017024
0.130 0.131 0.014112
0.131 0.132 0.012301
0.132 0.133 0.009322
0.133 0.134 0.007576
0.134 0.135 0.005950
0.135 0.136 0.004459
0.136 0.137 0.003035
0.137 0.138 0.001073
0.138 0.139 0.000549
0.139 0.140 0.000000
0.140 0.141 0.000000
0.141 0.142 0.000000
0.142 0.143 0.000000
0.143 0.144 0.000000
0.144 0.145 0.000000
0.145 0.146 0.000000
0.146 0.147 0.000000
0.147 0.148 0.000000
0.148 0.149 0.000000
0.149 0.150 0.000000
