1
0.000 0.001 0.000000
0.001 0.002 0.000000
0.002 0.003 0.000000
0.003 0.004 0.000000
0.004 0.005 0.000000
0.005 0.006 0.000000
0.006 0.007 0.000000
0.007 0.008 0.000000
0.008 0.009 0.000000
0.009 0.010 0.000000
0.010 0.011 0.000000
0.011 0.012 0.000000
0.012 0.013 0.000000
0.013 0.014 0.000000
0.014 0.015 0.000000
0.015 0.016 0.000000
0.016 0.017 0.000000
0.017 0.018 0.000000
0.018 0.019 0.000000
0.019 0.020 0.000000
0.020 0.021 0.000001
0.021 0.022 0.000007
0.022 0.023 0.000030
0.023 0.024 0.000106
0.024 0.025 0.000317
0.025 0.026 0.000810
0.026 0.027 0.001808
0.027 0.028 0.003639
0.028 0.029 0.006703
0.029 0.030 0.011344
0.030 0.031 0.018013
0.031 0.032 0.026980
0.032 0.033 0.038463
0.033 0.034 0.052629
0.034 0.035 0.069432
0.035 0.036 0.088501
0.036 0.037 0.109810
0.037 0.038 0.133072
0.038 0.039 0.157272
0.039 0.040 0.182820
0.040 0.041 0.208915
0.041 0.042 0.234651
0.042 0.043 0.260956
0.043 0.044 0.286461
0.044 0.045 0.311374
0.045 0.046 0.334363
0.046 0.047 0.355284
0.047 0.048 0.376782
0.048 0.049 0.396640
0.049 0.050 0.412427
0.050 0.051 0.426569
0.051 0.052 0.441322
0.052 0.053 0.454203
0.053 0.054 0.463496
0.054 0.055 0.471004
0.055 0.056 0.478763
0.056 0.057 0.485307
0.057 0.058 0.661326
0.058 0.059 1.000000
0.059 0.060 0.829762
0.060 0.061 0.501086
0.061 0.062 0.500111
0.062 0.063 0.479997
0.063 0.064 0.474676
0.064 0.065 0.467889
0.065 0.066 0.462456
0.066 0.067 0.606576
0.067 0.068 0.602455
0.068 0.069 0.473348
0.069 0.070 0.427939
0.070 0.071 0.354626
0.071 0.072 0.348259
0.072 0.073 0.339374
0.073 0.074 0.334758
0.074 0.075 0.328902
0.075 0.076 0.321113
0.076 0.077 0.310580
0.077 0.078 0.301397
0.078 0.079 0.295922
0.079 0.080 0.288004
0.080 0.081 0.279131
0.081 0.082 0.268913
0.082 0.083 0.259881
0.083 0.084 0.251270
0.084 0.085 0.243344
0.085 0.086 0.236163
0.086 0.087 0.226441
0.087 0.088 0.219748
0.088 0.089 0.211110
0.089 0.090 0.201882
0.090 0.091 0.193052
0.091 0.092 0.181300
0.092 0.093 0.173459
0.093 0.094 0.169314
0.094 0.095 0.161127
0.095 0.096 0.153123
0.096 0.097 0.144329
0.097 0.098 0.132869
0.098 0.099 0.124348
0.099 0.100 0.117572
0.100 0.101 0.112458
0.101 0.102 0.106213
0.102 0.103 0.097542
0.103 0.104 0.090802
0.104 0.105 0.084469
0.105 0.106 0.078863
0.106 0.107 0.073396
0.107 0.108 0.066585
0.108 0.109 0.060753
0.109 0.110 0.054426
0.110 0.111 0.048480
0.111 0.112 0.042905
0.112 0.113 0.037942
0.113 0.114 0.033791
0.114 0.115 0.029645
0.115 0.116 0.024782
0.116 0.117 0.019753
0.117 0.118 0.016314
0.118 0.119 0.011823
0.119 0.120 0.009320
0.120 0.121 0.007059
0.121 0.122 0.005313
0.122 0.123 0.003496
0.123 0.124 0.000959
0.124 0.125 0.000000
0.125 0.126 0.000000
0.126 0.127 0.000000
0.127 0.128 0.000000
0.128 0.129 0.000000
0.129 0.130 0.000000
0.130 0.131 0.000000
0.131 0.132 0.000000
0.132 0.133 0.000000
0.133 0.134 0.000000
0.134 0.135 0.000000
0.135 0.136 0.000000
0.136 0.137 0.000000
0.137 0.138 0.000000
0.138 0.139 0.000000
0.139 0.140 0.000000
0.140 0.141 0.000000
0.141 0.142 0.000000
0.142 0.143 0.000000
0.143 0.144 0.000000
0.144 0.145 0.000000
0.145 0.146 0.000000
0.146 0.147 0.000000
0.147 0.148 0.000000
0.148 0.149 0.000000
0.149 0.150 0.000000
