1
0.000 0.001 0.000000
0.001 0.002 0.000000
0.002 0.003 0.000000
0.003 0.004 0.000000
0.004 0.005 0.000000
0.005 0.006 0.000000
0.006 0.007 0.000000
0.007 0.008 0.000000
0.008 0.009 0.000000
0.009 0.010 0.000000
0.010 0.011 0.000000
0.011 0.012 0.000000
0.012 0.013 0.000000
0.013 0.014 0.000000
0.014 0.015 0.000000
0.015 0.016 0.000000
0.016 0.017 0.000002
0.017 0.018 0.000013
0.018 0.019 0.000066
0.019 0.020 0.000247
0.020 0.021 0.000734
0.021 0.022 0.001820
0.022 0.023 0.003888
0.023 0.024 0.007413
0.024 0.025 0.012846
0.025 0.026 0.020471
0.026 0.027 0.030612
0.027 0.028 0.043315
0.028 0.029 0.058367
0.029 0.030 0.075509
0.030 0.031 0.094417
0.031 0.032 0.114584
0.032 0.033 0.136099
0.033 0.034 0.157994
0.034 0.035 0.179331
0.035 0.036 0.200476
0.036 0.037 0.221232
0.037 0.038 0.242213
0.038 0.039 0.261415
0.039 0.040 0.278379
0.040 0.041 0.293951
0.041 0.042 0.308779
0.042 0.043 0.322526
0.043 0.044 0.334068
0.044 0.045 0.345106
0.045 0.046 0.352747
0.046 0.047 0.360312
0.047 0.048 0.369082
0.048 0.049 0.374237
0.049 0.050 0.376949
0.050 0.051 0.381165
0.051 0.052 0.385026
0.052 0.053 0.384284
0.053 0.054 0.383953
0.054 0.055 0.384205
0.055 0.056 0.384084
0.056 0.057 0.384362
0.057 0.058 0.596823
0.058 0.059 1.000000
0.059 0.060 0.783523
0.060 0.061 0.389844
0.061 0.062 0.386810
0.062 0.063 0.361164
0.063 0.064 0.357891
0.064 0.065 0.353605
0.065 0.066 0.347110
0.066 0.067 0.502554
0.067 0.068 0.498048
0.068 0.069 0.365668
0.069 0.070 0.326710
0.070 0.071 0.252965
0.071 0.072 0.250511
0.072 0.073 0.246121
0.073 0.074 0.241420
0.074 0.075 0.238658
0.075 0.076 0.235696
0.076 0.077 0.231139
0.077 0.078 0.228245
0.078 0.079 0.224517
0.079 0.080 0.221362
0.080 0.081 0.219213
0.081 0.082 0.215227
0.082 0.083 0.209999
0.083 0.084 0.205088
0.084 0.085 0.201246
0.085 0.086 0.197435
0.086 0.087 0.194620
0.087 0.088 0.191646
0.088 0.089 0.186603
0.089 0.090 0.181704
0.090 0.091 0.177674
0.091 0.092 0.172267
0.092 0.093 0.167354
0.093 0.094 0.163992
0.094 0.095 0.159550
0.095 0.096 0.155734
0.096 0.097 0.152423
0.097 0.098 0.147643
0.098 0.099 0.143011
0.099 0.100 0.139762
0.100 0.101 0.136040
0.101 0.102 0.131622
0.102 0.103 0.128030
0.103 0.104 0.124925
0.104 0.105 0.120211
0.105 0.106 0.114881
0.106 0.107 0.110771
0.107 0.108 0.106115
0.108 0.109 0.102674
0.109 0.110 0.100031
0.110 0.111 0.096382
0.111 0.112 0.092487
0.112 0.113 0.087214
0.113 0.114 0.081994
0.114 0.115 0.078537
0.115 0.116 0.075246
0.116 0.117 0.070739
0.117 0.118 0.067422
0.118 0.119 0.063357
0.119 0.120 0.059328
0.120 0.121 0.056601
0.121 0.122 0.053276
0.122 0.123 0.050043
0.123 0.124 0.046641
0.124 0.125 0.042311
0.125 0.126 0.037917
0.126 0.127 0.034521
0.127 0.128 0.030192
0.128 0.129 0.026543
0.129 0.130 0.022859
0.130 0.131 0.018718
0.131 0.132 0.016096
0.132 0.133 0.012662
0.133 0.134 0.009084
0.134 0.135 0.006117
0.135 0.136 0.003536
0.136 0.137 0.001885
0.137 0.138 0.000227
0.138 0.139 0.000000
0.139 0.140 0.000000
0.140 0.141 0.000000
0.141 0.142 0.000000
0.142 0.143 0.000000
0.143 0.144 0.000000
0.144 0.145 0.000000
0.145 0.146 0.000000
0.146 0.147 0.000000
0.147 0.148 0.000000
0.148 0.149 0.000000
0.149 0.150 0.000000
