1
0.000 0.001 0.000000
0.001 0.002 0.000000
0.002 0.003 0.000000
0.003 0.004 0.000000
0.004 0.005 0.000000
0.005 0.006 0.000000
0.006 0.007 0.000000
0.007 0.008 0.000000
0.008 0.009 0.000000
0.009 0.010 0.000000
0.010 0.011 0.000000
0.011 0.012 0.000000
0.012 0.013 0.000000
0.013 0.014 0.000000
0.014 0.015 0.000000
0.015 0.016 0.000006
0.016 0.017 0.000049
0.017 0.018 0.000268
0.018 0.019 0.001056
0.019 0.020 0.003255
0.020 0.021 0.008240
0.021 0.022 0.017841
0.022 0.023 0.033888
0.023 0.024 0.058101
0.024 0.025 0.091942
0.025 0.026 0.135210
0.026 0.027 0.187179
0.027 0.028 0.247409
0.028 0.029 0.314303
0.029 0.030 0.385457
0.030 0.031 0.458794
0.031 0.032 0.530601
0.032 0.033 0.599887
0.033 0.034 0.665719
0.034 0.035 0.728024
0.035 0.036 0.785522
0.036 0.037 0.834302
0.037 0.038 0.878760
0.038 0.039 0.916087
0.039 0.040 0.944784
0.040 0.041 0.967957
0.041 0.042 0.985957
0.042 0.043 0.997657
0.043 0.044 1.000000
0.044 0.045 0.999740
0.045 0.046 0.990082
0.046 0.047 0.976835
0.047 0.048 0.961475
0.048 0.049 0.938954
0.049 0.050 0.915298
0.050 0.051 0.888595
0.051 0.052 0.857012
0.052 0.053 0.825703
0.053 0.054 0.795153
0.054 0.055 0.760834
0.055 0.056 0.716190
0.056 0.057 0.674645
0.057 0.058 0.670476
0.058 0.059 0.700127
0.059 0.060 0.628711
0.060 0.061 0.526802
0.061 0.062 0.488659
0.062 0.063 0.457188
0.063 0.064 0.421844
0.064 0.065 0.386037
0.065 0.066 0.344331
0.066 0.067 0.337706
0.067 0.068 0.308431
0.068 0.069 0.252241
0.069 0.070 0.213336
0.070 0.071 0.184264
0.071 0.072 0.158759
0.072 0.073 0.126359
0.073 0.074 0.108869
0.074 0.075 0.091174
0.075 0.076 0.069582
0.076 0.077 0.054637
0.077 0.078 0.035534
0.078 0.079 0.023086
0.079 0.080 0.010806
0.080 0.081 0.003224
0.081 0.082 0.000000
0.082 0.083 0.000000
0.083 0.084 0.000000
0.084 0.085 0.000000
0.085 0.086 0.000000
0.086 0.087 0.000000
0.087 0.088 0.000000
0.088 0.089 0.000000
0.089 0.090 0.000000
0.090 0.091 0.000000
0.091 0.092 0.000000
0.092 0.093 0.000000
0.093 0.094 0.000000
0.094 0.095 0.000000
0.095 0.096 0.000000
0.096 0.097 0.000000
0.097 0.098 0.000000
0.098 0.099 0.000000
0.099 0.100 0.000000
0.100 0.101 0.000000
0.101 0.102 0.000000
0.102 0.103 0.000000
0.103 0.104 0.000000
0.104 0.105 0.000000
0.105 0.106 0.000000
0.106 0.107 0.000000
0.107 0.108 0.000000
0.108 0.109 0.000000
0.109 0.110 0.000000
0.110 0.111 0.000000
0.111 0.112 0.000000
0.112 0.113 0.000000
0.113 0.114 0.000000
0.114 0.115 0.000000
0.115 0.116 0.000000
0.116 0.117 0.000000
0.117 0.118 0.000000
0.118 0.119 0.000000
0.119 0.120 0.000000
0.120 0.121 0.000000
0.121 0.122 0.000000
0.122 0.123 0.000000
0.123 0.124 0.000000
0.124 0.125 0.000000
0.125 0.126 0.000000
0.126 0.127 0.000000
0.127 0.128 0.000000
0.128 0.129 0.000000
0.129 0.130 0.000000
0.130 0.131 0.000000
0.131 0.132 0.000000
0.132 0.133 0.000000
0.133 0.134 0.000000
0.134 0.135 0.000000
0.135 0.136 0.000000
0.136 0.137 0.000000
0.137 0.138 0.000000
0.138 0.139 0.000000
0.139 0.140 0.000000
0.140 0.141 0.000000
0.141 0.142 0.000000
0.142 0.143 0.000000
0.143 0.144 0.000000
0.144 0.145 0.000000
0.145 0.146 0.000000
0.146 0.147 0.000000
0.147 0.148 0.000000
0.148 0.149 0.000000
0.149 0.150 0.000000
