1
0.000 0.001 0.000000
0.001 0.002 0.000000
0.002 0.003 0.000000
0.003 0.004 0.000000
0.004 0.005 0.000000
0.005 0.006 0.000000
0.006 0.007 0.000000
0.007 0.008 0.000000
0.008 0.009 0.000000
0.009 0.010 0.000000
0.010 0.011 0.000000
0.011 0.012 0.000000
0.012 0.013 0.000000
0.013 0.014 0.000000
0.014 0.015 0.000000
0.015 0.016 0.000000
0.016 0.017 0.000000
0.017 0.018 0.000000
0.018 0.019 0.000000
0.019 0.020 0.000000
0.020 0.021 0.000000
0.021 0.022 0.000003
0.022 0.023 0.000013
0.023 0.024 0.000053
0.024 0.025 0.000174
0.025 0.026 0.000477
0.026 0.027 0.001132
0.027 0.028 0.002402
0.028 0.029 0.004628
0.029 0.030 0.008143
0.030 0.031 0.013339
0.031 0.032 0.020569
0.032 0.033 0.030107
0.033 0.034 0.042159
0.034 0.035 0.056747
0.035 0.036 0.073621
0.036 0.037 0.092861
0.037 0.038 0.114177
0.038 0.039 0.136611
0.039 0.040 0.160543
0.040 0.041 0.185409
0.041 0.042 0.210364
0.042 0.043 0.236059
0.043 0.044 0.261224
0.044 0.045 0.286397
0.045 0.046 0.310099
0.046 0.047 0.331558
0.047 0.048 0.353694
0.048 0.049 0.374999
0.049 0.050 0.392323
0.050 0.051 0.408022
0.051 0.052 0.424704
0.052 0.053 0.439844
0.053 0.054 0.451395
0.054 0.055 0.461213
0.055 0.056 0.471736
0.056 0.057 0.481110
0.057 0.058 0.658821
0.058 0.059 1.000000
0.059 0.060 0.833875
0.060 0.061 0.506856
0.061 0.062 0.507654
0.062 0.063 0.489596
0.063 0.064 0.486010
0.064 0.065 0.481093
0.065 0.066 0.478335
0.066 0.067 0.626526
0.067 0.068 0.624821
0.068 0.069 0.495979
0.069 0.070 0.451834
0.070 0.071 0.377325
0.071 0.072 0.370788
0.072 0.073 0.361684
0.073 0.074 0.357749
0.074 0.075 0.352080
0.075 0.076 0.343728
0.076 0.077 0.332410
0.077 0.078 0.322782
0.078 0.079 0.317650
0.079 0.080 0.310408
0.080 0.081 0.298869
0.081 0.082 0.286798
0.082 0.083 0.276205
0.083 0.084 0.265875
0.084 0.085 0.256312
0.085 0.086 0.247744
0.086 0.087 0.235383
0.087 0.088 0.228621
0.088 0.089 0.220796
0.089 0.090 0.209685
0.090 0.091 0.198637
0.091 0.092 0.184709
0.092 0.093 0.174337
0.093 0.094 0.169901
0.094 0.095 0.161176
0.095 0.096 0.152669
0.096 0.097 0.142919
0.097 0.098 0.131222
0.098 0.099 0.119149
0.099 0.100 0.111485
0.100 0.101 0.106445
0.101 0.102 0.099548
0.102 0.103 0.089694
0.103 0.104 0.081327
0.104 0.105 0.076518
0.105 0.106 0.070275
0.106 0.107 0.063864
0.107 0.108 0.056054
0.108 0.109 0.048525
0.109 0.110 0.042358
0.110 0.111 0.036676
0.111 0.112 0.032076
0.112 0.113 0.025676
0.113 0.114 0.021859
0.114 0.115 0.017850
0.115 0.116 0.012613
0.116 0.117 0.009671
0.117 0.118 0.006571
0.118 0.119 0.002676
0.119 0.120 0.000714
0.120 0.121 0.000000
0.121 0.122 0.000000
0.122 0.123 0.000000
0.123 0.124 0.000000
0.124 0.125 0.000000
0.125 0.126 0.000000
0.126 0.127 0.000000
0.127 0.128 0.000000
0.128 0.129 0.000000
0.129 0.130 0.000000
0.130 0.131 0.000000
0.131 0.132 0.000000
0.132 0.133 0.000000
0.133 0.134 0.000000
0.134 0.135 0.000000
0.135 0.136 0.000000
0.136 0.137 0.000000
0.137 0.138 0.000000
0.138 0.139 0.000000
0.139 0.140 0.000000
0.140 0.141 0.000000
0.141 0.142 0.000000
0.142 0.143 0.000000
0.143 0.144 0.000000
0.144 0.145 0.000000
0.145 0.146 0.000000
0.146 0.147 0.000000
0.147 0.148 0.000000
0.148 0.149 0.000000
0.149 0.150 0.000000
