1
0.000 0.001 0.000000
0.001 0.002 0.000000
0.002 0.003 0.000000
0.003 0.004 0.000000
0.004 0.005 0.000000
0.005 0.006 0.000000
0.006 0.007 0.000000
0.007 0.008 0.000000
0.008 0.009 0.000000
0.009 0.010 0.000000
0.010 0.011 0.000000
0.011 0.012 0.000000
0.012 0.013 0.000000
0.013 0.014 0.000000
0.014 0.015 0.000000
0.015 0.016 0.000000
0.016 0.017 0.000000
0.017 0.018 0.000000
0.018 0.019 0.000000
0.019 0.020 0.000002
0.020 0.021 0.000014
0.021 0.022 0.000063
0.022 0.023 0.000217
0.023 0.024 0.000622
0.024 0.025 0.001523
0.025 0.026 0.003272
0.026 0.027 0.006290
0.027 0.028 0.011118
0.028 0.029 0.018199
0.029 0.030 0.027728
0.030 0.031 0.040160
0.031 0.032 0.055407
0.032 0.033 0.073417
0.033 0.034 0.093863
0.034 0.035 0.116949
0.035 0.036 0.141632
0.036 0.037 0.167684
0.037 0.038 0.195101
0.038 0.039 0.222078
0.039 0.040 0.248993
0.040 0.041 0.275732
0.041 0.042 0.300722
0.042 0.043 0.325197
0.043 0.044 0.348246
0.044 0.045 0.369729
0.045 0.046 0.388133
0.046 0.047 0.404154
0.047 0.048 0.420680
0.048 0.049 0.434505
0.049 0.050 0.443461
0.050 0.051 0.451480
0.051 0.052 0.461792
0.052 0.053 0.469977
0.053 0.054 0.475090
0.054 0.055 0.478221
0.055 0.056 0.482137
0.056 0.057 0.485470
0.057 0.058 0.661565
0.058 0.059 1.000000
0.059 0.060 0.822305
0.060 0.061 0.488110
0.061 0.062 0.483877
0.062 0.063 0.460842
0.063 0.064 0.452779
0.064 0.065 0.443546
0.065 0.066 0.435032
0.066 0.067 0.574668
0.067 0.068 0.570249
0.068 0.069 0.446155
0.069 0.070 0.403697
0.070 0.071 0.332404
0.071 0.072 0.325611
0.072 0.073 0.316592
0.073 0.074 0.311432
0.074 0.075 0.305312
0.075 0.076 0.297663
0.076 0.077 0.287508
0.077 0.078 0.278654
0.078 0.079 0.273079
0.079 0.080 0.266060
0.080 0.081 0.255383
0.081 0.082 0.246362
0.082 0.083 0.238353
0.083 0.084 0.230757
0.084 0.085 0.223891
0.085 0.086 0.217746
0.086 0.087 0.209345
0.087 0.088 0.203763
0.088 0.089 0.196725
0.089 0.090 0.187348
0.090 0.091 0.178892
0.091 0.092 0.167328
0.092 0.093 0.159292
0.093 0.094 0.153796
0.094 0.095 0.147339
0.095 0.096 0.141029
0.096 0.097 0.134187
0.097 0.098 0.125546
0.098 0.099 0.117543
0.099 0.100 0.111146
0.100 0.101 0.106195
0.101 0.102 0.100250
0.102 0.103 0.092189
0.103 0.104 0.085889
0.104 0.105 0.079693
0.105 0.106 0.074645
0.106 0.107 0.069813
0.107 0.108 0.063770
0.108 0.109 0.058643
0.109 0.110 0.053079
0.110 0.111 0.047852
0.111 0.112 0.043582
0.112 0.113 0.037967
0.113 0.114 0.032353
0.114 0.115 0.029054
0.115 0.116 0.025131
0.116 0.117 0.021602
0.117 0.118 0.017746
0.118 0.119 0.012832
0.119 0.120 0.009445
0.120 0.121 0.008629
0.121 0.122 0.006670
0.122 0.123 0.004634
0.123 0.124 0.001784
0.124 0.125 0.001045
0.125 0.126 0.000000
0.126 0.127 0.000000
0.127 0.128 0.000000
0.128 0.129 0.000000
0.129 0.130 0.000000
0.130 0.131 0.000000
0.131 0.132 0.000000
0.132 0.133 0.000000
0.133 0.134 0.000000
0.134 0.135 0.000000
0.135 0.136 0.000000
0.136 0.137 0.000000
0.137 0.138 0.000000
0.138 0.139 0.000000
0.139 0.140 0.000000
0.140 0.141 0.000000
0.141 0.142 0.000000
0.142 0.143 0.000000
0.143 0.144 0.000000
0.144 0.145 0.000000
0.145 0.146 0.000000
0.146 0.147 0.000000
0.147 0.148 0.000000
0.148 0.149 0.000000
0.149 0.150 0.000000
