1
0.000 0.001 0.000000
0.001 0.002 0.000000
0.002 0.003 0.000000
0.003 0.004 0.000000
0.004 0.005 0.000000
0.005 0.006 0.000000
0.006 0.007 0.000000
0.007 0.008 0.000000
0.008 0.009 0.000000
0.009 0.010 0.000000
0.010 0.011 0.000000
0.011 0.012 0.000000
0.012 0.013 0.000000
0.013 0.014 0.000000
0.014 0.015 0.000000
0.015 0.016 0.000000
0.016 0.017 0.000000
0.017 0.018 0.000000
0.018 0.019 0.000001
0.019 0.020 0.000005
0.020 0.021 0.000026
0.021 0.022 0.000108
0.022 0.023 0.000351
0.023 0.024 0.000956
0.024 0.025 0.002248
0.025 0.026 0.004659
0.026 0.027 0.008704
0.027 0.028 0.014974
0.028 0.029 0.023969
0.029 0.030 0.035978
0.030 0.031 0.051320
0.031 0.032 0.069860
0.032 0.033 0.091523
0.033 0.034 0.116019
0.034 0.035 0.142945
0.035 0.036 0.171655
0.036 0.037 0.201506
0.037 0.038 0.231826
0.038 0.039 0.261596
0.039 0.040 0.291527
0.040 0.041 0.320690
0.041 0.042 0.348029
0.042 0.043 0.374756
0.043 0.044 0.399196
0.044 0.045 0.422311
0.045 0.046 0.442342
0.046 0.047 0.458740
0.047 0.048 0.475530
0.048 0.049 0.490416
0.049 0.050 0.499919
0.050 0.051 0.507646
0.051 0.052 0.516003
0.052 0.053 0.522844
0.053 0.054 0.525850
0.054 0.055 0.525717
0.055 0.056 0.527347
0.056 0.057 0.528591
0.057 0.058 0.689519
0.058 0.059 1.000000
0.059 0.060 0.832040
0.060 0.061 0.519263
0.061 0.062 0.512430
0.062 0.063 0.488600
0.063 0.064 0.477017
0.064 0.065 0.464163
0.065 0.066 0.456137
0.066 0.067 0.580895
0.067 0.068 0.573243
0.068 0.069 0.454555
0.069 0.070 0.411125
0.070 0.071 0.343321
0.071 0.072 0.333033
0.072 0.073 0.320262
0.073 0.074 0.312624
0.074 0.075 0.306052
0.075 0.076 0.296633
0.076 0.077 0.284810
0.077 0.078 0.274650
0.078 0.079 0.268680
0.079 0.080 0.261067
0.080 0.081 0.250170
0.081 0.082 0.237831
0.082 0.083 0.225897
0.083 0.084 0.216577
0.084 0.085 0.208298
0.085 0.086 0.201102
0.086 0.087 0.191459
0.087 0.088 0.184439
0.088 0.089 0.176803
0.089 0.090 0.166492
0.090 0.091 0.155888
0.091 0.092 0.142613
0.092 0.093 0.135345
0.093 0.094 0.130907
0.094 0.095 0.123194
0.095 0.096 0.115773
0.096 0.097 0.107090
0.097 0.098 0.096993
0.098 0.099 0.086041
0.099 0.100 0.079759
0.100 0.101 0.076154
0.101 0.102 0.070613
0.102 0.103 0.062583
0.103 0.104 0.056234
0.104 0.105 0.051467
0.105 0.106 0.044752
0.106 0.107 0.040050
0.107 0.108 0.034379
0.108 0.109 0.029352
0.109 0.110 0.023930
0.110 0.111 0.018213
0.111 0.112 0.015277
0.112 0.113 0.011717
0.113 0.114 0.007822
0.114 0.115 0.005863
0.115 0.116 0.003666
0.116 0.117 0.000989
0.117 0.118 0.000000
0.118 0.119 0.000000
0.119 0.120 0.000000
0.120 0.121 0.000000
0.121 0.122 0.000000
0.122 0.123 0.000000
0.123 0.124 0.000000
0.124 0.125 0.000000
0.125 0.126 0.000000
0.126 0.127 0.000000
0.127 0.128 0.000000
0.128 0.129 0.000000
0.129 0.130 0.000000
0.130 0.131 0.000000
0.131 0.132 0.000000
0.132 0.133 0.000000
0.133 0.134 0.000000
0.134 0.135 0.000000
0.135 0.136 0.000000
0.136 0.137 0.000000
0.137 0.138 0.000000
0.138 0.139 0.000000
0.139 0.140 0.000000
0.140 0.141 0.000000
0.141 0.142 0.000000
0.142 0.143 0.000000
0.143 0.144 0.000000
0.144 0.145 0.000000
0.145 0.146 0.000000
0.146 0.147 0.000000
0.147 0.148 0.000000
0.148 0.149 0.000000
0.149 0.150 0.000000
