1
0.000 0.001 0.000000
0.001 0.002 0.000000
0.002 0.003 0.000000
0.003 0.004 0.000000
0.004 0.005 0.000000
0.005 0.006 0.000000
0.006 0.007 0.000000
0.007 0.008 0.000000
0.008 0.009 0.000000
0.009 0.010 0.000000
0.010 0.011 0.000000
0.011 0.012 0.000000
0.012 0.013 0.000000
0.013 0.014 0.000000
0.014 0.015 0.000001
0.015 0.016 0.000007
0.016 0.017 0.000055
0.017 0.018 0.000279
0.018 0.019 0.001036
0.019 0.020 0.003036
0.020 0.021 0.007390
0.021 0.022 0.015481
0.022 0.023 0.028706
0.023 0.024 0.048247
0.024 0.025 0.074916
0.025 0.026 0.108479
0.026 0.027 0.148712
0.027 0.028 0.195023
0.028 0.029 0.245908
0.029 0.030 0.300013
0.030 0.031 0.355136
0.031 0.032 0.409469
0.032 0.033 0.464077
0.033 0.034 0.515856
0.034 0.035 0.563500
0.035 0.036 0.608469
0.036 0.037 0.647892
0.037 0.038 0.681969
0.038 0.039 0.713239
0.039 0.040 0.741979
0.040 0.041 0.763276
0.041 0.042 0.781026
0.042 0.043 0.795868
0.043 0.044 0.805776
0.044 0.045 0.813208
0.045 0.046 0.813877
0.046 0.047 0.813054
0.047 0.048 0.809961
0.048 0.049 0.802891
0.049 0.050 0.791970
0.050 0.051 0.782446
0.051 0.052 0.773306
0.052 0.053 0.757870
0.053 0.054 0.741783
0.054 0.055 0.725313
0.055 0.056 0.705927
0.056 0.057 0.685421
0.057 0.058 0.788769
0.058 0.059 1.000000
0.059 0.060 0.856081
0.060 0.061 0.610728
0.061 0.062 0.586997
0.062 0.063 0.549515
0.063 0.064 0.524793
0.064 0.065 0.501710
0.065 0.066 0.478972
0.066 0.067 0.547693
0.067 0.068 0.525942
0.068 0.069 0.429333
0.069 0.070 0.384577
0.070 0.071 0.330678
0.071 0.072 0.314006
0.072 0.073 0.292873
0.073 0.074 0.275254
0.074 0.075 0.260595
0.075 0.076 0.243397
0.076 0.077 0.226279
0.077 0.078 0.209995
0.078 0.079 0.195182
0.079 0.080 0.183638
0.080 0.081 0.169629
0.081 0.082 0.153592
0.082 0.083 0.139075
0.083 0.084 0.124083
0.084 0.085 0.112786
0.085 0.086 0.102119
0.086 0.087 0.090141
0.087 0.088 0.077481
0.088 0.089 0.066878
0.089 0.090 0.057338
0.090 0.091 0.048855
0.091 0.092 0.038574
0.092 0.093 0.031810
0.093 0.094 0.024849
0.094 0.095 0.016715
0.095 0.096 0.011888
0.096 0.097 0.005559
0.097 0.098 0.001432
0.098 0.099 0.000000
0.099 0.100 0.000000
0.100 0.101 0.000000
0.101 0.102 0.000000
0.102 0.103 0.000000
0.103 0.104 0.000000
0.104 0.105 0.000000
0.105 0.106 0.000000
0.106 0.107 0.000000
0.107 0.108 0.000000
0.108 0.109 0.000000
0.109 0.110 0.000000
0.110 0.111 0.000000
0.111 0.112 0.000000
0.112 0.113 0.000000
0.113 0.114 0.000000
0.114 0.115 0.000000
0.115 0.116 0.000000
0.116 0.117 0.000000
0.117 0.118 0.000000
0.118 0.119 0.000000
0.119 0.120 0.000000
0.120 0.121 0.000000
0.121 0.122 0.000000
0.122 0.123 0.000000
0.123 0.124 0.000000
0.124 0.125 0.000000
0.125 0.126 0.000000
0.126 0.127 0.000000
0.127 0.128 0.000000
0.128 0.129 0.000000
0.129 0.130 0.000000
0.130 0.131 0.000000
0.131 0.132 0.000000
0.132 0.133 0.000000
0.133 0.134 0.000000
0.134 0.135 0.000000
0.135 0.136 0.000000
0.136 0.137 0.000000
0.137 0.138 0.000000
0.138 0.139 0.000000
0.139 0.140 0.000000
0.140 0.141 0.000000
0.141 0.142 0.000000
0.142 0.143 0.000000
0.143 0.144 0.000000
0.144 0.145 0.000000
0.145 0.146 0.000000
0.146 0.147 0.000000
0.147 0.148 0.000000
0.148 0.149 0.000000
0.149 0.150 0.000000
