1
0.000 0.001 0.000000
0.001 0.002 0.000000
0.002 0.003 0.000000
0.003 0.004 0.000000
0.004 0.005 0.000000
0.005 0.006 0.000000
0.006 0.007 0.000000
0.007 0.008 0.000000
0.008 0.009 0.000000
0.009 0.010 0.000000
0.010 0.011 0.000000
0.011 0.012 0.000000
0.012 0.013 0.000000
0.013 0.014 0.000000
0.014 0.015 0.000000
0.015 0.016 0.000000
0.016 0.017 0.000000
0.017 0.018 0.000000
0.018 0.019 0.000001
0.019 0.020 0.000006
0.020 0.021 0.000029
0.021 0.022 0.000115
0.022 0.023 0.000359
0.023 0.024 0.000944
0.024 0.025 0.002152
0.025 0.026 0.004351
0.026 0.027 0.007938
0.027 0.028 0.013391
0.028 0.029 0.021096
0.029 0.030 0.031122
0.030 0.031 0.043789
0.031 0.032 0.059014
0.032 0.033 0.076498
0.033 0.034 0.096255
0.034 0.035 0.117819
0.035 0.036 0.140312
0.036 0.037 0.164272
0.037 0.038 0.188839
0.038 0.039 0.211925
0.039 0.040 0.235143
0.040 0.041 0.258416
0.041 0.042 0.279741
0.042 0.043 0.301084
0.043 0.044 0.320966
0.044 0.045 0.339891
0.045 0.046 0.356869
0.046 0.047 0.370287
0.047 0.048 0.385230
0.048 0.049 0.399393
0.049 0.050 0.408867
0.050 0.051 0.416126
0.051 0.052 0.424762
0.052 0.053 0.433310
0.053 0.054 0.437941
0.054 0.055 0.440900
0.055 0.056 0.446154
0.056 0.057 0.450512
0.057 0.058 0.639064
0.058 0.059 1.000000
0.059 0.060 0.811340
0.060 0.061 0.458468
0.061 0.062 0.456538
0.062 0.063 0.435648
0.063 0.064 0.430359
0.064 0.065 0.423514
0.065 0.066 0.419566
0.066 0.067 0.566137
0.067 0.068 0.562297
0.068 0.069 0.435851
0.069 0.070 0.394073
0.070 0.071 0.321377
0.071 0.072 0.315551
0.072 0.073 0.308601
0.073 0.074 0.305908
0.074 0.075 0.301847
0.075 0.076 0.296373
0.076 0.077 0.287890
0.077 0.078 0.281050
0.078 0.079 0.278373
0.079 0.080 0.273610
0.080 0.081 0.265608
0.081 0.082 0.256869
0.082 0.083 0.249454
0.083 0.084 0.242388
0.084 0.085 0.236088
0.085 0.086 0.230702
0.086 0.087 0.222600
0.087 0.088 0.218067
0.088 0.089 0.212724
0.089 0.090 0.203819
0.090 0.091 0.195222
0.091 0.092 0.183397
0.092 0.093 0.176105
0.093 0.094 0.173077
0.094 0.095 0.165498
0.095 0.096 0.158072
0.096 0.097 0.149872
0.097 0.098 0.139618
0.098 0.099 0.129866
0.099 0.100 0.122241
0.100 0.101 0.116919
0.101 0.102 0.110149
0.102 0.103 0.100301
0.103 0.104 0.092768
0.104 0.105 0.086981
0.105 0.106 0.079375
0.106 0.107 0.072295
0.107 0.108 0.063276
0.108 0.109 0.056583
0.109 0.110 0.049252
0.110 0.111 0.042093
0.111 0.112 0.037288
0.112 0.113 0.030788
0.113 0.114 0.026290
0.114 0.115 0.021208
0.115 0.116 0.016626
0.116 0.117 0.012183
0.117 0.118 0.008288
0.118 0.119 0.004995
0.119 0.120 0.002539
0.120 0.121 0.000548
0.121 0.122 0.000000
0.122 0.123 0.000000
0.123 0.124 0.000000
0.124 0.125 0.000000
0.125 0.126 0.000000
0.126 0.127 0.000000
0.127 0.128 0.000000
0.128 0.129 0.000000
0.129 0.130 0.000000
0.130 0.131 0.000000
0.131 0.132 0.000000
0.132 0.133 0.000000
0.133 0.134 0.000000
0.134 0.135 0.000000
0.135 0.136 0.000000
0.136 0.137 0.000000
0.137 0.138 0.000000
0.138 0.139 0.000000
0.139 0.140 0.000000
0.140 0.141 0.000000
0.141 0.142 0.000000
0.142 0.143 0.000000
0.143 0.144 0.000000
0.144 0.145 0.000000
0.145 0.146 0.000000
0.146 0.147 0.000000
0.147 0.148 0.000000
0.148 0.149 0.000000
0.149 0.150 0.000000
