1
0.000 0.001 0.000000
0.001 0.002 0.000000
0.002 0.003 0.000000
0.003 0.004 0.000000
0.004 0.005 0.000000
0.005 0.006 0.000000
0.006 0.007 0.000000
0.007 0.008 0.000000
0.008 0.009 0.000000
0.009 0.010 0.000000
0.010 0.011 0.000000
0.011 0.012 0.000000
0.012 0.013 0.000000
0.013 0.014 0.000000
0.014 0.015 0.000000
0.015 0.016 0.000000
0.016 0.017 0.000000
0.017 0.018 0.000000
0.018 0.019 0.000000
0.019 0.020 0.000000
0.020 0.021 0.000001
0.021 0.022 0.000007
0.022 0.023 0.000035
0.023 0.024 0.000137
0.024 0.025 0.000436
0.025 0.026 0.001172
0.026 0.027 0.002731
0.027 0.028 0.005684
0.028 0.029 0.010749
0.029 0.030 0.018631
0.030 0.031 0.030106
0.031 0.032 0.045630
0.032 0.033 0.065904
0.033 0.034 0.090942
0.034 0.035 0.120467
0.035 0.036 0.154308
0.036 0.037 0.191241
0.037 0.038 0.231625
0.038 0.039 0.274836
0.039 0.040 0.319625
0.040 0.041 0.364127
0.041 0.042 0.408864
0.042 0.043 0.452351
0.043 0.044 0.494705
0.044 0.045 0.534838
0.045 0.046 0.568210
0.046 0.047 0.601676
0.047 0.048 0.631447
0.048 0.049 0.654587
0.049 0.050 0.673222
0.050 0.051 0.691002
0.051 0.052 0.707062
0.052 0.053 0.712962
0.053 0.054 0.718484
0.054 0.055 0.721705
0.055 0.056 0.718276
0.056 0.057 0.711050
0.057 0.058 0.807723
0.058 0.059 1.000000
0.059 0.060 0.891384
0.060 0.061 0.681914
0.061 0.062 0.665587
0.062 0.063 0.634173
0.063 0.064 0.612292
0.064 0.065 0.590066
0.065 0.066 0.562945
0.066 0.067 0.636319
0.067 0.068 0.620320
0.068 0.069 0.517061
0.069 0.070 0.465338
0.070 0.071 0.403011
0.071 0.072 0.386969
0.072 0.073 0.363800
0.073 0.074 0.342275
0.074 0.075 0.319716
0.075 0.076 0.296059
0.076 0.077 0.270460
0.077 0.078 0.250423
0.078 0.079 0.231200
0.079 0.080 0.212815
0.080 0.081 0.191597
0.081 0.082 0.163982
0.082 0.083 0.146122
0.083 0.084 0.130454
0.084 0.085 0.112813
0.085 0.086 0.092475
0.086 0.087 0.076865
0.087 0.088 0.061498
0.088 0.089 0.042464
0.089 0.090 0.031898
0.090 0.091 0.024019
0.091 0.092 0.011574
0.092 0.093 0.003187
0.093 0.094 0.000000
0.094 0.095 0.000000
0.095 0.096 0.000000
0.096 0.097 0.000000
0.097 0.098 0.000000
0.098 0.099 0.000000
0.099 0.100 0.000000
0.100 0.101 0.000000
0.101 0.102 0.000000
0.102 0.103 0.000000
0.103 0.104 0.000000
0.104 0.105 0.000000
0.105 0.106 0.000000
0.106 0.107 0.000000
0.107 0.108 0.000000
0.108 0.109 0.000000
0.109 0.110 0.000000
0.110 0.111 0.000000
0.111 0.112 0.000000
0.112 0.113 0.000000
0.113 0.114 0.000000
0.114 0.115 0.000000
0.115 0.116 0.000000
0.116 0.117 0.000000
0.117 0.118 0.000000
0.118 0.119 0.000000
0.119 0.120 0.000000
0.120 0.121 0.000000
0.121 0.122 0.000000
0.122 0.123 0.000000
0.123 0.124 0.000000
0.124 0.125 0.000000
0.125 0.126 0.000000
0.126 0.127 0.000000
0.127 0.128 0.000000
0.128 0.129 0.000000
0.129 0.130 0.000000
0.130 0.131 0.000000
0.131 0.132 0.000000
0.132 0.133 0.000000
0.133 0.134 0.000000
0.134 0.135 0.000000
0.135 0.136 0.000000
0.136 0.137 0.000000
0.137 0.138 0.000000
0.138 0.139 0.000000
0.139 0.140 0.000000
0.140 0.141 0.000000
0.141 0.142 0.000000
0.142 0.143 0.000000
0.143 0.144 0.000000
0.144 0.145 0.000000
0.145 0.146 0.000000
0.146 0.147 0.000000
0.147 0.148 0.000000
0.148 0.149 0.000000
0.149 0.150 0.000000
