1
0.000 0.001 0.000000
0.001 0.002 0.000000
0.002 0.003 0.000000
0.003 0.004 0.000000
0.004 0.005 0.000000
0.005 0.006 0.000000
0.006 0.007 0.000000
0.007 0.008 0.000000
0.008 0.009 0.000000
0.009 0.010 0.000000
0.010 0.011 0.000000
0.011 0.012 0.000000
0.012 0.013 0.000000
0.013 0.014 0.000000
0.014 0.015 0.000000
0.015 0.016 0.000000
0.016 0.017 0.000000
0.017 0.018 0.000000
0.018 0.019 0.000001
0.019 0.020 0.000006
0.020 0.021 0.000033
0.021 0.022 0.000137
0.022 0.023 0.000455
0.023 0.024 0.001251
0.024 0.025 0.002961
0.025 0.026 0.006175
0.026 0.027 0.011588
0.027 0.028 0.020009
0.028 0.029 0.032108
0.029 0.030 0.048174
0.030 0.031 0.068590
0.031 0.032 0.093224
0.032 0.033 0.121998
0.033 0.034 0.153980
0.034 0.035 0.188576
0.035 0.036 0.225115
0.036 0.037 0.263919
0.037 0.038 0.302243
0.038 0.039 0.341103
0.039 0.040 0.380405
0.040 0.041 0.416943
0.041 0.042 0.450720
0.042 0.043 0.483760
0.043 0.044 0.513218
0.044 0.045 0.540268
0.045 0.046 0.562413
0.046 0.047 0.580141
0.047 0.048 0.595870
0.048 0.049 0.608780
0.049 0.050 0.614845
0.050 0.051 0.624399
0.051 0.052 0.633251
0.052 0.053 0.637229
0.053 0.054 0.639072
0.054 0.055 0.638423
0.055 0.056 0.633996
0.056 0.057 0.628337
0.057 0.058 0.753974
0.058 0.059 1.000000
0.059 0.060 0.857394
0.060 0.061 0.595506
0.061 0.062 0.580886
0.062 0.063 0.549642
0.063 0.064 0.534551
0.064 0.065 0.520243
0.065 0.066 0.506207
0.066 0.067 0.600866
0.067 0.068 0.587818
0.068 0.069 0.479327
0.069 0.070 0.433502
0.070 0.071 0.372885
0.071 0.072 0.357248
0.072 0.073 0.336862
0.073 0.074 0.321597
0.074 0.075 0.310908
0.075 0.076 0.295557
0.076 0.077 0.279200
0.077 0.078 0.264710
0.078 0.079 0.253733
0.079 0.080 0.241900
0.080 0.081 0.227027
0.081 0.082 0.209484
0.082 0.083 0.192909
0.083 0.084 0.174029
0.084 0.085 0.162415
0.085 0.086 0.151966
0.086 0.087 0.139945
0.087 0.088 0.128549
0.088 0.089 0.116029
0.089 0.090 0.103327
0.090 0.091 0.090275
0.091 0.092 0.075455
0.092 0.093 0.067395
0.093 0.094 0.059418
0.094 0.095 0.050784
0.095 0.096 0.042609
0.096 0.097 0.032887
0.097 0.098 0.021218
0.098 0.099 0.014633
0.099 0.100 0.009556
0.100 0.101 0.004260
0.101 0.102 0.002612
0.102 0.103 0.000000
0.103 0.104 0.000000
0.104 0.105 0.000000
0.105 0.106 0.000000
0.106 0.107 0.000000
0.107 0.108 0.000000
0.108 0.109 0.000000
0.109 0.110 0.000000
0.110 0.111 0.000000
0.111 0.112 0.000000
0.112 0.113 0.000000
0.113 0.114 0.000000
0.114 0.115 0.000000
0.115 0.116 0.000000
0.116 0.117 0.000000
0.117 0.118 0.000000
0.118 0.119 0.000000
0.119 0.120 0.000000
0.120 0.121 0.000000
0.121 0.122 0.000000
0.122 0.123 0.000000
0.123 0.124 0.000000
0.124 0.125 0.000000
0.125 0.126 0.000000
0.126 0.127 0.000000
0.127 0.128 0.000000
0.128 0.129 0.000000
0.129 0.130 0.000000
0.130 0.131 0.000000
0.131 0.132 0.000000
0.132 0.133 0.000000
0.133 0.134 0.000000
0.134 0.135 0.000000
0.135 0.136 0.000000
0.136 0.137 0.000000
0.137 0.138 0.000000
0.138 0.139 0.000000
0.139 0.140 0.000000
0.140 0.141 0.000000
0.141 0.142 0.000000
0.142 0.143 0.000000
0.143 0.144 0.000000
0.144 0.145 0.000000
0.145 0.146 0.000000
0.146 0.147 0.000000
0.147 0.148 0.000000
0.148 0.149 0.000000
0.149 0.150 0.000000
