1
0.000 0.001 0.000000
0.001 0.002 0.000000
0.002 0.003 0.000000
0.003 0.004 0.000000
0.004 0.005 0.000000
0.005 0.006 0.000000
0.006 0.007 0.000000
0.007 0.008 0.000000
0.008 0.009 0.000000
0.009 0.010 0.000000
0.010 0.011 0.000000
0.011 0.012 0.000000
0.012 0.013 0.000000
0.013 0.014 0.000000
0.014 0.015 0.000000
0.015 0.016 0.000000
0.016 0.017 0.000003
0.017 0.018 0.000027
0.018 0.019 0.000154
0.019 0.020 0.000629
0.020 0.021 0.002012
0.021 0.022 0.005278
0.022 0.023 0.011754
0.023 0.024 0.023046
0.024 0.025 0.040850
0.025 0.026 0.066114
0.026 0.027 0.099556
0.027 0.028 0.141490
0.028 0.029 0.191088
0.029 0.030 0.248211
0.030 0.031 0.310385
0.031 0.032 0.373994
0.032 0.033 0.439819
0.033 0.034 0.505444
0.034 0.035 0.569562
0.035 0.036 0.632146
0.036 0.037 0.687947
0.037 0.038 0.742975
0.038 0.039 0.794283
0.039 0.040 0.836676
0.040 0.041 0.874027
0.041 0.042 0.908741
0.042 0.043 0.936586
0.043 0.044 0.954882
0.044 0.045 0.973618
0.045 0.046 0.981462
0.046 0.047 0.986101
0.047 0.048 0.986765
0.048 0.049 0.979865
0.049 0.050 0.974424
0.050 0.051 0.965711
0.051 0.052 0.953403
0.052 0.053 0.937049
0.053 0.054 0.923689
0.054 0.055 0.905383
0.055 0.056 0.872242
0.056 0.057 0.838674
0.057 0.058 0.886927
0.058 0.059 1.000000
0.059 0.060 0.901481
0.060 0.061 0.733233
0.061 0.062 0.699734
0.062 0.063 0.666233
0.063 0.064 0.632791
0.064 0.065 0.595306
0.065 0.066 0.551744
0.066 0.067 0.566812
0.067 0.068 0.532716
0.068 0.069 0.445209
0.069 0.070 0.390480
0.070 0.071 0.336698
0.071 0.072 0.302366
0.072 0.073 0.258219
0.073 0.074 0.229040
0.074 0.075 0.197510
0.075 0.076 0.171308
0.076 0.077 0.142734
0.077 0.078 0.116364
0.078 0.079 0.086491
0.079 0.080 0.067433
0.080 0.081 0.048730
0.081 0.082 0.029029
0.082 0.083 0.014870
0.083 0.084 0.002777
0.084 0.085 0.000000
0.085 0.086 0.000000
0.086 0.087 0.000000
0.087 0.088 0.000000
0.088 0.089 0.000000
0.089 0.090 0.000000
0.090 0.091 0.000000
0.091 0.092 0.000000
0.092 0.093 0.000000
0.093 0.094 0.000000
0.094 0.095 0.000000
0.095 0.096 0.000000
0.096 0.097 0.000000
0.097 0.098 0.000000
0.098 0.099 0.000000
0.099 0.100 0.000000
0.100 0.101 0.000000
0.101 0.102 0.000000
0.102 0.103 0.000000
0.103 0.104 0.000000
0.104 0.105 0.000000
0.105 0.106 0.000000
0.106 0.107 0.000000
0.107 0.108 0.000000
0.108 0.109 0.000000
0.109 0.110 0.000000
0.110 0.111 0.000000
0.111 0.112 0.000000
0.112 0.113 0.000000
0.113 0.114 0.000000
0.114 0.115 0.000000
0.115 0.116 0.000000
0.116 0.117 0.000000
0.117 0.118 0.000000
0.118 0.119 0.000000
0.119 0.120 0.000000
0.120 0.121 0.000000
0.121 0.122 0.000000
0.122 0.123 0.000000
0.123 0.124 0.000000
0.124 0.125 0.000000
0.125 0.126 0.000000
0.126 0.127 0.000000
0.127 0.128 0.000000
0.128 0.129 0.000000
0.129 0.130 0.000000
0.130 0.131 0.000000
0.131 0.132 0.000000
0.132 0.133 0.000000
0.133 0.134 0.000000
0.134 0.135 0.000000
0.135 0.136 0.000000
0.136 0.137 0.000000
0.137 0.138 0.000000
0.138 0.139 0.000000
0.139 0.140 0.000000
0.140 0.141 0.000000
0.141 0.142 0.000000
0.142 0.143 0.000000
0.143 0.144 0.000000
0.144 0.145 0.000000
0.145 0.146 0.000000
0.146 0.147 0.000000
0.147 0.148 0.000000
0.148 0.149 0.000000
0.149 0.150 0.000000
