1
0.000 0.001 0.000000
0.001 0.002 0.000000
0.002 0.003 0.000000
0.003 0.004 0.000000
0.004 0.005 0.000000
0.005 0.006 0.000000
0.006 0.007 0.000000
0.007 0.008 0.000000
0.008 0.009 0.000000
0.009 0.010 0.000000
0.010 0.011 0.000000
0.011 0.012 0.000000
0.012 0.013 0.000002
0.013 0.014 0.000023
0.014 0.015 0.000178
0.015 0.016 0.000875
0.016 0.017 0.003064
0.017 0.018 0.008303
0.018 0.019 0.018530
0.019 0.020 0.035643
0.020 0.021 0.060859
0.021 0.022 0.094686
0.022 0.023 0.136462
0.023 0.024 0.184778
0.024 0.025 0.238275
0.025 0.026 0.294367
0.026 0.027 0.351168
0.027 0.028 0.408299
0.028 0.029 0.463754
0.029 0.030 0.516090
0.030 0.031 0.562391
0.031 0.032 0.603953
0.032 0.033 0.643043
0.033 0.034 0.675878
0.034 0.035 0.702955
0.035 0.036 0.727780
0.036 0.037 0.746641
0.037 0.038 0.756990
0.038 0.039 0.765572
0.039 0.040 0.774161
0.040 0.041 0.776320
0.041 0.042 0.775691
0.042 0.043 0.774895
0.043 0.044 0.769394
0.044 0.045 0.764006
0.045 0.046 0.756144
0.046 0.047 0.743994
0.047 0.048 0.733235
0.048 0.049 0.722294
0.049 0.050 0.706312
0.050 0.051 0.691401
0.051 0.052 0.679854
0.052 0.053 0.666257
0.053 0.054 0.650515
0.054 0.055 0.633373
0.055 0.056 0.617240
0.056 0.057 0.602522
0.057 0.058 0.736688
0.058 0.059 1.000000
0.059 0.060 0.830511
0.060 0.061 0.542203
0.061 0.062 0.524753
0.062 0.063 0.494443
0.063 0.064 0.475249
0.064 0.065 0.457417
0.065 0.066 0.441843
0.066 0.067 0.530790
0.067 0.068 0.515496
0.068 0.069 0.413472
0.069 0.070 0.370926
0.070 0.071 0.313819
0.071 0.072 0.300231
0.072 0.073 0.283618
0.073 0.074 0.273875
0.074 0.075 0.263061
0.075 0.076 0.248303
0.076 0.077 0.232122
0.077 0.078 0.219206
0.078 0.079 0.209845
0.079 0.080 0.199708
0.080 0.081 0.186530
0.081 0.082 0.173979
0.082 0.083 0.162208
0.083 0.084 0.150292
0.084 0.085 0.139658
0.085 0.086 0.129361
0.086 0.087 0.120102
0.087 0.088 0.111791
0.088 0.089 0.103259
0.089 0.090 0.093157
0.090 0.091 0.083721
0.091 0.092 0.074982
0.092 0.093 0.067724
0.093 0.094 0.060421
0.094 0.095 0.054078
0.095 0.096 0.048167
0.096 0.097 0.040908
0.097 0.098 0.032710
0.098 0.099 0.025544
0.099 0.100 0.020547
0.100 0.101 0.017257
0.101 0.102 0.013624
0.102 0.103 0.008773
0.103 0.104 0.005956
0.104 0.105 0.002998
0.105 0.106 0.000830
0.106 0.107 0.000000
0.107 0.108 0.000000
0.108 0.109 0.000000
0.109 0.110 0.000000
0.110 0.111 0.000000
0.111 0.112 0.000000
0.112 0.113 0.000000
0.113 0.114 0.000000
0.114 0.115 0.000000
0.115 0.116 0.000000
0.116 0.117 0.000000
0.117 0.118 0.000000
0.118 0.119 0.000000
0.119 0.120 0.000000
0.120 0.121 0.000000
0.121 0.122 0.000000
0.122 0.123 0.000000
0.123 0.124 0.000000
0.124 0.125 0.000000
0.125 0.126 0.000000
0.126 0.127 0.000000
0.127 0.128 0.000000
0.128 0.129 0.000000
0.129 0.130 0.000000
0.130 0.131 0.000000
0.131 0.132 0.000000
0.132 0.133 0.000000
0.133 0.134 0.000000
0.134 0.135 0.000000
0.135 0.136 0.000000
0.136 0.137 0.000000
0.137 0.138 0.000000
0.138 0.139 0.000000
0.139 0.140 0.000000
0.140 0.141 0.000000
0.141 0.142 0.000000
0.142 0.143 0.000000
0.143 0.144 0.000000
0.144 0.145 0.000000
0.145 0.146 0.000000
0.146 0.147 0.000000
0.147 0.148 0.000000
0.148 0.149 0.000000
0.149 0.150 0.000000
