1
0.000 0.001 0.000000
0.001 0.002 0.000000
0.002 0.003 0.000000
0.003 0.004 0.000000
0.004 0.005 0.000000
0.005 0.006 0.000000
0.006 0.007 0.000000
0.007 0.008 0.000000
0.008 0.009 0.000000
0.009 0.010 0.000000
0.010 0.011 0.000000
0.011 0.012 0.000000
0.012 0.013 0.000000
0.013 0.014 0.000000
0.014 0.015 0.000000
0.015 0.016 0.000000
0.016 0.017 0.000000
0.017 0.018 0.000000
0.018 0.019 0.000000
0.019 0.020 0.000000
0.020 0.021 0.000000
0.021 0.022 0.000002
0.022 0.023 0.000012
0.023 0.024 0.000050
0.024 0.025 0.000161
0.025 0.026 0.000439
0.026 0.027 0.001044
0.027 0.028 0.002219
0.028 0.029 0.004277
0.029 0.030 0.007522
0.030 0.031 0.012347
0.031 0.032 0.019033
0.032 0.033 0.027824
0.033 0.034 0.038919
0.034 0.035 0.052282
0.035 0.036 0.067760
0.036 0.037 0.085404
0.037 0.038 0.105015
0.038 0.039 0.125711
0.039 0.040 0.147442
0.040 0.041 0.169817
0.041 0.042 0.192596
0.042 0.043 0.215685
0.043 0.044 0.237781
0.044 0.045 0.260041
0.045 0.046 0.279941
0.046 0.047 0.300221
0.047 0.048 0.321371
0.048 0.049 0.339865
0.049 0.050 0.355346
0.050 0.051 0.371037
0.051 0.052 0.386507
0.052 0.053 0.398702
0.053 0.054 0.409326
0.054 0.055 0.418545
0.055 0.056 0.427384
0.056 0.057 0.436035
0.057 0.058 0.628492
0.058 0.059 1.000000
0.059 0.060 0.819142
0.060 0.061 0.462422
0.061 0.062 0.463451
0.062 0.063 0.442972
0.063 0.064 0.440630
0.064 0.065 0.436023
0.065 0.066 0.433339
0.066 0.067 0.596932
0.067 0.068 0.597002
0.068 0.069 0.459676
0.069 0.070 0.417167
0.070 0.071 0.338416
0.071 0.072 0.334980
0.072 0.073 0.328767
0.073 0.074 0.324844
0.074 0.075 0.321256
0.075 0.076 0.316287
0.076 0.077 0.308710
0.077 0.078 0.302762
0.078 0.079 0.298076
0.079 0.080 0.292903
0.080 0.081 0.286754
0.081 0.082 0.277447
0.082 0.083 0.270612
0.083 0.084 0.263982
0.084 0.085 0.258516
0.085 0.086 0.253462
0.086 0.087 0.247608
0.087 0.088 0.243355
0.088 0.089 0.236779
0.089 0.090 0.228646
0.090 0.091 0.221460
0.091 0.092 0.211600
0.092 0.093 0.204206
0.093 0.094 0.199835
0.094 0.095 0.192465
0.095 0.096 0.185499
0.096 0.097 0.178399
0.097 0.098 0.168411
0.098 0.099 0.161613
0.099 0.100 0.156435
0.100 0.101 0.151585
0.101 0.102 0.145873
0.102 0.103 0.139329
0.103 0.104 0.134207
0.104 0.105 0.128582
0.105 0.106 0.121681
0.106 0.107 0.115693
0.107 0.108 0.108527
0.108 0.109 0.102687
0.109 0.110 0.097144
0.110 0.111 0.090409
0.111 0.112 0.086223
0.112 0.113 0.080318
0.113 0.114 0.074876
0.114 0.115 0.070660
0.115 0.116 0.066149
0.116 0.117 0.061077
0.117 0.118 0.056450
0.118 0.119 0.050394
0.119 0.120 0.046111
0.120 0.121 0.043498
0.121 0.122 0.038522
0.122 0.123 0.035684
0.123 0.124 0.032663
0.124 0.125 0.028872
0.125 0.126 0.025046
0.126 0.127 0.022085
0.127 0.128 0.018478
0.128 0.129 0.015238
0.129 0.130 0.011395
0.130 0.131 0.009217
0.131 0.132 0.007893
0.132 0.133 0.006090
0.133 0.134 0.004012
0.134 0.135 0.001484
0.135 0.136 0.000874
0.136 0.137 0.000000
0.137 0.138 0.000000
0.138 0.139 0.000000
0.139 0.140 0.000000
0.140 0.141 0.000000
0.141 0.142 0.000000
0.142 0.143 0.000000
0.143 0.144 0.000000
0.144 0.145 0.000000
0.145 0.146 0.000000
0.146 0.147 0.000000
0.147 0.148 0.000000
0.148 0.149 0.000000
0.149 0.150 0.000000
