1
0.000 0.001 0.000000
0.001 0.002 0.000000
0.002 0.003 0.000000
0.003 0.004 0.000000
0.004 0.005 0.000000
0.005 0.006 0.000000
0.006 0.007 0.000000
0.007 0.008 0.000000
0.008 0.009 0.000000
0.009 0.010 0.000000
0.010 0.011 0.000000
0.011 0.012 0.000000
0.012 0.013 0.000000
0.013 0.014 0.000001
0.014 0.015 0.000012
0.015 0.016 0.000079
0.016 0.017 0.000364
0.017 0.018 0.001241
0.018 0.019 0.003361
0.019 0.020 0.007663
0.020 0.021 0.015203
0.021 0.022 0.026889
0.022 0.023 0.043314
0.023 0.024 0.064791
0.024 0.025 0.091242
0.025 0.026 0.121763
0.026 0.027 0.155618
0.027 0.028 0.192467
0.028 0.029 0.230991
0.029 0.030 0.269353
0.030 0.031 0.306998
0.031 0.032 0.342762
0.032 0.033 0.377250
0.033 0.034 0.409774
0.034 0.035 0.439370
0.035 0.036 0.464942
0.036 0.037 0.488095
0.037 0.038 0.509181
0.038 0.039 0.524857
0.039 0.040 0.538053
0.040 0.041 0.549075
0.041 0.042 0.556770
0.042 0.043 0.562223
0.043 0.044 0.566551
0.044 0.045 0.569961
0.045 0.046 0.569395
0.046 0.047 0.566723
0.047 0.048 0.565528
0.048 0.049 0.561996
0.049 0.050 0.554944
0.050 0.051 0.547355
0.051 0.052 0.540799
0.052 0.053 0.532927
0.053 0.054 0.522961
0.054 0.055 0.512565
0.055 0.056 0.503623
0.056 0.057 0.493500
0.057 0.058 0.666759
0.058 0.059 1.000000
0.059 0.060 0.805421
0.060 0.061 0.464119
0.061 0.062 0.453517
0.062 0.063 0.425380
0.063 0.064 0.413240
0.064 0.065 0.400406
0.065 0.066 0.389128
0.066 0.067 0.509536
0.067 0.068 0.498853
0.068 0.069 0.383068
0.069 0.070 0.341113
0.070 0.071 0.276746
0.071 0.072 0.269261
0.072 0.073 0.260129
0.073 0.074 0.253843
0.074 0.075 0.247232
0.075 0.076 0.239795
0.076 0.077 0.230619
0.077 0.078 0.222663
0.078 0.079 0.217058
0.079 0.080 0.210648
0.080 0.081 0.202584
0.081 0.082 0.192913
0.082 0.083 0.185860
0.083 0.084 0.179265
0.084 0.085 0.173360
0.085 0.086 0.167990
0.086 0.087 0.161249
0.087 0.088 0.156574
0.088 0.089 0.150706
0.089 0.090 0.143305
0.090 0.091 0.136740
0.091 0.092 0.127972
0.092 0.093 0.121161
0.093 0.094 0.118594
0.094 0.095 0.113462
0.095 0.096 0.108514
0.096 0.097 0.103296
0.097 0.098 0.096769
0.098 0.099 0.090828
0.099 0.100 0.086043
0.100 0.101 0.082105
0.101 0.102 0.077568
0.102 0.103 0.071771
0.103 0.104 0.066756
0.104 0.105 0.063530
0.105 0.106 0.059480
0.106 0.107 0.055726
0.107 0.108 0.051136
0.108 0.109 0.047261
0.109 0.110 0.043217
0.110 0.111 0.039320
0.111 0.112 0.035592
0.112 0.113 0.032182
0.113 0.114 0.029292
0.114 0.115 0.026621
0.115 0.116 0.023530
0.116 0.117 0.020642
0.117 0.118 0.017584
0.118 0.119 0.013307
0.119 0.120 0.011736
0.120 0.121 0.011010
0.121 0.122 0.009196
0.122 0.123 0.007327
0.123 0.124 0.004957
0.124 0.125 0.003664
0.125 0.126 0.002402
0.126 0.127 0.000932
0.127 0.128 0.000557
0.128 0.129 0.000000
0.129 0.130 0.000000
0.130 0.131 0.000000
0.131 0.132 0.000000
0.132 0.133 0.000000
0.133 0.134 0.000000
0.134 0.135 0.000000
0.135 0.136 0.000000
0.136 0.137 0.000000
0.137 0.138 0.000000
0.138 0.139 0.000000
0.139 0.140 0.000000
0.140 0.141 0.000000
0.141 0.142 0.000000
0.142 0.143 0.000000
0.143 0.144 0.000000
0.144 0.145 0.000000
0.145 0.146 0.000000
0.146 0.147 0.000000
0.147 0.148 0.000000
0.148 0.149 0.000000
0.149 0.150 0.000000
