1
0.000 0.001 0.000000
0.001 0.002 0.000000
0.002 0.003 0.000000
0.003 0.004 0.000000
0.004 0.005 0.000000
0.005 0.006 0.000000
0.006 0.007 0.000000
0.007 0.008 0.000000
0.008 0.009 0.000000
0.009 0.010 0.000003
0.010 0.011 0.000034
0.011 0.012 0.000233
0.012 0.013 0.001075
0.013 0.014 0.003878
0.014 0.015 0.010567
0.015 0.016 0.023094
0.016 0.017 0.043164
0.017 0.018 0.071459
0.018 0.019 0.106716
0.019 0.020 0.149003
0.020 0.021 0.196652
0.021 0.022 0.246907
0.022 0.023 0.298631
0.023 0.024 0.349017
0.024 0.025 0.397726
0.025 0.026 0.443679
0.026 0.027 0.483836
0.027 0.028 0.521354
0.028 0.029 0.556350
0.029 0.030 0.583715
0.030 0.031 0.605465
0.031 0.032 0.626598
0.032 0.033 0.642292
0.033 0.034 0.655193
0.034 0.035 0.665554
0.035 0.036 0.670648
0.036 0.037 0.676415
0.037 0.038 0.677192
0.038 0.039 0.669848
0.039 0.040 0.663686
0.040 0.041 0.659133
0.041 0.042 0.651816
0.042 0.043 0.645146
0.043 0.044 0.635874
0.044 0.045 0.627132
0.045 0.046 0.617566
0.046 0.047 0.602915
0.047 0.048 0.593181
0.048 0.049 0.585075
0.049 0.050 0.571252
0.050 0.051 0.555925
0.051 0.052 0.544775
0.052 0.053 0.536299
0.053 0.054 0.523777
0.054 0.055 0.509645
0.055 0.056 0.500113
0.056 0.057 0.491372
0.057 0.058 0.665530
0.058 0.059 1.000000
0.059 0.060 0.797542
0.060 0.061 0.450764
0.061 0.062 0.439656
0.062 0.063 0.412742
0.063 0.064 0.399615
0.064 0.065 0.386209
0.065 0.066 0.376764
0.066 0.067 0.493470
0.067 0.068 0.482624
0.068 0.069 0.372077
0.069 0.070 0.332685
0.070 0.071 0.270271
0.071 0.072 0.261528
0.072 0.073 0.252176
0.073 0.074 0.248030
0.074 0.075 0.242554
0.075 0.076 0.235212
0.076 0.077 0.225608
0.077 0.078 0.217769
0.078 0.079 0.214015
0.079 0.080 0.208590
0.080 0.081 0.200507
0.081 0.082 0.192104
0.082 0.083 0.184802
0.083 0.084 0.177603
0.084 0.085 0.171373
0.085 0.086 0.166144
0.086 0.087 0.158928
0.087 0.088 0.154418
0.088 0.089 0.149904
0.089 0.090 0.142471
0.090 0.091 0.134528
0.091 0.092 0.125115
0.092 0.093 0.119144
0.093 0.094 0.116081
0.094 0.095 0.109912
0.095 0.096 0.104007
0.096 0.097 0.097178
0.097 0.098 0.089075
0.098 0.099 0.080706
0.099 0.100 0.074700
0.100 0.101 0.071411
0.101 0.102 0.066274
0.102 0.103 0.058630
0.103 0.104 0.052727
0.104 0.105 0.048570
0.105 0.106 0.043339
0.106 0.107 0.037755
0.107 0.108 0.031188
0.108 0.109 0.025311
0.109 0.110 0.019093
0.110 0.111 0.013269
0.111 0.112 0.008251
0.112 0.113 0.000000
0.113 0.114 0.000000
0.114 0.115 0.000000
0.115 0.116 0.000000
0.116 0.117 0.000000
0.117 0.118 0.000000
0.118 0.119 0.000000
0.119 0.120 0.000000
0.120 0.121 0.000000
0.121 0.122 0.000000
0.122 0.123 0.000000
0.123 0.124 0.000000
0.124 0.125 0.000000
0.125 0.126 0.000000
0.126 0.127 0.000000
0.127 0.128 0.000000
0.128 0.129 0.000000
0.129 0.130 0.000000
0.130 0.131 0.000000
0.131 0.132 0.000000
0.132 0.133 0.000000
0.133 0.134 0.000000
0.134 0.135 0.000000
0.135 0.136 0.000000
0.136 0.137 0.000000
0.137 0.138 0.000000
0.138 0.139 0.000000
0.139 0.140 0.000000
0.140 0.141 0.000000
0.141 0.142 0.000000
0.142 0.143 0.000000
0.143 0.144 0.000000
0.144 0.145 0.000000
0.145 0.146 0.000000
0.146 0.147 0.000000
0.147 0.148 0.000000
0.148 0.149 0.000000
0.149 0.150 0.000000
