1
0.000 0.001 0.000000
0.001 0.002 0.000000
0.002 0.003 0.000000
0.003 0.004 0.000000
0.004 0.005 0.000000
0.005 0.006 0.000000
0.006 0.007 0.000000
0.007 0.008 0.000000
0.008 0.009 0.000000
0.009 0.010 0.000000
0.010 0.011 0.000000
0.011 0.012 0.000000
0.012 0.013 0.000000
0.013 0.014 0.000000
0.014 0.015 0.000000
0.015 0.016 0.000000
0.016 0.017 0.000000
0.017 0.018 0.000000
0.018 0.019 0.000000
0.019 0.020 0.000000
0.020 0.021 0.000003
0.021 0.022 0.000015
0.022 0.023 0.000065
0.023 0.024 0.000222
0.024 0.025 0.000635
0.025 0.026 0.001560
0.026 0.027 0.003365
0.027 0.028 0.006558
0.028 0.029 0.011721
0.029 0.030 0.019338
0.030 0.031 0.029917
0.031 0.032 0.043817
0.032 0.033 0.061242
0.033 0.034 0.082126
0.034 0.035 0.106249
0.035 0.036 0.133419
0.036 0.037 0.163035
0.037 0.038 0.193675
0.038 0.039 0.225436
0.039 0.040 0.258805
0.040 0.041 0.291435
0.041 0.042 0.323026
0.042 0.043 0.354688
0.043 0.044 0.383633
0.044 0.045 0.412590
0.045 0.046 0.438724
0.046 0.047 0.460932
0.047 0.048 0.483244
0.048 0.049 0.503401
0.049 0.050 0.517052
0.050 0.051 0.529401
0.051 0.052 0.542387
0.052 0.053 0.552499
0.053 0.054 0.557399
0.054 0.055 0.562221
0.055 0.056 0.565910
0.056 0.057 0.569539
0.057 0.058 0.716786
0.058 0.059 1.000000
0.059 0.060 0.849436
0.060 0.061 0.563345
0.061 0.062 0.556415
0.062 0.063 0.533482
0.063 0.064 0.518953
0.064 0.065 0.508844
0.065 0.066 0.500210
0.066 0.067 0.616733
0.067 0.068 0.608164
0.068 0.069 0.491219
0.069 0.070 0.446174
0.070 0.071 0.379692
0.071 0.072 0.366825
0.072 0.073 0.348828
0.073 0.074 0.343033
0.074 0.075 0.335328
0.075 0.076 0.322430
0.076 0.077 0.307241
0.077 0.078 0.294297
0.078 0.079 0.285923
0.079 0.080 0.275983
0.080 0.081 0.262548
0.081 0.082 0.245516
0.082 0.083 0.233224
0.083 0.084 0.220308
0.084 0.085 0.209076
0.085 0.086 0.199224
0.086 0.087 0.187246
0.087 0.088 0.176956
0.088 0.089 0.166432
0.089 0.090 0.152405
0.090 0.091 0.139878
0.091 0.092 0.127901
0.092 0.093 0.118649
0.093 0.094 0.110854
0.094 0.095 0.100862
0.095 0.096 0.091387
0.096 0.097 0.078496
0.097 0.098 0.068481
0.098 0.099 0.057044
0.099 0.100 0.049247
0.100 0.101 0.045431
0.101 0.102 0.036928
0.102 0.103 0.030143
0.103 0.104 0.024371
0.104 0.105 0.019828
0.105 0.106 0.013250
0.106 0.107 0.009921
0.107 0.108 0.006271
0.108 0.109 0.001686
0.109 0.110 0.000000
0.110 0.111 0.000000
0.111 0.112 0.000000
0.112 0.113 0.000000
0.113 0.114 0.000000
0.114 0.115 0.000000
0.115 0.116 0.000000
0.116 0.117 0.000000
0.117 0.118 0.000000
0.118 0.119 0.000000
0.119 0.120 0.000000
0.120 0.121 0.000000
0.121 0.122 0.000000
0.122 0.123 0.000000
0.123 0.124 0.000000
0.124 0.125 0.000000
0.125 0.126 0.000000
0.126 0.127 0.000000
0.127 0.128 0.000000
0.128 0.129 0.000000
0.129 0.130 0.000000
0.130 0.131 0.000000
0.131 0.132 0.000000
0.132 0.133 0.000000
0.133 0.134 0.000000
0.134 0.135 0.000000
0.135 0.136 0.000000
0.136 0.137 0.000000
0.137 0.138 0.000000
0.138 0.139 0.000000
0.139 0.140 0.000000
0.140 0.141 0.000000
0.141 0.142 0.000000
0.142 0.143 0.000000
0.143 0.144 0.000000
0.144 0.145 0.000000
0.145 0.146 0.000000
0.146 0.147 0.000000
0.147 0.148 0.000000
0.148 0.149 0.000000
0.149 0.150 0.000000
