1
0.000 0.001 0.000000
0.001 0.002 0.000000
0.002 0.003 0.000000
0.003 0.004 0.000000
0.004 0.005 0.000000
0.005 0.006 0.000000
0.006 0.007 0.000000
0.007 0.008 0.000000
0.008 0.009 0.000000
0.009 0.010 0.000000
0.010 0.011 0.000000
0.011 0.012 0.000000
0.012 0.013 0.000000
0.013 0.014 0.000000
0.014 0.015 0.000000
0.015 0.016 0.000000
0.016 0.017 0.000001
0.017 0.018 0.000009
0.018 0.019 0.000055
0.019 0.020 0.000239
0.020 0.021 0.000802
0.021 0.022 0.002212
0.022 0.023 0.005178
0.023 0.024 0.010589
0.024 0.025 0.019457
0.025 0.026 0.032853
0.026 0.027 0.051365
0.027 0.028 0.075607
0.028 0.029 0.105457
0.029 0.030 0.140196
0.030 0.031 0.179532
0.031 0.032 0.221960
0.032 0.033 0.267106
0.033 0.034 0.313196
0.034 0.035 0.358675
0.035 0.036 0.404025
0.036 0.037 0.446059
0.037 0.038 0.484217
0.038 0.039 0.519324
0.039 0.040 0.556535
0.040 0.041 0.588182
0.041 0.042 0.615454
0.042 0.043 0.640786
0.043 0.044 0.661602
0.044 0.045 0.679321
0.045 0.046 0.690542
0.046 0.047 0.697927
0.047 0.048 0.704105
0.048 0.049 0.706218
0.049 0.050 0.701080
0.050 0.051 0.697283
0.051 0.052 0.693258
0.052 0.053 0.688065
0.053 0.054 0.681301
0.054 0.055 0.672451
0.055 0.056 0.660692
0.056 0.057 0.648528
0.057 0.058 0.766381
0.058 0.059 1.000000
0.059 0.060 0.852973
0.060 0.061 0.594196
0.061 0.062 0.575380
0.062 0.063 0.542964
0.063 0.064 0.518339
0.064 0.065 0.501358
0.065 0.066 0.484752
0.066 0.067 0.569624
0.067 0.068 0.554449
0.068 0.069 0.451343
0.069 0.070 0.406456
0.070 0.071 0.349111
0.071 0.072 0.333235
0.072 0.073 0.312900
0.073 0.074 0.299097
0.074 0.075 0.282023
0.075 0.076 0.266822
0.076 0.077 0.251061
0.077 0.078 0.236982
0.078 0.079 0.226057
0.079 0.080 0.214464
0.080 0.081 0.200179
0.081 0.082 0.183602
0.082 0.083 0.168095
0.083 0.084 0.150767
0.084 0.085 0.139890
0.085 0.086 0.130029
0.086 0.087 0.118775
0.087 0.088 0.108043
0.088 0.089 0.096126
0.089 0.090 0.084552
0.090 0.091 0.073192
0.091 0.092 0.059977
0.092 0.093 0.052597
0.093 0.094 0.045184
0.094 0.095 0.037356
0.095 0.096 0.029898
0.096 0.097 0.019662
0.097 0.098 0.014314
0.098 0.099 0.008891
0.099 0.100 0.003248
0.100 0.101 0.002259
0.101 0.102 0.000000
0.102 0.103 0.000000
0.103 0.104 0.000000
0.104 0.105 0.000000
0.105 0.106 0.000000
0.106 0.107 0.000000
0.107 0.108 0.000000
0.108 0.109 0.000000
0.109 0.110 0.000000
0.110 0.111 0.000000
0.111 0.112 0.000000
0.112 0.113 0.000000
0.113 0.114 0.000000
0.114 0.115 0.000000
0.115 0.116 0.000000
0.116 0.117 0.000000
0.117 0.118 0.000000
0.118 0.119 0.000000
0.119 0.120 0.000000
0.120 0.121 0.000000
0.121 0.122 0.000000
0.122 0.123 0.000000
0.123 0.124 0.000000
0.124 0.125 0.000000
0.125 0.126 0.000000
0.126 0.127 0.000000
0.127 0.128 0.000000
0.128 0.129 0.000000
0.129 0.130 0.000000
0.130 0.131 0.000000
0.131 0.132 0.000000
0.132 0.133 0.000000
0.133 0.134 0.000000
0.134 0.135 0.000000
0.135 0.136 0.000000
0.136 0.137 0.000000
0.137 0.138 0.000000
0.138 0.139 0.000000
0.139 0.140 0.000000
0.140 0.141 0.000000
0.141 0.142 0.000000
0.142 0.143 0.000000
0.143 0.144 0.000000
0.144 0.145 0.000000
0.145 0.146 0.000000
0.146 0.147 0.000000
0.147 0.148 0.000000
0.148 0.149 0.000000
0.149 0.150 0.000000
