1
0.000 0.001 0.000000
0.001 0.002 0.000000
0.002 0.003 0.000000
0.003 0.004 0.000000
0.004 0.005 0.000000
0.005 0.006 0.000000
0.006 0.007 0.000000
0.007 0.008 0.000000
0.008 0.009 0.000000
0.009 0.010 0.000000
0.010 0.011 0.000000
0.011 0.012 0.000000
0.012 0.013 0.000000
0.013 0.014 0.000000
0.014 0.015 0.000000
0.015 0.016 0.000000
0.016 0.017 0.000000
0.017 0.018 0.000001
0.018 0.019 0.000007
0.019 0.020 0.000041
0.020 0.021 0.000180
0.021 0.022 0.000624
0.022 0.023 0.001773
0.023 0.024 0.004286
0.024 0.025 0.009099
0.025 0.026 0.017267
0.026 0.027 0.029854
0.027 0.028 0.047902
0.028 0.029 0.072133
0.029 0.030 0.102696
0.030 0.031 0.139531
0.031 0.032 0.181430
0.032 0.033 0.228671
0.033 0.034 0.279580
0.034 0.035 0.332142
0.035 0.036 0.386061
0.036 0.037 0.438942
0.037 0.038 0.491051
0.038 0.039 0.542400
0.039 0.040 0.591582
0.040 0.041 0.635043
0.041 0.042 0.674924
0.042 0.043 0.710580
0.043 0.044 0.741996
0.044 0.045 0.769673
0.045 0.046 0.786779
0.046 0.047 0.802484
0.047 0.048 0.812473
0.048 0.049 0.817879
0.049 0.050 0.819389
0.050 0.051 0.820039
0.051 0.052 0.817836
0.052 0.053 0.806229
0.053 0.054 0.794086
0.054 0.055 0.779630
0.055 0.056 0.762761
0.056 0.057 0.741273
0.057 0.058 0.824220
0.058 0.059 1.000000
0.059 0.060 0.881147
0.060 0.061 0.670402
0.061 0.062 0.640854
0.062 0.063 0.605296
0.063 0.064 0.579608
0.064 0.065 0.553769
0.065 0.066 0.525606
0.066 0.067 0.580849
0.067 0.068 0.555455
0.068 0.069 0.461901
0.069 0.070 0.413684
0.070 0.071 0.360241
0.071 0.072 0.340368
0.072 0.073 0.314239
0.073 0.074 0.287872
0.074 0.075 0.267306
0.075 0.076 0.246823
0.076 0.077 0.227177
0.077 0.078 0.205835
0.078 0.079 0.183358
0.079 0.080 0.168291
0.080 0.081 0.150999
0.081 0.082 0.130464
0.082 0.083 0.112969
0.083 0.084 0.095495
0.084 0.085 0.082455
0.085 0.086 0.069181
0.086 0.087 0.054243
0.087 0.088 0.037658
0.088 0.089 0.026279
0.089 0.090 0.014924
0.090 0.091 0.010547
0.091 0.092 0.002889
0.092 0.093 0.000000
0.093 0.094 0.000000
0.094 0.095 0.000000
0.095 0.096 0.000000
0.096 0.097 0.000000
0.097 0.098 0.000000
0.098 0.099 0.000000
0.099 0.100 0.000000
0.100 0.101 0.000000
0.101 0.102 0.000000
0.102 0.103 0.000000
0.103 0.104 0.000000
0.104 0.105 0.000000
0.105 0.106 0.000000
0.106 0.107 0.000000
0.107 0.108 0.000000
0.108 0.109 0.000000
0.109 0.110 0.000000
0.110 0.111 0.000000
0.111 0.112 0.000000
0.112 0.113 0.000000
0.113 0.114 0.000000
0.114 0.115 0.000000
0.115 0.116 0.000000
0.116 0.117 0.000000
0.117 0.118 0.000000
0.118 0.119 0.000000
0.119 0.120 0.000000
0.120 0.121 0.000000
0.121 0.122 0.000000
0.122 0.123 0.000000
0.123 0.124 0.000000
0.124 0.125 0.000000
0.125 0.126 0.000000
0.126 0.127 0.000000
0.127 0.128 0.000000
0.128 0.129 0.000000
0.129 0.130 0.000000
0.130 0.131 0.000000
0.131 0.132 0.000000
0.132 0.133 0.000000
0.133 0.134 0.000000
0.134 0.135 0.000000
0.135 0.136 0.000000
0.136 0.137 0.000000
0.137 0.138 0.000000
0.138 0.139 0.000000
0.139 0.140 0.000000
0.140 0.141 0.000000
0.141 0.142 0.000000
0.142 0.143 0.000000
0.143 0.144 0.000000
0.144 0.145 0.000000
0.145 0.146 0.000000
0.146 0.147 0.000000
0.147 0.148 0.000000
0.148 0.149 0.000000
0.149 0.150 0.000000
