1
0.000 0.001 0.000000
0.001 0.002 0.000000
0.002 0.003 0.000000
0.003 0.004 0.000000
0.004 0.005 0.000000
0.005 0.006 0.000000
0.006 0.007 0.000000
0.007 0.008 0.000000
0.008 0.009 0.000000
0.009 0.010 0.000000
0.010 0.011 0.000000
0.011 0.012 0.000000
0.012 0.013 0.000000
0.013 0.014 0.000000
0.014 0.015 0.000000
0.015 0.016 0.000004
0.016 0.017 0.000026
0.017 0.018 0.000121
0.018 0.019 0.000426
0.019 0.020 0.001205
0.020 0.021 0.002870
0.021 0.022 0.005923
0.022 0.023 0.010906
0.023 0.024 0.018341
0.024 0.025 0.028570
0.025 0.026 0.041650
0.026 0.027 0.057647
0.027 0.028 0.076391
0.028 0.029 0.097335
0.029 0.030 0.119719
0.030 0.031 0.143675
0.031 0.032 0.168131
0.032 0.033 0.192681
0.033 0.034 0.217192
0.034 0.035 0.240574
0.035 0.036 0.262393
0.036 0.037 0.283652
0.037 0.038 0.304806
0.038 0.039 0.322737
0.039 0.040 0.338466
0.040 0.041 0.352766
0.041 0.042 0.365348
0.042 0.043 0.377027
0.043 0.044 0.386670
0.044 0.045 0.395524
0.045 0.046 0.400828
0.046 0.047 0.405314
0.047 0.048 0.411837
0.048 0.049 0.415226
0.049 0.050 0.415294
0.050 0.051 0.416297
0.051 0.052 0.417803
0.052 0.053 0.415870
0.053 0.054 0.413186
0.054 0.055 0.411055
0.055 0.056 0.409665
0.056 0.057 0.407954
0.057 0.058 0.611938
0.058 0.059 1.000000
0.059 0.060 0.787345
0.060 0.061 0.405010
0.061 0.062 0.400186
0.062 0.063 0.374345
0.063 0.064 0.369085
0.064 0.065 0.362455
0.065 0.066 0.355318
0.066 0.067 0.501971
0.067 0.068 0.496132
0.068 0.069 0.369162
0.069 0.070 0.329881
0.070 0.071 0.258817
0.071 0.072 0.255052
0.072 0.073 0.249747
0.073 0.074 0.244948
0.074 0.075 0.241148
0.075 0.076 0.237350
0.076 0.077 0.231762
0.077 0.078 0.227584
0.078 0.079 0.223938
0.079 0.080 0.220094
0.080 0.081 0.216033
0.081 0.082 0.210701
0.082 0.083 0.205079
0.083 0.084 0.199966
0.084 0.085 0.195662
0.085 0.086 0.191515
0.086 0.087 0.187213
0.087 0.088 0.184080
0.088 0.089 0.179090
0.089 0.090 0.173271
0.090 0.091 0.168597
0.091 0.092 0.161710
0.092 0.093 0.156519
0.093 0.094 0.153782
0.094 0.095 0.148921
0.095 0.096 0.144423
0.096 0.097 0.140237
0.097 0.098 0.134477
0.098 0.099 0.129440
0.099 0.100 0.125406
0.100 0.101 0.121175
0.101 0.102 0.116663
0.102 0.103 0.111874
0.103 0.104 0.108089
0.104 0.105 0.103646
0.105 0.106 0.098357
0.106 0.107 0.093933
0.107 0.108 0.088672
0.108 0.109 0.084494
0.109 0.110 0.080596
0.110 0.111 0.076305
0.111 0.112 0.072315
0.112 0.113 0.066903
0.113 0.114 0.061785
0.114 0.115 0.058061
0.115 0.116 0.054128
0.116 0.117 0.049728
0.117 0.118 0.045571
0.118 0.119 0.041044
0.119 0.120 0.037724
0.120 0.121 0.035479
0.121 0.122 0.032745
0.122 0.123 0.030024
0.123 0.124 0.027156
0.124 0.125 0.023463
0.125 0.126 0.020417
0.126 0.127 0.018042
0.127 0.128 0.014956
0.128 0.129 0.012814
0.129 0.130 0.010686
0.130 0.131 0.008122
0.131 0.132 0.006892
0.132 0.133 0.005053
0.133 0.134 0.003580
0.134 0.135 0.002039
0.135 0.136 0.000954
0.136 0.137 0.000259
0.137 0.138 0.000000
0.138 0.139 0.000000
0.139 0.140 0.000000
0.140 0.141 0.000000
0.141 0.142 0.000000
0.142 0.143 0.000000
0.143 0.144 0.000000
0.144 0.145 0.000000
0.145 0.146 0.000000
0.146 0.147 0.000000
0.147 0.148 0.000000
0.148 0.149 0.000000
0.149 0.150 0.000000
