1
0.000 0.001 0.000000
0.001 0.002 0.000000
0.002 0.003 0.000000
0.003 0.004 0.000000
0.004 0.005 0.000000
0.005 0.006 0.000000
0.006 0.007 0.000000
0.007 0.008 0.000000
0.008 0.009 0.000000
0.009 0.010 0.000000
0.010 0.011 0.000000
0.011 0.012 0.000000
0.012 0.013 0.000000
0.013 0.014 0.000000
0.014 0.015 0.000000
0.015 0.016 0.000000
0.016 0.017 0.000000
0.017 0.018 0.000000
0.018 0.019 0.000000
0.019 0.020 0.000002
0.020 0.021 0.000011
0.021 0.022 0.000051
0.022 0.023 0.000183
0.023 0.024 0.000544
0.024 0.025 0.001381
0.025 0.026 0.003061
0.026 0.027 0.006040
0.027 0.028 0.010933
0.028 0.029 0.018330
0.029 0.030 0.028542
0.030 0.031 0.042088
0.031 0.032 0.059099
0.032 0.033 0.079508
0.033 0.034 0.103060
0.034 0.035 0.129454
0.035 0.036 0.158242
0.036 0.037 0.188443
0.037 0.038 0.219274
0.038 0.039 0.249984
0.039 0.040 0.280805
0.040 0.041 0.312498
0.041 0.042 0.342630
0.042 0.043 0.372276
0.043 0.044 0.399614
0.044 0.045 0.425547
0.045 0.046 0.448238
0.046 0.047 0.467245
0.047 0.048 0.486769
0.048 0.049 0.503704
0.049 0.050 0.513666
0.050 0.051 0.522810
0.051 0.052 0.533561
0.052 0.053 0.540348
0.053 0.054 0.546431
0.054 0.055 0.548834
0.055 0.056 0.551479
0.056 0.057 0.554676
0.057 0.058 0.706948
0.058 0.059 1.000000
0.059 0.060 0.842140
0.060 0.061 0.545839
0.061 0.062 0.538966
0.062 0.063 0.515723
0.063 0.064 0.502867
0.064 0.065 0.490294
0.065 0.066 0.478539
0.066 0.067 0.598138
0.067 0.068 0.590363
0.068 0.069 0.474138
0.069 0.070 0.430445
0.070 0.071 0.364274
0.071 0.072 0.352962
0.072 0.073 0.338327
0.073 0.074 0.331625
0.074 0.075 0.323011
0.075 0.076 0.309673
0.076 0.077 0.292503
0.077 0.078 0.281864
0.078 0.079 0.275836
0.079 0.080 0.267990
0.080 0.081 0.256552
0.081 0.082 0.243362
0.082 0.083 0.231164
0.083 0.084 0.218647
0.084 0.085 0.207453
0.085 0.086 0.197462
0.086 0.087 0.184012
0.087 0.088 0.176691
0.088 0.089 0.169075
0.089 0.090 0.158676
0.090 0.091 0.146760
0.091 0.092 0.134596
0.092 0.093 0.125501
0.093 0.094 0.118386
0.094 0.095 0.108629
0.095 0.096 0.098048
0.096 0.097 0.089394
0.097 0.098 0.079583
0.098 0.099 0.068584
0.099 0.100 0.061063
0.100 0.101 0.057410
0.101 0.102 0.050544
0.102 0.103 0.040318
0.103 0.104 0.034835
0.104 0.105 0.030788
0.105 0.106 0.025816
0.106 0.107 0.020499
0.107 0.108 0.013446
0.108 0.109 0.010148
0.109 0.110 0.006763
0.110 0.111 0.002511
0.111 0.112 0.001565
0.112 0.113 0.000000
0.113 0.114 0.000000
0.114 0.115 0.000000
0.115 0.116 0.000000
0.116 0.117 0.000000
0.117 0.118 0.000000
0.118 0.119 0.000000
0.119 0.120 0.000000
0.120 0.121 0.000000
0.121 0.122 0.000000
0.122 0.123 0.000000
0.123 0.124 0.000000
0.124 0.125 0.000000
0.125 0.126 0.000000
0.126 0.127 0.000000
0.127 0.128 0.000000
0.128 0.129 0.000000
0.129 0.130 0.000000
0.130 0.131 0.000000
0.131 0.132 0.000000
0.132 0.133 0.000000
0.133 0.134 0.000000
0.134 0.135 0.000000
0.135 0.136 0.000000
0.136 0.137 0.000000
0.137 0.138 0.000000
0.138 0.139 0.000000
0.139 0.140 0.000000
0.140 0.141 0.000000
0.141 0.142 0.000000
0.142 0.143 0.000000
0.143 0.144 0.000000
0.144 0.145 0.000000
0.145 0.146 0.000000
0.146 0.147 0.000000
0.147 0.148 0.000000
0.148 0.149 0.000000
0.149 0.150 0.000000
