1
0.000 0.001 0.000000
0.001 0.002 0.000000
0.002 0.003 0.000000
0.003 0.004 0.000000
0.004 0.005 0.000000
0.005 0.006 0.000000
0.006 0.007 0.000000
0.007 0.008 0.000000
0.008 0.009 0.000000
0.009 0.010 0.000000
0.010 0.011 0.000000
0.011 0.012 0.000000
0.012 0.013 0.000000
0.013 0.014 0.000000
0.014 0.015 0.000000
0.015 0.016 0.000000
0.016 0.017 0.000000
0.017 0.018 0.000000
0.018 0.019 0.000000
0.019 0.020 0.000000
0.020 0.021 0.000001
0.021 0.022 0.000007
0.022 0.023 0.000029
0.023 0.024 0.000101
0.024 0.025 0.000298
0.025 0.026 0.000749
0.026 0.027 0.001654
0.027 0.028 0.003298
0.028 0.029 0.006024
0.029 0.030 0.010136
0.030 0.031 0.016014
0.031 0.032 0.023888
0.032 0.033 0.034001
0.033 0.034 0.046363
0.034 0.035 0.060923
0.035 0.036 0.077663
0.036 0.037 0.096368
0.037 0.038 0.116825
0.038 0.039 0.138248
0.039 0.040 0.160672
0.040 0.041 0.183511
0.041 0.042 0.206446
0.042 0.043 0.229753
0.043 0.044 0.252311
0.044 0.045 0.274718
0.045 0.046 0.295014
0.046 0.047 0.314177
0.047 0.048 0.334163
0.048 0.049 0.351975
0.049 0.050 0.366501
0.050 0.051 0.380768
0.051 0.052 0.395014
0.052 0.053 0.406016
0.053 0.054 0.415259
0.054 0.055 0.423803
0.055 0.056 0.431636
0.056 0.057 0.438583
0.057 0.058 0.630781
0.058 0.059 1.000000
0.059 0.060 0.817426
0.060 0.061 0.462227
0.061 0.062 0.462441
0.062 0.063 0.441105
0.063 0.064 0.439130
0.064 0.065 0.435538
0.065 0.066 0.431211
0.066 0.067 0.589891
0.067 0.068 0.588043
0.068 0.069 0.451972
0.069 0.070 0.409033
0.070 0.071 0.331379
0.071 0.072 0.326715
0.072 0.073 0.319384
0.073 0.074 0.313580
0.074 0.075 0.309953
0.075 0.076 0.305166
0.076 0.077 0.298011
0.077 0.078 0.292454
0.078 0.079 0.288258
0.079 0.080 0.283470
0.080 0.081 0.277519
0.081 0.082 0.269516
0.082 0.083 0.261456
0.083 0.084 0.253755
0.084 0.085 0.246294
0.085 0.086 0.241182
0.086 0.087 0.235279
0.087 0.088 0.230970
0.088 0.089 0.224462
0.089 0.090 0.216500
0.090 0.091 0.209477
0.091 0.092 0.199878
0.092 0.093 0.192650
0.093 0.094 0.188359
0.094 0.095 0.181182
0.095 0.096 0.173779
0.096 0.097 0.168117
0.097 0.098 0.160464
0.098 0.099 0.153325
0.099 0.100 0.147894
0.100 0.101 0.142986
0.101 0.102 0.137108
0.102 0.103 0.130395
0.103 0.104 0.125027
0.104 0.105 0.119224
0.105 0.106 0.111650
0.106 0.107 0.106622
0.107 0.108 0.100536
0.108 0.109 0.095670
0.109 0.110 0.091021
0.110 0.111 0.085973
0.111 0.112 0.081330
0.112 0.113 0.075003
0.113 0.114 0.069144
0.114 0.115 0.063862
0.115 0.116 0.059887
0.116 0.117 0.055378
0.117 0.118 0.051298
0.118 0.119 0.045946
0.119 0.120 0.042147
0.120 0.121 0.039862
0.121 0.122 0.035641
0.122 0.123 0.032883
0.123 0.124 0.029955
0.124 0.125 0.026329
0.125 0.126 0.022684
0.126 0.127 0.019812
0.127 0.128 0.015914
0.128 0.129 0.013747
0.129 0.130 0.011567
0.130 0.131 0.009106
0.131 0.132 0.007513
0.132 0.133 0.004984
0.133 0.134 0.003551
0.134 0.135 0.002226
0.135 0.136 0.000593
0.136 0.137 0.000000
0.137 0.138 0.000000
0.138 0.139 0.000000
0.139 0.140 0.000000
0.140 0.141 0.000000
0.141 0.142 0.000000
0.142 0.143 0.000000
0.143 0.144 0.000000
0.144 0.145 0.000000
0.145 0.146 0.000000
0.146 0.147 0.000000
0.147 0.148 0.000000
0.148 0.149 0.000000
0.149 0.150 0.000000
