1
0.000 0.001 0.000000
0.001 0.002 0.000000
0.002 0.003 0.000000
0.003 0.004 0.000000
0.004 0.005 0.000000
0.005 0.006 0.000000
0.006 0.007 0.000000
0.007 0.008 0.000000
0.008 0.009 0.000000
0.009 0.010 0.000000
0.010 0.011 0.000000
0.011 0.012 0.000000
0.012 0.013 0.000000
0.013 0.014 0.000000
0.014 0.015 0.000000
0.015 0.016 0.000000
0.016 0.017 0.000003
0.017 0.018 0.000016
0.018 0.019 0.000075
0.019 0.020 0.000265
0.020 0.021 0.000761
0.021 0.022 0.001838
0.022 0.023 0.003870
0.023 0.024 0.007300
0.024 0.025 0.012553
0.025 0.026 0.019956
0.026 0.027 0.029779
0.027 0.028 0.042128
0.028 0.029 0.056854
0.029 0.030 0.073530
0.030 0.031 0.092261
0.031 0.032 0.112382
0.032 0.033 0.133575
0.033 0.034 0.155394
0.034 0.035 0.177099
0.035 0.036 0.198443
0.036 0.037 0.219462
0.037 0.038 0.240876
0.038 0.039 0.260438
0.039 0.040 0.278034
0.040 0.041 0.294367
0.041 0.042 0.309577
0.042 0.043 0.323577
0.043 0.044 0.335881
0.044 0.045 0.347732
0.045 0.046 0.355838
0.046 0.047 0.363959
0.047 0.048 0.373104
0.048 0.049 0.378368
0.049 0.050 0.381674
0.050 0.051 0.386015
0.051 0.052 0.390085
0.052 0.053 0.390288
0.053 0.054 0.390093
0.054 0.055 0.390505
0.055 0.056 0.390843
0.056 0.057 0.391170
0.057 0.058 0.601102
0.058 0.059 1.000000
0.059 0.060 0.786137
0.060 0.061 0.396558
0.061 0.062 0.393416
0.062 0.063 0.368049
0.063 0.064 0.364522
0.064 0.065 0.359739
0.065 0.066 0.353316
0.066 0.067 0.507666
0.067 0.068 0.503113
0.068 0.069 0.371583
0.069 0.070 0.332245
0.070 0.071 0.258634
0.071 0.072 0.255855
0.072 0.073 0.251296
0.073 0.074 0.246622
0.074 0.075 0.243505
0.075 0.076 0.240366
0.076 0.077 0.235524
0.077 0.078 0.232178
0.078 0.079 0.228550
0.079 0.080 0.225176
0.080 0.081 0.222270
0.081 0.082 0.217753
0.082 0.083 0.212394
0.083 0.084 0.207480
0.084 0.085 0.203478
0.085 0.086 0.199533
0.086 0.087 0.196074
0.087 0.088 0.193023
0.088 0.089 0.187946
0.089 0.090 0.182645
0.090 0.091 0.178407
0.091 0.092 0.172299
0.092 0.093 0.167203
0.093 0.094 0.164101
0.094 0.095 0.159418
0.095 0.096 0.155268
0.096 0.097 0.151595
0.097 0.098 0.146363
0.098 0.099 0.141585
0.099 0.100 0.137962
0.100 0.101 0.133881
0.101 0.102 0.129353
0.102 0.103 0.125215
0.103 0.104 0.121786
0.104 0.105 0.117098
0.105 0.106 0.111696
0.106 0.107 0.107388
0.107 0.108 0.102384
0.108 0.109 0.098587
0.109 0.110 0.095371
0.110 0.111 0.091387
0.111 0.112 0.087398
0.112 0.113 0.081961
0.113 0.114 0.076783
0.114 0.115 0.073078
0.115 0.116 0.069307
0.116 0.117 0.064684
0.117 0.118 0.060888
0.118 0.119 0.056043
0.119 0.120 0.052048
0.120 0.121 0.049498
0.121 0.122 0.045906
0.122 0.123 0.042246
0.123 0.124 0.038742
0.124 0.125 0.034257
0.125 0.126 0.030392
0.126 0.127 0.027318
0.127 0.128 0.023345
0.128 0.129 0.020465
0.129 0.130 0.017396
0.130 0.131 0.014600
0.131 0.132 0.012941
0.132 0.133 0.010445
0.133 0.134 0.008131
0.134 0.135 0.005808
0.135 0.136 0.004009
0.136 0.137 0.002796
0.137 0.138 0.001331
0.138 0.139 0.000199
0.139 0.140 0.000000
0.140 0.141 0.000000
0.141 0.142 0.000000
0.142 0.143 0.000000
0.143 0.144 0.000000
0.144 0.145 0.000000
0.145 0.146 0.000000
0.146 0.147 0.000000
0.147 0.148 0.000000
0.148 0.149 0.000000
0.149 0.150 0.000000
