1
0.000 0.001 0.000000
0.001 0.002 0.000000
0.002 0.003 0.000000
0.003 0.004 0.000000
0.004 0.005 0.000000
0.005 0.006 0.000000
0.006 0.007 0.000000
0.007 0.008 0.000060
0.008 0.009 0.000000
0.009 0.010 0.000000
0.010 0.011 0.000000
0.011 0.012 0.000002
0.012 0.013 0.000018
0.013 0.014 0.000143
0.014 0.015 0.000698
0.015 0.016 0.002420
0.016 0.017 0.006562
0.017 0.018 0.014639
0.018 0.019 0.028129
0.019 0.020 0.048537
0.020 0.021 0.075925
0.021 0.022 0.110505
0.022 0.023 0.151454
0.023 0.024 0.197560
0.024 0.025 0.246684
0.025 0.026 0.296254
0.026 0.027 0.346399
0.027 0.028 0.396737
0.028 0.029 0.444647
0.029 0.030 0.490092
0.030 0.031 0.528991
0.031 0.032 0.564290
0.032 0.033 0.598307
0.033 0.034 0.626140
0.034 0.035 0.650250
0.035 0.036 0.673936
0.036 0.037 0.691471
0.037 0.038 0.697335
0.038 0.039 0.703089
0.039 0.040 0.710952
0.040 0.041 0.712413
0.041 0.042 0.710689
0.042 0.043 0.711166
0.043 0.044 0.705828
0.044 0.045 0.700359
0.045 0.046 0.695381
0.046 0.047 0.683554
0.047 0.048 0.674971
0.048 0.049 0.667825
0.049 0.050 0.652665
0.050 0.051 0.638958
0.051 0.052 0.629822
0.052 0.053 0.620287
0.053 0.054 0.606768
0.054 0.055 0.590464
0.055 0.056 0.578050
0.056 0.057 0.568971
0.057 0.058 0.716324
0.058 0.059 1.000000
0.059 0.060 0.819960
0.060 0.061 0.514653
0.061 0.062 0.500604
0.062 0.063 0.472218
0.063 0.064 0.454529
0.064 0.065 0.439576
0.065 0.066 0.428092
0.066 0.067 0.526545
0.067 0.068 0.512792
0.068 0.069 0.407989
0.069 0.070 0.367434
0.070 0.071 0.309815
0.071 0.072 0.297985
0.072 0.073 0.283696
0.073 0.074 0.278309
0.074 0.075 0.271529
0.075 0.076 0.258633
0.076 0.077 0.244260
0.077 0.078 0.233507
0.078 0.079 0.227412
0.079 0.080 0.219582
0.080 0.081 0.209029
0.081 0.082 0.197342
0.082 0.083 0.185501
0.083 0.084 0.172594
0.084 0.085 0.162226
0.085 0.086 0.153449
0.086 0.087 0.143792
0.087 0.088 0.134922
0.088 0.089 0.125850
0.089 0.090 0.115299
0.090 0.091 0.102705
0.091 0.092 0.091880
0.092 0.093 0.082640
0.093 0.094 0.073685
0.094 0.095 0.063970
0.095 0.096 0.054928
0.096 0.097 0.043936
0.097 0.098 0.032694
0.098 0.099 0.021069
0.099 0.100 0.011584
0.100 0.101 0.000696
0.101 0.102 0.000000
0.102 0.103 0.000000
0.103 0.104 0.000000
0.104 0.105 0.000000
0.105 0.106 0.000000
0.106 0.107 0.000000
0.107 0.108 0.000000
0.108 0.109 0.000000
0.109 0.110 0.000000
0.110 0.111 0.000000
0.111 0.112 0.000000
0.112 0.113 0.000000
0.113 0.114 0.000000
0.114 0.115 0.000000
0.115 0.116 0.000000
0.116 0.117 0.000000
0.117 0.118 0.000000
0.118 0.119 0.000000
0.119 0.120 0.000000
0.120 0.121 0.000000
0.121 0.122 0.000000
0.122 0.123 0.000000
0.123 0.124 0.000000
0.124 0.125 0.000000
0.125 0.126 0.000000
0.126 0.127 0.000000
0.127 0.128 0.000000
0.128 0.129 0.000000
0.129 0.130 0.000000
0.130 0.131 0.000000
0.131 0.132 0.000000
0.132 0.133 0.000000
0.133 0.134 0.000000
0.134 0.135 0.000000
0.135 0.136 0.000000
0.136 0.137 0.000000
0.137 0.138 0.000000
0.138 0.139 0.000000
0.139 0.140 0.000000
0.140 0.141 0.000000
0.141 0.142 0.000000
0.142 0.143 0.000000
0.143 0.144 0.000000
0.144 0.145 0.000000
0.145 0.146 0.000000
0.146 0.147 0.000000
0.147 0.148 0.000000
0.148 0.149 0.000000
0.149 0.150 0.000000
