1
0.000 0.001 0.000000
0.001 0.002 0.000000
0.002 0.003 0.000000
0.003 0.004 0.000000
0.004 0.005 0.000000
0.005 0.006 0.000000
0.006 0.007 0.000000
0.007 0.008 0.000000
0.008 0.009 0.000000
0.009 0.010 0.000000
0.010 0.011 0.000000
0.011 0.012 0.000000
0.012 0.013 0.000000
0.013 0.014 0.000000
0.014 0.015 0.000000
0.015 0.016 0.000000
0.016 0.017 0.000000
0.017 0.018 0.000003
0.018 0.019 0.000022
0.019 0.020 0.000113
0.020 0.021 0.000428
0.021 0.022 0.001292
0.022 0.023 0.003246
0.023 0.024 0.007044
0.024 0.025 0.013573
0.025 0.026 0.023652
0.026 0.027 0.037904
0.027 0.028 0.056905
0.028 0.029 0.080842
0.029 0.030 0.109135
0.030 0.031 0.141128
0.031 0.032 0.176370
0.032 0.033 0.214211
0.033 0.034 0.253269
0.034 0.035 0.292885
0.035 0.036 0.332768
0.036 0.037 0.371253
0.037 0.038 0.406712
0.038 0.039 0.439950
0.039 0.040 0.472274
0.040 0.041 0.501021
0.041 0.042 0.526499
0.042 0.043 0.550218
0.043 0.044 0.569330
0.044 0.045 0.586470
0.045 0.046 0.600269
0.046 0.047 0.609367
0.047 0.048 0.618075
0.048 0.049 0.624590
0.049 0.050 0.625140
0.050 0.051 0.624899
0.051 0.052 0.625502
0.052 0.053 0.624029
0.053 0.054 0.619189
0.054 0.055 0.610659
0.055 0.056 0.602536
0.056 0.057 0.595605
0.057 0.058 0.731915
0.058 0.059 1.000000
0.059 0.060 0.839555
0.060 0.061 0.554559
0.061 0.062 0.541322
0.062 0.063 0.513369
0.063 0.064 0.495291
0.064 0.065 0.478449
0.065 0.066 0.462700
0.066 0.067 0.562557
0.067 0.068 0.549973
0.068 0.069 0.441912
0.069 0.070 0.398565
0.070 0.071 0.337769
0.071 0.072 0.324112
0.072 0.073 0.307161
0.073 0.074 0.296831
0.074 0.075 0.288086
0.075 0.076 0.274940
0.076 0.077 0.260140
0.077 0.078 0.247497
0.078 0.079 0.238849
0.079 0.080 0.229018
0.080 0.081 0.215375
0.081 0.082 0.203020
0.082 0.083 0.191381
0.083 0.084 0.179373
0.084 0.085 0.168805
0.085 0.086 0.159442
0.086 0.087 0.148531
0.087 0.088 0.138008
0.088 0.089 0.130144
0.089 0.090 0.120484
0.090 0.091 0.109445
0.091 0.092 0.098851
0.092 0.093 0.090316
0.093 0.094 0.081879
0.094 0.095 0.074651
0.095 0.096 0.067880
0.096 0.097 0.059438
0.097 0.098 0.050345
0.098 0.099 0.039519
0.099 0.100 0.033952
0.100 0.101 0.031373
0.101 0.102 0.026199
0.102 0.103 0.018929
0.103 0.104 0.014835
0.104 0.105 0.011561
0.105 0.106 0.006894
0.106 0.107 0.004526
0.107 0.108 0.001196
0.108 0.109 0.000000
0.109 0.110 0.000000
0.110 0.111 0.000000
0.111 0.112 0.000000
0.112 0.113 0.000000
0.113 0.114 0.000000
0.114 0.115 0.000000
0.115 0.116 0.000000
0.116 0.117 0.000000
0.117 0.118 0.000000
0.118 0.119 0.000000
0.119 0.120 0.000000
0.120 0.121 0.000000
0.121 0.122 0.000000
0.122 0.123 0.000000
0.123 0.124 0.000000
0.124 0.125 0.000000
0.125 0.126 0.000000
0.126 0.127 0.000000
0.127 0.128 0.000000
0.128 0.129 0.000000
0.129 0.130 0.000000
0.130 0.131 0.000000
0.131 0.132 0.000000
0.132 0.133 0.000000
0.133 0.134 0.000000
0.134 0.135 0.000000
0.135 0.136 0.000000
0.136 0.137 0.000000
0.137 0.138 0.000000
0.138 0.139 0.000000
0.139 0.140 0.000000
0.140 0.141 0.000000
0.141 0.142 0.000000
0.142 0.143 0.000000
0.143 0.144 0.000000
0.144 0.145 0.000000
0.145 0.146 0.000000
0.146 0.147 0.000000
0.147 0.148 0.000000
0.148 0.149 0.000000
0.149 0.150 0.000000
