1
0.000 0.001 0.000000
0.001 0.002 0.000000
0.002 0.003 0.000000
0.003 0.004 0.000000
0.004 0.005 0.000000
0.005 0.006 0.000000
0.006 0.007 0.000000
0.007 0.008 0.000000
0.008 0.009 0.000000
0.009 0.010 0.000000
0.010 0.011 0.000001
0.011 0.012 0.000009
0.012 0.013 0.000078
0.013 0.014 0.000451
0.014 0.015 0.001761
0.015 0.016 0.005110
0.016 0.017 0.011920
0.017 0.018 0.023646
0.018 0.019 0.041109
0.019 0.020 0.064841
0.020 0.021 0.094650
0.021 0.022 0.129322
0.022 0.023 0.167908
0.023 0.024 0.208938
0.024 0.025 0.251065
0.025 0.026 0.292904
0.026 0.027 0.333254
0.027 0.028 0.372452
0.028 0.029 0.408965
0.029 0.030 0.440767
0.030 0.031 0.469842
0.031 0.032 0.495815
0.032 0.033 0.518187
0.033 0.034 0.536966
0.034 0.035 0.552143
0.035 0.036 0.564062
0.036 0.037 0.574388
0.037 0.038 0.582151
0.038 0.039 0.584783
0.039 0.040 0.586387
0.040 0.041 0.586654
0.041 0.042 0.584404
0.042 0.043 0.581864
0.043 0.044 0.577869
0.044 0.045 0.573938
0.045 0.046 0.566858
0.046 0.047 0.557964
0.047 0.048 0.552214
0.048 0.049 0.544996
0.049 0.050 0.534047
0.050 0.051 0.523873
0.051 0.052 0.516083
0.052 0.053 0.506673
0.053 0.054 0.495481
0.054 0.055 0.484742
0.055 0.056 0.476501
0.056 0.057 0.468049
0.057 0.058 0.650622
0.058 0.059 1.000000
0.059 0.060 0.794097
0.060 0.061 0.437875
0.061 0.062 0.427574
0.062 0.063 0.399332
0.063 0.064 0.388424
0.064 0.065 0.376907
0.065 0.066 0.367070
0.066 0.067 0.490509
0.067 0.068 0.480782
0.068 0.069 0.366116
0.069 0.070 0.326754
0.070 0.071 0.262614
0.071 0.072 0.255770
0.072 0.073 0.247593
0.073 0.074 0.241860
0.074 0.075 0.236034
0.075 0.076 0.229416
0.076 0.077 0.221169
0.077 0.078 0.214437
0.078 0.079 0.209912
0.079 0.080 0.204469
0.080 0.081 0.197517
0.081 0.082 0.189770
0.082 0.083 0.182594
0.083 0.084 0.175866
0.084 0.085 0.169913
0.085 0.086 0.164470
0.086 0.087 0.157941
0.087 0.088 0.153273
0.088 0.089 0.147281
0.089 0.090 0.140397
0.090 0.091 0.134230
0.091 0.092 0.126171
0.092 0.093 0.120404
0.093 0.094 0.117035
0.094 0.095 0.111009
0.095 0.096 0.106208
0.096 0.097 0.101207
0.097 0.098 0.094966
0.098 0.099 0.089302
0.099 0.100 0.084741
0.100 0.101 0.080865
0.101 0.102 0.076143
0.102 0.103 0.071309
0.103 0.104 0.067588
0.104 0.105 0.064126
0.105 0.106 0.059861
0.106 0.107 0.055953
0.107 0.108 0.050997
0.108 0.109 0.047615
0.109 0.110 0.044152
0.110 0.111 0.040751
0.111 0.112 0.037854
0.112 0.113 0.033725
0.113 0.114 0.030844
0.114 0.115 0.028292
0.115 0.116 0.025408
0.116 0.117 0.022605
0.117 0.118 0.019477
0.118 0.119 0.016223
0.119 0.120 0.014445
0.120 0.121 0.013562
0.121 0.122 0.011338
0.122 0.123 0.009818
0.123 0.124 0.008212
0.124 0.125 0.006369
0.125 0.126 0.004334
0.126 0.127 0.003266
0.127 0.128 0.001877
0.128 0.129 0.001191
0.129 0.130 0.000331
0.130 0.131 0.000000
0.131 0.132 0.000000
0.132 0.133 0.000000
0.133 0.134 0.000000
0.134 0.135 0.000000
0.135 0.136 0.000000
0.136 0.137 0.000000
0.137 0.138 0.000000
0.138 0.139 0.000000
0.139 0.140 0.000000
0.140 0.141 0.000000
0.141 0.142 0.000000
0.142 0.143 0.000000
0.143 0.144 0.000000
0.144 0.145 0.000000
0.145 0.146 0.000000
0.146 0.147 0.000000
0.147 0.148 0.000000
0.148 0.149 0.000000
0.149 0.150 0.000000
