1
0.000 0.001 0.000000
0.001 0.002 0.000000
0.002 0.003 0.000000
0.003 0.004 0.000000
0.004 0.005 0.000000
0.005 0.006 0.000000
0.006 0.007 0.000000
0.007 0.008 0.000000
0.008 0.009 0.000000
0.009 0.010 0.000000
0.010 0.011 0.000000
0.011 0.012 0.000000
0.012 0.013 0.000000
0.013 0.014 0.000000
0.014 0.015 0.000000
0.015 0.016 0.000002
0.016 0.017 0.000015
0.017 0.018 0.000092
0.018 0.019 0.000392
0.019 0.020 0.001276
0.020 0.021 0.003379
0.021 0.022 0.007565
0.022 0.023 0.014803
0.023 0.024 0.025991
0.024 0.025 0.041794
0.025 0.026 0.062473
0.026 0.027 0.087836
0.027 0.028 0.117707
0.028 0.029 0.151403
0.029 0.030 0.187607
0.030 0.031 0.225121
0.031 0.032 0.263281
0.032 0.033 0.301736
0.033 0.034 0.339294
0.034 0.035 0.374991
0.035 0.036 0.409114
0.036 0.037 0.440911
0.037 0.038 0.467898
0.038 0.039 0.491431
0.039 0.040 0.514133
0.040 0.041 0.533261
0.041 0.042 0.549046
0.042 0.043 0.563536
0.043 0.044 0.573946
0.044 0.045 0.583281
0.045 0.046 0.589998
0.046 0.047 0.591717
0.047 0.048 0.594368
0.048 0.049 0.596473
0.049 0.050 0.592742
0.050 0.051 0.588366
0.051 0.052 0.586520
0.052 0.053 0.583269
0.053 0.054 0.576608
0.054 0.055 0.567872
0.055 0.056 0.560770
0.056 0.057 0.554299
0.057 0.058 0.706140
0.058 0.059 1.000000
0.059 0.060 0.826264
0.060 0.061 0.519686
0.061 0.062 0.507976
0.062 0.063 0.481419
0.063 0.064 0.466834
0.064 0.065 0.452926
0.065 0.066 0.441835
0.066 0.067 0.548641
0.067 0.068 0.537175
0.068 0.069 0.427997
0.069 0.070 0.385620
0.070 0.071 0.323937
0.071 0.072 0.312704
0.072 0.073 0.298960
0.073 0.074 0.291835
0.074 0.075 0.283316
0.075 0.076 0.271059
0.076 0.077 0.257095
0.077 0.078 0.245260
0.078 0.079 0.237536
0.079 0.080 0.228217
0.080 0.081 0.216969
0.081 0.082 0.204324
0.082 0.083 0.192668
0.083 0.084 0.180847
0.084 0.085 0.169582
0.085 0.086 0.161562
0.086 0.087 0.151848
0.087 0.088 0.143812
0.088 0.089 0.135639
0.089 0.090 0.124980
0.090 0.091 0.114812
0.091 0.092 0.104681
0.092 0.093 0.096976
0.093 0.094 0.090168
0.094 0.095 0.083254
0.095 0.096 0.076755
0.096 0.097 0.068769
0.097 0.098 0.059981
0.098 0.099 0.049859
0.099 0.100 0.044101
0.100 0.101 0.041325
0.101 0.102 0.035537
0.102 0.103 0.029763
0.103 0.104 0.024980
0.104 0.105 0.021340
0.105 0.106 0.016429
0.106 0.107 0.012885
0.107 0.108 0.008431
0.108 0.109 0.005820
0.109 0.110 0.002702
0.110 0.111 0.000705
0.111 0.112 0.000000
0.112 0.113 0.000000
0.113 0.114 0.000000
0.114 0.115 0.000000
0.115 0.116 0.000000
0.116 0.117 0.000000
0.117 0.118 0.000000
0.118 0.119 0.000000
0.119 0.120 0.000000
0.120 0.121 0.000000
0.121 0.122 0.000000
0.122 0.123 0.000000
0.123 0.124 0.000000
0.124 0.125 0.000000
0.125 0.126 0.000000
0.126 0.127 0.000000
0.127 0.128 0.000000
0.128 0.129 0.000000
0.129 0.130 0.000000
0.130 0.131 0.000000
0.131 0.132 0.000000
0.132 0.133 0.000000
0.133 0.134 0.000000
0.134 0.135 0.000000
0.135 0.136 0.000000
0.136 0.137 0.000000
0.137 0.138 0.000000
0.138 0.139 0.000000
0.139 0.140 0.000000
0.140 0.141 0.000000
0.141 0.142 0.000000
0.142 0.143 0.000000
0.143 0.144 0.000000
0.144 0.145 0.000000
0.145 0.146 0.000000
0.146 0.147 0.000000
0.147 0.148 0.000000
0.148 0.149 0.000000
0.149 0.150 0.000000
