1
0.000 0.001 0.000000
0.001 0.002 0.000000
0.002 0.003 0.000000
0.003 0.004 0.000000
0.004 0.005 0.000000
0.005 0.006 0.000000
0.006 0.007 0.000000
0.007 0.008 0.000000
0.008 0.009 0.000000
0.009 0.010 0.000000
0.010 0.011 0.000000
0.011 0.012 0.000000
0.012 0.013 0.000000
0.013 0.014 0.000000
0.014 0.015 0.000000
0.015 0.016 0.000000
0.016 0.017 0.000000
0.017 0.018 0.000001
0.018 0.019 0.000011
0.019 0.020 0.000055
0.020 0.021 0.000216
0.021 0.022 0.000673
0.022 0.023 0.001747
0.023 0.024 0.003915
0.024 0.025 0.007780
0.025 0.026 0.013951
0.026 0.027 0.022981
0.027 0.028 0.035453
0.028 0.029 0.051609
0.029 0.030 0.071178
0.030 0.031 0.094168
0.031 0.032 0.120119
0.032 0.033 0.148582
0.033 0.034 0.178746
0.034 0.035 0.210094
0.035 0.036 0.242245
0.036 0.037 0.274046
0.037 0.038 0.304848
0.038 0.039 0.333846
0.039 0.040 0.361955
0.040 0.041 0.388490
0.041 0.042 0.412682
0.042 0.043 0.435768
0.043 0.044 0.455500
0.044 0.045 0.474040
0.045 0.046 0.489485
0.046 0.047 0.500763
0.047 0.048 0.512614
0.048 0.049 0.523175
0.049 0.050 0.528421
0.050 0.051 0.531859
0.051 0.052 0.536714
0.052 0.053 0.540373
0.053 0.054 0.540302
0.054 0.055 0.537985
0.055 0.056 0.536427
0.056 0.057 0.534504
0.057 0.058 0.693597
0.058 0.059 1.000000
0.059 0.060 0.828774
0.060 0.061 0.517103
0.061 0.062 0.508725
0.062 0.063 0.484338
0.063 0.064 0.472265
0.064 0.065 0.459855
0.065 0.066 0.449752
0.066 0.067 0.567009
0.067 0.068 0.557058
0.068 0.069 0.441319
0.069 0.070 0.397370
0.070 0.071 0.331998
0.071 0.072 0.321500
0.072 0.073 0.308567
0.073 0.074 0.301827
0.074 0.075 0.293567
0.075 0.076 0.282244
0.076 0.077 0.267926
0.077 0.078 0.257808
0.078 0.079 0.251771
0.079 0.080 0.244199
0.080 0.081 0.233528
0.081 0.082 0.221530
0.082 0.083 0.210759
0.083 0.084 0.199264
0.084 0.085 0.190981
0.085 0.086 0.183783
0.086 0.087 0.174403
0.087 0.088 0.167373
0.088 0.089 0.159928
0.089 0.090 0.150021
0.090 0.091 0.138957
0.091 0.092 0.128601
0.092 0.093 0.121405
0.093 0.094 0.116646
0.094 0.095 0.109036
0.095 0.096 0.101736
0.096 0.097 0.092525
0.097 0.098 0.084136
0.098 0.099 0.075290
0.099 0.100 0.068940
0.100 0.101 0.065391
0.101 0.102 0.059724
0.102 0.103 0.051246
0.103 0.104 0.046078
0.104 0.105 0.042310
0.105 0.106 0.037572
0.106 0.107 0.032565
0.107 0.108 0.026131
0.108 0.109 0.022059
0.109 0.110 0.017684
0.110 0.111 0.013072
0.111 0.112 0.010684
0.112 0.113 0.007835
0.113 0.114 0.004676
0.114 0.115 0.003080
0.115 0.116 0.000805
0.116 0.117 0.000000
0.117 0.118 0.000000
0.118 0.119 0.000000
0.119 0.120 0.000000
0.120 0.121 0.000000
0.121 0.122 0.000000
0.122 0.123 0.000000
0.123 0.124 0.000000
0.124 0.125 0.000000
0.125 0.126 0.000000
0.126 0.127 0.000000
0.127 0.128 0.000000
0.128 0.129 0.000000
0.129 0.130 0.000000
0.130 0.131 0.000000
0.131 0.132 0.000000
0.132 0.133 0.000000
0.133 0.134 0.000000
0.134 0.135 0.000000
0.135 0.136 0.000000
0.136 0.137 0.000000
0.137 0.138 0.000000
0.138 0.139 0.000000
0.139 0.140 0.000000
0.140 0.141 0.000000
0.141 0.142 0.000000
0.142 0.143 0.000000
0.143 0.144 0.000000
0.144 0.145 0.000000
0.145 0.146 0.000000
0.146 0.147 0.000000
0.147 0.148 0.000000
0.148 0.149 0.000000
0.149 0.150 0.000000
