1
0.000 0.001 0.000000
0.001 0.002 0.000000
0.002 0.003 0.000000
0.003 0.004 0.000000
0.004 0.005 0.000000
0.005 0.006 0.000000
0.006 0.007 0.000000
0.007 0.008 0.000000
0.008 0.009 0.000000
0.009 0.010 0.000000
0.010 0.011 0.000000
0.011 0.012 0.000000
0.012 0.013 0.000000
0.013 0.014 0.000000
0.014 0.015 0.000000
0.015 0.016 0.000001
0.016 0.017 0.000008
0.017 0.018 0.000050
0.018 0.019 0.000224
0.019 0.020 0.000770
0.020 0.021 0.002138
0.021 0.022 0.004971
0.022 0.023 0.010045
0.023 0.024 0.018176
0.024 0.025 0.029967
0.025 0.026 0.045801
0.026 0.027 0.065540
0.027 0.028 0.089442
0.028 0.029 0.117132
0.029 0.030 0.147138
0.030 0.031 0.179094
0.031 0.032 0.212049
0.032 0.033 0.245165
0.033 0.034 0.277885
0.034 0.035 0.309669
0.035 0.036 0.339146
0.036 0.037 0.367137
0.037 0.038 0.393528
0.038 0.039 0.415661
0.039 0.040 0.435631
0.040 0.041 0.453083
0.041 0.042 0.467448
0.042 0.043 0.479311
0.043 0.044 0.491210
0.044 0.045 0.501372
0.045 0.046 0.507471
0.046 0.047 0.511296
0.047 0.048 0.516269
0.048 0.049 0.518768
0.049 0.050 0.517120
0.050 0.051 0.514569
0.051 0.052 0.513205
0.052 0.053 0.509951
0.053 0.054 0.504029
0.054 0.055 0.497379
0.055 0.056 0.491987
0.056 0.057 0.485953
0.057 0.058 0.661464
0.058 0.059 1.000000
0.059 0.060 0.808208
0.060 0.061 0.463904
0.061 0.062 0.455651
0.062 0.063 0.429093
0.063 0.064 0.419048
0.064 0.065 0.408054
0.065 0.066 0.398264
0.066 0.067 0.525745
0.067 0.068 0.516807
0.068 0.069 0.397322
0.069 0.070 0.355826
0.070 0.071 0.288424
0.071 0.072 0.280384
0.072 0.073 0.269862
0.073 0.074 0.264260
0.074 0.075 0.258402
0.075 0.076 0.251750
0.076 0.077 0.243234
0.077 0.078 0.236082
0.078 0.079 0.231174
0.079 0.080 0.225368
0.080 0.081 0.217842
0.081 0.082 0.209135
0.082 0.083 0.201239
0.083 0.084 0.193883
0.084 0.085 0.187135
0.085 0.086 0.180853
0.086 0.087 0.172554
0.087 0.088 0.168486
0.088 0.089 0.163136
0.089 0.090 0.156030
0.090 0.091 0.149647
0.091 0.092 0.141061
0.092 0.093 0.135106
0.093 0.094 0.131873
0.094 0.095 0.125921
0.095 0.096 0.120169
0.096 0.097 0.114152
0.097 0.098 0.106714
0.098 0.099 0.099571
0.099 0.100 0.095160
0.100 0.101 0.091308
0.101 0.102 0.087072
0.102 0.103 0.081551
0.103 0.104 0.077346
0.104 0.105 0.073521
0.105 0.106 0.068727
0.106 0.107 0.064288
0.107 0.108 0.058919
0.108 0.109 0.054359
0.109 0.110 0.049143
0.110 0.111 0.045644
0.111 0.112 0.042716
0.112 0.113 0.038675
0.113 0.114 0.035205
0.114 0.115 0.032034
0.115 0.116 0.028411
0.116 0.117 0.024952
0.117 0.118 0.020876
0.118 0.119 0.017252
0.119 0.120 0.015360
0.120 0.121 0.014489
0.121 0.122 0.012340
0.122 0.123 0.010129
0.123 0.124 0.007310
0.124 0.125 0.005742
0.125 0.126 0.004200
0.126 0.127 0.002914
0.127 0.128 0.001100
0.128 0.129 0.000645
0.129 0.130 0.000000
0.130 0.131 0.000000
0.131 0.132 0.000000
0.132 0.133 0.000000
0.133 0.134 0.000000
0.134 0.135 0.000000
0.135 0.136 0.000000
0.136 0.137 0.000000
0.137 0.138 0.000000
0.138 0.139 0.000000
0.139 0.140 0.000000
0.140 0.141 0.000000
0.141 0.142 0.000000
0.142 0.143 0.000000
0.143 0.144 0.000000
0.144 0.145 0.000000
0.145 0.146 0.000000
0.146 0.147 0.000000
0.147 0.148 0.000000
0.148 0.149 0.000000
0.149 0.150 0.000000
