1
0.000 0.001 0.000000
0.001 0.002 0.000000
0.002 0.003 0.000000
0.003 0.004 0.000000
0.004 0.005 0.000000
0.005 0.006 0.000000
0.006 0.007 0.000000
0.007 0.008 0.000000
0.008 0.009 0.000000
0.009 0.010 0.000000
0.010 0.011 0.000000
0.011 0.012 0.000000
0.012 0.013 0.000000
0.013 0.014 0.000000
0.014 0.015 0.000003
0.015 0.016 0.000028
0.016 0.017 0.000177
0.017 0.018 0.000779
0.018 0.019 0.002584
0.019 0.020 0.006908
0.020 0.021 0.015552
0.021 0.022 0.030540
0.022 0.023 0.053426
0.023 0.024 0.085295
0.024 0.025 0.127064
0.025 0.026 0.177313
0.026 0.027 0.235301
0.027 0.028 0.299866
0.028 0.029 0.367536
0.029 0.030 0.439648
0.030 0.031 0.511772
0.031 0.032 0.577901
0.032 0.033 0.642402
0.033 0.034 0.702294
0.034 0.035 0.756548
0.035 0.036 0.806618
0.036 0.037 0.846449
0.037 0.038 0.886161
0.038 0.039 0.922055
0.039 0.040 0.946560
0.040 0.041 0.965917
0.041 0.042 0.983672
0.042 0.043 0.993686
0.043 0.044 0.994959
0.044 0.045 1.000000
0.045 0.046 0.994456
0.046 0.047 0.986603
0.047 0.048 0.975150
0.048 0.049 0.957004
0.049 0.050 0.943030
0.050 0.051 0.926999
0.051 0.052 0.908698
0.052 0.053 0.886658
0.053 0.054 0.868999
0.054 0.055 0.847052
0.055 0.056 0.811027
0.056 0.057 0.776514
0.057 0.058 0.825759
0.058 0.059 0.942988
0.059 0.060 0.843700
0.060 0.061 0.673314
0.061 0.062 0.641053
0.062 0.063 0.610919
0.063 0.064 0.581880
0.064 0.065 0.548392
0.065 0.066 0.509803
0.066 0.067 0.528898
0.067 0.068 0.500271
0.068 0.069 0.421548
0.069 0.070 0.372131
0.070 0.071 0.323680
0.071 0.072 0.293809
0.072 0.073 0.256412
0.073 0.074 0.227771
0.074 0.075 0.198220
0.075 0.076 0.170528
0.076 0.077 0.140962
0.077 0.078 0.110983
0.078 0.079 0.082915
0.079 0.080 0.064525
0.080 0.081 0.046866
0.081 0.082 0.027712
0.082 0.083 0.011975
0.083 0.084 0.002233
0.084 0.085 0.000000
0.085 0.086 0.000000
0.086 0.087 0.000000
0.087 0.088 0.000000
0.088 0.089 0.000000
0.089 0.090 0.000000
0.090 0.091 0.000000
0.091 0.092 0.000000
0.092 0.093 0.000000
0.093 0.094 0.000000
0.094 0.095 0.000000
0.095 0.096 0.000000
0.096 0.097 0.000000
0.097 0.098 0.000000
0.098 0.099 0.000000
0.099 0.100 0.000000
0.100 0.101 0.000000
0.101 0.102 0.000000
0.102 0.103 0.000000
0.103 0.104 0.000000
0.104 0.105 0.000000
0.105 0.106 0.000000
0.106 0.107 0.000000
0.107 0.108 0.000000
0.108 0.109 0.000000
0.109 0.110 0.000000
0.110 0.111 0.000000
0.111 0.112 0.000000
0.112 0.113 0.000000
0.113 0.114 0.000000
0.114 0.115 0.000000
0.115 0.116 0.000000
0.116 0.117 0.000000
0.117 0.118 0.000000
0.118 0.119 0.000000
0.119 0.120 0.000000
0.120 0.121 0.000000
0.121 0.122 0.000000
0.122 0.123 0.000000
0.123 0.124 0.000000
0.124 0.125 0.000000
0.125 0.126 0.000000
0.126 0.127 0.000000
0.127 0.128 0.000000
0.128 0.129 0.000000
0.129 0.130 0.000000
0.130 0.131 0.000000
0.131 0.132 0.000000
0.132 0.133 0.000000
0.133 0.134 0.000000
0.134 0.135 0.000000
0.135 0.136 0.000000
0.136 0.137 0.000000
0.137 0.138 0.000000
0.138 0.139 0.000000
0.139 0.140 0.000000
0.140 0.141 0.000000
0.141 0.142 0.000000
0.142 0.143 0.000000
0.143 0.144 0.000000
0.144 0.145 0.000000
0.145 0.146 0.000000
0.146 0.147 0.000000
0.147 0.148 0.000000
0.148 0.149 0.000000
0.149 0.150 0.000000
