1
0.000 0.001 0.000000
0.001 0.002 0.000000
0.002 0.003 0.000000
0.003 0.004 0.000000
0.004 0.005 0.000000
0.005 0.006 0.000000
0.006 0.007 0.000000
0.007 0.008 0.000000
0.008 0.009 0.000000
0.009 0.010 0.000000
0.010 0.011 0.000000
0.011 0.012 0.000000
0.012 0.013 0.000000
0.013 0.014 0.000001
0.014 0.015 0.000009
0.015 0.016 0.000071
0.016 0.017 0.000352
0.017 0.018 0.001272
0.018 0.019 0.003612
0.019 0.020 0.008550
0.020 0.021 0.017431
0.021 0.022 0.031549
0.022 0.023 0.051792
0.023 0.024 0.078603
0.024 0.025 0.112020
0.025 0.026 0.150871
0.026 0.027 0.194064
0.027 0.028 0.240960
0.028 0.029 0.290294
0.029 0.030 0.340183
0.030 0.031 0.388488
0.031 0.032 0.435001
0.032 0.033 0.480208
0.033 0.034 0.521185
0.034 0.035 0.558338
0.035 0.036 0.593632
0.036 0.037 0.623763
0.037 0.038 0.646674
0.038 0.039 0.666728
0.039 0.040 0.686041
0.040 0.041 0.699250
0.041 0.042 0.709069
0.042 0.043 0.717966
0.043 0.044 0.721582
0.044 0.045 0.724175
0.045 0.046 0.723417
0.046 0.047 0.718339
0.047 0.048 0.714000
0.048 0.049 0.708493
0.049 0.050 0.697513
0.050 0.051 0.686922
0.051 0.052 0.678839
0.052 0.053 0.668538
0.053 0.054 0.655648
0.054 0.055 0.640860
0.055 0.056 0.626399
0.056 0.057 0.613013
0.057 0.058 0.743732
0.058 0.059 1.000000
0.059 0.060 0.836064
0.060 0.061 0.555089
0.061 0.062 0.537892
0.062 0.063 0.507502
0.063 0.064 0.487515
0.064 0.065 0.468904
0.065 0.066 0.452190
0.066 0.067 0.539850
0.067 0.068 0.523480
0.068 0.069 0.419247
0.069 0.070 0.376344
0.070 0.071 0.318941
0.071 0.072 0.304557
0.072 0.073 0.286935
0.073 0.074 0.276525
0.074 0.075 0.263986
0.075 0.076 0.250131
0.076 0.077 0.235192
0.077 0.078 0.222234
0.078 0.079 0.212835
0.079 0.080 0.202653
0.080 0.081 0.189271
0.081 0.082 0.176771
0.082 0.083 0.165001
0.083 0.084 0.153040
0.084 0.085 0.142375
0.085 0.086 0.131928
0.086 0.087 0.122812
0.087 0.088 0.114652
0.088 0.089 0.106169
0.089 0.090 0.096619
0.090 0.091 0.085376
0.091 0.092 0.076840
0.092 0.093 0.069820
0.093 0.094 0.063401
0.094 0.095 0.055998
0.095 0.096 0.048296
0.096 0.097 0.041413
0.097 0.098 0.034137
0.098 0.099 0.025550
0.099 0.100 0.021054
0.100 0.101 0.018777
0.101 0.102 0.013862
0.102 0.103 0.010208
0.103 0.104 0.006932
0.104 0.105 0.003491
0.105 0.106 0.000967
0.106 0.107 0.000000
0.107 0.108 0.000000
0.108 0.109 0.000000
0.109 0.110 0.000000
0.110 0.111 0.000000
0.111 0.112 0.000000
0.112 0.113 0.000000
0.113 0.114 0.000000
0.114 0.115 0.000000
0.115 0.116 0.000000
0.116 0.117 0.000000
0.117 0.118 0.000000
0.118 0.119 0.000000
0.119 0.120 0.000000
0.120 0.121 0.000000
0.121 0.122 0.000000
0.122 0.123 0.000000
0.123 0.124 0.000000
0.124 0.125 0.000000
0.125 0.126 0.000000
0.126 0.127 0.000000
0.127 0.128 0.000000
0.128 0.129 0.000000
0.129 0.130 0.000000
0.130 0.131 0.000000
0.131 0.132 0.000000
0.132 0.133 0.000000
0.133 0.134 0.000000
0.134 0.135 0.000000
0.135 0.136 0.000000
0.136 0.137 0.000000
0.137 0.138 0.000000
0.138 0.139 0.000000
0.139 0.140 0.000000
0.140 0.141 0.000000
0.141 0.142 0.000000
0.142 0.143 0.000000
0.143 0.144 0.000000
0.144 0.145 0.000000
0.145 0.146 0.000000
0.146 0.147 0.000000
0.147 0.148 0.000000
0.148 0.149 0.000000
0.149 0.150 0.000000
