1
0.000 0.001 0.000000
0.001 0.002 0.000000
0.002 0.003 0.000000
0.003 0.004 0.000000
0.004 0.005 0.000000
0.005 0.006 0.000000
0.006 0.007 0.000000
0.007 0.008 0.000000
0.008 0.009 0.000000
0.009 0.010 0.000000
0.010 0.011 0.000000
0.011 0.012 0.000000
0.012 0.013 0.000000
0.013 0.014 0.000000
0.014 0.015 0.000000
0.015 0.016 0.000000
0.016 0.017 0.000000
0.017 0.018 0.000000
0.018 0.019 0.000000
0.019 0.020 0.000001
0.020 0.021 0.000008
0.021 0.022 0.000035
0.022 0.023 0.000127
0.023 0.024 0.000378
0.024 0.025 0.000959
0.025 0.026 0.002122
0.026 0.027 0.004188
0.027 0.028 0.007572
0.028 0.029 0.012681
0.029 0.030 0.019741
0.030 0.031 0.029129
0.031 0.032 0.040935
0.032 0.033 0.055075
0.033 0.034 0.071595
0.034 0.035 0.090376
0.035 0.036 0.110663
0.036 0.037 0.132478
0.037 0.038 0.155766
0.038 0.039 0.178385
0.039 0.040 0.201185
0.040 0.041 0.224776
0.041 0.042 0.247162
0.042 0.043 0.269660
0.043 0.044 0.291148
0.044 0.045 0.311928
0.045 0.046 0.330811
0.046 0.047 0.346458
0.047 0.048 0.363591
0.048 0.049 0.380226
0.049 0.050 0.392278
0.050 0.051 0.401815
0.051 0.052 0.412721
0.052 0.053 0.423866
0.053 0.054 0.430843
0.054 0.055 0.435951
0.055 0.056 0.443353
0.056 0.057 0.449779
0.057 0.058 0.638085
0.058 0.059 1.000000
0.059 0.060 0.815640
0.060 0.061 0.464358
0.061 0.062 0.463907
0.062 0.063 0.444361
0.063 0.064 0.440080
0.064 0.065 0.434083
0.065 0.066 0.431246
0.066 0.067 0.582019
0.067 0.068 0.579341
0.068 0.069 0.450818
0.069 0.070 0.408530
0.070 0.071 0.334248
0.071 0.072 0.328579
0.072 0.073 0.321835
0.073 0.074 0.319749
0.074 0.075 0.315979
0.075 0.076 0.310674
0.076 0.077 0.302085
0.077 0.078 0.295119
0.078 0.079 0.292812
0.079 0.080 0.288148
0.080 0.081 0.279788
0.081 0.082 0.270719
0.082 0.083 0.263203
0.083 0.084 0.256039
0.084 0.085 0.249591
0.085 0.086 0.244151
0.086 0.087 0.235570
0.087 0.088 0.230959
0.088 0.089 0.225684
0.089 0.090 0.216356
0.090 0.091 0.207221
0.091 0.092 0.194542
0.092 0.093 0.186920
0.093 0.094 0.183980
0.094 0.095 0.175966
0.095 0.096 0.168094
0.096 0.097 0.159304
0.097 0.098 0.148284
0.098 0.099 0.137672
0.099 0.100 0.129468
0.100 0.101 0.124047
0.101 0.102 0.116909
0.102 0.103 0.106094
0.103 0.104 0.097925
0.104 0.105 0.091997
0.105 0.106 0.084301
0.106 0.107 0.076270
0.107 0.108 0.066464
0.108 0.109 0.057840
0.109 0.110 0.048198
0.110 0.111 0.039509
0.111 0.112 0.033491
0.112 0.113 0.025719
0.113 0.114 0.019579
0.114 0.115 0.013972
0.115 0.116 0.008658
0.116 0.117 0.004601
0.117 0.118 0.000586
0.118 0.119 0.000000
0.119 0.120 0.000000
0.120 0.121 0.000000
0.121 0.122 0.000000
0.122 0.123 0.000000
0.123 0.124 0.000000
0.124 0.125 0.000000
0.125 0.126 0.000000
0.126 0.127 0.000000
0.127 0.128 0.000000
0.128 0.129 0.000000
0.129 0.130 0.000000
0.130 0.131 0.000000
0.131 0.132 0.000000
0.132 0.133 0.000000
0.133 0.134 0.000000
0.134 0.135 0.000000
0.135 0.136 0.000000
0.136 0.137 0.000000
0.137 0.138 0.000000
0.138 0.139 0.000000
0.139 0.140 0.000000
0.140 0.141 0.000000
0.141 0.142 0.000000
0.142 0.143 0.000000
0.143 0.144 0.000000
0.144 0.145 0.000000
0.145 0.146 0.000000
0.146 0.147 0.000000
0.147 0.148 0.000000
0.148 0.149 0.000000
0.149 0.150 0.000000
