1
0.000 0.001 0.000000
0.001 0.002 0.000000
0.002 0.003 0.000000
0.003 0.004 0.000000
0.004 0.005 0.000000
0.005 0.006 0.000000
0.006 0.007 0.000000
0.007 0.008 0.000000
0.008 0.009 0.000000
0.009 0.010 0.000000
0.010 0.011 0.000000
0.011 0.012 0.000000
0.012 0.013 0.000000
0.013 0.014 0.000000
0.014 0.015 0.000000
0.015 0.016 0.000000
0.016 0.017 0.000000
0.017 0.018 0.000000
0.018 0.019 0.000000
0.019 0.020 0.000000
0.020 0.021 0.000000
0.021 0.022 0.000002
0.022 0.023 0.000012
0.023 0.024 0.000052
0.024 0.025 0.000184
0.025 0.026 0.000539
0.026 0.027 0.001349
0.027 0.028 0.002995
0.028 0.029 0.005996
0.029 0.030 0.010881
0.030 0.031 0.018323
0.031 0.032 0.028839
0.032 0.033 0.042973
0.033 0.034 0.060699
0.034 0.035 0.082710
0.035 0.036 0.108907
0.036 0.037 0.138430
0.037 0.038 0.170940
0.038 0.039 0.206429
0.039 0.040 0.244212
0.040 0.041 0.282219
0.041 0.042 0.320670
0.042 0.043 0.359522
0.043 0.044 0.397425
0.044 0.045 0.433509
0.045 0.046 0.465379
0.046 0.047 0.495566
0.047 0.048 0.521814
0.048 0.049 0.549091
0.049 0.050 0.571518
0.050 0.051 0.592369
0.051 0.052 0.613105
0.052 0.053 0.627496
0.053 0.054 0.637681
0.054 0.055 0.645393
0.055 0.056 0.648795
0.056 0.057 0.649309
0.057 0.058 0.768199
0.058 0.059 1.000000
0.059 0.060 0.874759
0.060 0.061 0.640420
0.061 0.062 0.632633
0.062 0.063 0.608685
0.063 0.064 0.594933
0.064 0.065 0.581376
0.065 0.066 0.566395
0.066 0.067 0.660701
0.067 0.068 0.648126
0.068 0.069 0.535527
0.069 0.070 0.484665
0.070 0.071 0.416721
0.071 0.072 0.404472
0.072 0.073 0.385884
0.073 0.074 0.371705
0.074 0.075 0.356041
0.075 0.076 0.336480
0.076 0.077 0.316346
0.077 0.078 0.296621
0.078 0.079 0.279699
0.079 0.080 0.262229
0.080 0.081 0.238228
0.081 0.082 0.219238
0.082 0.083 0.201915
0.083 0.084 0.185362
0.084 0.085 0.168734
0.085 0.086 0.152648
0.086 0.087 0.134299
0.087 0.088 0.113532
0.088 0.089 0.099128
0.089 0.090 0.086094
0.090 0.091 0.074443
0.091 0.092 0.061574
0.092 0.093 0.049056
0.093 0.094 0.033276
0.094 0.095 0.025464
0.095 0.096 0.017854
0.096 0.097 0.006693
0.097 0.098 0.003840
0.098 0.099 0.000000
0.099 0.100 0.000000
0.100 0.101 0.000000
0.101 0.102 0.000000
0.102 0.103 0.000000
0.103 0.104 0.000000
0.104 0.105 0.000000
0.105 0.106 0.000000
0.106 0.107 0.000000
0.107 0.108 0.000000
0.108 0.109 0.000000
0.109 0.110 0.000000
0.110 0.111 0.000000
0.111 0.112 0.000000
0.112 0.113 0.000000
0.113 0.114 0.000000
0.114 0.115 0.000000
0.115 0.116 0.000000
0.116 0.117 0.000000
0.117 0.118 0.000000
0.118 0.119 0.000000
0.119 0.120 0.000000
0.120 0.121 0.000000
0.121 0.122 0.000000
0.122 0.123 0.000000
0.123 0.124 0.000000
0.124 0.125 0.000000
0.125 0.126 0.000000
0.126 0.127 0.000000
0.127 0.128 0.000000
0.128 0.129 0.000000
0.129 0.130 0.000000
0.130 0.131 0.000000
0.131 0.132 0.000000
0.132 0.133 0.000000
0.133 0.134 0.000000
0.134 0.135 0.000000
0.135 0.136 0.000000
0.136 0.137 0.000000
0.137 0.138 0.000000
0.138 0.139 0.000000
0.139 0.140 0.000000
0.140 0.141 0.000000
0.141 0.142 0.000000
0.142 0.143 0.000000
0.143 0.144 0.000000
0.144 0.145 0.000000
0.145 0.146 0.000000
0.146 0.147 0.000000
0.147 0.148 0.000000
0.148 0.149 0.000000
0.149 0.150 0.000000
