1
0.000 0.001 0.000000
0.001 0.002 0.000000
0.002 0.003 0.000000
0.003 0.004 0.000000
0.004 0.005 0.000000
0.005 0.006 0.000000
0.006 0.007 0.000000
0.007 0.008 0.000000
0.008 0.009 0.000000
0.009 0.010 0.000000
0.010 0.011 0.000000
0.011 0.012 0.000000
0.012 0.013 0.000000
0.013 0.014 0.000000
0.014 0.015 0.000000
0.015 0.016 0.000000
0.016 0.017 0.000001
0.017 0.018 0.000008
0.018 0.019 0.000041
0.019 0.020 0.000166
0.020 0.021 0.000528
0.021 0.022 0.001391
0.022 0.023 0.003169
0.023 0.024 0.006361
0.024 0.025 0.011548
0.025 0.026 0.019220
0.026 0.027 0.029694
0.027 0.028 0.043372
0.028 0.029 0.060303
0.029 0.030 0.079887
0.030 0.031 0.102151
0.031 0.032 0.126326
0.032 0.033 0.152074
0.033 0.034 0.178778
0.034 0.035 0.205432
0.035 0.036 0.231939
0.036 0.037 0.258436
0.037 0.038 0.283904
0.038 0.039 0.307064
0.039 0.040 0.329005
0.040 0.041 0.348633
0.041 0.042 0.366439
0.042 0.043 0.382617
0.043 0.044 0.397615
0.044 0.045 0.412125
0.045 0.046 0.423045
0.046 0.047 0.431820
0.047 0.048 0.441678
0.048 0.049 0.448441
0.049 0.050 0.451731
0.050 0.051 0.455007
0.051 0.052 0.458444
0.052 0.053 0.458598
0.053 0.054 0.457668
0.054 0.055 0.456167
0.055 0.056 0.454124
0.056 0.057 0.451800
0.057 0.058 0.639213
0.058 0.059 1.000000
0.059 0.060 0.803148
0.060 0.061 0.443133
0.061 0.062 0.435732
0.062 0.063 0.411317
0.063 0.064 0.405072
0.064 0.065 0.397559
0.065 0.066 0.389808
0.066 0.067 0.530335
0.067 0.068 0.524121
0.068 0.069 0.398943
0.069 0.070 0.358161
0.070 0.071 0.287573
0.071 0.072 0.281907
0.072 0.073 0.274083
0.073 0.074 0.268390
0.074 0.075 0.263149
0.075 0.076 0.256966
0.076 0.077 0.248901
0.077 0.078 0.242253
0.078 0.079 0.236850
0.079 0.080 0.231123
0.080 0.081 0.223926
0.081 0.082 0.217449
0.082 0.083 0.210836
0.083 0.084 0.204550
0.084 0.085 0.199237
0.085 0.086 0.194283
0.086 0.087 0.188796
0.087 0.088 0.184625
0.088 0.089 0.178688
0.089 0.090 0.171749
0.090 0.091 0.165687
0.091 0.092 0.157626
0.092 0.093 0.151447
0.093 0.094 0.147595
0.094 0.095 0.141560
0.095 0.096 0.135885
0.096 0.097 0.129550
0.097 0.098 0.123681
0.098 0.099 0.118318
0.099 0.100 0.114173
0.100 0.101 0.110293
0.101 0.102 0.105837
0.102 0.103 0.100805
0.103 0.104 0.096829
0.104 0.105 0.092514
0.105 0.106 0.087328
0.106 0.107 0.082823
0.107 0.108 0.077499
0.108 0.109 0.073147
0.109 0.110 0.069045
0.110 0.111 0.064115
0.111 0.112 0.061012
0.112 0.113 0.056709
0.113 0.114 0.052751
0.114 0.115 0.049685
0.115 0.116 0.046423
0.116 0.117 0.042781
0.117 0.118 0.039465
0.118 0.119 0.035164
0.119 0.120 0.032115
0.120 0.121 0.030238
0.121 0.122 0.026735
0.122 0.123 0.024725
0.123 0.124 0.022595
0.124 0.125 0.019940
0.125 0.126 0.017270
0.126 0.127 0.015204
0.127 0.128 0.012700
0.128 0.129 0.010457
0.129 0.130 0.007809
0.130 0.131 0.006308
0.131 0.132 0.005393
0.132 0.133 0.004156
0.133 0.134 0.002734
0.134 0.135 0.001010
0.135 0.136 0.000594
0.136 0.137 0.000000
0.137 0.138 0.000000
0.138 0.139 0.000000
0.139 0.140 0.000000
0.140 0.141 0.000000
0.141 0.142 0.000000
0.142 0.143 0.000000
0.143 0.144 0.000000
0.144 0.145 0.000000
0.145 0.146 0.000000
0.146 0.147 0.000000
0.147 0.148 0.000000
0.148 0.149 0.000000
0.149 0.150 0.000000
