1
0.000 0.001 0.000000
0.001 0.002 0.000000
0.002 0.003 0.000000
0.003 0.004 0.000000
0.004 0.005 0.000000
0.005 0.006 0.000000
0.006 0.007 0.000000
0.007 0.008 0.000000
0.008 0.009 0.000000
0.009 0.010 0.000000
0.010 0.011 0.000000
0.011 0.012 0.000000
0.012 0.013 0.000000
0.013 0.014 0.000000
0.014 0.015 0.000001
0.015 0.016 0.000011
0.016 0.017 0.000074
0.017 0.018 0.000343
0.018 0.019 0.001196
0.019 0.020 0.003345
0.020 0.021 0.007830
0.021 0.022 0.015921
0.022 0.023 0.028774
0.023 0.024 0.047324
0.024 0.025 0.072315
0.025 0.026 0.103257
0.026 0.027 0.139670
0.027 0.028 0.181461
0.028 0.029 0.227076
0.029 0.030 0.274985
0.030 0.031 0.323551
0.031 0.032 0.371571
0.032 0.033 0.419585
0.033 0.034 0.465003
0.034 0.035 0.507006
0.035 0.036 0.547424
0.036 0.037 0.582483
0.037 0.038 0.611496
0.038 0.039 0.638542
0.039 0.040 0.663620
0.040 0.041 0.682481
0.041 0.042 0.697961
0.042 0.043 0.711893
0.043 0.044 0.720390
0.044 0.045 0.727230
0.045 0.046 0.729837
0.046 0.047 0.728700
0.047 0.048 0.727309
0.048 0.049 0.723777
0.049 0.050 0.714893
0.050 0.051 0.706629
0.051 0.052 0.700175
0.052 0.053 0.690287
0.053 0.054 0.678092
0.054 0.055 0.664087
0.055 0.056 0.649464
0.056 0.057 0.635462
0.057 0.058 0.758225
0.058 0.059 1.000000
0.059 0.060 0.843820
0.060 0.061 0.575791
0.061 0.062 0.557453
0.062 0.063 0.525912
0.063 0.064 0.504440
0.064 0.065 0.484572
0.065 0.066 0.466086
0.066 0.067 0.547793
0.067 0.068 0.531213
0.068 0.069 0.428890
0.069 0.070 0.384738
0.070 0.071 0.327699
0.071 0.072 0.311796
0.072 0.073 0.291208
0.073 0.074 0.280573
0.074 0.075 0.268884
0.075 0.076 0.253099
0.076 0.077 0.236514
0.077 0.078 0.220764
0.078 0.079 0.211462
0.079 0.080 0.201413
0.080 0.081 0.188935
0.081 0.082 0.174582
0.082 0.083 0.161106
0.083 0.084 0.146589
0.084 0.085 0.136037
0.085 0.086 0.126513
0.086 0.087 0.115873
0.087 0.088 0.105058
0.088 0.089 0.096411
0.089 0.090 0.087187
0.090 0.091 0.077217
0.091 0.092 0.067808
0.092 0.093 0.058656
0.093 0.094 0.052277
0.094 0.095 0.045273
0.095 0.096 0.038691
0.096 0.097 0.029983
0.097 0.098 0.023555
0.098 0.099 0.016646
0.099 0.100 0.010839
0.100 0.101 0.008603
0.101 0.102 0.004183
0.102 0.103 0.001097
0.103 0.104 0.000000
0.104 0.105 0.000000
0.105 0.106 0.000000
0.106 0.107 0.000000
0.107 0.108 0.000000
0.108 0.109 0.000000
0.109 0.110 0.000000
0.110 0.111 0.000000
0.111 0.112 0.000000
0.112 0.113 0.000000
0.113 0.114 0.000000
0.114 0.115 0.000000
0.115 0.116 0.000000
0.116 0.117 0.000000
0.117 0.118 0.000000
0.118 0.119 0.000000
0.119 0.120 0.000000
0.120 0.121 0.000000
0.121 0.122 0.000000
0.122 0.123 0.000000
0.123 0.124 0.000000
0.124 0.125 0.000000
0.125 0.126 0.000000
0.126 0.127 0.000000
0.127 0.128 0.000000
0.128 0.129 0.000000
0.129 0.130 0.000000
0.130 0.131 0.000000
0.131 0.132 0.000000
0.132 0.133 0.000000
0.133 0.134 0.000000
0.134 0.135 0.000000
0.135 0.136 0.000000
0.136 0.137 0.000000
0.137 0.138 0.000000
0.138 0.139 0.000000
0.139 0.140 0.000000
0.140 0.141 0.000000
0.141 0.142 0.000000
0.142 0.143 0.000000
0.143 0.144 0.000000
0.144 0.145 0.000000
0.145 0.146 0.000000
0.146 0.147 0.000000
0.147 0.148 0.000000
0.148 0.149 0.000000
0.149 0.150 0.000000
