1
0.000 0.001 0.000000
0.001 0.002 0.000000
0.002 0.003 0.000000
0.003 0.004 0.000000
0.004 0.005 0.000000
0.005 0.006 0.000000
0.006 0.007 0.000000
0.007 0.008 0.000000
0.008 0.009 0.000000
0.009 0.010 0.000000
0.010 0.011 0.000000
0.011 0.012 0.000000
0.012 0.013 0.000000
0.013 0.014 0.000000
0.014 0.015 0.000001
0.015 0.016 0.000013
0.016 0.017 0.000075
0.017 0.018 0.000311
0.018 0.019 0.000986
0.019 0.020 0.002564
0.020 0.021 0.005690
0.021 0.022 0.011073
0.022 0.023 0.019381
0.023 0.024 0.031169
0.024 0.025 0.046724
0.025 0.026 0.065858
0.026 0.027 0.088363
0.027 0.028 0.114014
0.028 0.029 0.141912
0.029 0.030 0.170965
0.030 0.031 0.201185
0.031 0.032 0.231295
0.032 0.033 0.261048
0.033 0.034 0.289841
0.034 0.035 0.316871
0.035 0.036 0.342151
0.036 0.037 0.365656
0.037 0.038 0.387805
0.038 0.039 0.406587
0.039 0.040 0.423088
0.040 0.041 0.437656
0.041 0.042 0.449751
0.042 0.043 0.460335
0.043 0.044 0.468763
0.044 0.045 0.476472
0.045 0.046 0.480575
0.046 0.047 0.482636
0.047 0.048 0.486187
0.048 0.049 0.487681
0.049 0.050 0.485349
0.050 0.051 0.483418
0.051 0.052 0.482642
0.052 0.053 0.479047
0.053 0.054 0.473849
0.054 0.055 0.468698
0.055 0.056 0.464549
0.056 0.057 0.460047
0.057 0.058 0.645653
0.058 0.059 1.000000
0.059 0.060 0.799784
0.060 0.061 0.444057
0.061 0.062 0.436204
0.062 0.063 0.409686
0.063 0.064 0.400933
0.064 0.065 0.391206
0.065 0.066 0.382133
0.066 0.067 0.513041
0.067 0.068 0.504883
0.068 0.069 0.385393
0.069 0.070 0.345034
0.070 0.071 0.277685
0.071 0.072 0.271254
0.072 0.073 0.262986
0.073 0.074 0.256951
0.074 0.075 0.251095
0.075 0.076 0.244404
0.076 0.077 0.236011
0.077 0.078 0.229053
0.078 0.079 0.223599
0.079 0.080 0.218211
0.080 0.081 0.211647
0.081 0.082 0.203884
0.082 0.083 0.196455
0.083 0.084 0.189479
0.084 0.085 0.183295
0.085 0.086 0.177499
0.086 0.087 0.170487
0.087 0.088 0.166394
0.088 0.089 0.160841
0.089 0.090 0.154024
0.090 0.091 0.147953
0.091 0.092 0.140006
0.092 0.093 0.134149
0.093 0.094 0.130654
0.094 0.095 0.124912
0.095 0.096 0.119051
0.096 0.097 0.114237
0.097 0.098 0.108057
0.098 0.099 0.102406
0.099 0.100 0.097962
0.100 0.101 0.094052
0.101 0.102 0.089540
0.102 0.103 0.084227
0.103 0.104 0.079666
0.104 0.105 0.076038
0.105 0.106 0.071612
0.106 0.107 0.067718
0.107 0.108 0.063050
0.108 0.109 0.059190
0.109 0.110 0.055406
0.110 0.111 0.051213
0.111 0.112 0.048337
0.112 0.113 0.044381
0.113 0.114 0.040831
0.114 0.115 0.037871
0.115 0.116 0.034654
0.116 0.117 0.030999
0.117 0.118 0.028346
0.118 0.119 0.024749
0.119 0.120 0.022550
0.120 0.121 0.021411
0.121 0.122 0.019144
0.122 0.123 0.016549
0.123 0.124 0.014727
0.124 0.125 0.012510
0.125 0.126 0.010303
0.126 0.127 0.008569
0.127 0.128 0.006301
0.128 0.129 0.004980
0.129 0.130 0.003706
0.130 0.131 0.002047
0.131 0.132 0.001418
0.132 0.133 0.000395
0.133 0.134 0.000000
0.134 0.135 0.000000
0.135 0.136 0.000000
0.136 0.137 0.000000
0.137 0.138 0.000000
0.138 0.139 0.000000
0.139 0.140 0.000000
0.140 0.141 0.000000
0.141 0.142 0.000000
0.142 0.143 0.000000
0.143 0.144 0.000000
0.144 0.145 0.000000
0.145 0.146 0.000000
0.146 0.147 0.000000
0.147 0.148 0.000000
0.148 0.149 0.000000
0.149 0.150 0.000000
