1
0.000 0.001 0.000000
0.001 0.002 0.000000
0.002 0.003 0.000000
0.003 0.004 0.000000
0.004 0.005 0.000000
0.005 0.006 0.000000
0.006 0.007 0.000000
0.007 0.008 0.000000
0.008 0.009 0.000000
0.009 0.010 0.000000
0.010 0.011 0.000000
0.011 0.012 0.000000
0.012 0.013 0.000000
0.013 0.014 0.000000
0.014 0.015 0.000000
0.015 0.016 0.000000
0.016 0.017 0.000000
0.017 0.018 0.000002
0.018 0.019 0.000016
0.019 0.020 0.000077
0.020 0.021 0.000291
0.021 0.022 0.000881
0.022 0.023 0.002218
0.023 0.024 0.004829
0.024 0.025 0.009368
0.025 0.026 0.016416
0.026 0.027 0.026473
0.027 0.028 0.040114
0.028 0.029 0.057491
0.029 0.030 0.078131
0.030 0.031 0.101706
0.031 0.032 0.128344
0.032 0.033 0.157089
0.033 0.034 0.186986
0.034 0.035 0.217889
0.035 0.036 0.249776
0.036 0.037 0.281479
0.037 0.038 0.309944
0.038 0.039 0.336525
0.039 0.040 0.363559
0.040 0.041 0.388191
0.041 0.042 0.409822
0.042 0.043 0.431476
0.043 0.044 0.449082
0.044 0.045 0.465499
0.045 0.046 0.480864
0.046 0.047 0.490068
0.047 0.048 0.500781
0.048 0.049 0.511629
0.049 0.050 0.515224
0.050 0.051 0.517635
0.051 0.052 0.522627
0.052 0.053 0.527433
0.053 0.054 0.527534
0.054 0.055 0.524111
0.055 0.056 0.523590
0.056 0.057 0.524750
0.057 0.058 0.688253
0.058 0.059 1.000000
0.059 0.060 0.824093
0.060 0.061 0.507021
0.061 0.062 0.500278
0.062 0.063 0.477408
0.063 0.064 0.465749
0.064 0.065 0.455317
0.065 0.066 0.448491
0.066 0.067 0.568610
0.067 0.068 0.559801
0.068 0.069 0.444858
0.069 0.070 0.403147
0.070 0.071 0.338556
0.071 0.072 0.328623
0.072 0.073 0.316426
0.073 0.074 0.313035
0.074 0.075 0.307790
0.075 0.076 0.296841
0.076 0.077 0.283436
0.077 0.078 0.273405
0.078 0.079 0.268637
0.079 0.080 0.261646
0.080 0.081 0.251218
0.081 0.082 0.239559
0.082 0.083 0.228173
0.083 0.084 0.215790
0.084 0.085 0.205722
0.085 0.086 0.197313
0.086 0.087 0.187142
0.087 0.088 0.178784
0.088 0.089 0.170381
0.089 0.090 0.159105
0.090 0.091 0.145613
0.091 0.092 0.132888
0.092 0.093 0.123091
0.093 0.094 0.114874
0.094 0.095 0.104140
0.095 0.096 0.094882
0.096 0.097 0.082839
0.097 0.098 0.071604
0.098 0.099 0.058938
0.099 0.100 0.049780
0.100 0.101 0.046188
0.101 0.102 0.038532
0.102 0.103 0.030610
0.103 0.104 0.023263
0.104 0.105 0.018161
0.105 0.106 0.013827
0.106 0.107 0.008701
0.107 0.108 0.004360
0.108 0.109 0.000756
0.109 0.110 0.000000
0.110 0.111 0.000000
0.111 0.112 0.000000
0.112 0.113 0.000000
0.113 0.114 0.000000
0.114 0.115 0.000000
0.115 0.116 0.000000
0.116 0.117 0.000000
0.117 0.118 0.000000
0.118 0.119 0.000000
0.119 0.120 0.000000
0.120 0.121 0.000000
0.121 0.122 0.000000
0.122 0.123 0.000000
0.123 0.124 0.000000
0.124 0.125 0.000000
0.125 0.126 0.000000
0.126 0.127 0.000000
0.127 0.128 0.000000
0.128 0.129 0.000000
0.129 0.130 0.000000
0.130 0.131 0.000000
0.131 0.132 0.000000
0.132 0.133 0.000000
0.133 0.134 0.000000
0.134 0.135 0.000000
0.135 0.136 0.000000
0.136 0.137 0.000000
0.137 0.138 0.000000
0.138 0.139 0.000000
0.139 0.140 0.000000
0.140 0.141 0.000000
0.141 0.142 0.000000
0.142 0.143 0.000000
0.143 0.144 0.000000
0.144 0.145 0.000000
0.145 0.146 0.000000
0.146 0.147 0.000000
0.147 0.148 0.000000
0.148 0.149 0.000000
0.149 0.150 0.000000
