1
0.000 0.001 0.000000
0.001 0.002 0.000000
0.002 0.003 0.000000
0.003 0.004 0.000000
0.004 0.005 0.000000
0.005 0.006 0.000000
0.006 0.007 0.000000
0.007 0.008 0.000000
0.008 0.009 0.000000
0.009 0.010 0.000000
0.010 0.011 0.000000
0.011 0.012 0.000000
0.012 0.013 0.000000
0.013 0.014 0.000000
0.014 0.015 0.000000
0.015 0.016 0.000002
0.016 0.017 0.000019
0.017 0.018 0.000126
0.018 0.019 0.000583
0.019 0.020 0.002011
0.020 0.021 0.005552
0.021 0.022 0.012810
0.022 0.023 0.025544
0.023 0.024 0.045444
0.024 0.025 0.073777
0.025 0.026 0.110779
0.026 0.027 0.155813
0.027 0.028 0.208032
0.028 0.029 0.266303
0.029 0.030 0.327432
0.030 0.031 0.391988
0.031 0.032 0.456562
0.032 0.033 0.521352
0.033 0.034 0.581997
0.034 0.035 0.636860
0.035 0.036 0.688449
0.036 0.037 0.732811
0.037 0.038 0.769797
0.038 0.039 0.803104
0.039 0.040 0.833282
0.040 0.041 0.853117
0.041 0.042 0.864860
0.042 0.043 0.879873
0.043 0.044 0.890409
0.044 0.045 0.897312
0.045 0.046 0.894246
0.046 0.047 0.889442
0.047 0.048 0.882293
0.048 0.049 0.869971
0.049 0.050 0.852303
0.050 0.051 0.836749
0.051 0.052 0.822358
0.052 0.053 0.795836
0.053 0.054 0.778377
0.054 0.055 0.761614
0.055 0.056 0.738519
0.056 0.057 0.712169
0.057 0.058 0.804602
0.058 0.059 1.000000
0.059 0.060 0.862823
0.060 0.061 0.628122
0.061 0.062 0.600441
0.062 0.063 0.558304
0.063 0.064 0.534849
0.064 0.065 0.511997
0.065 0.066 0.488289
0.066 0.067 0.551851
0.067 0.068 0.532262
0.068 0.069 0.436258
0.069 0.070 0.389246
0.070 0.071 0.335292
0.071 0.072 0.316458
0.072 0.073 0.290662
0.073 0.074 0.274349
0.074 0.075 0.257611
0.075 0.076 0.239705
0.076 0.077 0.222313
0.077 0.078 0.204814
0.078 0.079 0.189043
0.079 0.080 0.173672
0.080 0.081 0.154044
0.081 0.082 0.138315
0.082 0.083 0.124582
0.083 0.084 0.112210
0.084 0.085 0.099221
0.085 0.086 0.086450
0.086 0.087 0.070168
0.087 0.088 0.060461
0.088 0.089 0.049155
0.089 0.090 0.039596
0.090 0.091 0.032077
0.091 0.092 0.021030
0.092 0.093 0.015702
0.093 0.094 0.010189
0.094 0.095 0.002763
0.095 0.096 0.000000
0.096 0.097 0.000000
0.097 0.098 0.000000
0.098 0.099 0.000000
0.099 0.100 0.000000
0.100 0.101 0.000000
0.101 0.102 0.000000
0.102 0.103 0.000000
0.103 0.104 0.000000
0.104 0.105 0.000000
0.105 0.106 0.000000
0.106 0.107 0.000000
0.107 0.108 0.000000
0.108 0.109 0.000000
0.109 0.110 0.000000
0.110 0.111 0.000000
0.111 0.112 0.000000
0.112 0.113 0.000000
0.113 0.114 0.000000
0.114 0.115 0.000000
0.115 0.116 0.000000
0.116 0.117 0.000000
0.117 0.118 0.000000
0.118 0.119 0.000000
0.119 0.120 0.000000
0.120 0.121 0.000000
0.121 0.122 0.000000
0.122 0.123 0.000000
0.123 0.124 0.000000
0.124 0.125 0.000000
0.125 0.126 0.000000
0.126 0.127 0.000000
0.127 0.128 0.000000
0.128 0.129 0.000000
0.129 0.130 0.000000
0.130 0.131 0.000000
0.131 0.132 0.000000
0.132 0.133 0.000000
0.133 0.134 0.000000
0.134 0.135 0.000000
0.135 0.136 0.000000
0.136 0.137 0.000000
0.137 0.138 0.000000
0.138 0.139 0.000000
0.139 0.140 0.000000
0.140 0.141 0.000000
0.141 0.142 0.000000
0.142 0.143 0.000000
0.143 0.144 0.000000
0.144 0.145 0.000000
0.145 0.146 0.000000
0.146 0.147 0.000000
0.147 0.148 0.000000
0.148 0.149 0.000000
0.149 0.150 0.000000
