1
0.000 0.001 0.000000
0.001 0.002 0.000000
0.002 0.003 0.000000
0.003 0.004 0.000000
0.004 0.005 0.000000
0.005 0.006 0.000000
0.006 0.007 0.000000
0.007 0.008 0.000000
0.008 0.009 0.000000
0.009 0.010 0.000000
0.010 0.011 0.000000
0.011 0.012 0.000000
0.012 0.013 0.000000
0.013 0.014 0.000001
0.014 0.015 0.000011
0.015 0.016 0.000073
0.016 0.017 0.000338
0.017 0.018 0.001170
0.018 0.019 0.003205
0.019 0.020 0.007380
0.020 0.021 0.014771
0.021 0.022 0.026353
0.022 0.023 0.042777
0.023 0.024 0.064319
0.024 0.025 0.091049
0.025 0.026 0.122079
0.026 0.027 0.156255
0.027 0.028 0.193688
0.028 0.029 0.233113
0.029 0.030 0.271856
0.030 0.031 0.310964
0.031 0.032 0.348561
0.032 0.033 0.384624
0.033 0.034 0.417965
0.034 0.035 0.448374
0.035 0.036 0.475288
0.036 0.037 0.499815
0.037 0.038 0.521295
0.038 0.039 0.537671
0.039 0.040 0.551886
0.040 0.041 0.562673
0.041 0.042 0.569990
0.042 0.043 0.576526
0.043 0.044 0.579825
0.044 0.045 0.580498
0.045 0.046 0.580710
0.046 0.047 0.578105
0.047 0.048 0.577115
0.048 0.049 0.574543
0.049 0.050 0.567571
0.050 0.051 0.559424
0.051 0.052 0.553303
0.052 0.053 0.546237
0.053 0.054 0.536100
0.054 0.055 0.525286
0.055 0.056 0.516237
0.056 0.057 0.506797
0.057 0.058 0.675542
0.058 0.059 1.000000
0.059 0.060 0.808182
0.060 0.061 0.472213
0.061 0.062 0.461497
0.062 0.063 0.433716
0.063 0.064 0.421357
0.064 0.065 0.408287
0.065 0.066 0.397027
0.066 0.067 0.515574
0.067 0.068 0.504825
0.068 0.069 0.389946
0.069 0.070 0.348568
0.070 0.071 0.283859
0.071 0.072 0.274578
0.072 0.073 0.262969
0.073 0.074 0.256959
0.074 0.075 0.250356
0.075 0.076 0.242805
0.076 0.077 0.233495
0.077 0.078 0.225451
0.078 0.079 0.220149
0.079 0.080 0.213838
0.080 0.081 0.205474
0.081 0.082 0.196141
0.082 0.083 0.187878
0.083 0.084 0.180148
0.084 0.085 0.172965
0.085 0.086 0.165615
0.086 0.087 0.158900
0.087 0.088 0.154402
0.088 0.089 0.148916
0.089 0.090 0.141637
0.090 0.091 0.134962
0.091 0.092 0.126183
0.092 0.093 0.120125
0.093 0.094 0.116692
0.094 0.095 0.110562
0.095 0.096 0.104611
0.096 0.097 0.097667
0.097 0.098 0.091360
0.098 0.099 0.085615
0.099 0.100 0.080977
0.100 0.101 0.077316
0.101 0.102 0.073072
0.102 0.103 0.067313
0.103 0.104 0.062874
0.104 0.105 0.059140
0.105 0.106 0.054481
0.106 0.107 0.049402
0.107 0.108 0.045190
0.108 0.109 0.041634
0.109 0.110 0.037797
0.110 0.111 0.034205
0.111 0.112 0.031290
0.112 0.113 0.027436
0.113 0.114 0.024148
0.114 0.115 0.020391
0.115 0.116 0.017733
0.116 0.117 0.015350
0.117 0.118 0.012730
0.118 0.119 0.009321
0.119 0.120 0.007424
0.120 0.121 0.005730
0.121 0.122 0.004423
0.122 0.123 0.003069
0.123 0.124 0.001180
0.124 0.125 0.000690
0.125 0.126 0.000000
0.126 0.127 0.000000
0.127 0.128 0.000000
0.128 0.129 0.000000
0.129 0.130 0.000000
0.130 0.131 0.000000
0.131 0.132 0.000000
0.132 0.133 0.000000
0.133 0.134 0.000000
0.134 0.135 0.000000
0.135 0.136 0.000000
0.136 0.137 0.000000
0.137 0.138 0.000000
0.138 0.139 0.000000
0.139 0.140 0.000000
0.140 0.141 0.000000
0.141 0.142 0.000000
0.142 0.143 0.000000
0.143 0.144 0.000000
0.144 0.145 0.000000
0.145 0.146 0.000000
0.146 0.147 0.000000
0.147 0.148 0.000000
0.148 0.149 0.000000
0.149 0.150 0.000000
