1
0.000 0.001 0.000000
0.001 0.002 0.000000
0.002 0.003 0.000000
0.003 0.004 0.000000
0.004 0.005 0.000000
0.005 0.006 0.000000
0.006 0.007 0.000000
0.007 0.008 0.000000
0.008 0.009 0.000000
0.009 0.010 0.000000
0.010 0.011 0.000000
0.011 0.012 0.000000
0.012 0.013 0.000000
0.013 0.014 0.000000
0.014 0.015 0.000000
0.015 0.016 0.000000
0.016 0.017 0.000000
0.017 0.018 0.000000
0.018 0.019 0.000001
0.019 0.020 0.000007
0.020 0.021 0.000034
0.021 0.022 0.000126
0.022 0.023 0.000383
0.023 0.024 0.000985
0.024 0.025 0.002204
0.025 0.026 0.004388
0.026 0.027 0.007927
0.027 0.028 0.013256
0.028 0.029 0.020728
0.029 0.030 0.030461
0.030 0.031 0.042683
0.031 0.032 0.057268
0.032 0.033 0.074215
0.033 0.034 0.093210
0.034 0.035 0.113635
0.035 0.036 0.135313
0.036 0.037 0.158099
0.037 0.038 0.181542
0.038 0.039 0.204512
0.039 0.040 0.227250
0.040 0.041 0.249304
0.041 0.042 0.270584
0.042 0.043 0.291415
0.043 0.044 0.310390
0.044 0.045 0.328805
0.045 0.046 0.344390
0.046 0.047 0.358404
0.047 0.048 0.373398
0.048 0.049 0.385852
0.049 0.050 0.394748
0.050 0.051 0.403640
0.051 0.052 0.412864
0.052 0.053 0.418623
0.053 0.054 0.422736
0.054 0.055 0.426548
0.055 0.056 0.430394
0.056 0.057 0.433643
0.057 0.058 0.627949
0.058 0.059 1.000000
0.059 0.060 0.807136
0.060 0.061 0.445017
0.061 0.062 0.442783
0.062 0.063 0.419734
0.063 0.064 0.415697
0.064 0.065 0.410390
0.065 0.066 0.404722
0.066 0.067 0.555833
0.067 0.068 0.552007
0.068 0.069 0.421085
0.069 0.070 0.379506
0.070 0.071 0.305398
0.071 0.072 0.300939
0.072 0.073 0.294222
0.073 0.074 0.289226
0.074 0.075 0.284702
0.075 0.076 0.279204
0.076 0.077 0.271675
0.077 0.078 0.265735
0.078 0.079 0.261089
0.079 0.080 0.255702
0.080 0.081 0.250006
0.081 0.082 0.242668
0.082 0.083 0.235253
0.083 0.084 0.228262
0.084 0.085 0.222171
0.085 0.086 0.216416
0.086 0.087 0.210048
0.087 0.088 0.205009
0.088 0.089 0.197741
0.089 0.090 0.190670
0.090 0.091 0.184375
0.091 0.092 0.175979
0.092 0.093 0.169591
0.093 0.094 0.165718
0.094 0.095 0.159455
0.095 0.096 0.153601
0.096 0.097 0.147246
0.097 0.098 0.140576
0.098 0.099 0.134328
0.099 0.100 0.129587
0.100 0.101 0.125255
0.101 0.102 0.120093
0.102 0.103 0.114342
0.103 0.104 0.109719
0.104 0.105 0.104649
0.105 0.106 0.098169
0.106 0.107 0.093709
0.107 0.108 0.088373
0.108 0.109 0.084120
0.109 0.110 0.080113
0.110 0.111 0.075711
0.111 0.112 0.071618
0.112 0.113 0.066103
0.113 0.114 0.060586
0.114 0.115 0.057219
0.115 0.116 0.053660
0.116 0.117 0.049603
0.117 0.118 0.045998
0.118 0.119 0.041360
0.119 0.120 0.037910
0.120 0.121 0.035369
0.121 0.122 0.032747
0.122 0.123 0.030139
0.123 0.124 0.027385
0.124 0.125 0.024032
0.125 0.126 0.020344
0.126 0.127 0.018300
0.127 0.128 0.015743
0.128 0.129 0.013530
0.129 0.130 0.011333
0.130 0.131 0.008580
0.131 0.132 0.007531
0.132 0.133 0.006067
0.133 0.134 0.004347
0.134 0.135 0.002461
0.135 0.136 0.001564
0.136 0.137 0.000425
0.137 0.138 0.000000
0.138 0.139 0.000000
0.139 0.140 0.000000
0.140 0.141 0.000000
0.141 0.142 0.000000
0.142 0.143 0.000000
0.143 0.144 0.000000
0.144 0.145 0.000000
0.145 0.146 0.000000
0.146 0.147 0.000000
0.147 0.148 0.000000
0.148 0.149 0.000000
0.149 0.150 0.000000
