1
0.000 0.001 0.000000
0.001 0.002 0.000000
0.002 0.003 0.000000
0.003 0.004 0.000000
0.004 0.005 0.000000
0.005 0.006 0.000000
0.006 0.007 0.000000
0.007 0.008 0.000000
0.008 0.009 0.000000
0.009 0.010 0.000000
0.010 0.011 0.000000
0.011 0.012 0.000000
0.012 0.013 0.000000
0.013 0.014 0.000000
0.014 0.015 0.000000
0.015 0.016 0.000000
0.016 0.017 0.000000
0.017 0.018 0.000000
0.018 0.019 0.000000
0.019 0.020 0.000000
0.020 0.021 0.000001
0.021 0.022 0.000007
0.022 0.023 0.000030
0.023 0.024 0.000105
0.024 0.025 0.000304
0.025 0.026 0.000758
0.026 0.027 0.001657
0.027 0.028 0.003274
0.028 0.029 0.005923
0.029 0.030 0.009868
0.030 0.031 0.015457
0.031 0.032 0.022889
0.032 0.033 0.032336
0.033 0.034 0.043864
0.034 0.035 0.057359
0.035 0.036 0.072694
0.036 0.037 0.089861
0.037 0.038 0.108631
0.038 0.039 0.128014
0.039 0.040 0.148098
0.040 0.041 0.168692
0.041 0.042 0.189396
0.042 0.043 0.210504
0.043 0.044 0.230776
0.044 0.045 0.250851
0.045 0.046 0.269285
0.046 0.047 0.286624
0.047 0.048 0.305223
0.048 0.049 0.321733
0.049 0.050 0.334935
0.050 0.051 0.348170
0.051 0.052 0.361716
0.052 0.053 0.372484
0.053 0.054 0.381436
0.054 0.055 0.389751
0.055 0.056 0.398547
0.056 0.057 0.406897
0.057 0.058 0.610027
0.058 0.059 1.000000
0.059 0.060 0.808217
0.060 0.061 0.435495
0.061 0.062 0.437652
0.062 0.063 0.417661
0.063 0.064 0.417280
0.064 0.065 0.415287
0.065 0.066 0.413045
0.066 0.067 0.580822
0.067 0.068 0.580712
0.068 0.069 0.441763
0.069 0.070 0.400008
0.070 0.071 0.320736
0.071 0.072 0.318276
0.072 0.073 0.313715
0.073 0.074 0.310982
0.074 0.075 0.308719
0.075 0.076 0.305378
0.076 0.077 0.299391
0.077 0.078 0.295330
0.078 0.079 0.292663
0.079 0.080 0.289188
0.080 0.081 0.284688
0.081 0.082 0.278418
0.082 0.083 0.271834
0.083 0.084 0.265504
0.084 0.085 0.260346
0.085 0.086 0.255576
0.086 0.087 0.250083
0.087 0.088 0.246344
0.088 0.089 0.240420
0.089 0.090 0.232670
0.090 0.091 0.225763
0.091 0.092 0.216171
0.092 0.093 0.209229
0.093 0.094 0.205577
0.094 0.095 0.198753
0.095 0.096 0.192350
0.096 0.097 0.185830
0.097 0.098 0.177122
0.098 0.099 0.168992
0.099 0.100 0.162773
0.100 0.101 0.156942
0.101 0.102 0.150635
0.102 0.103 0.143412
0.103 0.104 0.137684
0.104 0.105 0.131488
0.105 0.106 0.123537
0.106 0.107 0.117780
0.107 0.108 0.110834
0.108 0.109 0.105239
0.109 0.110 0.099886
0.110 0.111 0.094095
0.111 0.112 0.088370
0.112 0.113 0.081945
0.113 0.114 0.076030
0.114 0.115 0.071338
0.115 0.116 0.066335
0.116 0.117 0.060416
0.117 0.118 0.056076
0.118 0.119 0.050335
0.119 0.120 0.046297
0.120 0.121 0.043940
0.121 0.122 0.039624
0.122 0.123 0.036386
0.123 0.124 0.032950
0.124 0.125 0.028740
0.125 0.126 0.024180
0.126 0.127 0.021500
0.127 0.128 0.018184
0.128 0.129 0.015257
0.129 0.130 0.012024
0.130 0.131 0.009465
0.131 0.132 0.007822
0.132 0.133 0.005334
0.133 0.134 0.003579
0.134 0.135 0.001653
0.135 0.136 0.000441
0.136 0.137 0.000000
0.137 0.138 0.000000
0.138 0.139 0.000000
0.139 0.140 0.000000
0.140 0.141 0.000000
0.141 0.142 0.000000
0.142 0.143 0.000000
0.143 0.144 0.000000
0.144 0.145 0.000000
0.145 0.146 0.000000
0.146 0.147 0.000000
0.147 0.148 0.000000
0.148 0.149 0.000000
0.149 0.150 0.000000
