1
0.000 0.001 0.000000
0.001 0.002 0.000000
0.002 0.003 0.000000
0.003 0.004 0.000000
0.004 0.005 0.000000
0.005 0.006 0.000000
0.006 0.007 0.000000
0.007 0.008 0.000000
0.008 0.009 0.000000
0.009 0.010 0.000000
0.010 0.011 0.000000
0.011 0.012 0.000000
0.012 0.013 0.000000
0.013 0.014 0.000000
0.014 0.015 0.000000
0.015 0.016 0.000000
0.016 0.017 0.000000
0.017 0.018 0.000000
0.018 0.019 0.000000
0.019 0.020 0.000004
0.020 0.021 0.000024
0.021 0.022 0.000114
0.022 0.023 0.000425
0.023 0.024 0.001287
0.024 0.025 0.003296
0.025 0.026 0.007414
0.026 0.027 0.014795
0.027 0.028 0.026925
0.028 0.029 0.045214
0.029 0.030 0.070489
0.030 0.031 0.103845
0.031 0.032 0.144926
0.032 0.033 0.193144
0.033 0.034 0.247592
0.034 0.035 0.308416
0.035 0.036 0.373385
0.036 0.037 0.436849
0.037 0.038 0.507683
0.038 0.039 0.577175
0.039 0.040 0.642907
0.040 0.041 0.707400
0.041 0.042 0.768052
0.042 0.043 0.821902
0.043 0.044 0.866416
0.044 0.045 0.906600
0.045 0.046 0.936290
0.046 0.047 0.959543
0.047 0.048 0.970366
0.048 0.049 0.983547
0.049 0.050 0.995143
0.050 0.051 1.000000
0.051 0.052 0.993203
0.052 0.053 0.984725
0.053 0.054 0.976123
0.054 0.055 0.954512
0.055 0.056 0.917494
0.056 0.057 0.876393
0.057 0.058 0.903440
0.058 0.059 0.965376
0.059 0.060 0.885724
0.060 0.061 0.758982
0.061 0.062 0.723181
0.062 0.063 0.684696
0.063 0.064 0.637829
0.064 0.065 0.588702
0.065 0.066 0.526115
0.066 0.067 0.524974
0.067 0.068 0.487658
0.068 0.069 0.406099
0.069 0.070 0.353953
0.070 0.071 0.306995
0.071 0.072 0.262987
0.072 0.073 0.204046
0.073 0.074 0.177623
0.074 0.075 0.150408
0.075 0.076 0.120181
0.076 0.077 0.081763
0.077 0.078 0.060747
0.078 0.079 0.039025
0.079 0.080 0.014924
0.080 0.081 0.009735
0.081 0.082 0.000000
0.082 0.083 0.000000
0.083 0.084 0.000000
0.084 0.085 0.000000
0.085 0.086 0.000000
0.086 0.087 0.000000
0.087 0.088 0.000000
0.088 0.089 0.000000
0.089 0.090 0.000000
0.090 0.091 0.000000
0.091 0.092 0.000000
0.092 0.093 0.000000
0.093 0.094 0.000000
0.094 0.095 0.000000
0.095 0.096 0.000000
0.096 0.097 0.000000
0.097 0.098 0.000000
0.098 0.099 0.000000
0.099 0.100 0.000000
0.100 0.101 0.000000
0.101 0.102 0.000000
0.102 0.103 0.000000
0.103 0.104 0.000000
0.104 0.105 0.000000
0.105 0.106 0.000000
0.106 0.107 0.000000
0.107 0.108 0.000000
0.108 0.109 0.000000
0.109 0.110 0.000000
0.110 0.111 0.000000
0.111 0.112 0.000000
0.112 0.113 0.000000
0.113 0.114 0.000000
0.114 0.115 0.000000
0.115 0.116 0.000000
0.116 0.117 0.000000
0.117 0.118 0.000000
0.118 0.119 0.000000
0.119 0.120 0.000000
0.120 0.121 0.000000
0.121 0.122 0.000000
0.122 0.123 0.000000
0.123 0.124 0.000000
0.124 0.125 0.000000
0.125 0.126 0.000000
0.126 0.127 0.000000
0.127 0.128 0.000000
0.128 0.129 0.000000
0.129 0.130 0.000000
0.130 0.131 0.000000
0.131 0.132 0.000000
0.132 0.133 0.000000
0.133 0.134 0.000000
0.134 0.135 0.000000
0.135 0.136 0.000000
0.136 0.137 0.000000
0.137 0.138 0.000000
0.138 0.139 0.000000
0.139 0.140 0.000000
0.140 0.141 0.000000
0.141 0.142 0.000000
0.142 0.143 0.000000
0.143 0.144 0.000000
0.144 0.145 0.000000
0.145 0.146 0.000000
0.146 0.147 0.000000
0.147 0.148 0.000000
0.148 0.149 0.000000
0.149 0.150 0.000000
