1
0.000 0.001 0.000000
0.001 0.002 0.000000
0.002 0.003 0.000000
0.003 0.004 0.000000
0.004 0.005 0.000000
0.005 0.006 0.000000
0.006 0.007 0.000000
0.007 0.008 0.000000
0.008 0.009 0.000000
0.009 0.010 0.000000
0.010 0.011 0.000000
0.011 0.012 0.000000
0.012 0.013 0.000000
0.013 0.014 0.000000
0.014 0.015 0.000000
0.015 0.016 0.000000
0.016 0.017 0.000002
0.017 0.018 0.000017
0.018 0.019 0.000106
0.019 0.020 0.000462
0.020 0.021 0.001555
0.021 0.022 0.004241
0.022 0.023 0.009770
0.023 0.024 0.019678
0.024 0.025 0.035477
0.025 0.026 0.058259
0.026 0.027 0.088942
0.027 0.028 0.127945
0.028 0.029 0.174925
0.029 0.030 0.228229
0.030 0.031 0.285996
0.031 0.032 0.345948
0.032 0.033 0.408472
0.033 0.034 0.470269
0.034 0.035 0.529630
0.035 0.036 0.584231
0.036 0.037 0.637956
0.037 0.038 0.687707
0.038 0.039 0.733894
0.039 0.040 0.775113
0.040 0.041 0.807845
0.041 0.042 0.836275
0.042 0.043 0.857999
0.043 0.044 0.873984
0.044 0.045 0.886829
0.045 0.046 0.886651
0.046 0.047 0.893121
0.047 0.048 0.894006
0.048 0.049 0.887210
0.049 0.050 0.878795
0.050 0.051 0.870551
0.051 0.052 0.858549
0.052 0.053 0.838148
0.053 0.054 0.818802
0.054 0.055 0.799136
0.055 0.056 0.769333
0.056 0.057 0.744745
0.057 0.058 0.825863
0.058 0.059 1.000000
0.059 0.060 0.876624
0.060 0.061 0.663367
0.061 0.062 0.634934
0.062 0.063 0.594923
0.063 0.064 0.564690
0.064 0.065 0.532398
0.065 0.066 0.505736
0.066 0.067 0.560622
0.067 0.068 0.539861
0.068 0.069 0.446621
0.069 0.070 0.397927
0.070 0.071 0.344586
0.071 0.072 0.323571
0.072 0.073 0.294428
0.073 0.074 0.274656
0.074 0.075 0.254595
0.075 0.076 0.234690
0.076 0.077 0.215587
0.077 0.078 0.194940
0.078 0.079 0.175062
0.079 0.080 0.154529
0.080 0.081 0.138856
0.081 0.082 0.120357
0.082 0.083 0.104665
0.083 0.084 0.090975
0.084 0.085 0.073079
0.085 0.086 0.062382
0.086 0.087 0.050212
0.087 0.088 0.038331
0.088 0.089 0.023607
0.089 0.090 0.016902
0.090 0.091 0.011935
0.091 0.092 0.003266
0.092 0.093 0.000000
0.093 0.094 0.000000
0.094 0.095 0.000000
0.095 0.096 0.000000
0.096 0.097 0.000000
0.097 0.098 0.000000
0.098 0.099 0.000000
0.099 0.100 0.000000
0.100 0.101 0.000000
0.101 0.102 0.000000
0.102 0.103 0.000000
0.103 0.104 0.000000
0.104 0.105 0.000000
0.105 0.106 0.000000
0.106 0.107 0.000000
0.107 0.108 0.000000
0.108 0.109 0.000000
0.109 0.110 0.000000
0.110 0.111 0.000000
0.111 0.112 0.000000
0.112 0.113 0.000000
0.113 0.114 0.000000
0.114 0.115 0.000000
0.115 0.116 0.000000
0.116 0.117 0.000000
0.117 0.118 0.000000
0.118 0.119 0.000000
0.119 0.120 0.000000
0.120 0.121 0.000000
0.121 0.122 0.000000
0.122 0.123 0.000000
0.123 0.124 0.000000
0.124 0.125 0.000000
0.125 0.126 0.000000
0.126 0.127 0.000000
0.127 0.128 0.000000
0.128 0.129 0.000000
0.129 0.130 0.000000
0.130 0.131 0.000000
0.131 0.132 0.000000
0.132 0.133 0.000000
0.133 0.134 0.000000
0.134 0.135 0.000000
0.135 0.136 0.000000
0.136 0.137 0.000000
0.137 0.138 0.000000
0.138 0.139 0.000000
0.139 0.140 0.000000
0.140 0.141 0.000000
0.141 0.142 0.000000
0.142 0.143 0.000000
0.143 0.144 0.000000
0.144 0.145 0.000000
0.145 0.146 0.000000
0.146 0.147 0.000000
0.147 0.148 0.000000
0.148 0.149 0.000000
0.149 0.150 0.000000
