1
0.000 0.001 0.000000
0.001 0.002 0.000000
0.002 0.003 0.000000
0.003 0.004 0.000000
0.004 0.005 0.000000
0.005 0.006 0.000000
0.006 0.007 0.000000
0.007 0.008 0.000000
0.008 0.009 0.000000
0.009 0.010 0.000000
0.010 0.011 0.000000
0.011 0.012 0.000000
0.012 0.013 0.000000
0.013 0.014 0.000000
0.014 0.015 0.000000
0.015 0.016 0.000000
0.016 0.017 0.000000
0.017 0.018 0.000000
0.018 0.019 0.000000
0.019 0.020 0.000001
0.020 0.021 0.000005
0.021 0.022 0.000027
0.022 0.023 0.000112
0.023 0.024 0.000369
0.024 0.025 0.001022
0.025 0.026 0.002438
0.026 0.027 0.005131
0.027 0.028 0.009789
0.028 0.029 0.017152
0.029 0.030 0.027823
0.030 0.031 0.042410
0.031 0.032 0.061137
0.032 0.033 0.084345
0.033 0.034 0.111685
0.034 0.035 0.142754
0.035 0.036 0.177261
0.036 0.037 0.213875
0.037 0.038 0.251847
0.038 0.039 0.290695
0.039 0.040 0.331318
0.040 0.041 0.370555
0.041 0.042 0.408657
0.042 0.043 0.445316
0.043 0.044 0.479197
0.044 0.045 0.511029
0.045 0.046 0.538127
0.046 0.047 0.562606
0.047 0.048 0.582349
0.048 0.049 0.601718
0.049 0.050 0.616767
0.050 0.051 0.630734
0.051 0.052 0.642743
0.052 0.053 0.648946
0.053 0.054 0.652266
0.054 0.055 0.652722
0.055 0.056 0.649572
0.056 0.057 0.643299
0.057 0.058 0.764390
0.058 0.059 1.000000
0.059 0.060 0.869685
0.060 0.061 0.624703
0.061 0.062 0.612177
0.062 0.063 0.583903
0.063 0.064 0.565295
0.064 0.065 0.547767
0.065 0.066 0.528079
0.066 0.067 0.620698
0.067 0.068 0.608566
0.068 0.069 0.500952
0.069 0.070 0.453960
0.070 0.071 0.393501
0.071 0.072 0.377727
0.072 0.073 0.356321
0.073 0.074 0.338747
0.074 0.075 0.325465
0.075 0.076 0.308176
0.076 0.077 0.290298
0.077 0.078 0.273548
0.078 0.079 0.259828
0.079 0.080 0.245476
0.080 0.081 0.227893
0.081 0.082 0.205307
0.082 0.083 0.189832
0.083 0.084 0.174721
0.084 0.085 0.160139
0.085 0.086 0.146331
0.086 0.087 0.130678
0.087 0.088 0.113610
0.088 0.089 0.100626
0.089 0.090 0.088377
0.090 0.091 0.076722
0.091 0.092 0.064548
0.092 0.093 0.051119
0.093 0.094 0.042907
0.094 0.095 0.034344
0.095 0.096 0.026098
0.096 0.097 0.014948
0.097 0.098 0.009246
0.098 0.099 0.002297
0.099 0.100 0.000000
0.100 0.101 0.000000
0.101 0.102 0.000000
0.102 0.103 0.000000
0.103 0.104 0.000000
0.104 0.105 0.000000
0.105 0.106 0.000000
0.106 0.107 0.000000
0.107 0.108 0.000000
0.108 0.109 0.000000
0.109 0.110 0.000000
0.110 0.111 0.000000
0.111 0.112 0.000000
0.112 0.113 0.000000
0.113 0.114 0.000000
0.114 0.115 0.000000
0.115 0.116 0.000000
0.116 0.117 0.000000
0.117 0.118 0.000000
0.118 0.119 0.000000
0.119 0.120 0.000000
0.120 0.121 0.000000
0.121 0.122 0.000000
0.122 0.123 0.000000
0.123 0.124 0.000000
0.124 0.125 0.000000
0.125 0.126 0.000000
0.126 0.127 0.000000
0.127 0.128 0.000000
0.128 0.129 0.000000
0.129 0.130 0.000000
0.130 0.131 0.000000
0.131 0.132 0.000000
0.132 0.133 0.000000
0.133 0.134 0.000000
0.134 0.135 0.000000
0.135 0.136 0.000000
0.136 0.137 0.000000
0.137 0.138 0.000000
0.138 0.139 0.000000
0.139 0.140 0.000000
0.140 0.141 0.000000
0.141 0.142 0.000000
0.142 0.143 0.000000
0.143 0.144 0.000000
0.144 0.145 0.000000
0.145 0.146 0.000000
0.146 0.147 0.000000
0.147 0.148 0.000000
0.148 0.149 0.000000
0.149 0.150 0.000000
