1
0.000 0.001 0.000000
0.001 0.002 0.000000
0.002 0.003 0.000000
0.003 0.004 0.000000
0.004 0.005 0.000000
0.005 0.006 0.000000
0.006 0.007 0.000000
0.007 0.008 0.000000
0.008 0.009 0.000000
0.009 0.010 0.000000
0.010 0.011 0.000000
0.011 0.012 0.000000
0.012 0.013 0.000000
0.013 0.014 0.000000
0.014 0.015 0.000000
0.015 0.016 0.000000
0.016 0.017 0.000000
0.017 0.018 0.000000
0.018 0.019 0.000001
0.019 0.020 0.000010
0.020 0.021 0.000045
0.021 0.022 0.000163
0.022 0.023 0.000483
0.023 0.024 0.001212
0.024 0.025 0.002655
0.025 0.026 0.005184
0.026 0.027 0.009201
0.027 0.028 0.015146
0.028 0.029 0.023356
0.029 0.030 0.033892
0.030 0.031 0.046928
0.031 0.032 0.062324
0.032 0.033 0.079989
0.033 0.034 0.099500
0.034 0.035 0.120419
0.035 0.036 0.142426
0.036 0.037 0.165347
0.037 0.038 0.188842
0.038 0.039 0.211527
0.039 0.040 0.233765
0.040 0.041 0.255355
0.041 0.042 0.275921
0.042 0.043 0.295868
0.043 0.044 0.314165
0.044 0.045 0.331785
0.045 0.046 0.346760
0.046 0.047 0.359831
0.047 0.048 0.374062
0.048 0.049 0.385950
0.049 0.050 0.393913
0.050 0.051 0.402030
0.051 0.052 0.410628
0.052 0.053 0.415998
0.053 0.054 0.419534
0.054 0.055 0.422706
0.055 0.056 0.426486
0.056 0.057 0.429711
0.057 0.058 0.625314
0.058 0.059 1.000000
0.059 0.060 0.804913
0.060 0.061 0.439887
0.061 0.062 0.437698
0.062 0.063 0.414604
0.063 0.064 0.410474
0.064 0.065 0.405188
0.065 0.066 0.399987
0.066 0.067 0.550995
0.067 0.068 0.547221
0.068 0.069 0.417068
0.069 0.070 0.375902
0.070 0.071 0.302191
0.071 0.072 0.298000
0.072 0.073 0.291773
0.073 0.074 0.287420
0.074 0.075 0.283433
0.075 0.076 0.278373
0.076 0.077 0.271196
0.077 0.078 0.265805
0.078 0.079 0.261942
0.079 0.080 0.257328
0.080 0.081 0.251577
0.081 0.082 0.244285
0.082 0.083 0.236946
0.083 0.084 0.229953
0.084 0.085 0.223968
0.085 0.086 0.218394
0.086 0.087 0.212087
0.087 0.088 0.207302
0.088 0.089 0.200461
0.089 0.090 0.192927
0.090 0.091 0.186211
0.091 0.092 0.177290
0.092 0.093 0.170581
0.093 0.094 0.166527
0.094 0.095 0.159919
0.095 0.096 0.153251
0.096 0.097 0.147760
0.097 0.098 0.140549
0.098 0.099 0.133831
0.099 0.100 0.128661
0.100 0.101 0.124006
0.101 0.102 0.118489
0.102 0.103 0.111879
0.103 0.104 0.107625
0.104 0.105 0.102991
0.105 0.106 0.097364
0.106 0.107 0.092491
0.107 0.108 0.086679
0.108 0.109 0.081944
0.109 0.110 0.077058
0.110 0.111 0.072945
0.111 0.112 0.069168
0.112 0.113 0.063969
0.113 0.114 0.059206
0.114 0.115 0.055380
0.115 0.116 0.051294
0.116 0.117 0.046483
0.117 0.118 0.043046
0.118 0.119 0.038517
0.119 0.120 0.035353
0.120 0.121 0.033495
0.121 0.122 0.030056
0.122 0.123 0.027611
0.123 0.124 0.025019
0.124 0.125 0.021839
0.125 0.126 0.018651
0.126 0.127 0.015817
0.127 0.128 0.013438
0.128 0.129 0.011357
0.129 0.130 0.009299
0.130 0.131 0.006716
0.131 0.132 0.005673
0.132 0.133 0.004280
0.133 0.134 0.002402
0.134 0.135 0.001505
0.135 0.136 0.000401
0.136 0.137 0.000000
0.137 0.138 0.000000
0.138 0.139 0.000000
0.139 0.140 0.000000
0.140 0.141 0.000000
0.141 0.142 0.000000
0.142 0.143 0.000000
0.143 0.144 0.000000
0.144 0.145 0.000000
0.145 0.146 0.000000
0.146 0.147 0.000000
0.147 0.148 0.000000
0.148 0.149 0.000000
0.149 0.150 0.000000
