1
0.000 0.001 0.000000
0.001 0.002 0.000000
0.002 0.003 0.000000
0.003 0.004 0.000000
0.004 0.005 0.000000
0.005 0.006 0.000000
0.006 0.007 0.000000
0.007 0.008 0.000000
0.008 0.009 0.000000
0.009 0.010 0.000000
0.010 0.011 0.000000
0.011 0.012 0.000000
0.012 0.013 0.000000
0.013 0.014 0.000000
0.014 0.015 0.000000
0.015 0.016 0.000000
0.016 0.017 0.000000
0.017 0.018 0.000000
0.018 0.019 0.000000
0.019 0.020 0.000000
0.020 0.021 0.000000
0.021 0.022 0.000001
0.022 0.023 0.000006
0.023 0.024 0.000029
0.024 0.025 0.000105
0.025 0.026 0.000318
0.026 0.027 0.000824
0.027 0.028 0.001883
0.028 0.029 0.003868
0.029 0.030 0.007221
0.030 0.031 0.012439
0.031 0.032 0.019980
0.032 0.033 0.030424
0.033 0.034 0.043984
0.034 0.035 0.060774
0.035 0.036 0.081100
0.036 0.037 0.104404
0.037 0.038 0.130356
0.038 0.039 0.159347
0.039 0.040 0.190952
0.040 0.041 0.223213
0.041 0.042 0.256731
0.042 0.043 0.291172
0.043 0.044 0.325132
0.044 0.045 0.359461
0.045 0.046 0.391265
0.046 0.047 0.422011
0.047 0.048 0.451277
0.048 0.049 0.478211
0.049 0.050 0.501774
0.050 0.051 0.524882
0.051 0.052 0.548084
0.052 0.053 0.565211
0.053 0.054 0.579807
0.054 0.055 0.593268
0.055 0.056 0.602605
0.056 0.057 0.609399
0.057 0.058 0.743091
0.058 0.059 1.000000
0.059 0.060 0.877530
0.060 0.061 0.629427
0.061 0.062 0.624603
0.062 0.063 0.604298
0.063 0.064 0.594975
0.064 0.065 0.585326
0.065 0.066 0.574616
0.066 0.067 0.680934
0.067 0.068 0.672995
0.068 0.069 0.559192
0.069 0.070 0.510319
0.070 0.071 0.445589
0.071 0.072 0.431604
0.072 0.073 0.410833
0.073 0.074 0.395858
0.074 0.075 0.379148
0.075 0.076 0.356838
0.076 0.077 0.335920
0.077 0.078 0.315826
0.078 0.079 0.297756
0.079 0.080 0.282906
0.080 0.081 0.263976
0.081 0.082 0.241343
0.082 0.083 0.219113
0.083 0.084 0.201415
0.084 0.085 0.183981
0.085 0.086 0.165784
0.086 0.087 0.149634
0.087 0.088 0.133850
0.088 0.089 0.115936
0.089 0.090 0.098143
0.090 0.091 0.084972
0.091 0.092 0.069603
0.092 0.093 0.058869
0.093 0.094 0.047732
0.094 0.095 0.034818
0.095 0.096 0.026240
0.096 0.097 0.015184
0.097 0.098 0.006918
0.098 0.099 0.001721
0.099 0.100 0.000000
0.100 0.101 0.000000
0.101 0.102 0.000000
0.102 0.103 0.000000
0.103 0.104 0.000000
0.104 0.105 0.000000
0.105 0.106 0.000000
0.106 0.107 0.000000
0.107 0.108 0.000000
0.108 0.109 0.000000
0.109 0.110 0.000000
0.110 0.111 0.000000
0.111 0.112 0.000000
0.112 0.113 0.000000
0.113 0.114 0.000000
0.114 0.115 0.000000
0.115 0.116 0.000000
0.116 0.117 0.000000
0.117 0.118 0.000000
0.118 0.119 0.000000
0.119 0.120 0.000000
0.120 0.121 0.000000
0.121 0.122 0.000000
0.122 0.123 0.000000
0.123 0.124 0.000000
0.124 0.125 0.000000
0.125 0.126 0.000000
0.126 0.127 0.000000
0.127 0.128 0.000000
0.128 0.129 0.000000
0.129 0.130 0.000000
0.130 0.131 0.000000
0.131 0.132 0.000000
0.132 0.133 0.000000
0.133 0.134 0.000000
0.134 0.135 0.000000
0.135 0.136 0.000000
0.136 0.137 0.000000
0.137 0.138 0.000000
0.138 0.139 0.000000
0.139 0.140 0.000000
0.140 0.141 0.000000
0.141 0.142 0.000000
0.142 0.143 0.000000
0.143 0.144 0.000000
0.144 0.145 0.000000
0.145 0.146 0.000000
0.146 0.147 0.000000
0.147 0.148 0.000000
0.148 0.149 0.000000
0.149 0.150 0.000000
