1
0.000 0.001 0.000000
0.001 0.002 0.000000
0.002 0.003 0.000000
0.003 0.004 0.000000
0.004 0.005 0.000000
0.005 0.006 0.000000
0.006 0.007 0.000000
0.007 0.008 0.000000
0.008 0.009 0.000000
0.009 0.010 0.000000
0.010 0.011 0.000000
0.011 0.012 0.000000
0.012 0.013 0.000000
0.013 0.014 0.000000
0.014 0.015 0.000000
0.015 0.016 0.000000
0.016 0.017 0.000003
0.017 0.018 0.000022
0.018 0.019 0.000113
0.019 0.020 0.000427
0.020 0.021 0.001287
0.021 0.022 0.003218
0.022 0.023 0.006915
0.023 0.024 0.013175
0.024 0.025 0.022787
0.025 0.026 0.036189
0.026 0.027 0.053637
0.027 0.028 0.075500
0.028 0.029 0.101409
0.029 0.030 0.130415
0.030 0.031 0.161838
0.031 0.032 0.195067
0.032 0.033 0.229584
0.033 0.034 0.264260
0.034 0.035 0.298465
0.035 0.036 0.332125
0.036 0.037 0.364383
0.037 0.038 0.393029
0.038 0.039 0.418754
0.039 0.040 0.443852
0.040 0.041 0.466038
0.041 0.042 0.485078
0.042 0.043 0.503040
0.043 0.044 0.517354
0.044 0.045 0.530368
0.045 0.046 0.540781
0.046 0.047 0.546394
0.047 0.048 0.552802
0.048 0.049 0.558599
0.049 0.050 0.558414
0.050 0.051 0.557291
0.051 0.052 0.558532
0.052 0.053 0.558307
0.053 0.054 0.554289
0.054 0.055 0.548305
0.055 0.056 0.544155
0.056 0.057 0.540282
0.057 0.058 0.697389
0.058 0.059 1.000000
0.059 0.060 0.825522
0.060 0.061 0.514288
0.061 0.062 0.504410
0.062 0.063 0.478819
0.063 0.064 0.465701
0.064 0.065 0.453179
0.065 0.066 0.443597
0.066 0.067 0.556359
0.067 0.068 0.546223
0.068 0.069 0.434564
0.069 0.070 0.392194
0.070 0.071 0.329079
0.071 0.072 0.318726
0.072 0.073 0.305994
0.073 0.074 0.299666
0.074 0.075 0.291845
0.075 0.076 0.280307
0.076 0.077 0.266925
0.077 0.078 0.255777
0.078 0.079 0.248947
0.079 0.080 0.240548
0.080 0.081 0.229019
0.081 0.082 0.216107
0.082 0.083 0.203925
0.083 0.084 0.192552
0.084 0.085 0.182478
0.085 0.086 0.173603
0.086 0.087 0.162846
0.087 0.088 0.153360
0.088 0.089 0.145544
0.089 0.090 0.135556
0.090 0.091 0.124557
0.091 0.092 0.112608
0.092 0.093 0.105123
0.093 0.094 0.099378
0.094 0.095 0.091450
0.095 0.096 0.083328
0.096 0.097 0.075500
0.097 0.098 0.066749
0.098 0.099 0.057146
0.099 0.100 0.049999
0.100 0.101 0.047359
0.101 0.102 0.042292
0.102 0.103 0.035372
0.103 0.104 0.029106
0.104 0.105 0.025626
0.105 0.106 0.021376
0.106 0.107 0.016306
0.107 0.108 0.012372
0.108 0.109 0.008237
0.109 0.110 0.005582
0.110 0.111 0.002574
0.111 0.112 0.000729
0.112 0.113 0.000000
0.113 0.114 0.000000
0.114 0.115 0.000000
0.115 0.116 0.000000
0.116 0.117 0.000000
0.117 0.118 0.000000
0.118 0.119 0.000000
0.119 0.120 0.000000
0.120 0.121 0.000000
0.121 0.122 0.000000
0.122 0.123 0.000000
0.123 0.124 0.000000
0.124 0.125 0.000000
0.125 0.126 0.000000
0.126 0.127 0.000000
0.127 0.128 0.000000
0.128 0.129 0.000000
0.129 0.130 0.000000
0.130 0.131 0.000000
0.131 0.132 0.000000
0.132 0.133 0.000000
0.133 0.134 0.000000
0.134 0.135 0.000000
0.135 0.136 0.000000
0.136 0.137 0.000000
0.137 0.138 0.000000
0.138 0.139 0.000000
0.139 0.140 0.000000
0.140 0.141 0.000000
0.141 0.142 0.000000
0.142 0.143 0.000000
0.143 0.144 0.000000
0.144 0.145 0.000000
0.145 0.146 0.000000
0.146 0.147 0.000000
0.147 0.148 0.000000
0.148 0.149 0.000000
0.149 0.150 0.000000
