1
0.000 0.001 0.000000
0.001 0.002 0.000000
0.002 0.003 0.000000
0.003 0.004 0.000000
0.004 0.005 0.000000
0.005 0.006 0.000000
0.006 0.007 0.000000
0.007 0.008 0.000000
0.008 0.009 0.000000
0.009 0.010 0.000000
0.010 0.011 0.000000
0.011 0.012 0.000000
0.012 0.013 0.000000
0.013 0.014 0.000000
0.014 0.015 0.000000
0.015 0.016 0.000000
0.016 0.017 0.000000
0.017 0.018 0.000000
0.018 0.019 0.000000
0.019 0.020 0.000000
0.020 0.021 0.000000
0.021 0.022 0.000001
0.022 0.023 0.000004
0.023 0.024 0.000018
0.024 0.025 0.000066
0.025 0.026 0.000199
0.026 0.027 0.000510
0.027 0.028 0.001156
0.028 0.029 0.002363
0.029 0.030 0.004374
0.030 0.031 0.007514
0.031 0.032 0.012073
0.032 0.033 0.018351
0.033 0.034 0.026597
0.034 0.035 0.036904
0.035 0.036 0.049221
0.036 0.037 0.063650
0.037 0.038 0.080216
0.038 0.039 0.098123
0.039 0.040 0.117488
0.040 0.041 0.138155
0.041 0.042 0.159424
0.042 0.043 0.181638
0.043 0.044 0.203933
0.044 0.045 0.226655
0.045 0.046 0.248217
0.046 0.047 0.268742
0.047 0.048 0.290408
0.048 0.049 0.310821
0.049 0.050 0.328226
0.050 0.051 0.345028
0.051 0.052 0.362492
0.052 0.053 0.377891
0.053 0.054 0.390654
0.054 0.055 0.402553
0.055 0.056 0.415285
0.056 0.057 0.427052
0.057 0.058 0.622915
0.058 0.059 1.000000
0.059 0.060 0.822251
0.060 0.061 0.466068
0.061 0.062 0.470356
0.062 0.063 0.452987
0.063 0.064 0.453606
0.064 0.065 0.452458
0.065 0.066 0.452195
0.066 0.067 0.621844
0.067 0.068 0.623644
0.068 0.069 0.484223
0.069 0.070 0.441085
0.070 0.071 0.360685
0.071 0.072 0.357905
0.072 0.073 0.352817
0.073 0.074 0.350747
0.074 0.075 0.348125
0.075 0.076 0.343842
0.076 0.077 0.336486
0.077 0.078 0.331110
0.078 0.079 0.328701
0.079 0.080 0.324498
0.080 0.081 0.317665
0.081 0.082 0.309157
0.082 0.083 0.301130
0.083 0.084 0.293405
0.084 0.085 0.286750
0.085 0.086 0.280726
0.086 0.087 0.272635
0.087 0.088 0.267481
0.088 0.089 0.260040
0.089 0.090 0.249853
0.090 0.091 0.240745
0.091 0.092 0.227971
0.092 0.093 0.218793
0.093 0.094 0.214673
0.094 0.095 0.206197
0.095 0.096 0.197940
0.096 0.097 0.189176
0.097 0.098 0.177410
0.098 0.099 0.168338
0.099 0.100 0.161090
0.100 0.101 0.154907
0.101 0.102 0.147713
0.102 0.103 0.138464
0.103 0.104 0.130763
0.104 0.105 0.124989
0.105 0.106 0.117618
0.106 0.107 0.110889
0.107 0.108 0.102586
0.108 0.109 0.095607
0.109 0.110 0.087892
0.110 0.111 0.081811
0.111 0.112 0.076646
0.112 0.113 0.069492
0.113 0.114 0.063216
0.114 0.115 0.057020
0.115 0.116 0.051669
0.116 0.117 0.046409
0.117 0.118 0.040953
0.118 0.119 0.033290
0.119 0.120 0.029924
0.120 0.121 0.028363
0.121 0.122 0.024595
0.122 0.123 0.020225
0.123 0.124 0.017120
0.124 0.125 0.013501
0.125 0.126 0.009478
0.126 0.127 0.007398
0.127 0.128 0.005095
0.128 0.129 0.002383
0.129 0.130 0.000664
0.130 0.131 0.000000
0.131 0.132 0.000000
0.132 0.133 0.000000
0.133 0.134 0.000000
0.134 0.135 0.000000
0.135 0.136 0.000000
0.136 0.137 0.000000
0.137 0.138 0.000000
0.138 0.139 0.000000
0.139 0.140 0.000000
0.140 0.141 0.000000
0.141 0.142 0.000000
0.142 0.143 0.000000
0.143 0.144 0.000000
0.144 0.145 0.000000
0.145 0.146 0.000000
0.146 0.147 0.000000
0.147 0.148 0.000000
0.148 0.149 0.000000
0.149 0.150 0.000000
