1
0.000 0.001 0.000000
0.001 0.002 0.000000
0.002 0.003 0.000000
0.003 0.004 0.000000
0.004 0.005 0.000000
0.005 0.006 0.000000
0.006 0.007 0.000000
0.007 0.008 0.000000
0.008 0.009 0.000000
0.009 0.010 0.000000
0.010 0.011 0.000000
0.011 0.012 0.000000
0.012 0.013 0.000000
0.013 0.014 0.000000
0.014 0.015 0.000000
0.015 0.016 0.000000
0.016 0.017 0.000000
0.017 0.018 0.000000
0.018 0.019 0.000003
0.019 0.020 0.000019
0.020 0.021 0.000093
0.021 0.022 0.000341
0.022 0.023 0.001010
0.023 0.024 0.002521
0.024 0.025 0.005476
0.025 0.026 0.010574
0.026 0.027 0.018502
0.027 0.028 0.029988
0.028 0.029 0.045505
0.029 0.030 0.065163
0.030 0.031 0.088863
0.031 0.032 0.116299
0.032 0.033 0.147005
0.033 0.034 0.180186
0.034 0.035 0.215129
0.035 0.036 0.251131
0.036 0.037 0.287076
0.037 0.038 0.321473
0.038 0.039 0.354092
0.039 0.040 0.386153
0.040 0.041 0.415678
0.041 0.042 0.441271
0.042 0.043 0.467855
0.043 0.044 0.490903
0.044 0.045 0.511978
0.045 0.046 0.529450
0.046 0.047 0.542360
0.047 0.048 0.555849
0.048 0.049 0.566637
0.049 0.050 0.570041
0.050 0.051 0.572920
0.051 0.052 0.577353
0.052 0.053 0.579502
0.053 0.054 0.576094
0.054 0.055 0.572880
0.055 0.056 0.570401
0.056 0.057 0.568843
0.057 0.058 0.715851
0.058 0.059 1.000000
0.059 0.060 0.837949
0.060 0.061 0.543272
0.061 0.062 0.533151
0.062 0.063 0.507402
0.063 0.064 0.491885
0.064 0.065 0.477172
0.065 0.066 0.463611
0.066 0.067 0.574330
0.067 0.068 0.564465
0.068 0.069 0.452580
0.069 0.070 0.409572
0.070 0.071 0.346228
0.071 0.072 0.334248
0.072 0.073 0.319149
0.073 0.074 0.311849
0.074 0.075 0.302864
0.075 0.076 0.289276
0.076 0.077 0.272218
0.077 0.078 0.261579
0.078 0.079 0.255261
0.079 0.080 0.247326
0.080 0.081 0.236181
0.081 0.082 0.223371
0.082 0.083 0.211472
0.083 0.084 0.199238
0.084 0.085 0.188367
0.085 0.086 0.178702
0.086 0.087 0.165967
0.087 0.088 0.158774
0.088 0.089 0.151351
0.089 0.090 0.141520
0.090 0.091 0.130209
0.091 0.092 0.118964
0.092 0.093 0.110384
0.093 0.094 0.103387
0.094 0.095 0.094216
0.095 0.096 0.084311
0.096 0.097 0.076161
0.097 0.098 0.067070
0.098 0.099 0.056851
0.099 0.100 0.049829
0.100 0.101 0.046318
0.101 0.102 0.038754
0.102 0.103 0.032561
0.103 0.104 0.027438
0.104 0.105 0.023557
0.105 0.106 0.018860
0.106 0.107 0.012798
0.107 0.108 0.009498
0.108 0.109 0.006440
0.109 0.110 0.002390
0.110 0.111 0.001385
0.111 0.112 0.000000
0.112 0.113 0.000000
0.113 0.114 0.000000
0.114 0.115 0.000000
0.115 0.116 0.000000
0.116 0.117 0.000000
0.117 0.118 0.000000
0.118 0.119 0.000000
0.119 0.120 0.000000
0.120 0.121 0.000000
0.121 0.122 0.000000
0.122 0.123 0.000000
0.123 0.124 0.000000
0.124 0.125 0.000000
0.125 0.126 0.000000
0.126 0.127 0.000000
0.127 0.128 0.000000
0.128 0.129 0.000000
0.129 0.130 0.000000
0.130 0.131 0.000000
0.131 0.132 0.000000
0.132 0.133 0.000000
0.133 0.134 0.000000
0.134 0.135 0.000000
0.135 0.136 0.000000
0.136 0.137 0.000000
0.137 0.138 0.000000
0.138 0.139 0.000000
0.139 0.140 0.000000
0.140 0.141 0.000000
0.141 0.142 0.000000
0.142 0.143 0.000000
0.143 0.144 0.000000
0.144 0.145 0.000000
0.145 0.146 0.000000
0.146 0.147 0.000000
0.147 0.148 0.000000
0.148 0.149 0.000000
0.149 0.150 0.000000
