1
0.000 0.001 0.000000
0.001 0.002 0.000000
0.002 0.003 0.000000
0.003 0.004 0.000000
0.004 0.005 0.000000
0.005 0.006 0.000000
0.006 0.007 0.000000
0.007 0.008 0.000000
0.008 0.009 0.000000
0.009 0.010 0.000000
0.010 0.011 0.000000
0.011 0.012 0.000000
0.012 0.013 0.000000
0.013 0.014 0.000000
0.014 0.015 0.000000
0.015 0.016 0.000000
0.016 0.017 0.000000
0.017 0.018 0.000000
0.018 0.019 0.000003
0.019 0.020 0.000017
0.020 0.021 0.000081
0.021 0.022 0.000296
0.022 0.023 0.000879
0.023 0.024 0.002209
0.024 0.025 0.004839
0.025 0.026 0.009445
0.026 0.027 0.016741
0.027 0.028 0.027480
0.028 0.029 0.042243
0.029 0.030 0.061279
0.030 0.031 0.084513
0.031 0.032 0.111362
0.032 0.033 0.142941
0.033 0.034 0.177493
0.034 0.035 0.213127
0.035 0.036 0.250539
0.036 0.037 0.288027
0.037 0.038 0.325197
0.038 0.039 0.363376
0.039 0.040 0.401987
0.040 0.041 0.435966
0.041 0.042 0.468550
0.042 0.043 0.498839
0.043 0.044 0.528144
0.044 0.045 0.554847
0.045 0.046 0.574126
0.046 0.047 0.594694
0.047 0.048 0.610558
0.048 0.049 0.621994
0.049 0.050 0.630618
0.050 0.051 0.640354
0.051 0.052 0.650362
0.052 0.053 0.649119
0.053 0.054 0.646402
0.054 0.055 0.647873
0.055 0.056 0.645508
0.056 0.057 0.636681
0.057 0.058 0.757509
0.058 0.059 1.000000
0.059 0.060 0.868369
0.060 0.061 0.621326
0.061 0.062 0.606236
0.062 0.063 0.573718
0.063 0.064 0.558243
0.064 0.065 0.543444
0.065 0.066 0.528140
0.066 0.067 0.618812
0.067 0.068 0.607809
0.068 0.069 0.503178
0.069 0.070 0.454973
0.070 0.071 0.396145
0.071 0.072 0.384647
0.072 0.073 0.367737
0.073 0.074 0.349233
0.074 0.075 0.330059
0.075 0.076 0.310700
0.076 0.077 0.292704
0.077 0.078 0.274552
0.078 0.079 0.258682
0.079 0.080 0.241982
0.080 0.081 0.220896
0.081 0.082 0.196949
0.082 0.083 0.176518
0.083 0.084 0.158841
0.084 0.085 0.139195
0.085 0.086 0.119423
0.086 0.087 0.096339
0.087 0.088 0.074381
0.088 0.089 0.052678
0.089 0.090 0.036171
0.090 0.091 0.024961
0.091 0.092 0.011788
0.092 0.093 0.001545
0.093 0.094 0.000000
0.094 0.095 0.000000
0.095 0.096 0.000000
0.096 0.097 0.000000
0.097 0.098 0.000000
0.098 0.099 0.000000
0.099 0.100 0.000000
0.100 0.101 0.000000
0.101 0.102 0.000000
0.102 0.103 0.000000
0.103 0.104 0.000000
0.104 0.105 0.000000
0.105 0.106 0.000000
0.106 0.107 0.000000
0.107 0.108 0.000000
0.108 0.109 0.000000
0.109 0.110 0.000000
0.110 0.111 0.000000
0.111 0.112 0.000000
0.112 0.113 0.000000
0.113 0.114 0.000000
0.114 0.115 0.000000
0.115 0.116 0.000000
0.116 0.117 0.000000
0.117 0.118 0.000000
0.118 0.119 0.000000
0.119 0.120 0.000000
0.120 0.121 0.000000
0.121 0.122 0.000000
0.122 0.123 0.000000
0.123 0.124 0.000000
0.124 0.125 0.000000
0.125 0.126 0.000000
0.126 0.127 0.000000
0.127 0.128 0.000000
0.128 0.129 0.000000
0.129 0.130 0.000000
0.130 0.131 0.000000
0.131 0.132 0.000000
0.132 0.133 0.000000
0.133 0.134 0.000000
0.134 0.135 0.000000
0.135 0.136 0.000000
0.136 0.137 0.000000
0.137 0.138 0.000000
0.138 0.139 0.000000
0.139 0.140 0.000000
0.140 0.141 0.000000
0.141 0.142 0.000000
0.142 0.143 0.000000
0.143 0.144 0.000000
0.144 0.145 0.000000
0.145 0.146 0.000000
0.146 0.147 0.000000
0.147 0.148 0.000000
0.148 0.149 0.000000
0.149 0.150 0.000000
