1
0.000 0.001 0.000000
0.001 0.002 0.000000
0.002 0.003 0.000000
0.003 0.004 0.000000
0.004 0.005 0.000000
0.005 0.006 0.000000
0.006 0.007 0.000000
0.007 0.008 0.000000
0.008 0.009 0.000000
0.009 0.010 0.000000
0.010 0.011 0.000000
0.011 0.012 0.000000
0.012 0.013 0.000000
0.013 0.014 0.000000
0.014 0.015 0.000000
0.015 0.016 0.000001
0.016 0.017 0.000011
0.017 0.018 0.000067
0.018 0.019 0.000291
0.019 0.020 0.000966
0.020 0.021 0.002591
0.021 0.022 0.005842
0.022 0.023 0.011476
0.023 0.024 0.020256
0.024 0.025 0.032672
0.025 0.026 0.048805
0.026 0.027 0.068694
0.027 0.028 0.092220
0.028 0.029 0.118285
0.029 0.030 0.146837
0.030 0.031 0.176976
0.031 0.032 0.207851
0.032 0.033 0.238864
0.033 0.034 0.269283
0.034 0.035 0.298190
0.035 0.036 0.324860
0.036 0.037 0.349874
0.037 0.038 0.374000
0.038 0.039 0.394415
0.039 0.040 0.412343
0.040 0.041 0.428087
0.041 0.042 0.441160
0.042 0.043 0.452803
0.043 0.044 0.461962
0.044 0.045 0.469583
0.045 0.046 0.473345
0.046 0.047 0.475583
0.047 0.048 0.479152
0.048 0.049 0.478861
0.049 0.050 0.477150
0.050 0.051 0.476474
0.051 0.052 0.476271
0.052 0.053 0.472687
0.053 0.054 0.468122
0.054 0.055 0.462962
0.055 0.056 0.458765
0.056 0.057 0.454895
0.057 0.058 0.641869
0.058 0.059 1.000000
0.059 0.060 0.798488
0.060 0.061 0.438532
0.061 0.062 0.430770
0.062 0.063 0.403288
0.063 0.064 0.394012
0.064 0.065 0.384211
0.065 0.066 0.374672
0.066 0.067 0.507508
0.067 0.068 0.500520
0.068 0.069 0.379220
0.069 0.070 0.339593
0.070 0.071 0.271439
0.071 0.072 0.265967
0.072 0.073 0.258588
0.073 0.074 0.252910
0.074 0.075 0.247828
0.075 0.076 0.242006
0.076 0.077 0.234471
0.077 0.078 0.228395
0.078 0.079 0.223292
0.079 0.080 0.218060
0.080 0.081 0.212323
0.081 0.082 0.204996
0.082 0.083 0.197679
0.083 0.084 0.190723
0.084 0.085 0.183922
0.085 0.086 0.179442
0.086 0.087 0.174631
0.087 0.088 0.170910
0.088 0.089 0.165698
0.089 0.090 0.159514
0.090 0.091 0.153956
0.091 0.092 0.146775
0.092 0.093 0.141274
0.093 0.094 0.137853
0.094 0.095 0.132526
0.095 0.096 0.127571
0.096 0.097 0.122579
0.097 0.098 0.116242
0.098 0.099 0.110388
0.099 0.100 0.105353
0.100 0.101 0.101861
0.101 0.102 0.097893
0.102 0.103 0.093554
0.103 0.104 0.090120
0.104 0.105 0.086271
0.105 0.106 0.081659
0.106 0.107 0.077712
0.107 0.108 0.073046
0.108 0.109 0.069291
0.109 0.110 0.065762
0.110 0.111 0.061906
0.111 0.112 0.058307
0.112 0.113 0.053099
0.113 0.114 0.049556
0.114 0.115 0.046890
0.115 0.116 0.044100
0.116 0.117 0.040882
0.117 0.118 0.038036
0.118 0.119 0.034309
0.119 0.120 0.031612
0.120 0.121 0.030005
0.121 0.122 0.027420
0.122 0.123 0.024830
0.123 0.124 0.021666
0.124 0.125 0.019351
0.125 0.126 0.017014
0.126 0.127 0.015209
0.127 0.128 0.012976
0.128 0.129 0.011023
0.129 0.130 0.009100
0.130 0.131 0.006597
0.131 0.132 0.005836
0.132 0.133 0.004761
0.133 0.134 0.003489
0.134 0.135 0.002312
0.135 0.136 0.000870
0.136 0.137 0.000521
0.137 0.138 0.000000
0.138 0.139 0.000000
0.139 0.140 0.000000
0.140 0.141 0.000000
0.141 0.142 0.000000
0.142 0.143 0.000000
0.143 0.144 0.000000
0.144 0.145 0.000000
0.145 0.146 0.000000
0.146 0.147 0.000000
0.147 0.148 0.000000
0.148 0.149 0.000000
0.149 0.150 0.000000
