1
0.000 0.001 0.000000
0.001 0.002 0.000000
0.002 0.003 0.000000
0.003 0.004 0.000000
0.004 0.005 0.000000
0.005 0.006 0.000000
0.006 0.007 0.000000
0.007 0.008 0.000000
0.008 0.009 0.000000
0.009 0.010 0.000000
0.010 0.011 0.000000
0.011 0.012 0.000000
0.012 0.013 0.000000
0.013 0.014 0.000000
0.014 0.015 0.000000
0.015 0.016 0.000000
0.016 0.017 0.000000
0.017 0.018 0.000000
0.018 0.019 0.000001
0.019 0.020 0.000005
0.020 0.021 0.000028
0.021 0.022 0.000119
0.022 0.023 0.000406
0.023 0.024 0.001147
0.024 0.025 0.002794
0.025 0.026 0.005981
0.026 0.027 0.011481
0.027 0.028 0.020209
0.028 0.029 0.033023
0.029 0.030 0.050497
0.030 0.031 0.073146
0.031 0.032 0.100720
0.032 0.033 0.133697
0.033 0.034 0.171065
0.034 0.035 0.211852
0.035 0.036 0.255949
0.036 0.037 0.301263
0.037 0.038 0.347736
0.038 0.039 0.394994
0.039 0.040 0.442194
0.040 0.041 0.486520
0.041 0.042 0.528933
0.042 0.043 0.568569
0.043 0.044 0.605224
0.044 0.045 0.638915
0.045 0.046 0.664466
0.046 0.047 0.688913
0.047 0.048 0.708338
0.048 0.049 0.721588
0.049 0.050 0.731461
0.050 0.051 0.739592
0.051 0.052 0.746391
0.052 0.053 0.744866
0.053 0.054 0.741972
0.054 0.055 0.737957
0.055 0.056 0.726401
0.056 0.057 0.710943
0.057 0.058 0.802369
0.058 0.059 1.000000
0.059 0.060 0.881479
0.060 0.061 0.662893
0.061 0.062 0.642133
0.062 0.063 0.607492
0.063 0.064 0.581013
0.064 0.065 0.560675
0.065 0.066 0.537807
0.066 0.067 0.607239
0.067 0.068 0.588989
0.068 0.069 0.487201
0.069 0.070 0.436528
0.070 0.071 0.375989
0.071 0.072 0.359546
0.072 0.073 0.336847
0.073 0.074 0.316291
0.074 0.075 0.294874
0.075 0.076 0.270004
0.076 0.077 0.252217
0.077 0.078 0.233512
0.078 0.079 0.216062
0.079 0.080 0.199206
0.080 0.081 0.179705
0.081 0.082 0.154798
0.082 0.083 0.138514
0.083 0.084 0.124093
0.084 0.085 0.108289
0.085 0.086 0.090316
0.086 0.087 0.076537
0.087 0.088 0.063060
0.088 0.089 0.047862
0.089 0.090 0.033360
0.090 0.091 0.026298
0.091 0.092 0.015461
0.092 0.093 0.010130
0.093 0.094 0.002761
0.094 0.095 0.000000
0.095 0.096 0.000000
0.096 0.097 0.000000
0.097 0.098 0.000000
0.098 0.099 0.000000
0.099 0.100 0.000000
0.100 0.101 0.000000
0.101 0.102 0.000000
0.102 0.103 0.000000
0.103 0.104 0.000000
0.104 0.105 0.000000
0.105 0.106 0.000000
0.106 0.107 0.000000
0.107 0.108 0.000000
0.108 0.109 0.000000
0.109 0.110 0.000000
0.110 0.111 0.000000
0.111 0.112 0.000000
0.112 0.113 0.000000
0.113 0.114 0.000000
0.114 0.115 0.000000
0.115 0.116 0.000000
0.116 0.117 0.000000
0.117 0.118 0.000000
0.118 0.119 0.000000
0.119 0.120 0.000000
0.120 0.121 0.000000
0.121 0.122 0.000000
0.122 0.123 0.000000
0.123 0.124 0.000000
0.124 0.125 0.000000
0.125 0.126 0.000000
0.126 0.127 0.000000
0.127 0.128 0.000000
0.128 0.129 0.000000
0.129 0.130 0.000000
0.130 0.131 0.000000
0.131 0.132 0.000000
0.132 0.133 0.000000
0.133 0.134 0.000000
0.134 0.135 0.000000
0.135 0.136 0.000000
0.136 0.137 0.000000
0.137 0.138 0.000000
0.138 0.139 0.000000
0.139 0.140 0.000000
0.140 0.141 0.000000
0.141 0.142 0.000000
0.142 0.143 0.000000
0.143 0.144 0.000000
0.144 0.145 0.000000
0.145 0.146 0.000000
0.146 0.147 0.000000
0.147 0.148 0.000000
0.148 0.149 0.000000
0.149 0.150 0.000000
