1
0.000 0.001 0.000000
0.001 0.002 0.000000
0.002 0.003 0.000000
0.003 0.004 0.000000
0.004 0.005 0.000000
0.005 0.006 0.000000
0.006 0.007 0.000000
0.007 0.008 0.000000
0.008 0.009 0.000000
0.009 0.010 0.000000
0.010 0.011 0.000000
0.011 0.012 0.000000
0.012 0.013 0.000000
0.013 0.014 0.000000
0.014 0.015 0.000000
0.015 0.016 0.000005
0.016 0.017 0.000039
0.017 0.018 0.000204
0.018 0.019 0.000779
0.019 0.020 0.002323
0.020 0.021 0.005711
0.021 0.022 0.012029
0.022 0.023 0.022352
0.023 0.024 0.037555
0.024 0.025 0.058146
0.025 0.026 0.084097
0.026 0.027 0.114845
0.027 0.028 0.150094
0.028 0.029 0.188827
0.029 0.030 0.228984
0.030 0.031 0.270070
0.031 0.032 0.311190
0.032 0.033 0.351205
0.033 0.034 0.389175
0.034 0.035 0.424809
0.035 0.036 0.457596
0.036 0.037 0.486778
0.037 0.038 0.512404
0.038 0.039 0.534198
0.039 0.040 0.553534
0.040 0.041 0.570182
0.041 0.042 0.582149
0.042 0.043 0.593164
0.043 0.044 0.600884
0.044 0.045 0.606509
0.045 0.046 0.608280
0.046 0.047 0.605446
0.047 0.048 0.603931
0.048 0.049 0.601606
0.049 0.050 0.593456
0.050 0.051 0.586826
0.051 0.052 0.581626
0.052 0.053 0.575718
0.053 0.054 0.567345
0.054 0.055 0.557295
0.055 0.056 0.548116
0.056 0.057 0.538532
0.057 0.058 0.695222
0.058 0.059 1.000000
0.059 0.060 0.817687
0.060 0.061 0.497742
0.061 0.062 0.484629
0.062 0.063 0.454897
0.063 0.064 0.441294
0.064 0.065 0.427411
0.065 0.066 0.415992
0.066 0.067 0.527505
0.067 0.068 0.516195
0.068 0.069 0.404653
0.069 0.070 0.362879
0.070 0.071 0.299837
0.071 0.072 0.289023
0.072 0.073 0.276400
0.073 0.074 0.267974
0.074 0.075 0.260968
0.075 0.076 0.252001
0.076 0.077 0.241146
0.077 0.078 0.231820
0.078 0.079 0.226036
0.079 0.080 0.218995
0.080 0.081 0.209366
0.081 0.082 0.198667
0.082 0.083 0.189223
0.083 0.084 0.180029
0.084 0.085 0.170701
0.085 0.086 0.164804
0.086 0.087 0.157004
0.087 0.088 0.151467
0.088 0.089 0.145398
0.089 0.090 0.137209
0.090 0.091 0.128989
0.091 0.092 0.119180
0.092 0.093 0.112282
0.093 0.094 0.107798
0.094 0.095 0.099892
0.095 0.096 0.094407
0.096 0.097 0.088114
0.097 0.098 0.080673
0.098 0.099 0.073192
0.099 0.100 0.067571
0.100 0.101 0.063997
0.101 0.102 0.058969
0.102 0.103 0.051423
0.103 0.104 0.047204
0.104 0.105 0.044100
0.105 0.106 0.040141
0.106 0.107 0.036039
0.107 0.108 0.031120
0.108 0.109 0.026774
0.109 0.110 0.021498
0.110 0.111 0.018395
0.111 0.112 0.015908
0.112 0.113 0.012822
0.113 0.114 0.010130
0.114 0.115 0.006694
0.115 0.116 0.004789
0.116 0.117 0.003082
0.117 0.118 0.000821
0.118 0.119 0.000000
0.119 0.120 0.000000
0.120 0.121 0.000000
0.121 0.122 0.000000
0.122 0.123 0.000000
0.123 0.124 0.000000
0.124 0.125 0.000000
0.125 0.126 0.000000
0.126 0.127 0.000000
0.127 0.128 0.000000
0.128 0.129 0.000000
0.129 0.130 0.000000
0.130 0.131 0.000000
0.131 0.132 0.000000
0.132 0.133 0.000000
0.133 0.134 0.000000
0.134 0.135 0.000000
0.135 0.136 0.000000
0.136 0.137 0.000000
0.137 0.138 0.000000
0.138 0.139 0.000000
0.139 0.140 0.000000
0.140 0.141 0.000000
0.141 0.142 0.000000
0.142 0.143 0.000000
0.143 0.144 0.000000
0.144 0.145 0.000000
0.145 0.146 0.000000
0.146 0.147 0.000000
0.147 0.148 0.000000
0.148 0.149 0.000000
0.149 0.150 0.000000
