1
0.000 0.001 0.000000
0.001 0.002 0.000000
0.002 0.003 0.000000
0.003 0.004 0.000000
0.004 0.005 0.000000
0.005 0.006 0.000000
0.006 0.007 0.000000
0.007 0.008 0.000000
0.008 0.009 0.000000
0.009 0.010 0.000000
0.010 0.011 0.000000
0.011 0.012 0.000000
0.012 0.013 0.000000
0.013 0.014 0.000000
0.014 0.015 0.000000
0.015 0.016 0.000000
0.016 0.017 0.000000
0.017 0.018 0.000000
0.018 0.019 0.000002
0.019 0.020 0.000014
0.020 0.021 0.000075
0.021 0.022 0.000299
0.022 0.023 0.000951
0.023 0.024 0.002524
0.024 0.025 0.005791
0.025 0.026 0.011756
0.026 0.027 0.021497
0.027 0.028 0.036178
0.028 0.029 0.056859
0.029 0.030 0.083855
0.030 0.031 0.117386
0.031 0.032 0.156794
0.032 0.033 0.202053
0.033 0.034 0.251677
0.034 0.035 0.304149
0.035 0.036 0.358652
0.036 0.037 0.412723
0.037 0.038 0.466679
0.038 0.039 0.519567
0.039 0.040 0.571821
0.040 0.041 0.618624
0.041 0.042 0.662017
0.042 0.043 0.700981
0.043 0.044 0.735126
0.044 0.045 0.765721
0.045 0.046 0.785415
0.046 0.047 0.800375
0.047 0.048 0.816729
0.048 0.049 0.825242
0.049 0.050 0.830112
0.050 0.051 0.833232
0.051 0.052 0.832606
0.052 0.053 0.822480
0.053 0.054 0.812124
0.054 0.055 0.798377
0.055 0.056 0.781409
0.056 0.057 0.759362
0.057 0.058 0.835994
0.058 0.059 1.000000
0.059 0.060 0.888298
0.060 0.061 0.688079
0.061 0.062 0.656977
0.062 0.063 0.622677
0.063 0.064 0.597011
0.064 0.065 0.570242
0.065 0.066 0.540101
0.066 0.067 0.589641
0.067 0.068 0.565679
0.068 0.069 0.466439
0.069 0.070 0.417997
0.070 0.071 0.365325
0.071 0.072 0.344628
0.072 0.073 0.317014
0.073 0.074 0.291316
0.074 0.075 0.262106
0.075 0.076 0.241793
0.076 0.077 0.222285
0.077 0.078 0.200133
0.078 0.079 0.177585
0.079 0.080 0.157585
0.080 0.081 0.133780
0.081 0.082 0.113568
0.082 0.083 0.096620
0.083 0.084 0.082045
0.084 0.085 0.062278
0.085 0.086 0.050069
0.086 0.087 0.036546
0.087 0.088 0.020796
0.088 0.089 0.012541
0.089 0.090 0.003183
0.090 0.091 0.000000
0.091 0.092 0.000000
0.092 0.093 0.000000
0.093 0.094 0.000000
0.094 0.095 0.000000
0.095 0.096 0.000000
0.096 0.097 0.000000
0.097 0.098 0.000000
0.098 0.099 0.000000
0.099 0.100 0.000000
0.100 0.101 0.000000
0.101 0.102 0.000000
0.102 0.103 0.000000
0.103 0.104 0.000000
0.104 0.105 0.000000
0.105 0.106 0.000000
0.106 0.107 0.000000
0.107 0.108 0.000000
0.108 0.109 0.000000
0.109 0.110 0.000000
0.110 0.111 0.000000
0.111 0.112 0.000000
0.112 0.113 0.000000
0.113 0.114 0.000000
0.114 0.115 0.000000
0.115 0.116 0.000000
0.116 0.117 0.000000
0.117 0.118 0.000000
0.118 0.119 0.000000
0.119 0.120 0.000000
0.120 0.121 0.000000
0.121 0.122 0.000000
0.122 0.123 0.000000
0.123 0.124 0.000000
0.124 0.125 0.000000
0.125 0.126 0.000000
0.126 0.127 0.000000
0.127 0.128 0.000000
0.128 0.129 0.000000
0.129 0.130 0.000000
0.130 0.131 0.000000
0.131 0.132 0.000000
0.132 0.133 0.000000
0.133 0.134 0.000000
0.134 0.135 0.000000
0.135 0.136 0.000000
0.136 0.137 0.000000
0.137 0.138 0.000000
0.138 0.139 0.000000
0.139 0.140 0.000000
0.140 0.141 0.000000
0.141 0.142 0.000000
0.142 0.143 0.000000
0.143 0.144 0.000000
0.144 0.145 0.000000
0.145 0.146 0.000000
0.146 0.147 0.000000
0.147 0.148 0.000000
0.148 0.149 0.000000
0.149 0.150 0.000000
