1
0.000 0.001 0.000000
0.001 0.002 0.000000
0.002 0.003 0.000000
0.003 0.004 0.000000
0.004 0.005 0.000000
0.005 0.006 0.000000
0.006 0.007 0.000000
0.007 0.008 0.000000
0.008 0.009 0.000000
0.009 0.010 0.000000
0.010 0.011 0.000000
0.011 0.012 0.000000
0.012 0.013 0.000000
0.013 0.014 0.000000
0.014 0.015 0.000000
0.015 0.016 0.000000
0.016 0.017 0.000000
0.017 0.018 0.000001
0.018 0.019 0.000010
0.019 0.020 0.000060
0.020 0.021 0.000274
0.021 0.022 0.000961
0.022 0.023 0.002735
0.023 0.024 0.006593
0.024 0.025 0.013886
0.025 0.026 0.026102
0.026 0.027 0.044629
0.027 0.028 0.070720
0.028 0.029 0.105130
0.029 0.030 0.147791
0.030 0.031 0.198104
0.031 0.032 0.254467
0.032 0.033 0.316259
0.033 0.034 0.381518
0.034 0.035 0.448462
0.035 0.036 0.515595
0.036 0.037 0.579625
0.037 0.038 0.642973
0.038 0.039 0.703298
0.039 0.040 0.757614
0.040 0.041 0.805999
0.041 0.042 0.849411
0.042 0.043 0.885474
0.043 0.044 0.914724
0.044 0.045 0.938626
0.045 0.046 0.952987
0.046 0.047 0.965022
0.047 0.048 0.971090
0.048 0.049 0.967124
0.049 0.050 0.959971
0.050 0.051 0.951334
0.051 0.052 0.936228
0.052 0.053 0.920104
0.053 0.054 0.905780
0.054 0.055 0.886376
0.055 0.056 0.854563
0.056 0.057 0.821370
0.057 0.058 0.869872
0.058 0.059 1.000000
0.059 0.060 0.895339
0.060 0.061 0.714860
0.061 0.062 0.681722
0.062 0.063 0.642134
0.063 0.064 0.603275
0.064 0.065 0.571633
0.065 0.066 0.535335
0.066 0.067 0.565723
0.067 0.068 0.536982
0.068 0.069 0.446962
0.069 0.070 0.390664
0.070 0.071 0.341272
0.071 0.072 0.316110
0.072 0.073 0.283599
0.073 0.074 0.255819
0.074 0.075 0.224540
0.075 0.076 0.202411
0.076 0.077 0.180583
0.077 0.078 0.155216
0.078 0.079 0.125961
0.079 0.080 0.109068
0.080 0.081 0.092695
0.081 0.082 0.071457
0.082 0.083 0.050640
0.083 0.084 0.039444
0.084 0.085 0.023398
0.085 0.086 0.015241
0.086 0.087 0.004059
0.087 0.088 0.000000
0.088 0.089 0.000000
0.089 0.090 0.000000
0.090 0.091 0.000000
0.091 0.092 0.000000
0.092 0.093 0.000000
0.093 0.094 0.000000
0.094 0.095 0.000000
0.095 0.096 0.000000
0.096 0.097 0.000000
0.097 0.098 0.000000
0.098 0.099 0.000000
0.099 0.100 0.000000
0.100 0.101 0.000000
0.101 0.102 0.000000
0.102 0.103 0.000000
0.103 0.104 0.000000
0.104 0.105 0.000000
0.105 0.106 0.000000
0.106 0.107 0.000000
0.107 0.108 0.000000
0.108 0.109 0.000000
0.109 0.110 0.000000
0.110 0.111 0.000000
0.111 0.112 0.000000
0.112 0.113 0.000000
0.113 0.114 0.000000
0.114 0.115 0.000000
0.115 0.116 0.000000
0.116 0.117 0.000000
0.117 0.118 0.000000
0.118 0.119 0.000000
0.119 0.120 0.000000
0.120 0.121 0.000000
0.121 0.122 0.000000
0.122 0.123 0.000000
0.123 0.124 0.000000
0.124 0.125 0.000000
0.125 0.126 0.000000
0.126 0.127 0.000000
0.127 0.128 0.000000
0.128 0.129 0.000000
0.129 0.130 0.000000
0.130 0.131 0.000000
0.131 0.132 0.000000
0.132 0.133 0.000000
0.133 0.134 0.000000
0.134 0.135 0.000000
0.135 0.136 0.000000
0.136 0.137 0.000000
0.137 0.138 0.000000
0.138 0.139 0.000000
0.139 0.140 0.000000
0.140 0.141 0.000000
0.141 0.142 0.000000
0.142 0.143 0.000000
0.143 0.144 0.000000
0.144 0.145 0.000000
0.145 0.146 0.000000
0.146 0.147 0.000000
0.147 0.148 0.000000
0.148 0.149 0.000000
0.149 0.150 0.000000
