1
0.000 0.001 0.000000
0.001 0.002 0.000000
0.002 0.003 0.000000
0.003 0.004 0.000000
0.004 0.005 0.000000
0.005 0.006 0.000000
0.006 0.007 0.000000
0.007 0.008 0.000000
0.008 0.009 0.000000
0.009 0.010 0.000000
0.010 0.011 0.000000
0.011 0.012 0.000000
0.012 0.013 0.000000
0.013 0.014 0.000000
0.014 0.015 0.000000
0.015 0.016 0.000000
0.016 0.017 0.000000
0.017 0.018 0.000000
0.018 0.019 0.000000
0.019 0.020 0.000002
0.020 0.021 0.000009
0.021 0.022 0.000043
0.022 0.023 0.000154
0.023 0.024 0.000453
0.024 0.025 0.001136
0.025 0.026 0.002493
0.026 0.027 0.004883
0.027 0.028 0.008761
0.028 0.029 0.014578
0.029 0.030 0.022568
0.030 0.031 0.033037
0.031 0.032 0.046128
0.032 0.033 0.061804
0.033 0.034 0.080002
0.034 0.035 0.100415
0.035 0.036 0.122435
0.036 0.037 0.146088
0.037 0.038 0.170626
0.038 0.039 0.194903
0.039 0.040 0.219899
0.040 0.041 0.244666
0.041 0.042 0.268168
0.042 0.043 0.291811
0.043 0.044 0.313925
0.044 0.045 0.335300
0.045 0.046 0.354797
0.046 0.047 0.371198
0.047 0.048 0.388483
0.048 0.049 0.404750
0.049 0.050 0.416368
0.050 0.051 0.426344
0.051 0.052 0.437547
0.052 0.053 0.447438
0.053 0.054 0.453598
0.054 0.055 0.458304
0.055 0.056 0.464639
0.056 0.057 0.469933
0.057 0.058 0.651536
0.058 0.059 1.000000
0.059 0.060 0.820775
0.060 0.061 0.481120
0.061 0.062 0.479255
0.062 0.063 0.458352
0.063 0.064 0.452823
0.064 0.065 0.446241
0.065 0.066 0.442142
0.066 0.067 0.586110
0.067 0.068 0.582378
0.068 0.069 0.456284
0.069 0.070 0.413636
0.070 0.071 0.341402
0.071 0.072 0.335137
0.072 0.073 0.327035
0.073 0.074 0.323381
0.074 0.075 0.318367
0.075 0.076 0.311220
0.076 0.077 0.301373
0.077 0.078 0.293402
0.078 0.079 0.289617
0.079 0.080 0.283719
0.080 0.081 0.274371
0.081 0.082 0.263915
0.082 0.083 0.254691
0.083 0.084 0.245757
0.084 0.085 0.237695
0.085 0.086 0.230583
0.086 0.087 0.220842
0.087 0.088 0.214186
0.088 0.089 0.206205
0.089 0.090 0.196146
0.090 0.091 0.186402
0.091 0.092 0.173865
0.092 0.093 0.165299
0.093 0.094 0.159750
0.094 0.095 0.151942
0.095 0.096 0.144335
0.096 0.097 0.135810
0.097 0.098 0.125468
0.098 0.099 0.115587
0.099 0.100 0.107334
0.100 0.101 0.102462
0.101 0.102 0.096283
0.102 0.103 0.087590
0.103 0.104 0.080343
0.104 0.105 0.075877
0.105 0.106 0.070109
0.106 0.107 0.064325
0.107 0.108 0.057253
0.108 0.109 0.050593
0.109 0.110 0.044912
0.110 0.111 0.039660
0.111 0.112 0.035417
0.112 0.113 0.029502
0.113 0.114 0.025746
0.114 0.115 0.021882
0.115 0.116 0.016914
0.116 0.117 0.013808
0.117 0.118 0.010448
0.118 0.119 0.006077
0.119 0.120 0.004248
0.120 0.121 0.002429
0.121 0.122 0.000672
0.122 0.123 0.000000
0.123 0.124 0.000000
0.124 0.125 0.000000
0.125 0.126 0.000000
0.126 0.127 0.000000
0.127 0.128 0.000000
0.128 0.129 0.000000
0.129 0.130 0.000000
0.130 0.131 0.000000
0.131 0.132 0.000000
0.132 0.133 0.000000
0.133 0.134 0.000000
0.134 0.135 0.000000
0.135 0.136 0.000000
0.136 0.137 0.000000
0.137 0.138 0.000000
0.138 0.139 0.000000
0.139 0.140 0.000000
0.140 0.141 0.000000
0.141 0.142 0.000000
0.142 0.143 0.000000
0.143 0.144 0.000000
0.144 0.145 0.000000
0.145 0.146 0.000000
0.146 0.147 0.000000
0.147 0.148 0.000000
0.148 0.149 0.000000
0.149 0.150 0.000000
