1
0.000 0.001 0.000000
0.001 0.002 0.000000
0.002 0.003 0.000000
0.003 0.004 0.000000
0.004 0.005 0.000000
0.005 0.006 0.000000
0.006 0.007 0.000000
0.007 0.008 0.000000
0.008 0.009 0.000000
0.009 0.010 0.000000
0.010 0.011 0.000000
0.011 0.012 0.000000
0.012 0.013 0.000000
0.013 0.014 0.000000
0.014 0.015 0.000000
0.015 0.016 0.000000
0.016 0.017 0.000000
0.017 0.018 0.000000
0.018 0.019 0.000002
0.019 0.020 0.000011
0.020 0.021 0.000055
0.021 0.022 0.000202
0.022 0.023 0.000604
0.023 0.024 0.001528
0.024 0.025 0.003363
0.025 0.026 0.006591
0.026 0.027 0.011712
0.027 0.028 0.019299
0.028 0.029 0.029786
0.029 0.030 0.043172
0.030 0.031 0.059673
0.031 0.032 0.079040
0.032 0.033 0.101118
0.033 0.034 0.125498
0.034 0.035 0.151645
0.035 0.036 0.178701
0.036 0.037 0.206525
0.037 0.038 0.234991
0.038 0.039 0.262168
0.039 0.040 0.288499
0.040 0.041 0.313963
0.041 0.042 0.337574
0.042 0.043 0.359955
0.043 0.044 0.380575
0.044 0.045 0.399767
0.045 0.046 0.415442
0.046 0.047 0.428260
0.047 0.048 0.442673
0.048 0.049 0.454671
0.049 0.050 0.462394
0.050 0.051 0.468582
0.051 0.052 0.475391
0.052 0.053 0.480155
0.053 0.054 0.481719
0.054 0.055 0.481895
0.055 0.056 0.482667
0.056 0.057 0.482510
0.057 0.058 0.659591
0.058 0.059 1.000000
0.059 0.060 0.817681
0.060 0.061 0.478591
0.061 0.062 0.473838
0.062 0.063 0.450274
0.063 0.064 0.442676
0.064 0.065 0.433771
0.065 0.066 0.425967
0.066 0.067 0.562320
0.067 0.068 0.555697
0.068 0.069 0.431032
0.069 0.070 0.388104
0.070 0.071 0.316943
0.071 0.072 0.308212
0.072 0.073 0.299964
0.073 0.074 0.294770
0.074 0.075 0.289005
0.075 0.076 0.282077
0.076 0.077 0.272895
0.077 0.078 0.265048
0.078 0.079 0.259845
0.079 0.080 0.253547
0.080 0.081 0.245120
0.081 0.082 0.235275
0.082 0.083 0.225618
0.083 0.084 0.218523
0.084 0.085 0.212205
0.085 0.086 0.206497
0.086 0.087 0.198998
0.087 0.088 0.193973
0.088 0.089 0.187417
0.089 0.090 0.178845
0.090 0.091 0.171224
0.091 0.092 0.160788
0.092 0.093 0.153462
0.093 0.094 0.148619
0.094 0.095 0.142563
0.095 0.096 0.136678
0.096 0.097 0.130414
0.097 0.098 0.122447
0.098 0.099 0.115178
0.099 0.100 0.109331
0.100 0.101 0.104542
0.101 0.102 0.098957
0.102 0.103 0.091705
0.103 0.104 0.085435
0.104 0.105 0.081464
0.105 0.106 0.076398
0.106 0.107 0.071683
0.107 0.108 0.065860
0.108 0.109 0.060939
0.109 0.110 0.055760
0.110 0.111 0.050766
0.111 0.112 0.045988
0.112 0.113 0.041612
0.113 0.114 0.037909
0.114 0.115 0.034458
0.115 0.116 0.030434
0.116 0.117 0.026684
0.117 0.118 0.022684
0.118 0.119 0.017057
0.119 0.120 0.015013
0.120 0.121 0.014081
0.121 0.122 0.011691
0.122 0.123 0.009220
0.123 0.124 0.006079
0.124 0.125 0.004375
0.125 0.126 0.002712
0.126 0.127 0.000747
0.127 0.128 0.000000
0.128 0.129 0.000000
0.129 0.130 0.000000
0.130 0.131 0.000000
0.131 0.132 0.000000
0.132 0.133 0.000000
0.133 0.134 0.000000
0.134 0.135 0.000000
0.135 0.136 0.000000
0.136 0.137 0.000000
0.137 0.138 0.000000
0.138 0.139 0.000000
0.139 0.140 0.000000
0.140 0.141 0.000000
0.141 0.142 0.000000
0.142 0.143 0.000000
0.143 0.144 0.000000
0.144 0.145 0.000000
0.145 0.146 0.000000
0.146 0.147 0.000000
0.147 0.148 0.000000
0.148 0.149 0.000000
0.149 0.150 0.000000
