1
0.000 0.001 0.000000
0.001 0.002 0.000000
0.002 0.003 0.000000
0.003 0.004 0.000000
0.004 0.005 0.000000
0.005 0.006 0.000000
0.006 0.007 0.000000
0.007 0.008 0.000000
0.008 0.009 0.000000
0.009 0.010 0.000000
0.010 0.011 0.000000
0.011 0.012 0.000000
0.012 0.013 0.000000
0.013 0.014 0.000000
0.014 0.015 0.000000
0.015 0.016 0.000000
0.016 0.017 0.000000
0.017 0.018 0.000000
0.018 0.019 0.000000
0.019 0.020 0.000001
0.020 0.021 0.000009
0.021 0.022 0.000041
0.022 0.023 0.000151
0.023 0.024 0.000457
0.024 0.025 0.001174
0.025 0.026 0.002623
0.026 0.027 0.005218
0.027 0.028 0.009490
0.028 0.029 0.015965
0.029 0.030 0.024989
0.030 0.031 0.036954
0.031 0.032 0.051940
0.032 0.033 0.070078
0.033 0.034 0.091131
0.034 0.035 0.114820
0.035 0.036 0.140790
0.036 0.037 0.168374
0.037 0.038 0.197023
0.038 0.039 0.225705
0.039 0.040 0.254888
0.040 0.041 0.283860
0.041 0.042 0.311609
0.042 0.043 0.339268
0.043 0.044 0.365038
0.044 0.045 0.389615
0.045 0.046 0.411527
0.046 0.047 0.430061
0.047 0.048 0.448973
0.048 0.049 0.466471
0.049 0.050 0.478858
0.050 0.051 0.489141
0.051 0.052 0.500266
0.052 0.053 0.509920
0.053 0.054 0.515604
0.054 0.055 0.518764
0.055 0.056 0.522217
0.056 0.057 0.524797
0.057 0.058 0.687181
0.058 0.059 1.000000
0.059 0.060 0.834175
0.060 0.061 0.521433
0.061 0.062 0.516705
0.062 0.063 0.494664
0.063 0.064 0.485095
0.064 0.065 0.474920
0.065 0.066 0.466830
0.066 0.067 0.593699
0.067 0.068 0.585939
0.068 0.069 0.464670
0.069 0.070 0.419153
0.070 0.071 0.350890
0.071 0.072 0.341812
0.072 0.073 0.330135
0.073 0.074 0.324513
0.074 0.075 0.317192
0.075 0.076 0.306766
0.076 0.077 0.293825
0.077 0.078 0.281644
0.078 0.079 0.276694
0.079 0.080 0.269812
0.080 0.081 0.259354
0.081 0.082 0.247505
0.082 0.083 0.236986
0.083 0.084 0.226587
0.084 0.085 0.217055
0.085 0.086 0.208543
0.086 0.087 0.196628
0.087 0.088 0.190098
0.088 0.089 0.182945
0.089 0.090 0.172929
0.090 0.091 0.162482
0.091 0.092 0.150232
0.092 0.093 0.141590
0.093 0.094 0.135016
0.094 0.095 0.127519
0.095 0.096 0.120303
0.096 0.097 0.111778
0.097 0.098 0.101755
0.098 0.099 0.091437
0.099 0.100 0.083762
0.100 0.101 0.078279
0.101 0.102 0.072845
0.102 0.103 0.064866
0.103 0.104 0.058613
0.104 0.105 0.053971
0.105 0.106 0.048116
0.106 0.107 0.041196
0.107 0.108 0.035560
0.108 0.109 0.030575
0.109 0.110 0.025169
0.110 0.111 0.019480
0.111 0.112 0.016589
0.112 0.113 0.013035
0.113 0.114 0.009887
0.114 0.115 0.005857
0.115 0.116 0.003663
0.116 0.117 0.000988
0.117 0.118 0.000000
0.118 0.119 0.000000
0.119 0.120 0.000000
0.120 0.121 0.000000
0.121 0.122 0.000000
0.122 0.123 0.000000
0.123 0.124 0.000000
0.124 0.125 0.000000
0.125 0.126 0.000000
0.126 0.127 0.000000
0.127 0.128 0.000000
0.128 0.129 0.000000
0.129 0.130 0.000000
0.130 0.131 0.000000
0.131 0.132 0.000000
0.132 0.133 0.000000
0.133 0.134 0.000000
0.134 0.135 0.000000
0.135 0.136 0.000000
0.136 0.137 0.000000
0.137 0.138 0.000000
0.138 0.139 0.000000
0.139 0.140 0.000000
0.140 0.141 0.000000
0.141 0.142 0.000000
0.142 0.143 0.000000
0.143 0.144 0.000000
0.144 0.145 0.000000
0.145 0.146 0.000000
0.146 0.147 0.000000
0.147 0.148 0.000000
0.148 0.149 0.000000
0.149 0.150 0.000000
