1
0.000 0.001 0.000000
0.001 0.002 0.000000
0.002 0.003 0.000000
0.003 0.004 0.000000
0.004 0.005 0.000000
0.005 0.006 0.000000
0.006 0.007 0.000000
0.007 0.008 0.000000
0.008 0.009 0.000000
0.009 0.010 0.000000
0.010 0.011 0.000000
0.011 0.012 0.000000
0.012 0.013 0.000000
0.013 0.014 0.000000
0.014 0.015 0.000000
0.015 0.016 0.000000
0.016 0.017 0.000000
0.017 0.018 0.000000
0.018 0.019 0.000000
0.019 0.020 0.000000
0.020 0.021 0.000000
0.021 0.022 0.000003
0.022 0.023 0.000017
0.023 0.024 0.000068
0.024 0.025 0.000218
0.025 0.026 0.000594
0.026 0.027 0.001400
0.027 0.028 0.002947
0.028 0.029 0.005640
0.029 0.030 0.009860
0.030 0.031 0.016076
0.031 0.032 0.024655
0.032 0.033 0.035877
0.033 0.034 0.049940
0.034 0.035 0.066881
0.035 0.036 0.086451
0.036 0.037 0.108520
0.037 0.038 0.132730
0.038 0.039 0.158114
0.039 0.040 0.185016
0.040 0.041 0.212733
0.041 0.042 0.240312
0.042 0.043 0.268516
0.043 0.044 0.295894
0.044 0.045 0.322672
0.045 0.046 0.347339
0.046 0.047 0.369344
0.047 0.048 0.391825
0.048 0.049 0.413105
0.049 0.050 0.429510
0.050 0.051 0.444654
0.051 0.052 0.460429
0.052 0.053 0.474701
0.053 0.054 0.485109
0.054 0.055 0.493006
0.055 0.056 0.500817
0.056 0.057 0.507383
0.057 0.058 0.675821
0.058 0.059 1.000000
0.059 0.060 0.836797
0.060 0.061 0.518578
0.061 0.062 0.517879
0.062 0.063 0.498803
0.063 0.064 0.492898
0.064 0.065 0.485847
0.065 0.066 0.480638
0.066 0.067 0.620330
0.067 0.068 0.615966
0.068 0.069 0.488845
0.069 0.070 0.443758
0.070 0.071 0.368907
0.071 0.072 0.361759
0.072 0.073 0.351940
0.073 0.074 0.347712
0.074 0.075 0.341727
0.075 0.076 0.332868
0.076 0.077 0.321083
0.077 0.078 0.310878
0.078 0.079 0.305128
0.079 0.080 0.297375
0.080 0.081 0.284813
0.081 0.082 0.273783
0.082 0.083 0.264060
0.083 0.084 0.254463
0.084 0.085 0.245762
0.085 0.086 0.238123
0.086 0.087 0.227509
0.087 0.088 0.220011
0.088 0.089 0.211608
0.089 0.090 0.200017
0.090 0.091 0.187414
0.091 0.092 0.175064
0.092 0.093 0.166883
0.093 0.094 0.162250
0.094 0.095 0.153519
0.095 0.096 0.145024
0.096 0.097 0.135230
0.097 0.098 0.123599
0.098 0.099 0.111296
0.099 0.100 0.104098
0.100 0.101 0.099549
0.101 0.102 0.093130
0.102 0.103 0.083785
0.103 0.104 0.076481
0.104 0.105 0.070890
0.105 0.106 0.062892
0.106 0.107 0.057421
0.107 0.108 0.050663
0.108 0.109 0.044754
0.109 0.110 0.038254
0.110 0.111 0.032231
0.111 0.112 0.026409
0.112 0.113 0.022061
0.113 0.114 0.018349
0.114 0.115 0.014436
0.115 0.116 0.009160
0.116 0.117 0.006764
0.117 0.118 0.004279
0.118 0.119 0.000989
0.119 0.120 0.000000
0.120 0.121 0.000000
0.121 0.122 0.000000
0.122 0.123 0.000000
0.123 0.124 0.000000
0.124 0.125 0.000000
0.125 0.126 0.000000
0.126 0.127 0.000000
0.127 0.128 0.000000
0.128 0.129 0.000000
0.129 0.130 0.000000
0.130 0.131 0.000000
0.131 0.132 0.000000
0.132 0.133 0.000000
0.133 0.134 0.000000
0.134 0.135 0.000000
0.135 0.136 0.000000
0.136 0.137 0.000000
0.137 0.138 0.000000
0.138 0.139 0.000000
0.139 0.140 0.000000
0.140 0.141 0.000000
0.141 0.142 0.000000
0.142 0.143 0.000000
0.143 0.144 0.000000
0.144 0.145 0.000000
0.145 0.146 0.000000
0.146 0.147 0.000000
0.147 0.148 0.000000
0.148 0.149 0.000000
0.149 0.150 0.000000
