1
0.000 0.001 0.000000
0.001 0.002 0.000000
0.002 0.003 0.000000
0.003 0.004 0.000000
0.004 0.005 0.000000
0.005 0.006 0.000000
0.006 0.007 0.000000
0.007 0.008 0.000000
0.008 0.009 0.000000
0.009 0.010 0.000000
0.010 0.011 0.000000
0.011 0.012 0.000000
0.012 0.013 0.000000
0.013 0.014 0.000000
0.014 0.015 0.000000
0.015 0.016 0.000000
0.016 0.017 0.000000
0.017 0.018 0.000000
0.018 0.019 0.000000
0.019 0.020 0.000001
0.020 0.021 0.000006
0.021 0.022 0.000032
0.022 0.023 0.000124
0.023 0.024 0.000391
0.024 0.025 0.001042
0.025 0.026 0.002403
0.026 0.027 0.004912
0.027 0.028 0.009135
0.028 0.029 0.015684
0.029 0.030 0.025012
0.030 0.031 0.037490
0.031 0.032 0.053407
0.032 0.033 0.073003
0.033 0.034 0.095823
0.034 0.035 0.121677
0.035 0.036 0.150682
0.036 0.037 0.181440
0.037 0.038 0.212794
0.038 0.039 0.245510
0.039 0.040 0.279544
0.040 0.041 0.312313
0.041 0.042 0.344340
0.042 0.043 0.376352
0.043 0.044 0.405573
0.044 0.045 0.434014
0.045 0.046 0.459742
0.046 0.047 0.481867
0.047 0.048 0.503320
0.048 0.049 0.522901
0.049 0.050 0.537227
0.050 0.051 0.550336
0.051 0.052 0.564123
0.052 0.053 0.574563
0.053 0.054 0.581499
0.054 0.055 0.585585
0.055 0.056 0.587977
0.056 0.057 0.590034
0.057 0.058 0.730495
0.058 0.059 1.000000
0.059 0.060 0.855547
0.060 0.061 0.583014
0.061 0.062 0.575330
0.062 0.063 0.552729
0.063 0.064 0.539858
0.064 0.065 0.527423
0.065 0.066 0.515820
0.066 0.067 0.621954
0.067 0.068 0.610905
0.068 0.069 0.497058
0.069 0.070 0.450732
0.070 0.071 0.385620
0.071 0.072 0.372075
0.072 0.073 0.353896
0.073 0.074 0.344086
0.074 0.075 0.332504
0.075 0.076 0.314066
0.076 0.077 0.297465
0.077 0.078 0.283023
0.078 0.079 0.272724
0.079 0.080 0.261192
0.080 0.081 0.245253
0.081 0.082 0.230143
0.082 0.083 0.215752
0.083 0.084 0.200895
0.084 0.085 0.187514
0.085 0.086 0.174202
0.086 0.087 0.162583
0.087 0.088 0.151985
0.088 0.089 0.140747
0.089 0.090 0.128118
0.090 0.091 0.113114
0.091 0.092 0.101762
0.092 0.093 0.092241
0.093 0.094 0.083310
0.094 0.095 0.072056
0.095 0.096 0.064396
0.096 0.097 0.054771
0.097 0.098 0.044582
0.098 0.099 0.032486
0.099 0.100 0.026090
0.100 0.101 0.022706
0.101 0.102 0.015553
0.102 0.103 0.010446
0.103 0.104 0.004835
0.104 0.105 0.001396
0.105 0.106 0.000000
0.106 0.107 0.000000
0.107 0.108 0.000000
0.108 0.109 0.000000
0.109 0.110 0.000000
0.110 0.111 0.000000
0.111 0.112 0.000000
0.112 0.113 0.000000
0.113 0.114 0.000000
0.114 0.115 0.000000
0.115 0.116 0.000000
0.116 0.117 0.000000
0.117 0.118 0.000000
0.118 0.119 0.000000
0.119 0.120 0.000000
0.120 0.121 0.000000
0.121 0.122 0.000000
0.122 0.123 0.000000
0.123 0.124 0.000000
0.124 0.125 0.000000
0.125 0.126 0.000000
0.126 0.127 0.000000
0.127 0.128 0.000000
0.128 0.129 0.000000
0.129 0.130 0.000000
0.130 0.131 0.000000
0.131 0.132 0.000000
0.132 0.133 0.000000
0.133 0.134 0.000000
0.134 0.135 0.000000
0.135 0.136 0.000000
0.136 0.137 0.000000
0.137 0.138 0.000000
0.138 0.139 0.000000
0.139 0.140 0.000000
0.140 0.141 0.000000
0.141 0.142 0.000000
0.142 0.143 0.000000
0.143 0.144 0.000000
0.144 0.145 0.000000
0.145 0.146 0.000000
0.146 0.147 0.000000
0.147 0.148 0.000000
0.148 0.149 0.000000
0.149 0.150 0.000000
