1
0.000 0.001 0.000000
0.001 0.002 0.000000
0.002 0.003 0.000000
0.003 0.004 0.000000
0.004 0.005 0.000000
0.005 0.006 0.000000
0.006 0.007 0.000000
0.007 0.008 0.000000
0.008 0.009 0.000000
0.009 0.010 0.000000
0.010 0.011 0.000000
0.011 0.012 0.000000
0.012 0.013 0.000000
0.013 0.014 0.000000
0.014 0.015 0.000000
0.015 0.016 0.000000
0.016 0.017 0.000001
0.017 0.018 0.000006
0.018 0.019 0.000039
0.019 0.020 0.000183
0.020 0.021 0.000649
0.021 0.022 0.001855
0.022 0.023 0.004447
0.023 0.024 0.009275
0.024 0.025 0.017281
0.025 0.026 0.029262
0.026 0.027 0.045760
0.027 0.028 0.067296
0.028 0.029 0.093928
0.029 0.030 0.124896
0.030 0.031 0.159128
0.031 0.032 0.196299
0.032 0.033 0.236117
0.033 0.034 0.276438
0.034 0.035 0.316757
0.035 0.036 0.357635
0.036 0.037 0.396038
0.037 0.038 0.430629
0.038 0.039 0.464177
0.039 0.040 0.496585
0.040 0.041 0.524173
0.041 0.042 0.548919
0.042 0.043 0.572236
0.043 0.044 0.590593
0.044 0.045 0.607275
0.045 0.046 0.620227
0.046 0.047 0.628682
0.047 0.048 0.636446
0.048 0.049 0.642282
0.049 0.050 0.642515
0.050 0.051 0.642391
0.051 0.052 0.643615
0.052 0.053 0.641396
0.053 0.054 0.636447
0.054 0.055 0.629220
0.055 0.056 0.621028
0.056 0.057 0.612952
0.057 0.058 0.744188
0.058 0.059 1.000000
0.059 0.060 0.846310
0.060 0.061 0.573372
0.061 0.062 0.559157
0.062 0.063 0.531242
0.063 0.064 0.513459
0.064 0.065 0.496791
0.065 0.066 0.481425
0.066 0.067 0.573123
0.067 0.068 0.558385
0.068 0.069 0.451789
0.069 0.070 0.406803
0.070 0.071 0.346374
0.071 0.072 0.332042
0.072 0.073 0.313741
0.073 0.074 0.302904
0.074 0.075 0.290765
0.075 0.076 0.272846
0.076 0.077 0.256941
0.077 0.078 0.243102
0.078 0.079 0.232898
0.079 0.080 0.221791
0.080 0.081 0.207039
0.081 0.082 0.193130
0.082 0.083 0.179988
0.083 0.084 0.166611
0.084 0.085 0.154535
0.085 0.086 0.142583
0.086 0.087 0.132201
0.087 0.088 0.122611
0.088 0.089 0.112409
0.089 0.090 0.101429
0.090 0.091 0.088754
0.091 0.092 0.079144
0.092 0.093 0.070903
0.093 0.094 0.062999
0.094 0.095 0.053391
0.095 0.096 0.046795
0.096 0.097 0.038710
0.097 0.098 0.029501
0.098 0.099 0.022044
0.099 0.100 0.016679
0.100 0.101 0.012692
0.101 0.102 0.009014
0.102 0.103 0.004143
0.103 0.104 0.001084
0.104 0.105 0.000000
0.105 0.106 0.000000
0.106 0.107 0.000000
0.107 0.108 0.000000
0.108 0.109 0.000000
0.109 0.110 0.000000
0.110 0.111 0.000000
0.111 0.112 0.000000
0.112 0.113 0.000000
0.113 0.114 0.000000
0.114 0.115 0.000000
0.115 0.116 0.000000
0.116 0.117 0.000000
0.117 0.118 0.000000
0.118 0.119 0.000000
0.119 0.120 0.000000
0.120 0.121 0.000000
0.121 0.122 0.000000
0.122 0.123 0.000000
0.123 0.124 0.000000
0.124 0.125 0.000000
0.125 0.126 0.000000
0.126 0.127 0.000000
0.127 0.128 0.000000
0.128 0.129 0.000000
0.129 0.130 0.000000
0.130 0.131 0.000000
0.131 0.132 0.000000
0.132 0.133 0.000000
0.133 0.134 0.000000
0.134 0.135 0.000000
0.135 0.136 0.000000
0.136 0.137 0.000000
0.137 0.138 0.000000
0.138 0.139 0.000000
0.139 0.140 0.000000
0.140 0.141 0.000000
0.141 0.142 0.000000
0.142 0.143 0.000000
0.143 0.144 0.000000
0.144 0.145 0.000000
0.145 0.146 0.000000
0.146 0.147 0.000000
0.147 0.148 0.000000
0.148 0.149 0.000000
0.149 0.150 0.000000
