1
0.000 0.001 0.000000
0.001 0.002 0.000000
0.002 0.003 0.000000
0.003 0.004 0.000000
0.004 0.005 0.000000
0.005 0.006 0.000000
0.006 0.007 0.000000
0.007 0.008 0.000000
0.008 0.009 0.000000
0.009 0.010 0.000000
0.010 0.011 0.000000
0.011 0.012 0.000000
0.012 0.013 0.000000
0.013 0.014 0.000000
0.014 0.015 0.000000
0.015 0.016 0.000000
0.016 0.017 0.000000
0.017 0.018 0.000000
0.018 0.019 0.000000
0.019 0.020 0.000002
0.020 0.021 0.000013
0.021 0.022 0.000061
0.022 0.023 0.000219
0.023 0.024 0.000650
0.024 0.025 0.001641
0.025 0.026 0.003617
0.026 0.027 0.007098
0.027 0.028 0.012721
0.028 0.029 0.021102
0.029 0.030 0.032518
0.030 0.031 0.047406
0.031 0.032 0.065934
0.032 0.033 0.087869
0.033 0.034 0.112773
0.034 0.035 0.140362
0.035 0.036 0.170299
0.036 0.037 0.200939
0.037 0.038 0.233068
0.038 0.039 0.265068
0.039 0.040 0.297515
0.040 0.041 0.329279
0.041 0.042 0.358984
0.042 0.043 0.388108
0.043 0.044 0.414595
0.044 0.045 0.439547
0.045 0.046 0.461309
0.046 0.047 0.478632
0.047 0.048 0.495915
0.048 0.049 0.511251
0.049 0.050 0.520356
0.050 0.051 0.527831
0.051 0.052 0.538165
0.052 0.053 0.546611
0.053 0.054 0.551763
0.054 0.055 0.553393
0.055 0.056 0.554485
0.056 0.057 0.555612
0.057 0.058 0.707217
0.058 0.059 1.000000
0.059 0.060 0.840568
0.060 0.061 0.542539
0.061 0.062 0.534590
0.062 0.063 0.510867
0.063 0.064 0.496250
0.064 0.065 0.485853
0.065 0.066 0.477389
0.066 0.067 0.595474
0.067 0.068 0.587135
0.068 0.069 0.471060
0.069 0.070 0.427216
0.070 0.071 0.361213
0.071 0.072 0.349519
0.072 0.073 0.334576
0.073 0.074 0.327436
0.074 0.075 0.318420
0.075 0.076 0.303362
0.076 0.077 0.290318
0.077 0.078 0.279459
0.078 0.079 0.273059
0.079 0.080 0.264987
0.080 0.081 0.253473
0.081 0.082 0.240106
0.082 0.083 0.227807
0.083 0.084 0.215201
0.084 0.085 0.203850
0.085 0.086 0.192303
0.086 0.087 0.182795
0.087 0.088 0.175342
0.088 0.089 0.167568
0.089 0.090 0.157094
0.090 0.091 0.145260
0.091 0.092 0.133025
0.092 0.093 0.123846
0.093 0.094 0.116657
0.094 0.095 0.105581
0.095 0.096 0.098648
0.096 0.097 0.089953
0.097 0.098 0.080097
0.098 0.099 0.069033
0.099 0.100 0.061474
0.100 0.101 0.057809
0.101 0.102 0.050901
0.102 0.103 0.040610
0.103 0.104 0.035095
0.104 0.105 0.031027
0.105 0.106 0.026020
0.106 0.107 0.020665
0.107 0.108 0.013558
0.108 0.109 0.010236
0.109 0.110 0.006823
0.110 0.111 0.002533
0.111 0.112 0.001580
0.112 0.113 0.000000
0.113 0.114 0.000000
0.114 0.115 0.000000
0.115 0.116 0.000000
0.116 0.117 0.000000
0.117 0.118 0.000000
0.118 0.119 0.000000
0.119 0.120 0.000000
0.120 0.121 0.000000
0.121 0.122 0.000000
0.122 0.123 0.000000
0.123 0.124 0.000000
0.124 0.125 0.000000
0.125 0.126 0.000000
0.126 0.127 0.000000
0.127 0.128 0.000000
0.128 0.129 0.000000
0.129 0.130 0.000000
0.130 0.131 0.000000
0.131 0.132 0.000000
0.132 0.133 0.000000
0.133 0.134 0.000000
0.134 0.135 0.000000
0.135 0.136 0.000000
0.136 0.137 0.000000
0.137 0.138 0.000000
0.138 0.139 0.000000
0.139 0.140 0.000000
0.140 0.141 0.000000
0.141 0.142 0.000000
0.142 0.143 0.000000
0.143 0.144 0.000000
0.144 0.145 0.000000
0.145 0.146 0.000000
0.146 0.147 0.000000
0.147 0.148 0.000000
0.148 0.149 0.000000
0.149 0.150 0.000000
