1
0.000 0.001 0.000000
0.001 0.002 0.000000
0.002 0.003 0.000000
0.003 0.004 0.000000
0.004 0.005 0.000000
0.005 0.006 0.000000
0.006 0.007 0.000000
0.007 0.008 0.000000
0.008 0.009 0.000000
0.009 0.010 0.000000
0.010 0.011 0.000000
0.011 0.012 0.000000
0.012 0.013 0.000000
0.013 0.014 0.000000
0.014 0.015 0.000000
0.015 0.016 0.000000
0.016 0.017 0.000000
0.017 0.018 0.000000
0.018 0.019 0.000000
0.019 0.020 0.000000
0.020 0.021 0.000000
0.021 0.022 0.000001
0.022 0.023 0.000005
0.023 0.024 0.000021
0.024 0.025 0.000081
0.025 0.026 0.000249
0.026 0.027 0.000659
0.027 0.028 0.001533
0.028 0.029 0.003201
0.029 0.030 0.006048
0.030 0.031 0.010538
0.031 0.032 0.017122
0.032 0.033 0.026219
0.033 0.034 0.038141
0.034 0.035 0.053154
0.035 0.036 0.071264
0.036 0.037 0.092303
0.037 0.038 0.115568
0.038 0.039 0.140780
0.039 0.040 0.168478
0.040 0.041 0.196818
0.041 0.042 0.227032
0.042 0.043 0.258249
0.043 0.044 0.288795
0.044 0.045 0.319532
0.045 0.046 0.349044
0.046 0.047 0.376058
0.047 0.048 0.403212
0.048 0.049 0.428899
0.049 0.050 0.449784
0.050 0.051 0.468982
0.051 0.052 0.488034
0.052 0.053 0.505304
0.053 0.054 0.518378
0.054 0.055 0.527688
0.055 0.056 0.534966
0.056 0.057 0.546394
0.057 0.058 0.702366
0.058 0.059 1.000000
0.059 0.060 0.855443
0.060 0.061 0.567235
0.061 0.062 0.566587
0.062 0.063 0.548496
0.063 0.064 0.540275
0.064 0.065 0.532186
0.065 0.066 0.525902
0.066 0.067 0.654550
0.067 0.068 0.648127
0.068 0.069 0.521992
0.069 0.070 0.477899
0.070 0.071 0.408411
0.071 0.072 0.398926
0.072 0.073 0.385301
0.073 0.074 0.380445
0.074 0.075 0.373301
0.075 0.076 0.360323
0.076 0.077 0.344395
0.077 0.078 0.330726
0.078 0.079 0.322187
0.079 0.080 0.311679
0.080 0.081 0.295233
0.081 0.082 0.281851
0.082 0.083 0.269155
0.083 0.084 0.255662
0.084 0.085 0.243962
0.085 0.086 0.233783
0.086 0.087 0.220958
0.087 0.088 0.210241
0.088 0.089 0.199195
0.089 0.090 0.184926
0.090 0.091 0.166873
0.091 0.092 0.153975
0.092 0.093 0.144512
0.093 0.094 0.137073
0.094 0.095 0.126726
0.095 0.096 0.116940
0.096 0.097 0.104559
0.097 0.098 0.090847
0.098 0.099 0.075598
0.099 0.100 0.063486
0.100 0.101 0.060325
0.101 0.102 0.053408
0.102 0.103 0.043907
0.103 0.104 0.035841
0.104 0.105 0.029510
0.105 0.106 0.020271
0.106 0.107 0.015606
0.107 0.108 0.010436
0.108 0.109 0.003954
0.109 0.110 0.002323
0.110 0.111 0.000000
0.111 0.112 0.000000
0.112 0.113 0.000000
0.113 0.114 0.000000
0.114 0.115 0.000000
0.115 0.116 0.000000
0.116 0.117 0.000000
0.117 0.118 0.000000
0.118 0.119 0.000000
0.119 0.120 0.000000
0.120 0.121 0.000000
0.121 0.122 0.000000
0.122 0.123 0.000000
0.123 0.124 0.000000
0.124 0.125 0.000000
0.125 0.126 0.000000
0.126 0.127 0.000000
0.127 0.128 0.000000
0.128 0.129 0.000000
0.129 0.130 0.000000
0.130 0.131 0.000000
0.131 0.132 0.000000
0.132 0.133 0.000000
0.133 0.134 0.000000
0.134 0.135 0.000000
0.135 0.136 0.000000
0.136 0.137 0.000000
0.137 0.138 0.000000
0.138 0.139 0.000000
0.139 0.140 0.000000
0.140 0.141 0.000000
0.141 0.142 0.000000
0.142 0.143 0.000000
0.143 0.144 0.000000
0.144 0.145 0.000000
0.145 0.146 0.000000
0.146 0.147 0.000000
0.147 0.148 0.000000
0.148 0.149 0.000000
0.149 0.150 0.000000
