1
0.000 0.001 0.000000
0.001 0.002 0.000000
0.002 0.003 0.000000
0.003 0.004 0.000000
0.004 0.005 0.000000
0.005 0.006 0.000000
0.006 0.007 0.000000
0.007 0.008 0.000009
0.008 0.009 0.000295
0.009 0.010 0.001887
0.010 0.011 0.005988
0.011 0.012 0.014628
0.012 0.013 0.030810
0.013 0.014 0.060753
0.014 0.015 0.103771
0.015 0.016 0.157814
0.016 0.017 0.220237
0.017 0.018 0.287913
0.018 0.019 0.356420
0.019 0.020 0.424490
0.020 0.021 0.489885
0.021 0.022 0.549049
0.022 0.023 0.602654
0.023 0.024 0.651254
0.024 0.025 0.692256
0.025 0.026 0.725454
0.026 0.027 0.753500
0.027 0.028 0.776290
0.028 0.029 0.793562
0.029 0.030 0.805588
0.030 0.031 0.812716
0.031 0.032 0.815391
0.032 0.033 0.815235
0.033 0.034 0.812401
0.034 0.035 0.806495
0.035 0.036 0.797308
0.036 0.037 0.787903
0.037 0.038 0.778566
0.038 0.039 0.764708
0.039 0.040 0.749566
0.040 0.041 0.734008
0.041 0.042 0.718043
0.042 0.043 0.702851
0.043 0.044 0.686213
0.044 0.045 0.670282
0.045 0.046 0.652024
0.046 0.047 0.632412
0.047 0.048 0.618159
0.048 0.049 0.602871
0.049 0.050 0.584515
0.050 0.051 0.568039
0.051 0.052 0.553915
0.052 0.053 0.537739
0.053 0.054 0.521266
0.054 0.055 0.505696
0.055 0.056 0.491605
0.056 0.057 0.477812
0.057 0.058 0.656633
0.058 0.059 1.000000
0.059 0.060 0.789823
0.060 0.061 0.432213
0.061 0.062 0.419946
0.062 0.063 0.389971
0.063 0.064 0.377800
0.064 0.065 0.365131
0.065 0.066 0.353053
0.066 0.067 0.470936
0.067 0.068 0.459556
0.068 0.069 0.346685
0.069 0.070 0.307807
0.070 0.071 0.245156
0.071 0.072 0.237568
0.072 0.073 0.228461
0.073 0.074 0.220785
0.074 0.075 0.215063
0.075 0.076 0.208868
0.076 0.077 0.201352
0.077 0.078 0.195168
0.078 0.079 0.190231
0.079 0.080 0.185005
0.080 0.081 0.179085
0.081 0.082 0.172128
0.082 0.083 0.165410
0.083 0.084 0.159154
0.084 0.085 0.153609
0.085 0.086 0.148384
0.086 0.087 0.142290
0.087 0.088 0.138768
0.088 0.089 0.134040
0.089 0.090 0.128412
0.090 0.091 0.123415
0.091 0.092 0.116988
0.092 0.093 0.112165
0.093 0.094 0.109229
0.094 0.095 0.104593
0.095 0.096 0.100241
0.096 0.097 0.095857
0.097 0.098 0.090399
0.098 0.099 0.085157
0.099 0.100 0.081860
0.100 0.101 0.078770
0.101 0.102 0.075350
0.102 0.103 0.071444
0.103 0.104 0.068368
0.104 0.105 0.065139
0.105 0.106 0.061274
0.106 0.107 0.057900
0.107 0.108 0.053931
0.108 0.109 0.050656
0.109 0.110 0.047205
0.110 0.111 0.044570
0.111 0.112 0.042178
0.112 0.113 0.038906
0.113 0.114 0.035943
0.114 0.115 0.033548
0.115 0.116 0.030979
0.116 0.117 0.028229
0.117 0.118 0.025661
0.118 0.119 0.022166
0.119 0.120 0.020415
0.120 0.121 0.019484
0.121 0.122 0.017781
0.122 0.123 0.016073
0.123 0.124 0.014272
0.124 0.125 0.012123
0.125 0.126 0.009727
0.126 0.127 0.008538
0.127 0.128 0.007093
0.128 0.129 0.005805
0.129 0.130 0.004552
0.130 0.131 0.002922
0.131 0.132 0.002362
0.132 0.133 0.001643
0.133 0.134 0.000600
0.134 0.135 0.000348
0.135 0.136 0.000000
0.136 0.137 0.000000
0.137 0.138 0.000000
0.138 0.139 0.000000
0.139 0.140 0.000000
0.140 0.141 0.000000
0.141 0.142 0.000000
0.142 0.143 0.000000
0.143 0.144 0.000000
0.144 0.145 0.000000
0.145 0.146 0.000000
0.146 0.147 0.000000
0.147 0.148 0.000000
0.148 0.149 0.000000
0.149 0.150 0.000000
