1
0.000 0.001 0.000000
0.001 0.002 0.000000
0.002 0.003 0.000000
0.003 0.004 0.000000
0.004 0.005 0.000000
0.005 0.006 0.000000
0.006 0.007 0.000000
0.007 0.008 0.000000
0.008 0.009 0.000000
0.009 0.010 0.000000
0.010 0.011 0.000000
0.011 0.012 0.000000
0.012 0.013 0.000000
0.013 0.014 0.000005
0.014 0.015 0.000057
0.015 0.016 0.000354
0.016 0.017 0.001497
0.017 0.018 0.004718
0.018 0.019 0.011909
0.019 0.020 0.025352
0.020 0.021 0.047084
0.021 0.022 0.078502
0.022 0.023 0.119821
0.023 0.024 0.170286
0.024 0.025 0.228914
0.025 0.026 0.292946
0.026 0.027 0.359686
0.027 0.028 0.427346
0.028 0.029 0.496105
0.029 0.030 0.561409
0.030 0.031 0.621981
0.031 0.032 0.677903
0.032 0.033 0.728922
0.033 0.034 0.772429
0.034 0.035 0.808321
0.035 0.036 0.839932
0.036 0.037 0.862790
0.037 0.038 0.877163
0.038 0.039 0.888107
0.039 0.040 0.895704
0.040 0.041 0.900628
0.041 0.042 0.900498
0.042 0.043 0.900020
0.043 0.044 0.894746
0.044 0.045 0.887099
0.045 0.046 0.874025
0.046 0.047 0.857160
0.047 0.048 0.840949
0.048 0.049 0.823394
0.049 0.050 0.800070
0.050 0.051 0.778030
0.051 0.052 0.762262
0.052 0.053 0.743040
0.053 0.054 0.723218
0.054 0.055 0.702377
0.055 0.056 0.679724
0.056 0.057 0.657286
0.057 0.058 0.770835
0.058 0.059 1.000000
0.059 0.060 0.840529
0.060 0.061 0.573889
0.061 0.062 0.548598
0.062 0.063 0.515779
0.063 0.064 0.493443
0.064 0.065 0.472792
0.065 0.066 0.453411
0.066 0.067 0.530158
0.067 0.068 0.511950
0.068 0.069 0.412422
0.069 0.070 0.368348
0.070 0.071 0.312731
0.071 0.072 0.294504
0.072 0.073 0.277823
0.073 0.074 0.266948
0.074 0.075 0.255218
0.075 0.076 0.239983
0.076 0.077 0.224190
0.077 0.078 0.210006
0.078 0.079 0.198891
0.079 0.080 0.187338
0.080 0.081 0.172259
0.081 0.082 0.159584
0.082 0.083 0.147742
0.083 0.084 0.135983
0.084 0.085 0.125221
0.085 0.086 0.115359
0.086 0.087 0.104447
0.087 0.088 0.092908
0.088 0.089 0.084689
0.089 0.090 0.076183
0.090 0.091 0.067217
0.091 0.092 0.058660
0.092 0.093 0.051016
0.093 0.094 0.042292
0.094 0.095 0.036716
0.095 0.096 0.031504
0.096 0.097 0.025211
0.097 0.098 0.018768
0.098 0.099 0.011123
0.099 0.100 0.007921
0.100 0.101 0.005888
0.101 0.102 0.001632
0.102 0.103 0.000000
0.103 0.104 0.000000
0.104 0.105 0.000000
0.105 0.106 0.000000
0.106 0.107 0.000000
0.107 0.108 0.000000
0.108 0.109 0.000000
0.109 0.110 0.000000
0.110 0.111 0.000000
0.111 0.112 0.000000
0.112 0.113 0.000000
0.113 0.114 0.000000
0.114 0.115 0.000000
0.115 0.116 0.000000
0.116 0.117 0.000000
0.117 0.118 0.000000
0.118 0.119 0.000000
0.119 0.120 0.000000
0.120 0.121 0.000000
0.121 0.122 0.000000
0.122 0.123 0.000000
0.123 0.124 0.000000
0.124 0.125 0.000000
0.125 0.126 0.000000
0.126 0.127 0.000000
0.127 0.128 0.000000
0.128 0.129 0.000000
0.129 0.130 0.000000
0.130 0.131 0.000000
0.131 0.132 0.000000
0.132 0.133 0.000000
0.133 0.134 0.000000
0.134 0.135 0.000000
0.135 0.136 0.000000
0.136 0.137 0.000000
0.137 0.138 0.000000
0.138 0.139 0.000000
0.139 0.140 0.000000
0.140 0.141 0.000000
0.141 0.142 0.000000
0.142 0.143 0.000000
0.143 0.144 0.000000
0.144 0.145 0.000000
0.145 0.146 0.000000
0.146 0.147 0.000000
0.147 0.148 0.000000
0.148 0.149 0.000000
0.149 0.150 0.000000
