1
0.000 0.001 0.000000
0.001 0.002 0.000000
0.002 0.003 0.000000
0.003 0.004 0.000000
0.004 0.005 0.000000
0.005 0.006 0.000000
0.006 0.007 0.000000
0.007 0.008 0.000000
0.008 0.009 0.000000
0.009 0.010 0.000000
0.010 0.011 0.000000
0.011 0.012 0.000000
0.012 0.013 0.000000
0.013 0.014 0.000000
0.014 0.015 0.000000
0.015 0.016 0.000000
0.016 0.017 0.000002
0.017 0.018 0.000012
0.018 0.019 0.000059
0.019 0.020 0.000220
0.020 0.021 0.000665
0.021 0.022 0.001670
0.022 0.023 0.003631
0.023 0.024 0.007025
0.024 0.025 0.012329
0.025 0.026 0.019919
0.026 0.027 0.030100
0.027 0.028 0.043066
0.028 0.029 0.058723
0.029 0.030 0.076586
0.030 0.031 0.096660
0.031 0.032 0.118163
0.032 0.033 0.140843
0.033 0.034 0.164555
0.034 0.035 0.188323
0.035 0.036 0.211112
0.036 0.037 0.233945
0.037 0.038 0.257313
0.038 0.039 0.277792
0.039 0.040 0.296645
0.040 0.041 0.314747
0.041 0.042 0.330877
0.042 0.043 0.345789
0.043 0.044 0.359188
0.044 0.045 0.371978
0.045 0.046 0.381165
0.046 0.047 0.388748
0.047 0.048 0.397948
0.048 0.049 0.404675
0.049 0.050 0.407973
0.050 0.051 0.411357
0.051 0.052 0.415283
0.052 0.053 0.416385
0.053 0.054 0.415879
0.054 0.055 0.415600
0.055 0.056 0.416435
0.056 0.057 0.416419
0.057 0.058 0.617103
0.058 0.059 1.000000
0.059 0.060 0.793757
0.060 0.061 0.418018
0.061 0.062 0.414127
0.062 0.063 0.389562
0.063 0.064 0.384685
0.064 0.065 0.378108
0.065 0.066 0.371831
0.066 0.067 0.519585
0.067 0.068 0.514541
0.068 0.069 0.387333
0.069 0.070 0.347256
0.070 0.071 0.275234
0.071 0.072 0.271277
0.072 0.073 0.265838
0.073 0.074 0.261378
0.074 0.075 0.257414
0.075 0.076 0.253463
0.076 0.077 0.247440
0.077 0.078 0.242786
0.078 0.079 0.239394
0.079 0.080 0.235330
0.080 0.081 0.230357
0.081 0.082 0.224261
0.082 0.083 0.218332
0.083 0.084 0.212994
0.084 0.085 0.208388
0.085 0.086 0.204014
0.086 0.087 0.198829
0.087 0.088 0.195611
0.088 0.089 0.190469
0.089 0.090 0.183838
0.090 0.091 0.178562
0.091 0.092 0.170432
0.092 0.093 0.164798
0.093 0.094 0.162308
0.094 0.095 0.156926
0.095 0.096 0.151767
0.096 0.097 0.146808
0.097 0.098 0.140054
0.098 0.099 0.134372
0.099 0.100 0.129613
0.100 0.101 0.124816
0.101 0.102 0.119881
0.102 0.103 0.114024
0.103 0.104 0.109550
0.104 0.105 0.104863
0.105 0.106 0.099089
0.106 0.107 0.094079
0.107 0.108 0.087979
0.108 0.109 0.082986
0.109 0.110 0.078026
0.110 0.111 0.072952
0.111 0.112 0.068353
0.112 0.113 0.062561
0.113 0.114 0.057389
0.114 0.115 0.052712
0.115 0.116 0.048437
0.116 0.117 0.044021
0.117 0.118 0.039664
0.118 0.119 0.033692
0.119 0.120 0.030585
0.120 0.121 0.029003
0.121 0.122 0.025483
0.122 0.123 0.022674
0.123 0.124 0.019700
0.124 0.125 0.015942
0.125 0.126 0.012966
0.126 0.127 0.010371
0.127 0.128 0.008147
0.128 0.129 0.005855
0.129 0.130 0.004318
0.130 0.131 0.002394
0.131 0.132 0.001226
0.132 0.133 0.000342
0.133 0.134 0.000000
0.134 0.135 0.000000
0.135 0.136 0.000000
0.136 0.137 0.000000
0.137 0.138 0.000000
0.138 0.139 0.000000
0.139 0.140 0.000000
0.140 0.141 0.000000
0.141 0.142 0.000000
0.142 0.143 0.000000
0.143 0.144 0.000000
0.144 0.145 0.000000
0.145 0.146 0.000000
0.146 0.147 0.000000
0.147 0.148 0.000000
0.148 0.149 0.000000
0.149 0.150 0.000000
