1
0.000 0.001 0.000000
0.001 0.002 0.000000
0.002 0.003 0.000000
0.003 0.004 0.000000
0.004 0.005 0.000000
0.005 0.006 0.000000
0.006 0.007 0.000000
0.007 0.008 0.000000
0.008 0.009 0.000000
0.009 0.010 0.000000
0.010 0.011 0.000000
0.011 0.012 0.000000
0.012 0.013 0.000000
0.013 0.014 0.000000
0.014 0.015 0.000000
0.015 0.016 0.000000
0.016 0.017 0.000000
0.017 0.018 0.000001
0.018 0.019 0.000010
0.019 0.020 0.000053
0.020 0.021 0.000209
0.021 0.022 0.000651
0.022 0.023 0.001687
0.023 0.024 0.003758
0.024 0.025 0.007424
0.025 0.026 0.013270
0.026 0.027 0.021767
0.027 0.028 0.033449
0.028 0.029 0.048535
0.029 0.030 0.066469
0.030 0.031 0.087415
0.031 0.032 0.111574
0.032 0.033 0.137692
0.033 0.034 0.164949
0.034 0.035 0.193329
0.035 0.036 0.223141
0.036 0.037 0.253248
0.037 0.038 0.280653
0.038 0.039 0.305388
0.039 0.040 0.330512
0.040 0.041 0.354803
0.041 0.042 0.375818
0.042 0.043 0.396927
0.043 0.044 0.414295
0.044 0.045 0.430783
0.045 0.046 0.446547
0.046 0.047 0.455815
0.047 0.048 0.467219
0.048 0.049 0.479111
0.049 0.050 0.483892
0.050 0.051 0.486646
0.051 0.052 0.491970
0.052 0.053 0.498579
0.053 0.054 0.500173
0.054 0.055 0.497675
0.055 0.056 0.498537
0.056 0.057 0.501286
0.057 0.058 0.672843
0.058 0.059 1.000000
0.059 0.060 0.818382
0.060 0.061 0.488359
0.061 0.062 0.483293
0.062 0.063 0.462060
0.063 0.064 0.451953
0.064 0.065 0.442359
0.065 0.066 0.436781
0.066 0.067 0.563856
0.067 0.068 0.556134
0.068 0.069 0.438661
0.069 0.070 0.397408
0.070 0.071 0.330789
0.071 0.072 0.321527
0.072 0.073 0.310570
0.073 0.074 0.308622
0.074 0.075 0.304662
0.075 0.076 0.295469
0.076 0.077 0.283266
0.077 0.078 0.274214
0.078 0.079 0.270573
0.079 0.080 0.264696
0.080 0.081 0.255433
0.081 0.082 0.245129
0.082 0.083 0.235239
0.083 0.084 0.224341
0.084 0.085 0.215673
0.085 0.086 0.208672
0.086 0.087 0.199697
0.087 0.088 0.193170
0.088 0.089 0.187132
0.089 0.090 0.177011
0.090 0.091 0.164156
0.091 0.092 0.151855
0.092 0.093 0.143341
0.093 0.094 0.137316
0.094 0.095 0.128207
0.095 0.096 0.119688
0.096 0.097 0.108824
0.097 0.098 0.096596
0.098 0.099 0.082399
0.099 0.100 0.073155
0.100 0.101 0.069406
0.101 0.102 0.061089
0.102 0.103 0.049762
0.103 0.104 0.040180
0.104 0.105 0.032736
0.105 0.106 0.023886
0.106 0.107 0.014318
0.107 0.108 0.000702
0.108 0.109 0.000000
0.109 0.110 0.000000
0.110 0.111 0.000000
0.111 0.112 0.000000
0.112 0.113 0.000000
0.113 0.114 0.000000
0.114 0.115 0.000000
0.115 0.116 0.000000
0.116 0.117 0.000000
0.117 0.118 0.000000
0.118 0.119 0.000000
0.119 0.120 0.000000
0.120 0.121 0.000000
0.121 0.122 0.000000
0.122 0.123 0.000000
0.123 0.124 0.000000
0.124 0.125 0.000000
0.125 0.126 0.000000
0.126 0.127 0.000000
0.127 0.128 0.000000
0.128 0.129 0.000000
0.129 0.130 0.000000
0.130 0.131 0.000000
0.131 0.132 0.000000
0.132 0.133 0.000000
0.133 0.134 0.000000
0.134 0.135 0.000000
0.135 0.136 0.000000
0.136 0.137 0.000000
0.137 0.138 0.000000
0.138 0.139 0.000000
0.139 0.140 0.000000
0.140 0.141 0.000000
0.141 0.142 0.000000
0.142 0.143 0.000000
0.143 0.144 0.000000
0.144 0.145 0.000000
0.145 0.146 0.000000
0.146 0.147 0.000000
0.147 0.148 0.000000
0.148 0.149 0.000000
0.149 0.150 0.000000
