1
0.000 0.001 0.000000
0.001 0.002 0.000000
0.002 0.003 0.000000
0.003 0.004 0.000000
0.004 0.005 0.000000
0.005 0.006 0.000000
0.006 0.007 0.000000
0.007 0.008 0.000000
0.008 0.009 0.000000
0.009 0.010 0.000000
0.010 0.011 0.000000
0.011 0.012 0.000000
0.012 0.013 0.000000
0.013 0.014 0.000000
0.014 0.015 0.000000
0.015 0.016 0.000000
0.016 0.017 0.000000
0.017 0.018 0.000001
0.018 0.019 0.000004
0.019 0.020 0.000024
0.020 0.021 0.000098
0.021 0.022 0.000322
0.022 0.023 0.000879
0.023 0.024 0.002065
0.024 0.025 0.004285
0.025 0.026 0.007996
0.026 0.027 0.013660
0.027 0.028 0.021781
0.028 0.029 0.032681
0.029 0.030 0.046300
0.030 0.031 0.062919
0.031 0.032 0.082096
0.032 0.033 0.103662
0.033 0.034 0.127277
0.034 0.035 0.152297
0.035 0.036 0.178026
0.036 0.037 0.204381
0.037 0.038 0.231348
0.038 0.039 0.256946
0.039 0.040 0.281860
0.040 0.041 0.305907
0.041 0.042 0.328255
0.042 0.043 0.349539
0.043 0.044 0.369104
0.044 0.045 0.387682
0.045 0.046 0.402537
0.046 0.047 0.415220
0.047 0.048 0.428820
0.048 0.049 0.439964
0.049 0.050 0.447042
0.050 0.051 0.453406
0.051 0.052 0.460235
0.052 0.053 0.464323
0.053 0.054 0.465833
0.054 0.055 0.466463
0.055 0.056 0.467516
0.056 0.057 0.467856
0.057 0.058 0.649936
0.058 0.059 1.000000
0.059 0.060 0.813039
0.060 0.061 0.466073
0.061 0.062 0.461299
0.062 0.063 0.437044
0.063 0.064 0.429794
0.064 0.065 0.421317
0.065 0.066 0.413357
0.066 0.067 0.552230
0.067 0.068 0.545585
0.068 0.069 0.419742
0.069 0.070 0.376566
0.070 0.071 0.305848
0.071 0.072 0.300029
0.072 0.073 0.292031
0.073 0.074 0.286624
0.074 0.075 0.281095
0.075 0.076 0.274508
0.076 0.077 0.265829
0.077 0.078 0.258525
0.078 0.079 0.253299
0.079 0.080 0.247212
0.080 0.081 0.238899
0.081 0.082 0.231099
0.082 0.083 0.223691
0.083 0.084 0.216715
0.084 0.085 0.210582
0.085 0.086 0.204897
0.086 0.087 0.197957
0.087 0.088 0.193061
0.088 0.089 0.186450
0.089 0.090 0.178215
0.090 0.091 0.170961
0.091 0.092 0.160607
0.092 0.093 0.154582
0.093 0.094 0.151478
0.094 0.095 0.145508
0.095 0.096 0.139788
0.096 0.097 0.133815
0.097 0.098 0.126177
0.098 0.099 0.119251
0.099 0.100 0.113686
0.100 0.101 0.108803
0.101 0.102 0.102694
0.102 0.103 0.097001
0.103 0.104 0.092641
0.104 0.105 0.088361
0.105 0.106 0.083049
0.106 0.107 0.078280
0.107 0.108 0.072511
0.108 0.109 0.067680
0.109 0.110 0.062361
0.110 0.111 0.058453
0.111 0.112 0.055076
0.112 0.113 0.050370
0.113 0.114 0.046235
0.114 0.115 0.042654
0.115 0.116 0.038643
0.116 0.117 0.034630
0.117 0.118 0.030155
0.118 0.119 0.025781
0.119 0.120 0.023340
0.120 0.121 0.022193
0.121 0.122 0.019554
0.122 0.123 0.016856
0.123 0.124 0.013562
0.124 0.125 0.011201
0.125 0.126 0.008860
0.126 0.127 0.006982
0.127 0.128 0.004485
0.128 0.129 0.003284
0.129 0.130 0.002153
0.130 0.131 0.000542
0.131 0.132 0.000000
0.132 0.133 0.000000
0.133 0.134 0.000000
0.134 0.135 0.000000
0.135 0.136 0.000000
0.136 0.137 0.000000
0.137 0.138 0.000000
0.138 0.139 0.000000
0.139 0.140 0.000000
0.140 0.141 0.000000
0.141 0.142 0.000000
0.142 0.143 0.000000
0.143 0.144 0.000000
0.144 0.145 0.000000
0.145 0.146 0.000000
0.146 0.147 0.000000
0.147 0.148 0.000000
0.148 0.149 0.000000
0.149 0.150 0.000000
