1
0.000 0.001 0.000000
0.001 0.002 0.000000
0.002 0.003 0.000000
0.003 0.004 0.000000
0.004 0.005 0.000000
0.005 0.006 0.000000
0.006 0.007 0.000000
0.007 0.008 0.000000
0.008 0.009 0.000000
0.009 0.010 0.000000
0.010 0.011 0.000000
0.011 0.012 0.000000
0.012 0.013 0.000000
0.013 0.014 0.000000
0.014 0.015 0.000000
0.015 0.016 0.000002
0.016 0.017 0.000017
0.017 0.018 0.000115
0.018 0.019 0.000525
0.019 0.020 0.001819
0.020 0.021 0.005066
0.021 0.022 0.011836
0.022 0.023 0.023968
0.023 0.024 0.043279
0.024 0.025 0.071261
0.025 0.026 0.108441
0.026 0.027 0.154481
0.027 0.028 0.209032
0.028 0.029 0.270637
0.029 0.030 0.337477
0.030 0.031 0.406606
0.031 0.032 0.472663
0.032 0.033 0.543630
0.033 0.034 0.612128
0.034 0.035 0.676061
0.035 0.036 0.734544
0.036 0.037 0.786111
0.037 0.038 0.832719
0.038 0.039 0.874364
0.039 0.040 0.909520
0.040 0.041 0.934806
0.041 0.042 0.955788
0.042 0.043 0.968739
0.043 0.044 0.975665
0.044 0.045 0.977083
0.045 0.046 0.975783
0.046 0.047 0.975516
0.047 0.048 0.969546
0.048 0.049 0.954760
0.049 0.050 0.939282
0.050 0.051 0.924682
0.051 0.052 0.906227
0.052 0.053 0.879648
0.053 0.054 0.854536
0.054 0.055 0.828960
0.055 0.056 0.792709
0.056 0.057 0.764582
0.057 0.058 0.838017
0.058 0.059 1.000000
0.059 0.060 0.877948
0.060 0.061 0.670888
0.061 0.062 0.639909
0.062 0.063 0.598285
0.063 0.064 0.565831
0.064 0.065 0.533694
0.065 0.066 0.496614
0.066 0.067 0.545956
0.067 0.068 0.524801
0.068 0.069 0.435563
0.069 0.070 0.387749
0.070 0.071 0.336578
0.071 0.072 0.315476
0.072 0.073 0.288487
0.073 0.074 0.263757
0.074 0.075 0.235499
0.075 0.076 0.217045
0.076 0.077 0.199537
0.077 0.078 0.180189
0.078 0.079 0.160888
0.079 0.080 0.143688
0.080 0.081 0.125457
0.081 0.082 0.100886
0.082 0.083 0.087648
0.083 0.084 0.076472
0.084 0.085 0.063568
0.085 0.086 0.050283
0.086 0.087 0.033043
0.087 0.088 0.024563
0.088 0.089 0.015678
0.089 0.090 0.005785
0.090 0.091 0.003829
0.091 0.092 0.000000
0.092 0.093 0.000000
0.093 0.094 0.000000
0.094 0.095 0.000000
0.095 0.096 0.000000
0.096 0.097 0.000000
0.097 0.098 0.000000
0.098 0.099 0.000000
0.099 0.100 0.000000
0.100 0.101 0.000000
0.101 0.102 0.000000
0.102 0.103 0.000000
0.103 0.104 0.000000
0.104 0.105 0.000000
0.105 0.106 0.000000
0.106 0.107 0.000000
0.107 0.108 0.000000
0.108 0.109 0.000000
0.109 0.110 0.000000
0.110 0.111 0.000000
0.111 0.112 0.000000
0.112 0.113 0.000000
0.113 0.114 0.000000
0.114 0.115 0.000000
0.115 0.116 0.000000
0.116 0.117 0.000000
0.117 0.118 0.000000
0.118 0.119 0.000000
0.119 0.120 0.000000
0.120 0.121 0.000000
0.121 0.122 0.000000
0.122 0.123 0.000000
0.123 0.124 0.000000
0.124 0.125 0.000000
0.125 0.126 0.000000
0.126 0.127 0.000000
0.127 0.128 0.000000
0.128 0.129 0.000000
0.129 0.130 0.000000
0.130 0.131 0.000000
0.131 0.132 0.000000
0.132 0.133 0.000000
0.133 0.134 0.000000
0.134 0.135 0.000000
0.135 0.136 0.000000
0.136 0.137 0.000000
0.137 0.138 0.000000
0.138 0.139 0.000000
0.139 0.140 0.000000
0.140 0.141 0.000000
0.141 0.142 0.000000
0.142 0.143 0.000000
0.143 0.144 0.000000
0.144 0.145 0.000000
0.145 0.146 0.000000
0.146 0.147 0.000000
0.147 0.148 0.000000
0.148 0.149 0.000000
0.149 0.150 0.000000
