1
0.000 0.001 0.000000
0.001 0.002 0.000000
0.002 0.003 0.000000
0.003 0.004 0.000000
0.004 0.005 0.000000
0.005 0.006 0.000000
0.006 0.007 0.000000
0.007 0.008 0.000000
0.008 0.009 0.000000
0.009 0.010 0.000000
0.010 0.011 0.000000
0.011 0.012 0.000000
0.012 0.013 0.000000
0.013 0.014 0.000000
0.014 0.015 0.000001
0.015 0.016 0.000012
0.016 0.017 0.000080
0.017 0.018 0.000367
0.018 0.019 0.001259
0.019 0.020 0.003457
0.020 0.021 0.007953
0.021 0.022 0.015874
0.022 0.023 0.028236
0.023 0.024 0.045772
0.024 0.025 0.068951
0.025 0.026 0.097347
0.026 0.027 0.130194
0.027 0.028 0.167370
0.028 0.029 0.207773
0.029 0.030 0.249508
0.030 0.031 0.291376
0.031 0.032 0.332658
0.032 0.033 0.373001
0.033 0.034 0.411502
0.034 0.035 0.447377
0.035 0.036 0.480557
0.036 0.037 0.510596
0.037 0.038 0.536053
0.038 0.039 0.556864
0.039 0.040 0.576093
0.040 0.041 0.592076
0.041 0.042 0.604605
0.042 0.043 0.615798
0.043 0.044 0.622607
0.044 0.045 0.628250
0.045 0.046 0.630719
0.046 0.047 0.628520
0.047 0.048 0.627809
0.048 0.049 0.626340
0.049 0.050 0.619403
0.050 0.051 0.611369
0.051 0.052 0.605442
0.052 0.053 0.598945
0.053 0.054 0.589391
0.054 0.055 0.577725
0.055 0.056 0.567411
0.056 0.057 0.557448
0.057 0.058 0.707787
0.058 0.059 1.000000
0.059 0.060 0.821949
0.060 0.061 0.512068
0.061 0.062 0.497796
0.062 0.063 0.469832
0.063 0.064 0.453853
0.064 0.065 0.438209
0.065 0.066 0.425220
0.066 0.067 0.529921
0.067 0.068 0.516786
0.068 0.069 0.407210
0.069 0.070 0.363831
0.070 0.071 0.302915
0.071 0.072 0.292095
0.072 0.073 0.279188
0.073 0.074 0.272220
0.074 0.075 0.263984
0.075 0.076 0.252957
0.076 0.077 0.240119
0.077 0.078 0.228955
0.078 0.079 0.220977
0.079 0.080 0.213900
0.080 0.081 0.204131
0.081 0.082 0.193329
0.082 0.083 0.183605
0.083 0.084 0.173939
0.084 0.085 0.165243
0.085 0.086 0.156785
0.086 0.087 0.148782
0.087 0.088 0.142770
0.088 0.089 0.136444
0.089 0.090 0.128037
0.090 0.091 0.119097
0.091 0.092 0.109276
0.092 0.093 0.102122
0.093 0.094 0.096316
0.094 0.095 0.090132
0.095 0.096 0.084251
0.096 0.097 0.077275
0.097 0.098 0.069335
0.098 0.099 0.061044
0.099 0.100 0.054509
0.100 0.101 0.051852
0.101 0.102 0.047502
0.102 0.103 0.041353
0.103 0.104 0.036408
0.104 0.105 0.032104
0.105 0.106 0.028688
0.106 0.107 0.025061
0.107 0.108 0.020797
0.108 0.109 0.016969
0.109 0.110 0.012399
0.110 0.111 0.009676
0.111 0.112 0.007401
0.112 0.113 0.004264
0.113 0.114 0.002818
0.114 0.115 0.000781
0.115 0.116 0.000000
0.116 0.117 0.000000
0.117 0.118 0.000000
0.118 0.119 0.000000
0.119 0.120 0.000000
0.120 0.121 0.000000
0.121 0.122 0.000000
0.122 0.123 0.000000
0.123 0.124 0.000000
0.124 0.125 0.000000
0.125 0.126 0.000000
0.126 0.127 0.000000
0.127 0.128 0.000000
0.128 0.129 0.000000
0.129 0.130 0.000000
0.130 0.131 0.000000
0.131 0.132 0.000000
0.132 0.133 0.000000
0.133 0.134 0.000000
0.134 0.135 0.000000
0.135 0.136 0.000000
0.136 0.137 0.000000
0.137 0.138 0.000000
0.138 0.139 0.000000
0.139 0.140 0.000000
0.140 0.141 0.000000
0.141 0.142 0.000000
0.142 0.143 0.000000
0.143 0.144 0.000000
0.144 0.145 0.000000
0.145 0.146 0.000000
0.146 0.147 0.000000
0.147 0.148 0.000000
0.148 0.149 0.000000
0.149 0.150 0.000000
