1
0.000 0.001 0.000000
0.001 0.002 0.000000
0.002 0.003 0.000000
0.003 0.004 0.000000
0.004 0.005 0.000000
0.005 0.006 0.000000
0.006 0.007 0.000000
0.007 0.008 0.000000
0.008 0.009 0.000000
0.009 0.010 0.000000
0.010 0.011 0.000000
0.011 0.012 0.000000
0.012 0.013 0.000000
0.013 0.014 0.000000
0.014 0.015 0.000000
0.015 0.016 0.000000
0.016 0.017 0.000001
0.017 0.018 0.000007
0.018 0.019 0.000042
0.019 0.020 0.000184
0.020 0.021 0.000619
0.021 0.022 0.001699
0.022 0.023 0.003941
0.023 0.024 0.008015
0.024 0.025 0.014627
0.025 0.026 0.024368
0.026 0.027 0.037597
0.027 0.028 0.054717
0.028 0.029 0.075634
0.029 0.030 0.099399
0.030 0.031 0.126104
0.031 0.032 0.154866
0.032 0.033 0.184925
0.033 0.034 0.215606
0.034 0.035 0.246389
0.035 0.036 0.276361
0.036 0.037 0.304483
0.037 0.038 0.333264
0.038 0.039 0.358958
0.039 0.040 0.382812
0.040 0.041 0.404971
0.041 0.042 0.424333
0.042 0.043 0.442018
0.043 0.044 0.457179
0.044 0.045 0.470565
0.045 0.046 0.479986
0.046 0.047 0.486769
0.047 0.048 0.495061
0.048 0.049 0.500341
0.049 0.050 0.500099
0.050 0.051 0.499805
0.051 0.052 0.501241
0.052 0.053 0.499044
0.053 0.054 0.496828
0.054 0.055 0.493490
0.055 0.056 0.491428
0.056 0.057 0.488643
0.057 0.058 0.663457
0.058 0.059 1.000000
0.059 0.060 0.812574
0.060 0.061 0.473586
0.061 0.062 0.465853
0.062 0.063 0.439777
0.063 0.064 0.429419
0.064 0.065 0.418227
0.065 0.066 0.408684
0.066 0.067 0.536845
0.067 0.068 0.528011
0.068 0.069 0.406794
0.069 0.070 0.365893
0.070 0.071 0.298469
0.071 0.072 0.291511
0.072 0.073 0.282699
0.073 0.074 0.276980
0.074 0.075 0.270749
0.075 0.076 0.263481
0.076 0.077 0.254140
0.077 0.078 0.246087
0.078 0.079 0.240595
0.079 0.080 0.234155
0.080 0.081 0.225785
0.081 0.082 0.216146
0.082 0.083 0.206664
0.083 0.084 0.199893
0.084 0.085 0.193884
0.085 0.086 0.188491
0.086 0.087 0.181444
0.087 0.088 0.176733
0.088 0.089 0.170684
0.089 0.090 0.162770
0.090 0.091 0.155726
0.091 0.092 0.146140
0.092 0.093 0.139463
0.093 0.094 0.135706
0.094 0.095 0.128944
0.095 0.096 0.121604
0.096 0.097 0.116146
0.097 0.098 0.109174
0.098 0.099 0.102873
0.099 0.100 0.097780
0.100 0.101 0.093608
0.101 0.102 0.088817
0.102 0.103 0.082440
0.103 0.104 0.077525
0.104 0.105 0.073216
0.105 0.106 0.067818
0.106 0.107 0.062035
0.107 0.108 0.057255
0.108 0.109 0.053258
0.109 0.110 0.048991
0.110 0.111 0.044926
0.111 0.112 0.041588
0.112 0.113 0.037074
0.113 0.114 0.033213
0.114 0.115 0.029523
0.115 0.116 0.024731
0.116 0.117 0.021950
0.117 0.118 0.018920
0.118 0.119 0.014817
0.119 0.120 0.012645
0.120 0.121 0.011460
0.121 0.122 0.008339
0.122 0.123 0.006826
0.123 0.124 0.005232
0.124 0.125 0.003485
0.125 0.126 0.001273
0.126 0.127 0.000774
0.127 0.128 0.000000
0.128 0.129 0.000000
0.129 0.130 0.000000
0.130 0.131 0.000000
0.131 0.132 0.000000
0.132 0.133 0.000000
0.133 0.134 0.000000
0.134 0.135 0.000000
0.135 0.136 0.000000
0.136 0.137 0.000000
0.137 0.138 0.000000
0.138 0.139 0.000000
0.139 0.140 0.000000
0.140 0.141 0.000000
0.141 0.142 0.000000
0.142 0.143 0.000000
0.143 0.144 0.000000
0.144 0.145 0.000000
0.145 0.146 0.000000
0.146 0.147 0.000000
0.147 0.148 0.000000
0.148 0.149 0.000000
0.149 0.150 0.000000
