1
0.000 0.001 0.000000
0.001 0.002 0.000000
0.002 0.003 0.000000
0.003 0.004 0.000000
0.004 0.005 0.000000
0.005 0.006 0.000000
0.006 0.007 0.000000
0.007 0.008 0.000000
0.008 0.009 0.000000
0.009 0.010 0.000000
0.010 0.011 0.000000
0.011 0.012 0.000000
0.012 0.013 0.000000
0.013 0.014 0.000000
0.014 0.015 0.000000
0.015 0.016 0.000000
0.016 0.017 0.000000
0.017 0.018 0.000000
0.018 0.019 0.000000
0.019 0.020 0.000000
0.020 0.021 0.000003
0.021 0.022 0.000016
0.022 0.023 0.000065
0.023 0.024 0.000213
0.024 0.025 0.000582
0.025 0.026 0.001380
0.026 0.027 0.002886
0.027 0.028 0.005473
0.028 0.029 0.009564
0.029 0.030 0.015478
0.030 0.031 0.023580
0.031 0.032 0.034055
0.032 0.033 0.047076
0.033 0.034 0.062613
0.034 0.035 0.080427
0.035 0.036 0.100220
0.036 0.037 0.121835
0.037 0.038 0.144984
0.038 0.039 0.168604
0.039 0.040 0.192825
0.040 0.041 0.217333
0.041 0.042 0.241373
0.042 0.043 0.265300
0.043 0.044 0.288308
0.044 0.045 0.310926
0.045 0.046 0.331166
0.046 0.047 0.349570
0.047 0.048 0.368609
0.048 0.049 0.385671
0.049 0.050 0.399141
0.050 0.051 0.411594
0.051 0.052 0.424545
0.052 0.053 0.435024
0.053 0.054 0.442791
0.054 0.055 0.449591
0.055 0.056 0.456633
0.056 0.057 0.462364
0.057 0.058 0.646148
0.058 0.059 1.000000
0.059 0.060 0.822302
0.060 0.061 0.479851
0.061 0.062 0.478718
0.062 0.063 0.457954
0.063 0.064 0.453794
0.064 0.065 0.447975
0.065 0.066 0.443057
0.066 0.067 0.591376
0.067 0.068 0.588155
0.068 0.069 0.458381
0.069 0.070 0.415101
0.070 0.071 0.340651
0.071 0.072 0.334663
0.072 0.073 0.326257
0.073 0.074 0.320684
0.074 0.075 0.315432
0.075 0.076 0.308871
0.076 0.077 0.299803
0.077 0.078 0.292165
0.078 0.079 0.287258
0.079 0.080 0.281085
0.080 0.081 0.272542
0.081 0.082 0.262332
0.082 0.083 0.252395
0.083 0.084 0.244775
0.084 0.085 0.237939
0.085 0.086 0.231699
0.086 0.087 0.223491
0.087 0.088 0.217932
0.088 0.089 0.210650
0.089 0.090 0.201078
0.090 0.091 0.191889
0.091 0.092 0.181404
0.092 0.093 0.174327
0.093 0.094 0.170766
0.094 0.095 0.163558
0.095 0.096 0.156537
0.096 0.097 0.149055
0.097 0.098 0.139639
0.098 0.099 0.130633
0.099 0.100 0.124715
0.100 0.101 0.119725
0.101 0.102 0.114020
0.102 0.103 0.106482
0.103 0.104 0.100680
0.104 0.105 0.095428
0.105 0.106 0.088256
0.106 0.107 0.083188
0.107 0.108 0.076873
0.108 0.109 0.071581
0.109 0.110 0.066003
0.110 0.111 0.060597
0.111 0.112 0.056061
0.112 0.113 0.049462
0.113 0.114 0.045145
0.114 0.115 0.041175
0.115 0.116 0.036579
0.116 0.117 0.032225
0.117 0.118 0.027136
0.118 0.119 0.022083
0.119 0.120 0.019480
0.120 0.121 0.018255
0.121 0.122 0.015231
0.122 0.123 0.011611
0.123 0.124 0.009325
0.124 0.125 0.006753
0.125 0.126 0.003788
0.126 0.127 0.002488
0.127 0.128 0.000675
0.128 0.129 0.000000
0.129 0.130 0.000000
0.130 0.131 0.000000
0.131 0.132 0.000000
0.132 0.133 0.000000
0.133 0.134 0.000000
0.134 0.135 0.000000
0.135 0.136 0.000000
0.136 0.137 0.000000
0.137 0.138 0.000000
0.138 0.139 0.000000
0.139 0.140 0.000000
0.140 0.141 0.000000
0.141 0.142 0.000000
0.142 0.143 0.000000
0.143 0.144 0.000000
0.144 0.145 0.000000
0.145 0.146 0.000000
0.146 0.147 0.000000
0.147 0.148 0.000000
0.148 0.149 0.000000
0.149 0.150 0.000000
