1
0.000 0.001 0.000000
0.001 0.002 0.000000
0.002 0.003 0.000000
0.003 0.004 0.000000
0.004 0.005 0.000000
0.005 0.006 0.000000
0.006 0.007 0.000000
0.007 0.008 0.000000
0.008 0.009 0.000000
0.009 0.010 0.000000
0.010 0.011 0.000000
0.011 0.012 0.000000
0.012 0.013 0.000000
0.013 0.014 0.000000
0.014 0.015 0.000000
0.015 0.016 0.000000
0.016 0.017 0.000000
0.017 0.018 0.000000
0.018 0.019 0.000001
0.019 0.020 0.000007
0.020 0.021 0.000036
0.021 0.022 0.000148
0.022 0.023 0.000485
0.023 0.024 0.001320
0.024 0.025 0.003108
0.025 0.026 0.006453
0.026 0.027 0.012063
0.027 0.028 0.020738
0.028 0.029 0.033196
0.029 0.030 0.049931
0.030 0.031 0.071149
0.031 0.032 0.096525
0.032 0.033 0.126675
0.033 0.034 0.160355
0.034 0.035 0.196585
0.035 0.036 0.235747
0.036 0.037 0.275536
0.037 0.038 0.315986
0.038 0.039 0.357514
0.039 0.040 0.398983
0.040 0.041 0.437349
0.041 0.042 0.474663
0.042 0.043 0.509961
0.043 0.044 0.542395
0.044 0.045 0.573180
0.045 0.046 0.597126
0.046 0.047 0.620242
0.047 0.048 0.639616
0.048 0.049 0.654325
0.049 0.050 0.666197
0.050 0.051 0.677392
0.051 0.052 0.687777
0.052 0.053 0.689818
0.053 0.054 0.690490
0.054 0.055 0.691736
0.055 0.056 0.686513
0.056 0.057 0.676918
0.057 0.058 0.784638
0.058 0.059 1.000000
0.059 0.060 0.878390
0.060 0.061 0.650517
0.061 0.062 0.633840
0.062 0.063 0.603929
0.063 0.064 0.585301
0.064 0.065 0.566091
0.065 0.066 0.544713
0.066 0.067 0.620143
0.067 0.068 0.603433
0.068 0.069 0.499986
0.069 0.070 0.449801
0.070 0.071 0.391112
0.071 0.072 0.371246
0.072 0.073 0.347412
0.073 0.074 0.326565
0.074 0.075 0.303256
0.075 0.076 0.282778
0.076 0.077 0.262778
0.077 0.078 0.242110
0.078 0.079 0.221953
0.079 0.080 0.206223
0.080 0.081 0.187569
0.081 0.082 0.164411
0.082 0.083 0.147923
0.083 0.084 0.133136
0.084 0.085 0.117245
0.085 0.086 0.099957
0.086 0.087 0.085027
0.087 0.088 0.069119
0.088 0.089 0.055347
0.089 0.090 0.043702
0.090 0.091 0.033329
0.091 0.092 0.024663
0.092 0.093 0.014671
0.093 0.094 0.007023
0.094 0.095 0.001908
0.095 0.096 0.000000
0.096 0.097 0.000000
0.097 0.098 0.000000
0.098 0.099 0.000000
0.099 0.100 0.000000
0.100 0.101 0.000000
0.101 0.102 0.000000
0.102 0.103 0.000000
0.103 0.104 0.000000
0.104 0.105 0.000000
0.105 0.106 0.000000
0.106 0.107 0.000000
0.107 0.108 0.000000
0.108 0.109 0.000000
0.109 0.110 0.000000
0.110 0.111 0.000000
0.111 0.112 0.000000
0.112 0.113 0.000000
0.113 0.114 0.000000
0.114 0.115 0.000000
0.115 0.116 0.000000
0.116 0.117 0.000000
0.117 0.118 0.000000
0.118 0.119 0.000000
0.119 0.120 0.000000
0.120 0.121 0.000000
0.121 0.122 0.000000
0.122 0.123 0.000000
0.123 0.124 0.000000
0.124 0.125 0.000000
0.125 0.126 0.000000
0.126 0.127 0.000000
0.127 0.128 0.000000
0.128 0.129 0.000000
0.129 0.130 0.000000
0.130 0.131 0.000000
0.131 0.132 0.000000
0.132 0.133 0.000000
0.133 0.134 0.000000
0.134 0.135 0.000000
0.135 0.136 0.000000
0.136 0.137 0.000000
0.137 0.138 0.000000
0.138 0.139 0.000000
0.139 0.140 0.000000
0.140 0.141 0.000000
0.141 0.142 0.000000
0.142 0.143 0.000000
0.143 0.144 0.000000
0.144 0.145 0.000000
0.145 0.146 0.000000
0.146 0.147 0.000000
0.147 0.148 0.000000
0.148 0.149 0.000000
0.149 0.150 0.000000
