1
0.000 0.001 0.000000
0.001 0.002 0.000000
0.002 0.003 0.000000
0.003 0.004 0.000000
0.004 0.005 0.000000
0.005 0.006 0.000000
0.006 0.007 0.000003
0.007 0.008 0.000263
0.008 0.009 0.000022
0.009 0.010 0.000199
0.010 0.011 0.000871
0.011 0.012 0.002807
0.012 0.013 0.007473
0.013 0.014 0.017994
0.014 0.015 0.036137
0.015 0.016 0.062518
0.016 0.017 0.097011
0.017 0.018 0.139133
0.018 0.019 0.185549
0.019 0.020 0.235551
0.020 0.021 0.288632
0.021 0.022 0.341109
0.022 0.023 0.391012
0.023 0.024 0.438430
0.024 0.025 0.482202
0.025 0.026 0.520078
0.026 0.027 0.553656
0.027 0.028 0.584750
0.028 0.029 0.609749
0.029 0.030 0.628543
0.030 0.031 0.646164
0.031 0.032 0.659575
0.032 0.033 0.668149
0.033 0.034 0.674515
0.034 0.035 0.678913
0.035 0.036 0.678646
0.036 0.037 0.676642
0.037 0.038 0.676092
0.038 0.039 0.668232
0.039 0.040 0.659023
0.040 0.041 0.651733
0.041 0.042 0.641329
0.042 0.043 0.632375
0.043 0.044 0.622743
0.044 0.045 0.613047
0.045 0.046 0.601246
0.046 0.047 0.586391
0.047 0.048 0.576220
0.048 0.049 0.566830
0.049 0.050 0.553022
0.050 0.051 0.537844
0.051 0.052 0.526345
0.052 0.053 0.516665
0.053 0.054 0.503673
0.054 0.055 0.490436
0.055 0.056 0.481312
0.056 0.057 0.471744
0.057 0.058 0.653333
0.058 0.059 1.000000
0.059 0.060 0.791393
0.060 0.061 0.435385
0.061 0.062 0.424530
0.062 0.063 0.396942
0.063 0.064 0.385033
0.064 0.065 0.372134
0.065 0.066 0.362655
0.066 0.067 0.483179
0.067 0.068 0.473024
0.068 0.069 0.361177
0.069 0.070 0.322038
0.070 0.071 0.258828
0.071 0.072 0.251220
0.072 0.073 0.243181
0.073 0.074 0.238430
0.074 0.075 0.232714
0.075 0.076 0.226541
0.076 0.077 0.218265
0.077 0.078 0.211204
0.078 0.079 0.207578
0.079 0.080 0.202451
0.080 0.081 0.194881
0.081 0.082 0.187107
0.082 0.083 0.180673
0.083 0.084 0.174788
0.084 0.085 0.169368
0.085 0.086 0.164651
0.086 0.087 0.157879
0.087 0.088 0.153978
0.088 0.089 0.149584
0.089 0.090 0.142724
0.090 0.091 0.136415
0.091 0.092 0.127539
0.092 0.093 0.122085
0.093 0.094 0.119875
0.094 0.095 0.114341
0.095 0.096 0.108937
0.096 0.097 0.103183
0.097 0.098 0.096042
0.098 0.099 0.089511
0.099 0.100 0.084217
0.100 0.101 0.080338
0.101 0.102 0.075797
0.102 0.103 0.069065
0.103 0.104 0.064038
0.104 0.105 0.060360
0.105 0.106 0.055637
0.106 0.107 0.050790
0.107 0.108 0.044833
0.108 0.109 0.039680
0.109 0.110 0.033970
0.110 0.111 0.028790
0.111 0.112 0.024645
0.112 0.113 0.019558
0.113 0.114 0.015124
0.114 0.115 0.010340
0.115 0.116 0.004791
0.116 0.117 0.000345
0.117 0.118 0.000000
0.118 0.119 0.000000
0.119 0.120 0.000000
0.120 0.121 0.000000
0.121 0.122 0.000000
0.122 0.123 0.000000
0.123 0.124 0.000000
0.124 0.125 0.000000
0.125 0.126 0.000000
0.126 0.127 0.000000
0.127 0.128 0.000000
0.128 0.129 0.000000
0.129 0.130 0.000000
0.130 0.131 0.000000
0.131 0.132 0.000000
0.132 0.133 0.000000
0.133 0.134 0.000000
0.134 0.135 0.000000
0.135 0.136 0.000000
0.136 0.137 0.000000
0.137 0.138 0.000000
0.138 0.139 0.000000
0.139 0.140 0.000000
0.140 0.141 0.000000
0.141 0.142 0.000000
0.142 0.143 0.000000
0.143 0.144 0.000000
0.144 0.145 0.000000
0.145 0.146 0.000000
0.146 0.147 0.000000
0.147 0.148 0.000000
0.148 0.149 0.000000
0.149 0.150 0.000000
