1
0.000 0.001 0.000000
0.001 0.002 0.000000
0.002 0.003 0.000000
0.003 0.004 0.000000
0.004 0.005 0.000000
0.005 0.006 0.000000
0.006 0.007 0.000000
0.007 0.008 0.000000
0.008 0.009 0.000000
0.009 0.010 0.000000
0.010 0.011 0.000000
0.011 0.012 0.000000
0.012 0.013 0.000000
0.013 0.014 0.000000
0.014 0.015 0.000000
0.015 0.016 0.000000
0.016 0.017 0.000004
0.017 0.018 0.000027
0.018 0.019 0.000126
0.019 0.020 0.000445
0.020 0.021 0.001270
0.021 0.022 0.003047
0.022 0.023 0.006358
0.023 0.024 0.011851
0.024 0.025 0.020116
0.025 0.026 0.031522
0.026 0.027 0.046280
0.027 0.028 0.064637
0.028 0.029 0.086300
0.029 0.030 0.110338
0.030 0.031 0.136614
0.031 0.032 0.164492
0.032 0.033 0.193175
0.033 0.034 0.222390
0.034 0.035 0.251564
0.035 0.036 0.279492
0.036 0.037 0.306895
0.037 0.038 0.332669
0.038 0.039 0.354781
0.039 0.040 0.375941
0.040 0.041 0.395587
0.041 0.042 0.412084
0.042 0.043 0.428190
0.043 0.044 0.441514
0.044 0.045 0.453627
0.045 0.046 0.463442
0.046 0.047 0.468926
0.047 0.048 0.476303
0.048 0.049 0.483063
0.049 0.050 0.484369
0.050 0.051 0.484067
0.051 0.052 0.485903
0.052 0.053 0.487528
0.053 0.054 0.485250
0.054 0.055 0.481451
0.055 0.056 0.480378
0.056 0.057 0.479047
0.057 0.058 0.657941
0.058 0.059 1.000000
0.059 0.060 0.808661
0.060 0.061 0.465203
0.061 0.062 0.458655
0.062 0.063 0.434439
0.063 0.064 0.425052
0.064 0.065 0.415062
0.065 0.066 0.408067
0.066 0.067 0.538316
0.067 0.068 0.530752
0.068 0.069 0.412177
0.069 0.070 0.371127
0.070 0.071 0.303854
0.071 0.072 0.296331
0.072 0.073 0.287508
0.073 0.074 0.283442
0.074 0.075 0.278155
0.075 0.076 0.270792
0.076 0.077 0.261046
0.077 0.078 0.253205
0.078 0.079 0.249367
0.079 0.080 0.243688
0.080 0.081 0.235090
0.081 0.082 0.225790
0.082 0.083 0.217510
0.083 0.084 0.209379
0.084 0.085 0.202273
0.085 0.086 0.196137
0.086 0.087 0.187862
0.087 0.088 0.182331
0.088 0.089 0.176099
0.089 0.090 0.167207
0.090 0.091 0.158333
0.091 0.092 0.147404
0.092 0.093 0.139988
0.093 0.094 0.135651
0.094 0.095 0.127750
0.095 0.096 0.120759
0.096 0.097 0.112918
0.097 0.098 0.103609
0.098 0.099 0.094248
0.099 0.100 0.087960
0.100 0.101 0.083642
0.101 0.102 0.078004
0.102 0.103 0.069798
0.103 0.104 0.064436
0.104 0.105 0.060295
0.105 0.106 0.055055
0.106 0.107 0.049345
0.107 0.108 0.043821
0.108 0.109 0.039023
0.109 0.110 0.033443
0.110 0.111 0.029366
0.111 0.112 0.026101
0.112 0.113 0.021936
0.113 0.114 0.018005
0.114 0.115 0.015030
0.115 0.116 0.011231
0.116 0.117 0.008858
0.117 0.118 0.006334
0.118 0.119 0.003193
0.119 0.120 0.001512
0.120 0.121 0.000501
0.121 0.122 0.000000
0.122 0.123 0.000000
0.123 0.124 0.000000
0.124 0.125 0.000000
0.125 0.126 0.000000
0.126 0.127 0.000000
0.127 0.128 0.000000
0.128 0.129 0.000000
0.129 0.130 0.000000
0.130 0.131 0.000000
0.131 0.132 0.000000
0.132 0.133 0.000000
0.133 0.134 0.000000
0.134 0.135 0.000000
0.135 0.136 0.000000
0.136 0.137 0.000000
0.137 0.138 0.000000
0.138 0.139 0.000000
0.139 0.140 0.000000
0.140 0.141 0.000000
0.141 0.142 0.000000
0.142 0.143 0.000000
0.143 0.144 0.000000
0.144 0.145 0.000000
0.145 0.146 0.000000
0.146 0.147 0.000000
0.147 0.148 0.000000
0.148 0.149 0.000000
0.149 0.150 0.000000
