1
0.000 0.001 0.000000
0.001 0.002 0.000000
0.002 0.003 0.000000
0.003 0.004 0.000000
0.004 0.005 0.000000
0.005 0.006 0.000000
0.006 0.007 0.000000
0.007 0.008 0.000000
0.008 0.009 0.000000
0.009 0.010 0.000000
0.010 0.011 0.000000
0.011 0.012 0.000000
0.012 0.013 0.000000
0.013 0.014 0.000000
0.014 0.015 0.000000
0.015 0.016 0.000003
0.016 0.017 0.000023
0.017 0.018 0.000127
0.018 0.019 0.000504
0.019 0.020 0.001552
0.020 0.021 0.003927
0.021 0.022 0.008450
0.022 0.023 0.015977
0.023 0.024 0.027310
0.024 0.025 0.042931
0.025 0.026 0.062836
0.026 0.027 0.086805
0.027 0.028 0.114713
0.028 0.029 0.145350
0.029 0.030 0.177355
0.030 0.031 0.210973
0.031 0.032 0.244636
0.032 0.033 0.277015
0.033 0.034 0.310162
0.034 0.035 0.341381
0.035 0.036 0.369802
0.036 0.037 0.395948
0.037 0.038 0.421128
0.038 0.039 0.441737
0.039 0.040 0.459730
0.040 0.041 0.476018
0.041 0.042 0.488519
0.042 0.043 0.499667
0.043 0.044 0.508629
0.044 0.045 0.515784
0.045 0.046 0.518500
0.046 0.047 0.519357
0.047 0.048 0.521838
0.048 0.049 0.521096
0.049 0.050 0.515809
0.050 0.051 0.511157
0.051 0.052 0.509614
0.052 0.053 0.505653
0.053 0.054 0.499761
0.054 0.055 0.493049
0.055 0.056 0.487853
0.056 0.057 0.482518
0.057 0.058 0.659171
0.058 0.059 1.000000
0.059 0.060 0.805655
0.060 0.061 0.459465
0.061 0.062 0.450243
0.062 0.063 0.422652
0.063 0.064 0.411519
0.064 0.065 0.399749
0.065 0.066 0.389340
0.066 0.067 0.515046
0.067 0.068 0.504411
0.068 0.069 0.387390
0.069 0.070 0.347256
0.070 0.071 0.281032
0.071 0.072 0.274226
0.072 0.073 0.265615
0.073 0.074 0.259635
0.074 0.075 0.253557
0.075 0.076 0.246611
0.076 0.077 0.237827
0.077 0.078 0.230371
0.078 0.079 0.224885
0.079 0.080 0.218772
0.080 0.081 0.211315
0.081 0.082 0.202588
0.082 0.083 0.193773
0.083 0.084 0.187394
0.084 0.085 0.181845
0.085 0.086 0.176806
0.086 0.087 0.170632
0.087 0.088 0.166360
0.088 0.089 0.160683
0.089 0.090 0.153523
0.090 0.091 0.147205
0.091 0.092 0.138738
0.092 0.093 0.132681
0.093 0.094 0.129176
0.094 0.095 0.123155
0.095 0.096 0.117338
0.096 0.097 0.110704
0.097 0.098 0.104606
0.098 0.099 0.099164
0.099 0.100 0.094776
0.100 0.101 0.090944
0.101 0.102 0.086650
0.102 0.103 0.081242
0.103 0.104 0.077057
0.104 0.105 0.073106
0.105 0.106 0.068220
0.106 0.107 0.063758
0.107 0.108 0.057890
0.108 0.109 0.054487
0.109 0.110 0.050999
0.110 0.111 0.047543
0.111 0.112 0.044609
0.112 0.113 0.040555
0.113 0.114 0.037035
0.114 0.115 0.033894
0.115 0.116 0.030349
0.116 0.117 0.026889
0.117 0.118 0.022877
0.118 0.119 0.019315
0.119 0.120 0.017415
0.120 0.121 0.016569
0.121 0.122 0.014470
0.122 0.123 0.012319
0.123 0.124 0.010051
0.124 0.125 0.007016
0.125 0.126 0.005462
0.126 0.127 0.004213
0.127 0.128 0.002846
0.128 0.129 0.001069
0.129 0.130 0.000654
0.130 0.131 0.000000
0.131 0.132 0.000000
0.132 0.133 0.000000
0.133 0.134 0.000000
0.134 0.135 0.000000
0.135 0.136 0.000000
0.136 0.137 0.000000
0.137 0.138 0.000000
0.138 0.139 0.000000
0.139 0.140 0.000000
0.140 0.141 0.000000
0.141 0.142 0.000000
0.142 0.143 0.000000
0.143 0.144 0.000000
0.144 0.145 0.000000
0.145 0.146 0.000000
0.146 0.147 0.000000
0.147 0.148 0.000000
0.148 0.149 0.000000
0.149 0.150 0.000000
