1
0.000 0.001 0.000000
0.001 0.002 0.000000
0.002 0.003 0.000000
0.003 0.004 0.000000
0.004 0.005 0.000000
0.005 0.006 0.000000
0.006 0.007 0.000000
0.007 0.008 0.000000
0.008 0.009 0.000000
0.009 0.010 0.000000
0.010 0.011 0.000000
0.011 0.012 0.000000
0.012 0.013 0.000000
0.013 0.014 0.000005
0.014 0.015 0.000049
0.015 0.016 0.000288
0.016 0.017 0.001169
0.017 0.018 0.003600
0.018 0.019 0.008944
0.019 0.020 0.018890
0.020 0.021 0.035030
0.021 0.022 0.058439
0.022 0.023 0.089374
0.023 0.024 0.127462
0.024 0.025 0.172036
0.025 0.026 0.220652
0.026 0.027 0.273745
0.027 0.028 0.329027
0.028 0.029 0.385399
0.029 0.030 0.439637
0.030 0.031 0.490730
0.031 0.032 0.538365
0.032 0.033 0.582108
0.033 0.034 0.621183
0.034 0.035 0.655495
0.035 0.036 0.685157
0.036 0.037 0.709575
0.037 0.038 0.726059
0.038 0.039 0.737108
0.039 0.040 0.748061
0.040 0.041 0.751819
0.041 0.042 0.756273
0.042 0.043 0.759578
0.043 0.044 0.758218
0.044 0.045 0.755528
0.045 0.046 0.749390
0.046 0.047 0.738933
0.047 0.048 0.730775
0.048 0.049 0.720973
0.049 0.050 0.704263
0.050 0.051 0.688367
0.051 0.052 0.675434
0.052 0.053 0.661538
0.053 0.054 0.644190
0.054 0.055 0.623107
0.055 0.056 0.608713
0.056 0.057 0.595987
0.057 0.058 0.732501
0.058 0.059 1.000000
0.059 0.060 0.828672
0.060 0.061 0.536151
0.061 0.062 0.519416
0.062 0.063 0.488622
0.063 0.064 0.468422
0.064 0.065 0.449803
0.065 0.066 0.433914
0.066 0.067 0.525535
0.067 0.068 0.509254
0.068 0.069 0.402793
0.069 0.070 0.361887
0.070 0.071 0.304461
0.071 0.072 0.292275
0.072 0.073 0.277493
0.073 0.074 0.269605
0.074 0.075 0.260496
0.075 0.076 0.247586
0.076 0.077 0.233264
0.077 0.078 0.220927
0.078 0.079 0.212399
0.079 0.080 0.202876
0.080 0.081 0.189733
0.081 0.082 0.178971
0.082 0.083 0.168844
0.083 0.084 0.158447
0.084 0.085 0.149454
0.085 0.086 0.141593
0.086 0.087 0.132355
0.087 0.088 0.124451
0.088 0.089 0.116432
0.089 0.090 0.106834
0.090 0.091 0.095139
0.091 0.092 0.086857
0.092 0.093 0.080546
0.093 0.094 0.075330
0.094 0.095 0.068678
0.095 0.096 0.062458
0.096 0.097 0.054824
0.097 0.098 0.046612
0.098 0.099 0.036790
0.099 0.100 0.032201
0.100 0.101 0.030186
0.101 0.102 0.026023
0.102 0.103 0.020613
0.103 0.104 0.015933
0.104 0.105 0.011210
0.105 0.106 0.008676
0.106 0.107 0.006000
0.107 0.108 0.002224
0.108 0.109 0.001319
0.109 0.110 0.000000
0.110 0.111 0.000000
0.111 0.112 0.000000
0.112 0.113 0.000000
0.113 0.114 0.000000
0.114 0.115 0.000000
0.115 0.116 0.000000
0.116 0.117 0.000000
0.117 0.118 0.000000
0.118 0.119 0.000000
0.119 0.120 0.000000
0.120 0.121 0.000000
0.121 0.122 0.000000
0.122 0.123 0.000000
0.123 0.124 0.000000
0.124 0.125 0.000000
0.125 0.126 0.000000
0.126 0.127 0.000000
0.127 0.128 0.000000
0.128 0.129 0.000000
0.129 0.130 0.000000
0.130 0.131 0.000000
0.131 0.132 0.000000
0.132 0.133 0.000000
0.133 0.134 0.000000
0.134 0.135 0.000000
0.135 0.136 0.000000
0.136 0.137 0.000000
0.137 0.138 0.000000
0.138 0.139 0.000000
0.139 0.140 0.000000
0.140 0.141 0.000000
0.141 0.142 0.000000
0.142 0.143 0.000000
0.143 0.144 0.000000
0.144 0.145 0.000000
0.145 0.146 0.000000
0.146 0.147 0.000000
0.147 0.148 0.000000
0.148 0.149 0.000000
0.149 0.150 0.000000
