1
0.000 0.001 0.000000
0.001 0.002 0.000000
0.002 0.003 0.000000
0.003 0.004 0.000000
0.004 0.005 0.000000
0.005 0.006 0.000000
0.006 0.007 0.000000
0.007 0.008 0.000000
0.008 0.009 0.000000
0.009 0.010 0.000000
0.010 0.011 0.000000
0.011 0.012 0.000000
0.012 0.013 0.000000
0.013 0.014 0.000000
0.014 0.015 0.000000
0.015 0.016 0.000001
0.016 0.017 0.000010
0.017 0.018 0.000057
0.018 0.019 0.000231
0.019 0.020 0.000732
0.020 0.021 0.001908
0.021 0.022 0.004241
0.022 0.023 0.008299
0.023 0.024 0.014661
0.024 0.025 0.023773
0.025 0.026 0.035876
0.026 0.027 0.051088
0.027 0.028 0.069351
0.028 0.029 0.090238
0.029 0.030 0.112972
0.030 0.031 0.137561
0.031 0.032 0.163103
0.032 0.033 0.188900
0.033 0.034 0.214946
0.034 0.035 0.240293
0.035 0.036 0.264209
0.036 0.037 0.287664
0.037 0.038 0.310279
0.038 0.039 0.329687
0.039 0.040 0.347319
0.040 0.041 0.363636
0.041 0.042 0.377988
0.042 0.043 0.390965
0.043 0.044 0.401509
0.044 0.045 0.411522
0.045 0.046 0.418687
0.046 0.047 0.423554
0.047 0.048 0.430250
0.048 0.049 0.434865
0.049 0.050 0.435434
0.050 0.051 0.436313
0.051 0.052 0.438112
0.052 0.053 0.437444
0.053 0.054 0.435034
0.054 0.055 0.432426
0.055 0.056 0.431257
0.056 0.057 0.429875
0.057 0.058 0.626248
0.058 0.059 1.000000
0.059 0.060 0.793962
0.060 0.061 0.423735
0.061 0.062 0.418502
0.062 0.063 0.393361
0.063 0.064 0.386904
0.064 0.065 0.379286
0.065 0.066 0.372282
0.066 0.067 0.513695
0.067 0.068 0.507377
0.068 0.069 0.383269
0.069 0.070 0.343479
0.070 0.071 0.273550
0.071 0.072 0.268667
0.072 0.073 0.262257
0.073 0.074 0.257795
0.074 0.075 0.253669
0.075 0.076 0.248804
0.076 0.077 0.241928
0.077 0.078 0.236700
0.078 0.079 0.233035
0.079 0.080 0.228667
0.080 0.081 0.223321
0.081 0.082 0.216840
0.082 0.083 0.210402
0.083 0.084 0.204301
0.084 0.085 0.199179
0.085 0.086 0.194460
0.086 0.087 0.189041
0.087 0.088 0.185323
0.088 0.089 0.180033
0.089 0.090 0.173230
0.090 0.091 0.167171
0.091 0.092 0.159042
0.092 0.093 0.153208
0.093 0.094 0.150069
0.094 0.095 0.144406
0.095 0.096 0.139055
0.096 0.097 0.133605
0.097 0.098 0.126573
0.098 0.099 0.120143
0.099 0.100 0.115086
0.100 0.101 0.110411
0.101 0.102 0.105514
0.102 0.103 0.099759
0.103 0.104 0.095219
0.104 0.105 0.090562
0.105 0.106 0.084622
0.106 0.107 0.080231
0.107 0.108 0.074964
0.108 0.109 0.070642
0.109 0.110 0.066435
0.110 0.111 0.061793
0.111 0.112 0.058379
0.112 0.113 0.053687
0.113 0.114 0.049448
0.114 0.115 0.045948
0.115 0.116 0.041902
0.116 0.117 0.038439
0.117 0.118 0.035133
0.118 0.119 0.030730
0.119 0.120 0.027917
0.120 0.121 0.026086
0.121 0.122 0.023718
0.122 0.123 0.021332
0.123 0.124 0.018806
0.124 0.125 0.015547
0.125 0.126 0.013064
0.126 0.127 0.011131
0.127 0.128 0.008620
0.128 0.129 0.007012
0.129 0.130 0.005442
0.130 0.131 0.003476
0.131 0.132 0.002589
0.132 0.133 0.001261
0.133 0.134 0.000328
0.134 0.135 0.000000
0.135 0.136 0.000000
0.136 0.137 0.000000
0.137 0.138 0.000000
0.138 0.139 0.000000
0.139 0.140 0.000000
0.140 0.141 0.000000
0.141 0.142 0.000000
0.142 0.143 0.000000
0.143 0.144 0.000000
0.144 0.145 0.000000
0.145 0.146 0.000000
0.146 0.147 0.000000
0.147 0.148 0.000000
0.148 0.149 0.000000
0.149 0.150 0.000000
