1
0.000 0.001 0.000000
0.001 0.002 0.000000
0.002 0.003 0.000000
0.003 0.004 0.000000
0.004 0.005 0.000000
0.005 0.006 0.000000
0.006 0.007 0.000000
0.007 0.008 0.000000
0.008 0.009 0.000000
0.009 0.010 0.000000
0.010 0.011 0.000000
0.011 0.012 0.000000
0.012 0.013 0.000000
0.013 0.014 0.000000
0.014 0.015 0.000000
0.015 0.016 0.000000
0.016 0.017 0.000000
0.017 0.018 0.000000
0.018 0.019 0.000002
0.019 0.020 0.000011
0.020 0.021 0.000053
0.021 0.022 0.000203
0.022 0.023 0.000628
0.023 0.024 0.001631
0.024 0.025 0.003673
0.025 0.026 0.007338
0.026 0.027 0.013263
0.027 0.028 0.022154
0.028 0.029 0.034599
0.029 0.030 0.050783
0.030 0.031 0.070755
0.031 0.032 0.094367
0.032 0.033 0.122241
0.033 0.034 0.152503
0.034 0.035 0.184334
0.035 0.036 0.218933
0.036 0.037 0.253865
0.037 0.038 0.287563
0.038 0.039 0.322216
0.039 0.040 0.358123
0.040 0.041 0.389951
0.041 0.042 0.420283
0.042 0.043 0.449703
0.043 0.044 0.477310
0.044 0.045 0.502457
0.045 0.046 0.522727
0.046 0.047 0.542021
0.047 0.048 0.558498
0.048 0.049 0.572219
0.049 0.050 0.580987
0.050 0.051 0.590720
0.051 0.052 0.601632
0.052 0.053 0.604095
0.053 0.054 0.603706
0.054 0.055 0.605297
0.055 0.056 0.605741
0.056 0.057 0.602289
0.057 0.058 0.736752
0.058 0.059 1.000000
0.059 0.060 0.856893
0.060 0.061 0.591007
0.061 0.062 0.579744
0.062 0.063 0.550222
0.063 0.064 0.536197
0.064 0.065 0.524080
0.065 0.066 0.512924
0.066 0.067 0.615016
0.067 0.068 0.605391
0.068 0.069 0.496210
0.069 0.070 0.450230
0.070 0.071 0.389936
0.071 0.072 0.379482
0.072 0.073 0.364378
0.073 0.074 0.351498
0.074 0.075 0.337511
0.075 0.076 0.320254
0.076 0.077 0.303361
0.077 0.078 0.288447
0.078 0.079 0.277545
0.079 0.080 0.264346
0.080 0.081 0.246291
0.081 0.082 0.226372
0.082 0.083 0.208337
0.083 0.084 0.191438
0.084 0.085 0.174638
0.085 0.086 0.158645
0.086 0.087 0.139950
0.087 0.088 0.121729
0.088 0.089 0.100328
0.089 0.090 0.082063
0.090 0.091 0.066980
0.091 0.092 0.048421
0.092 0.093 0.034545
0.093 0.094 0.022056
0.094 0.095 0.010340
0.095 0.096 0.001375
0.096 0.097 0.000000
0.097 0.098 0.000000
0.098 0.099 0.000000
0.099 0.100 0.000000
0.100 0.101 0.000000
0.101 0.102 0.000000
0.102 0.103 0.000000
0.103 0.104 0.000000
0.104 0.105 0.000000
0.105 0.106 0.000000
0.106 0.107 0.000000
0.107 0.108 0.000000
0.108 0.109 0.000000
0.109 0.110 0.000000
0.110 0.111 0.000000
0.111 0.112 0.000000
0.112 0.113 0.000000
0.113 0.114 0.000000
0.114 0.115 0.000000
0.115 0.116 0.000000
0.116 0.117 0.000000
0.117 0.118 0.000000
0.118 0.119 0.000000
0.119 0.120 0.000000
0.120 0.121 0.000000
0.121 0.122 0.000000
0.122 0.123 0.000000
0.123 0.124 0.000000
0.124 0.125 0.000000
0.125 0.126 0.000000
0.126 0.127 0.000000
0.127 0.128 0.000000
0.128 0.129 0.000000
0.129 0.130 0.000000
0.130 0.131 0.000000
0.131 0.132 0.000000
0.132 0.133 0.000000
0.133 0.134 0.000000
0.134 0.135 0.000000
0.135 0.136 0.000000
0.136 0.137 0.000000
0.137 0.138 0.000000
0.138 0.139 0.000000
0.139 0.140 0.000000
0.140 0.141 0.000000
0.141 0.142 0.000000
0.142 0.143 0.000000
0.143 0.144 0.000000
0.144 0.145 0.000000
0.145 0.146 0.000000
0.146 0.147 0.000000
0.147 0.148 0.000000
0.148 0.149 0.000000
0.149 0.150 0.000000
