1
0.000 0.001 0.000000
0.001 0.002 0.000000
0.002 0.003 0.000000
0.003 0.004 0.000000
0.004 0.005 0.000000
0.005 0.006 0.000000
0.006 0.007 0.000000
0.007 0.008 0.000000
0.008 0.009 0.000000
0.009 0.010 0.000000
0.010 0.011 0.000000
0.011 0.012 0.000000
0.012 0.013 0.000000
0.013 0.014 0.000000
0.014 0.015 0.000000
0.015 0.016 0.000003
0.016 0.017 0.000025
0.017 0.018 0.000126
0.018 0.019 0.000467
0.019 0.020 0.001368
0.020 0.021 0.003333
0.021 0.022 0.006968
0.022 0.023 0.012935
0.023 0.024 0.021815
0.024 0.025 0.033915
0.025 0.026 0.049341
0.026 0.027 0.068030
0.027 0.028 0.089764
0.028 0.029 0.113875
0.029 0.030 0.139391
0.030 0.031 0.166293
0.031 0.032 0.193507
0.032 0.033 0.220365
0.033 0.034 0.246961
0.034 0.035 0.272465
0.035 0.036 0.295800
0.036 0.037 0.318416
0.037 0.038 0.340279
0.038 0.039 0.358033
0.039 0.040 0.374040
0.040 0.041 0.388793
0.041 0.042 0.400949
0.042 0.043 0.411910
0.043 0.044 0.421105
0.044 0.045 0.429745
0.045 0.046 0.434754
0.046 0.047 0.437590
0.047 0.048 0.442647
0.048 0.049 0.445590
0.049 0.050 0.444763
0.050 0.051 0.443989
0.051 0.052 0.444287
0.052 0.053 0.442439
0.053 0.054 0.438807
0.054 0.055 0.435148
0.055 0.056 0.433222
0.056 0.057 0.430765
0.057 0.058 0.626290
0.058 0.059 1.000000
0.059 0.060 0.793003
0.060 0.061 0.421909
0.061 0.062 0.416091
0.062 0.063 0.390594
0.063 0.064 0.383749
0.064 0.065 0.375551
0.065 0.066 0.368303
0.066 0.067 0.508052
0.067 0.068 0.501438
0.068 0.069 0.378556
0.069 0.070 0.338887
0.070 0.071 0.269569
0.071 0.072 0.264608
0.072 0.073 0.258313
0.073 0.074 0.253743
0.074 0.075 0.249398
0.075 0.076 0.244694
0.076 0.077 0.237955
0.077 0.078 0.232698
0.078 0.079 0.229123
0.079 0.080 0.224746
0.080 0.081 0.219239
0.081 0.082 0.212746
0.082 0.083 0.206557
0.083 0.084 0.200835
0.084 0.085 0.195917
0.085 0.086 0.191377
0.086 0.087 0.185894
0.087 0.088 0.182417
0.088 0.089 0.177386
0.089 0.090 0.170687
0.090 0.091 0.164966
0.091 0.092 0.156793
0.092 0.093 0.151175
0.093 0.094 0.148516
0.094 0.095 0.143073
0.095 0.096 0.137855
0.096 0.097 0.132620
0.097 0.098 0.125757
0.098 0.099 0.119693
0.099 0.100 0.114792
0.100 0.101 0.110335
0.101 0.102 0.105426
0.102 0.103 0.099415
0.103 0.104 0.094767
0.104 0.105 0.090198
0.105 0.106 0.084435
0.106 0.107 0.079691
0.107 0.108 0.073965
0.108 0.109 0.069199
0.109 0.110 0.064161
0.110 0.111 0.059902
0.111 0.112 0.056198
0.112 0.113 0.051152
0.113 0.114 0.046392
0.114 0.115 0.043014
0.115 0.116 0.039263
0.116 0.117 0.035456
0.117 0.118 0.031409
0.118 0.119 0.026900
0.119 0.120 0.024296
0.120 0.121 0.022985
0.121 0.122 0.019947
0.122 0.123 0.017605
0.123 0.124 0.015126
0.124 0.125 0.011985
0.125 0.126 0.009608
0.126 0.127 0.007485
0.127 0.128 0.005804
0.128 0.129 0.004223
0.129 0.130 0.002505
0.130 0.131 0.001117
0.131 0.132 0.000327
0.132 0.133 0.000000
0.133 0.134 0.000000
0.134 0.135 0.000000
0.135 0.136 0.000000
0.136 0.137 0.000000
0.137 0.138 0.000000
0.138 0.139 0.000000
0.139 0.140 0.000000
0.140 0.141 0.000000
0.141 0.142 0.000000
0.142 0.143 0.000000
0.143 0.144 0.000000
0.144 0.145 0.000000
0.145 0.146 0.000000
0.146 0.147 0.000000
0.147 0.148 0.000000
0.148 0.149 0.000000
0.149 0.150 0.000000
