1
0.000 0.001 0.000000
0.001 0.002 0.000000
0.002 0.003 0.000000
0.003 0.004 0.000000
0.004 0.005 0.000000
0.005 0.006 0.000000
0.006 0.007 0.000000
0.007 0.008 0.000000
0.008 0.009 0.000000
0.009 0.010 0.000000
0.010 0.011 0.000000
0.011 0.012 0.000000
0.012 0.013 0.000007
0.013 0.014 0.000083
0.014 0.015 0.000523
0.015 0.016 0.002178
0.016 0.017 0.006678
0.017 0.018 0.016271
0.018 0.019 0.033226
0.019 0.020 0.059238
0.020 0.021 0.094986
0.021 0.022 0.140027
0.022 0.023 0.192646
0.023 0.024 0.250304
0.024 0.025 0.311320
0.025 0.026 0.374267
0.026 0.027 0.435672
0.027 0.028 0.495496
0.028 0.029 0.551694
0.029 0.030 0.601461
0.030 0.031 0.645691
0.031 0.032 0.684327
0.032 0.033 0.717058
0.033 0.034 0.744673
0.034 0.035 0.766600
0.035 0.036 0.782375
0.036 0.037 0.793222
0.037 0.038 0.798717
0.038 0.039 0.796694
0.039 0.040 0.798232
0.040 0.041 0.796931
0.041 0.042 0.791828
0.042 0.043 0.785960
0.043 0.044 0.776930
0.044 0.045 0.767031
0.045 0.046 0.753855
0.046 0.047 0.737183
0.047 0.048 0.724110
0.048 0.049 0.709720
0.049 0.050 0.688575
0.050 0.051 0.669102
0.051 0.052 0.653998
0.052 0.053 0.636532
0.053 0.054 0.620461
0.054 0.055 0.602113
0.055 0.056 0.586410
0.056 0.057 0.572411
0.057 0.058 0.716960
0.058 0.059 1.000000
0.059 0.060 0.818483
0.060 0.061 0.510554
0.061 0.062 0.493775
0.062 0.063 0.462727
0.063 0.064 0.443283
0.064 0.065 0.424796
0.065 0.066 0.408272
0.066 0.067 0.506812
0.067 0.068 0.493420
0.068 0.069 0.389248
0.069 0.070 0.348496
0.070 0.071 0.289890
0.071 0.072 0.278105
0.072 0.073 0.264333
0.073 0.074 0.256620
0.074 0.075 0.247753
0.075 0.076 0.236097
0.076 0.077 0.222895
0.077 0.078 0.210437
0.078 0.079 0.204726
0.079 0.080 0.197732
0.080 0.081 0.188229
0.081 0.082 0.177832
0.082 0.083 0.168457
0.083 0.084 0.159168
0.084 0.085 0.150844
0.085 0.086 0.143473
0.086 0.087 0.134570
0.087 0.088 0.126633
0.088 0.089 0.121203
0.089 0.090 0.113789
0.090 0.091 0.105623
0.091 0.092 0.097006
0.092 0.093 0.090784
0.093 0.094 0.086275
0.094 0.095 0.079777
0.095 0.096 0.073598
0.096 0.097 0.065581
0.097 0.098 0.059139
0.098 0.099 0.052152
0.099 0.100 0.047313
0.100 0.101 0.044867
0.101 0.102 0.040588
0.102 0.103 0.034675
0.103 0.104 0.029832
0.104 0.105 0.025420
0.105 0.106 0.022376
0.106 0.107 0.019135
0.107 0.108 0.015388
0.108 0.109 0.011993
0.109 0.110 0.007827
0.110 0.111 0.005811
0.111 0.112 0.004101
0.112 0.113 0.001544
0.113 0.114 0.000946
0.114 0.115 0.000000
0.115 0.116 0.000000
0.116 0.117 0.000000
0.117 0.118 0.000000
0.118 0.119 0.000000
0.119 0.120 0.000000
0.120 0.121 0.000000
0.121 0.122 0.000000
0.122 0.123 0.000000
0.123 0.124 0.000000
0.124 0.125 0.000000
0.125 0.126 0.000000
0.126 0.127 0.000000
0.127 0.128 0.000000
0.128 0.129 0.000000
0.129 0.130 0.000000
0.130 0.131 0.000000
0.131 0.132 0.000000
0.132 0.133 0.000000
0.133 0.134 0.000000
0.134 0.135 0.000000
0.135 0.136 0.000000
0.136 0.137 0.000000
0.137 0.138 0.000000
0.138 0.139 0.000000
0.139 0.140 0.000000
0.140 0.141 0.000000
0.141 0.142 0.000000
0.142 0.143 0.000000
0.143 0.144 0.000000
0.144 0.145 0.000000
0.145 0.146 0.000000
0.146 0.147 0.000000
0.147 0.148 0.000000
0.148 0.149 0.000000
0.149 0.150 0.000000
