1
0.000 0.001 0.000000
0.001 0.002 0.000000
0.002 0.003 0.000000
0.003 0.004 0.000000
0.004 0.005 0.000000
0.005 0.006 0.000000
0.006 0.007 0.000000
0.007 0.008 0.000000
0.008 0.009 0.000000
0.009 0.010 0.000000
0.010 0.011 0.000000
0.011 0.012 0.000000
0.012 0.013 0.000000
0.013 0.014 0.000000
0.014 0.015 0.000000
0.015 0.016 0.000000
0.016 0.017 0.000000
0.017 0.018 0.000000
0.018 0.019 0.000000
0.019 0.020 0.000002
0.020 0.021 0.000012
0.021 0.022 0.000052
0.022 0.023 0.000178
0.023 0.024 0.000505
0.024 0.025 0.001231
0.025 0.026 0.002637
0.026 0.027 0.005079
0.027 0.028 0.008966
0.028 0.029 0.014698
0.029 0.030 0.022516
0.030 0.031 0.032705
0.031 0.032 0.045317
0.032 0.033 0.060403
0.033 0.034 0.077636
0.034 0.035 0.096812
0.035 0.036 0.117668
0.036 0.037 0.139764
0.037 0.038 0.163030
0.038 0.039 0.186322
0.039 0.040 0.209710
0.040 0.041 0.232648
0.041 0.042 0.255066
0.042 0.043 0.277061
0.043 0.044 0.297516
0.044 0.045 0.317386
0.045 0.046 0.334423
0.046 0.047 0.350219
0.047 0.048 0.366479
0.048 0.049 0.379931
0.049 0.050 0.390452
0.050 0.051 0.400742
0.051 0.052 0.410793
0.052 0.053 0.417703
0.053 0.054 0.422862
0.054 0.055 0.427320
0.055 0.056 0.431336
0.056 0.057 0.434979
0.057 0.058 0.628194
0.058 0.059 1.000000
0.059 0.060 0.809263
0.060 0.061 0.447996
0.061 0.062 0.446348
0.062 0.063 0.423352
0.063 0.064 0.419340
0.064 0.065 0.414194
0.065 0.066 0.408117
0.066 0.067 0.561152
0.067 0.068 0.557196
0.068 0.069 0.423663
0.069 0.070 0.381358
0.070 0.071 0.304671
0.071 0.072 0.300772
0.072 0.073 0.294540
0.073 0.074 0.289901
0.074 0.075 0.285938
0.075 0.076 0.280960
0.076 0.077 0.273885
0.077 0.078 0.268359
0.078 0.079 0.263707
0.079 0.080 0.258873
0.080 0.081 0.253465
0.081 0.082 0.246092
0.082 0.083 0.237841
0.083 0.084 0.231546
0.084 0.085 0.226266
0.085 0.086 0.221343
0.086 0.087 0.216072
0.087 0.088 0.211754
0.088 0.089 0.205529
0.089 0.090 0.198454
0.090 0.091 0.192170
0.091 0.092 0.183801
0.092 0.093 0.177149
0.093 0.094 0.172806
0.094 0.095 0.165739
0.095 0.096 0.160777
0.096 0.097 0.155861
0.097 0.098 0.149247
0.098 0.099 0.142815
0.099 0.100 0.138093
0.100 0.101 0.133811
0.101 0.102 0.128469
0.102 0.103 0.122796
0.103 0.104 0.118135
0.104 0.105 0.112800
0.105 0.106 0.106024
0.106 0.107 0.101565
0.107 0.108 0.096286
0.108 0.109 0.092184
0.109 0.110 0.088447
0.110 0.111 0.084128
0.111 0.112 0.079980
0.112 0.113 0.074410
0.113 0.114 0.069163
0.114 0.115 0.065120
0.115 0.116 0.060490
0.116 0.117 0.056486
0.117 0.118 0.053208
0.118 0.119 0.049033
0.119 0.120 0.045538
0.120 0.121 0.043258
0.121 0.122 0.040096
0.122 0.123 0.036965
0.123 0.124 0.033249
0.124 0.125 0.030181
0.125 0.126 0.027070
0.126 0.127 0.024608
0.127 0.128 0.021519
0.128 0.129 0.018870
0.129 0.130 0.016245
0.130 0.131 0.012969
0.131 0.132 0.011787
0.132 0.133 0.010065
0.133 0.134 0.007974
0.134 0.135 0.006032
0.135 0.136 0.003899
0.136 0.137 0.002862
0.137 0.138 0.001714
0.138 0.139 0.000396
0.139 0.140 0.000000
0.140 0.141 0.000000
0.141 0.142 0.000000
0.142 0.143 0.000000
0.143 0.144 0.000000
0.144 0.145 0.000000
0.145 0.146 0.000000
0.146 0.147 0.000000
0.147 0.148 0.000000
0.148 0.149 0.000000
0.149 0.150 0.000000
