1
0.000 0.001 0.000000
0.001 0.002 0.000000
0.002 0.003 0.000000
0.003 0.004 0.000000
0.004 0.005 0.000000
0.005 0.006 0.000000
0.006 0.007 0.000000
0.007 0.008 0.000001
0.008 0.009 0.000023
0.009 0.010 0.000361
0.010 0.011 0.002202
0.011 0.012 0.008416
0.012 0.013 0.023920
0.013 0.014 0.057222
0.014 0.015 0.111754
0.015 0.016 0.186906
0.016 0.017 0.278599
0.017 0.018 0.379649
0.018 0.019 0.484755
0.019 0.020 0.588047
0.020 0.021 0.683382
0.021 0.022 0.768391
0.022 0.023 0.837352
0.023 0.024 0.893754
0.024 0.025 0.940286
0.025 0.026 0.971968
0.026 0.027 0.990409
0.027 0.028 0.999725
0.028 0.029 1.000000
0.029 0.030 0.988590
0.030 0.031 0.983213
0.031 0.032 0.970888
0.032 0.033 0.950680
0.033 0.034 0.926337
0.034 0.035 0.902350
0.035 0.036 0.875827
0.036 0.037 0.843502
0.037 0.038 0.813870
0.038 0.039 0.780010
0.039 0.040 0.741954
0.040 0.041 0.714895
0.041 0.042 0.687127
0.042 0.043 0.658514
0.043 0.044 0.628605
0.044 0.045 0.598542
0.045 0.046 0.566407
0.046 0.047 0.536286
0.047 0.048 0.507273
0.048 0.049 0.476482
0.049 0.050 0.446094
0.050 0.051 0.422494
0.051 0.052 0.397596
0.052 0.053 0.375307
0.053 0.054 0.354761
0.054 0.055 0.331246
0.055 0.056 0.305604
0.056 0.057 0.283055
0.057 0.058 0.272421
0.058 0.059 0.275853
0.059 0.060 0.246055
0.060 0.061 0.207979
0.061 0.062 0.192348
0.062 0.063 0.176615
0.063 0.064 0.159318
0.064 0.065 0.142630
0.065 0.066 0.123438
0.066 0.067 0.118335
0.067 0.068 0.106394
0.068 0.069 0.085831
0.069 0.070 0.072528
0.070 0.071 0.061161
0.071 0.072 0.047990
0.072 0.073 0.038383
0.073 0.074 0.031864
0.074 0.075 0.025319
0.075 0.076 0.016603
0.076 0.077 0.012351
0.077 0.078 0.007664
0.078 0.079 0.001919
0.079 0.080 0.000000
0.080 0.081 0.000000
0.081 0.082 0.000000
0.082 0.083 0.000000
0.083 0.084 0.000000
0.084 0.085 0.000000
0.085 0.086 0.000000
0.086 0.087 0.000000
0.087 0.088 0.000000
0.088 0.089 0.000000
0.089 0.090 0.000000
0.090 0.091 0.000000
0.091 0.092 0.000000
0.092 0.093 0.000000
0.093 0.094 0.000000
0.094 0.095 0.000000
0.095 0.096 0.000000
0.096 0.097 0.000000
0.097 0.098 0.000000
0.098 0.099 0.000000
0.099 0.100 0.000000
0.100 0.101 0.000000
0.101 0.102 0.000000
0.102 0.103 0.000000
0.103 0.104 0.000000
0.104 0.105 0.000000
0.105 0.106 0.000000
0.106 0.107 0.000000
0.107 0.108 0.000000
0.108 0.109 0.000000
0.109 0.110 0.000000
0.110 0.111 0.000000
0.111 0.112 0.000000
0.112 0.113 0.000000
0.113 0.114 0.000000
0.114 0.115 0.000000
0.115 0.116 0.000000
0.116 0.117 0.000000
0.117 0.118 0.000000
0.118 0.119 0.000000
0.119 0.120 0.000000
0.120 0.121 0.000000
0.121 0.122 0.000000
0.122 0.123 0.000000
0.123 0.124 0.000000
0.124 0.125 0.000000
0.125 0.126 0.000000
0.126 0.127 0.000000
0.127 0.128 0.000000
0.128 0.129 0.000000
0.129 0.130 0.000000
0.130 0.131 0.000000
0.131 0.132 0.000000
0.132 0.133 0.000000
0.133 0.134 0.000000
0.134 0.135 0.000000
0.135 0.136 0.000000
0.136 0.137 0.000000
0.137 0.138 0.000000
0.138 0.139 0.000000
0.139 0.140 0.000000
0.140 0.141 0.000000
0.141 0.142 0.000000
0.142 0.143 0.000000
0.143 0.144 0.000000
0.144 0.145 0.000000
0.145 0.146 0.000000
0.146 0.147 0.000000
0.147 0.148 0.000000
0.148 0.149 0.000000
0.149 0.150 0.000000
