1
0.000 0.001 0.000000
0.001 0.002 0.000000
0.002 0.003 0.000000
0.003 0.004 0.000000
0.004 0.005 0.000000
0.005 0.006 0.000000
0.006 0.007 0.000000
0.007 0.008 0.000000
0.008 0.009 0.000000
0.009 0.010 0.000000
0.010 0.011 0.000000
0.011 0.012 0.000000
0.012 0.013 0.000000
0.013 0.014 0.000000
0.014 0.015 0.000000
0.015 0.016 0.000000
0.016 0.017 0.000004
0.017 0.018 0.000027
0.018 0.019 0.000129
0.019 0.020 0.000459
0.020 0.021 0.001319
0.021 0.022 0.003187
0.022 0.023 0.006675
0.023 0.024 0.012477
0.024 0.025 0.021241
0.025 0.026 0.033352
0.026 0.027 0.049100
0.027 0.028 0.068620
0.028 0.029 0.091622
0.029 0.030 0.117303
0.030 0.031 0.145368
0.031 0.032 0.174964
0.032 0.033 0.205579
0.033 0.034 0.236673
0.034 0.035 0.267260
0.035 0.036 0.296410
0.036 0.037 0.324739
0.037 0.038 0.352117
0.038 0.039 0.376189
0.039 0.040 0.398528
0.040 0.041 0.418920
0.041 0.042 0.436523
0.042 0.043 0.452488
0.043 0.044 0.465848
0.044 0.045 0.478334
0.045 0.046 0.487050
0.046 0.047 0.493066
0.047 0.048 0.500259
0.048 0.049 0.505056
0.049 0.050 0.505715
0.050 0.051 0.505643
0.051 0.052 0.506565
0.052 0.053 0.505458
0.053 0.054 0.501938
0.054 0.055 0.497607
0.055 0.056 0.494160
0.056 0.057 0.489940
0.057 0.058 0.664530
0.058 0.059 1.000000
0.059 0.060 0.810960
0.060 0.061 0.471761
0.061 0.062 0.463238
0.062 0.063 0.436974
0.063 0.064 0.426453
0.064 0.065 0.414623
0.065 0.066 0.405112
0.066 0.067 0.531723
0.067 0.068 0.523126
0.068 0.069 0.404637
0.069 0.070 0.363086
0.070 0.071 0.296049
0.071 0.072 0.287865
0.072 0.073 0.277785
0.073 0.074 0.270974
0.074 0.075 0.262985
0.075 0.076 0.255873
0.076 0.077 0.246838
0.077 0.078 0.239097
0.078 0.079 0.233906
0.079 0.080 0.227725
0.080 0.081 0.219585
0.081 0.082 0.210298
0.082 0.083 0.201930
0.083 0.084 0.193452
0.084 0.085 0.187355
0.085 0.086 0.181839
0.086 0.087 0.174747
0.087 0.088 0.169911
0.088 0.089 0.163811
0.089 0.090 0.155938
0.090 0.091 0.148890
0.091 0.092 0.139432
0.092 0.093 0.132228
0.093 0.094 0.129423
0.094 0.095 0.123760
0.095 0.096 0.118277
0.096 0.097 0.112449
0.097 0.098 0.105178
0.098 0.099 0.098562
0.099 0.100 0.093182
0.100 0.101 0.088740
0.101 0.102 0.083153
0.102 0.103 0.077557
0.103 0.104 0.073311
0.104 0.105 0.069582
0.105 0.106 0.064884
0.106 0.107 0.060464
0.107 0.108 0.055102
0.108 0.109 0.050074
0.109 0.110 0.046167
0.110 0.111 0.042440
0.111 0.112 0.039377
0.112 0.113 0.035216
0.113 0.114 0.031670
0.114 0.115 0.028302
0.115 0.116 0.024027
0.116 0.117 0.021248
0.117 0.118 0.018234
0.118 0.119 0.014204
0.119 0.120 0.012019
0.120 0.121 0.010372
0.121 0.122 0.008605
0.122 0.123 0.006782
0.123 0.124 0.004468
0.124 0.125 0.003214
0.125 0.126 0.001991
0.126 0.127 0.000548
0.127 0.128 0.000000
0.128 0.129 0.000000
0.129 0.130 0.000000
0.130 0.131 0.000000
0.131 0.132 0.000000
0.132 0.133 0.000000
0.133 0.134 0.000000
0.134 0.135 0.000000
0.135 0.136 0.000000
0.136 0.137 0.000000
0.137 0.138 0.000000
0.138 0.139 0.000000
0.139 0.140 0.000000
0.140 0.141 0.000000
0.141 0.142 0.000000
0.142 0.143 0.000000
0.143 0.144 0.000000
0.144 0.145 0.000000
0.145 0.146 0.000000
0.146 0.147 0.000000
0.147 0.148 0.000000
0.148 0.149 0.000000
0.149 0.150 0.000000
