1
0.000 0.001 0.000000
0.001 0.002 0.000000
0.002 0.003 0.000000
0.003 0.004 0.000000
0.004 0.005 0.000000
0.005 0.006 0.000000
0.006 0.007 0.000000
0.007 0.008 0.000000
0.008 0.009 0.000000
0.009 0.010 0.000000
0.010 0.011 0.000000
0.011 0.012 0.000000
0.012 0.013 0.000000
0.013 0.014 0.000000
0.014 0.015 0.000000
0.015 0.016 0.000000
0.016 0.017 0.000002
0.017 0.018 0.000022
0.018 0.019 0.000128
0.019 0.020 0.000548
0.020 0.021 0.001818
0.021 0.022 0.004908
0.022 0.023 0.011202
0.023 0.024 0.022395
0.024 0.025 0.040262
0.025 0.026 0.066065
0.026 0.027 0.100644
0.027 0.028 0.144233
0.028 0.029 0.196293
0.029 0.030 0.255993
0.030 0.031 0.321131
0.031 0.032 0.388785
0.032 0.033 0.458624
0.033 0.034 0.528394
0.034 0.035 0.596466
0.035 0.036 0.661862
0.036 0.037 0.720897
0.037 0.038 0.777468
0.038 0.039 0.829033
0.039 0.040 0.872570
0.040 0.041 0.909954
0.041 0.042 0.942270
0.042 0.043 0.966823
0.043 0.044 0.983253
0.044 0.045 0.997389
0.045 0.046 1.000000
0.046 0.047 0.999391
0.047 0.048 0.993584
0.048 0.049 0.979292
0.049 0.050 0.964652
0.050 0.051 0.947522
0.051 0.052 0.923844
0.052 0.053 0.898938
0.053 0.054 0.877341
0.054 0.055 0.849950
0.055 0.056 0.809932
0.056 0.057 0.767506
0.057 0.058 0.803351
0.058 0.059 0.895110
0.059 0.060 0.799989
0.060 0.061 0.645368
0.061 0.062 0.606736
0.062 0.063 0.572508
0.063 0.064 0.539219
0.064 0.065 0.504257
0.065 0.066 0.465502
0.066 0.067 0.475124
0.067 0.068 0.448487
0.068 0.069 0.374678
0.069 0.070 0.329415
0.070 0.071 0.285031
0.071 0.072 0.253907
0.072 0.073 0.224476
0.073 0.074 0.200963
0.074 0.075 0.177261
0.075 0.076 0.150640
0.076 0.077 0.131571
0.077 0.078 0.109323
0.078 0.079 0.083565
0.079 0.080 0.068859
0.080 0.081 0.055536
0.081 0.082 0.035852
0.082 0.083 0.024956
0.083 0.084 0.012599
0.084 0.085 0.003497
0.085 0.086 0.000000
0.086 0.087 0.000000
0.087 0.088 0.000000
0.088 0.089 0.000000
0.089 0.090 0.000000
0.090 0.091 0.000000
0.091 0.092 0.000000
0.092 0.093 0.000000
0.093 0.094 0.000000
0.094 0.095 0.000000
0.095 0.096 0.000000
0.096 0.097 0.000000
0.097 0.098 0.000000
0.098 0.099 0.000000
0.099 0.100 0.000000
0.100 0.101 0.000000
0.101 0.102 0.000000
0.102 0.103 0.000000
0.103 0.104 0.000000
0.104 0.105 0.000000
0.105 0.106 0.000000
0.106 0.107 0.000000
0.107 0.108 0.000000
0.108 0.109 0.000000
0.109 0.110 0.000000
0.110 0.111 0.000000
0.111 0.112 0.000000
0.112 0.113 0.000000
0.113 0.114 0.000000
0.114 0.115 0.000000
0.115 0.116 0.000000
0.116 0.117 0.000000
0.117 0.118 0.000000
0.118 0.119 0.000000
0.119 0.120 0.000000
0.120 0.121 0.000000
0.121 0.122 0.000000
0.122 0.123 0.000000
0.123 0.124 0.000000
0.124 0.125 0.000000
0.125 0.126 0.000000
0.126 0.127 0.000000
0.127 0.128 0.000000
0.128 0.129 0.000000
0.129 0.130 0.000000
0.130 0.131 0.000000
0.131 0.132 0.000000
0.132 0.133 0.000000
0.133 0.134 0.000000
0.134 0.135 0.000000
0.135 0.136 0.000000
0.136 0.137 0.000000
0.137 0.138 0.000000
0.138 0.139 0.000000
0.139 0.140 0.000000
0.140 0.141 0.000000
0.141 0.142 0.000000
0.142 0.143 0.000000
0.143 0.144 0.000000
0.144 0.145 0.000000
0.145 0.146 0.000000
0.146 0.147 0.000000
0.147 0.148 0.000000
0.148 0.149 0.000000
0.149 0.150 0.000000
