1
0.000 0.001 0.000000
0.001 0.002 0.000000
0.002 0.003 0.000000
0.003 0.004 0.000000
0.004 0.005 0.000000
0.005 0.006 0.000000
0.006 0.007 0.000000
0.007 0.008 0.000000
0.008 0.009 0.000000
0.009 0.010 0.000000
0.010 0.011 0.000000
0.011 0.012 0.000000
0.012 0.013 0.000000
0.013 0.014 0.000000
0.014 0.015 0.000000
0.015 0.016 0.000001
0.016 0.017 0.000006
0.017 0.018 0.000042
0.018 0.019 0.000193
0.019 0.020 0.000674
0.020 0.021 0.001896
0.021 0.022 0.004460
0.022 0.023 0.009099
0.023 0.024 0.016593
0.024 0.025 0.027613
0.025 0.026 0.042529
0.026 0.027 0.061328
0.027 0.028 0.084119
0.028 0.029 0.110500
0.029 0.030 0.139220
0.030 0.031 0.170131
0.031 0.032 0.202136
0.032 0.033 0.234535
0.033 0.034 0.266972
0.034 0.035 0.298490
0.035 0.036 0.328144
0.036 0.037 0.356330
0.037 0.038 0.383044
0.038 0.039 0.406137
0.039 0.040 0.427216
0.040 0.041 0.446140
0.041 0.042 0.462042
0.042 0.043 0.476519
0.043 0.044 0.488384
0.044 0.045 0.498880
0.045 0.046 0.505564
0.046 0.047 0.509684
0.047 0.048 0.515117
0.048 0.049 0.518106
0.049 0.050 0.516824
0.050 0.051 0.514936
0.051 0.052 0.514290
0.052 0.053 0.511620
0.053 0.054 0.506473
0.054 0.055 0.500558
0.055 0.056 0.495791
0.056 0.057 0.490301
0.057 0.058 0.664651
0.058 0.059 1.000000
0.059 0.060 0.808411
0.060 0.061 0.468180
0.061 0.062 0.459505
0.062 0.063 0.432896
0.063 0.064 0.422298
0.064 0.065 0.410823
0.065 0.066 0.400692
0.066 0.067 0.525972
0.067 0.068 0.516647
0.068 0.069 0.398156
0.069 0.070 0.356427
0.070 0.071 0.288501
0.071 0.072 0.281342
0.072 0.073 0.272362
0.073 0.074 0.266298
0.074 0.075 0.259890
0.075 0.076 0.252500
0.076 0.077 0.243220
0.077 0.078 0.235262
0.078 0.079 0.229716
0.079 0.080 0.223238
0.080 0.081 0.214384
0.081 0.082 0.206223
0.082 0.083 0.198805
0.083 0.084 0.191849
0.084 0.085 0.185593
0.085 0.086 0.179888
0.086 0.087 0.172731
0.087 0.088 0.167692
0.088 0.089 0.161407
0.089 0.090 0.153443
0.090 0.091 0.145765
0.091 0.092 0.137385
0.092 0.093 0.131653
0.093 0.094 0.128622
0.094 0.095 0.122882
0.095 0.096 0.117334
0.096 0.097 0.111469
0.097 0.098 0.104203
0.098 0.099 0.097646
0.099 0.100 0.091879
0.100 0.101 0.088074
0.101 0.102 0.083823
0.102 0.103 0.078254
0.103 0.104 0.073989
0.104 0.105 0.070154
0.105 0.106 0.065358
0.106 0.107 0.060884
0.107 0.108 0.055047
0.108 0.109 0.051368
0.109 0.110 0.047505
0.110 0.111 0.043772
0.111 0.112 0.040660
0.112 0.113 0.036448
0.113 0.114 0.032798
0.114 0.115 0.028960
0.115 0.116 0.025988
0.116 0.117 0.023174
0.117 0.118 0.020165
0.118 0.119 0.016116
0.119 0.120 0.013905
0.120 0.121 0.012282
0.121 0.122 0.010534
0.122 0.123 0.008735
0.123 0.124 0.006841
0.124 0.125 0.004350
0.125 0.126 0.003090
0.126 0.127 0.002028
0.127 0.128 0.000550
0.128 0.129 0.000000
0.129 0.130 0.000000
0.130 0.131 0.000000
0.131 0.132 0.000000
0.132 0.133 0.000000
0.133 0.134 0.000000
0.134 0.135 0.000000
0.135 0.136 0.000000
0.136 0.137 0.000000
0.137 0.138 0.000000
0.138 0.139 0.000000
0.139 0.140 0.000000
0.140 0.141 0.000000
0.141 0.142 0.000000
0.142 0.143 0.000000
0.143 0.144 0.000000
0.144 0.145 0.000000
0.145 0.146 0.000000
0.146 0.147 0.000000
0.147 0.148 0.000000
0.148 0.149 0.000000
0.149 0.150 0.000000
