1
0.000 0.001 0.000000
0.001 0.002 0.000000
0.002 0.003 0.000000
0.003 0.004 0.000000
0.004 0.005 0.000000
0.005 0.006 0.000000
0.006 0.007 0.000000
0.007 0.008 0.000000
0.008 0.009 0.000000
0.009 0.010 0.000000
0.010 0.011 0.000000
0.011 0.012 0.000000
0.012 0.013 0.000000
0.013 0.014 0.000000
0.014 0.015 0.000000
0.015 0.016 0.000005
0.016 0.017 0.000041
0.017 0.018 0.000219
0.018 0.019 0.000838
0.019 0.020 0.002500
0.020 0.021 0.006133
0.021 0.022 0.012869
0.022 0.023 0.023780
0.023 0.024 0.039559
0.024 0.025 0.061290
0.025 0.026 0.088704
0.026 0.027 0.121106
0.027 0.028 0.157998
0.028 0.029 0.198548
0.029 0.030 0.240861
0.030 0.031 0.283596
0.031 0.032 0.325916
0.032 0.033 0.367257
0.033 0.034 0.406247
0.034 0.035 0.442973
0.035 0.036 0.476674
0.036 0.037 0.506892
0.037 0.038 0.532240
0.038 0.039 0.551995
0.039 0.040 0.570350
0.040 0.041 0.583975
0.041 0.042 0.597294
0.042 0.043 0.608846
0.043 0.044 0.616447
0.044 0.045 0.622378
0.045 0.046 0.624953
0.046 0.047 0.622986
0.047 0.048 0.622296
0.048 0.049 0.620530
0.049 0.050 0.613289
0.050 0.051 0.604542
0.051 0.052 0.597292
0.052 0.053 0.589934
0.053 0.054 0.579226
0.054 0.055 0.566721
0.055 0.056 0.554543
0.056 0.057 0.546314
0.057 0.058 0.701135
0.058 0.059 1.000000
0.059 0.060 0.820725
0.060 0.061 0.507723
0.061 0.062 0.495394
0.062 0.063 0.467438
0.063 0.064 0.451933
0.064 0.065 0.436679
0.065 0.066 0.424137
0.066 0.067 0.531782
0.067 0.068 0.519068
0.068 0.069 0.407837
0.069 0.070 0.365033
0.070 0.071 0.300380
0.071 0.072 0.290666
0.072 0.073 0.279081
0.073 0.074 0.272845
0.074 0.075 0.265355
0.075 0.076 0.255417
0.076 0.077 0.243582
0.077 0.078 0.233365
0.078 0.079 0.226825
0.079 0.080 0.219131
0.080 0.081 0.208864
0.081 0.082 0.197369
0.082 0.083 0.187076
0.083 0.084 0.175780
0.084 0.085 0.168552
0.085 0.086 0.162357
0.086 0.087 0.154288
0.087 0.088 0.148361
0.088 0.089 0.142043
0.089 0.090 0.133584
0.090 0.091 0.124784
0.091 0.092 0.114778
0.092 0.093 0.107605
0.093 0.094 0.102633
0.094 0.095 0.094200
0.095 0.096 0.088822
0.096 0.097 0.082457
0.097 0.098 0.075022
0.098 0.099 0.067183
0.099 0.100 0.061588
0.100 0.101 0.058504
0.101 0.102 0.053549
0.102 0.103 0.046626
0.103 0.104 0.041026
0.104 0.105 0.035893
0.105 0.106 0.032338
0.106 0.107 0.028581
0.107 0.108 0.024118
0.108 0.109 0.020139
0.109 0.110 0.015905
0.110 0.111 0.011219
0.111 0.112 0.009281
0.112 0.113 0.006956
0.113 0.114 0.004854
0.114 0.115 0.001880
0.115 0.116 0.001089
0.116 0.117 0.000000
0.117 0.118 0.000000
0.118 0.119 0.000000
0.119 0.120 0.000000
0.120 0.121 0.000000
0.121 0.122 0.000000
0.122 0.123 0.000000
0.123 0.124 0.000000
0.124 0.125 0.000000
0.125 0.126 0.000000
0.126 0.127 0.000000
0.127 0.128 0.000000
0.128 0.129 0.000000
0.129 0.130 0.000000
0.130 0.131 0.000000
0.131 0.132 0.000000
0.132 0.133 0.000000
0.133 0.134 0.000000
0.134 0.135 0.000000
0.135 0.136 0.000000
0.136 0.137 0.000000
0.137 0.138 0.000000
0.138 0.139 0.000000
0.139 0.140 0.000000
0.140 0.141 0.000000
0.141 0.142 0.000000
0.142 0.143 0.000000
0.143 0.144 0.000000
0.144 0.145 0.000000
0.145 0.146 0.000000
0.146 0.147 0.000000
0.147 0.148 0.000000
0.148 0.149 0.000000
0.149 0.150 0.000000
