1
0.000 0.001 0.000000
0.001 0.002 0.000000
0.002 0.003 0.000000
0.003 0.004 0.000000
0.004 0.005 0.000000
0.005 0.006 0.000000
0.006 0.007 0.000000
0.007 0.008 0.000000
0.008 0.009 0.000000
0.009 0.010 0.000000
0.010 0.011 0.000000
0.011 0.012 0.000000
0.012 0.013 0.000000
0.013 0.014 0.000000
0.014 0.015 0.000000
0.015 0.016 0.000006
0.016 0.017 0.000046
0.017 0.018 0.000241
0.018 0.019 0.000929
0.019 0.020 0.002819
0.020 0.021 0.007064
0.021 0.022 0.015182
0.022 0.023 0.028754
0.023 0.024 0.049094
0.024 0.025 0.077323
0.025 0.026 0.113381
0.026 0.027 0.156661
0.027 0.028 0.206740
0.028 0.029 0.262139
0.029 0.030 0.320157
0.030 0.031 0.381794
0.031 0.032 0.442795
0.032 0.033 0.504509
0.033 0.034 0.562341
0.034 0.035 0.615987
0.035 0.036 0.666276
0.036 0.037 0.710404
0.037 0.038 0.747992
0.038 0.039 0.781201
0.039 0.040 0.810925
0.040 0.041 0.831540
0.041 0.042 0.848306
0.042 0.043 0.859608
0.043 0.044 0.863142
0.044 0.045 0.871171
0.045 0.046 0.871084
0.046 0.047 0.870870
0.047 0.048 0.865959
0.048 0.049 0.855404
0.049 0.050 0.842785
0.050 0.051 0.830663
0.051 0.052 0.816711
0.052 0.053 0.796317
0.053 0.054 0.775352
0.054 0.055 0.754071
0.055 0.056 0.729399
0.056 0.057 0.700724
0.057 0.058 0.798376
0.058 0.059 1.000000
0.059 0.060 0.862529
0.060 0.061 0.627354
0.061 0.062 0.602909
0.062 0.063 0.564883
0.063 0.064 0.537923
0.064 0.065 0.512696
0.065 0.066 0.487596
0.066 0.067 0.551124
0.067 0.068 0.526395
0.068 0.069 0.432650
0.069 0.070 0.387975
0.070 0.071 0.335269
0.071 0.072 0.319325
0.072 0.073 0.298515
0.073 0.074 0.281145
0.074 0.075 0.263214
0.075 0.076 0.243448
0.076 0.077 0.224179
0.077 0.078 0.202727
0.078 0.079 0.190819
0.079 0.080 0.178627
0.080 0.081 0.163821
0.081 0.082 0.146893
0.082 0.083 0.131997
0.083 0.084 0.118410
0.084 0.085 0.104292
0.085 0.086 0.088135
0.086 0.087 0.077389
0.087 0.088 0.066981
0.088 0.089 0.054904
0.089 0.090 0.044611
0.090 0.091 0.036370
0.091 0.092 0.024469
0.092 0.093 0.018763
0.093 0.094 0.012869
0.094 0.095 0.004915
0.095 0.096 0.003017
0.096 0.097 0.000000
0.097 0.098 0.000000
0.098 0.099 0.000000
0.099 0.100 0.000000
0.100 0.101 0.000000
0.101 0.102 0.000000
0.102 0.103 0.000000
0.103 0.104 0.000000
0.104 0.105 0.000000
0.105 0.106 0.000000
0.106 0.107 0.000000
0.107 0.108 0.000000
0.108 0.109 0.000000
0.109 0.110 0.000000
0.110 0.111 0.000000
0.111 0.112 0.000000
0.112 0.113 0.000000
0.113 0.114 0.000000
0.114 0.115 0.000000
0.115 0.116 0.000000
0.116 0.117 0.000000
0.117 0.118 0.000000
0.118 0.119 0.000000
0.119 0.120 0.000000
0.120 0.121 0.000000
0.121 0.122 0.000000
0.122 0.123 0.000000
0.123 0.124 0.000000
0.124 0.125 0.000000
0.125 0.126 0.000000
0.126 0.127 0.000000
0.127 0.128 0.000000
0.128 0.129 0.000000
0.129 0.130 0.000000
0.130 0.131 0.000000
0.131 0.132 0.000000
0.132 0.133 0.000000
0.133 0.134 0.000000
0.134 0.135 0.000000
0.135 0.136 0.000000
0.136 0.137 0.000000
0.137 0.138 0.000000
0.138 0.139 0.000000
0.139 0.140 0.000000
0.140 0.141 0.000000
0.141 0.142 0.000000
0.142 0.143 0.000000
0.143 0.144 0.000000
0.144 0.145 0.000000
0.145 0.146 0.000000
0.146 0.147 0.000000
0.147 0.148 0.000000
0.148 0.149 0.000000
0.149 0.150 0.000000
