1
0.000 0.001 0.000000
0.001 0.002 0.000000
0.002 0.003 0.000000
0.003 0.004 0.000000
0.004 0.005 0.000000
0.005 0.006 0.000000
0.006 0.007 0.000000
0.007 0.008 0.000000
0.008 0.009 0.000000
0.009 0.010 0.000000
0.010 0.011 0.000000
0.011 0.012 0.000000
0.012 0.013 0.000000
0.013 0.014 0.000000
0.014 0.015 0.000000
0.015 0.016 0.000000
0.016 0.017 0.000002
0.017 0.018 0.000015
0.018 0.019 0.000074
0.019 0.020 0.000281
0.020 0.021 0.000852
0.021 0.022 0.002167
0.022 0.023 0.004744
0.023 0.024 0.009200
0.024 0.025 0.016218
0.025 0.026 0.026270
0.026 0.027 0.039647
0.027 0.028 0.056784
0.028 0.029 0.077547
0.029 0.030 0.101082
0.030 0.031 0.127174
0.031 0.032 0.155831
0.032 0.033 0.185965
0.033 0.034 0.216309
0.034 0.035 0.247023
0.035 0.036 0.278658
0.036 0.037 0.309659
0.037 0.038 0.336262
0.038 0.039 0.360285
0.039 0.040 0.384975
0.040 0.041 0.407337
0.041 0.042 0.426217
0.042 0.043 0.445389
0.043 0.044 0.460133
0.044 0.045 0.474023
0.045 0.046 0.487274
0.046 0.047 0.493617
0.047 0.048 0.502312
0.048 0.049 0.511591
0.049 0.050 0.513347
0.050 0.051 0.513486
0.051 0.052 0.516586
0.052 0.053 0.520835
0.053 0.054 0.519968
0.054 0.055 0.515023
0.055 0.056 0.513515
0.056 0.057 0.514427
0.057 0.058 0.681669
0.058 0.059 1.000000
0.059 0.060 0.818356
0.060 0.061 0.493438
0.061 0.062 0.486691
0.062 0.063 0.464280
0.063 0.064 0.452623
0.064 0.065 0.441946
0.065 0.066 0.435147
0.066 0.067 0.556300
0.067 0.068 0.547129
0.068 0.069 0.432253
0.069 0.070 0.391176
0.070 0.071 0.326468
0.071 0.072 0.316509
0.072 0.073 0.304679
0.073 0.074 0.302210
0.074 0.075 0.297802
0.075 0.076 0.287707
0.076 0.077 0.274891
0.077 0.078 0.265401
0.078 0.079 0.261236
0.079 0.080 0.254959
0.080 0.081 0.245463
0.081 0.082 0.234900
0.082 0.083 0.224507
0.083 0.084 0.212987
0.084 0.085 0.203900
0.085 0.086 0.196486
0.086 0.087 0.187431
0.087 0.088 0.180420
0.088 0.089 0.173860
0.089 0.090 0.163650
0.090 0.091 0.150566
0.091 0.092 0.138616
0.092 0.093 0.129953
0.093 0.094 0.123244
0.094 0.095 0.114016
0.095 0.096 0.105441
0.096 0.097 0.094483
0.097 0.098 0.082409
0.098 0.099 0.068417
0.099 0.100 0.059184
0.100 0.101 0.055131
0.101 0.102 0.046643
0.102 0.103 0.035612
0.103 0.104 0.026147
0.104 0.105 0.019118
0.105 0.106 0.011493
0.106 0.107 0.005464
0.107 0.108 0.000688
0.108 0.109 0.000000
0.109 0.110 0.000000
0.110 0.111 0.000000
0.111 0.112 0.000000
0.112 0.113 0.000000
0.113 0.114 0.000000
0.114 0.115 0.000000
0.115 0.116 0.000000
0.116 0.117 0.000000
0.117 0.118 0.000000
0.118 0.119 0.000000
0.119 0.120 0.000000
0.120 0.121 0.000000
0.121 0.122 0.000000
0.122 0.123 0.000000
0.123 0.124 0.000000
0.124 0.125 0.000000
0.125 0.126 0.000000
0.126 0.127 0.000000
0.127 0.128 0.000000
0.128 0.129 0.000000
0.129 0.130 0.000000
0.130 0.131 0.000000
0.131 0.132 0.000000
0.132 0.133 0.000000
0.133 0.134 0.000000
0.134 0.135 0.000000
0.135 0.136 0.000000
0.136 0.137 0.000000
0.137 0.138 0.000000
0.138 0.139 0.000000
0.139 0.140 0.000000
0.140 0.141 0.000000
0.141 0.142 0.000000
0.142 0.143 0.000000
0.143 0.144 0.000000
0.144 0.145 0.000000
0.145 0.146 0.000000
0.146 0.147 0.000000
0.147 0.148 0.000000
0.148 0.149 0.000000
0.149 0.150 0.000000
