1
0.000 0.001 0.000000
0.001 0.002 0.000000
0.002 0.003 0.000000
0.003 0.004 0.000000
0.004 0.005 0.000000
0.005 0.006 0.000000
0.006 0.007 0.000000
0.007 0.008 0.000000
0.008 0.009 0.000000
0.009 0.010 0.000000
0.010 0.011 0.000000
0.011 0.012 0.000000
0.012 0.013 0.000000
0.013 0.014 0.000000
0.014 0.015 0.000000
0.015 0.016 0.000000
0.016 0.017 0.000000
0.017 0.018 0.000001
0.018 0.019 0.000005
0.019 0.020 0.000028
0.020 0.021 0.000118
0.021 0.022 0.000386
0.022 0.023 0.001050
0.023 0.024 0.002453
0.024 0.025 0.005065
0.025 0.026 0.009404
0.026 0.027 0.015968
0.027 0.028 0.025293
0.028 0.029 0.037755
0.029 0.030 0.053247
0.030 0.031 0.071886
0.031 0.032 0.093327
0.032 0.033 0.117329
0.033 0.034 0.143336
0.034 0.035 0.170646
0.035 0.036 0.198888
0.036 0.037 0.227623
0.037 0.038 0.256160
0.038 0.039 0.283293
0.039 0.040 0.309821
0.040 0.041 0.335086
0.041 0.042 0.358002
0.042 0.043 0.380068
0.043 0.044 0.399998
0.044 0.045 0.418528
0.045 0.046 0.433623
0.046 0.047 0.445676
0.047 0.048 0.458391
0.048 0.049 0.468942
0.049 0.050 0.474935
0.050 0.051 0.479698
0.051 0.052 0.484823
0.052 0.053 0.488540
0.053 0.054 0.489749
0.054 0.055 0.489808
0.055 0.056 0.489858
0.056 0.057 0.488702
0.057 0.058 0.663214
0.058 0.059 1.000000
0.059 0.060 0.817384
0.060 0.061 0.480326
0.061 0.062 0.473531
0.062 0.063 0.447784
0.063 0.064 0.439948
0.064 0.065 0.430795
0.065 0.066 0.422922
0.066 0.067 0.556237
0.067 0.068 0.549405
0.068 0.069 0.427241
0.069 0.070 0.384908
0.070 0.071 0.315452
0.071 0.072 0.307592
0.072 0.073 0.297642
0.073 0.074 0.291301
0.074 0.075 0.283391
0.075 0.076 0.276471
0.076 0.077 0.267388
0.077 0.078 0.259689
0.078 0.079 0.254882
0.079 0.080 0.248827
0.080 0.081 0.240407
0.081 0.082 0.230722
0.082 0.083 0.222057
0.083 0.084 0.213888
0.084 0.085 0.206343
0.085 0.086 0.198632
0.086 0.087 0.191318
0.087 0.088 0.186500
0.088 0.089 0.180359
0.089 0.090 0.172086
0.090 0.091 0.164516
0.091 0.092 0.154378
0.092 0.093 0.147380
0.093 0.094 0.143478
0.094 0.095 0.136335
0.095 0.096 0.128707
0.096 0.097 0.122610
0.097 0.098 0.114896
0.098 0.099 0.107805
0.099 0.100 0.102136
0.100 0.101 0.097647
0.101 0.102 0.092337
0.102 0.103 0.085255
0.103 0.104 0.079729
0.104 0.105 0.074329
0.105 0.106 0.069548
0.106 0.107 0.065029
0.107 0.108 0.059448
0.108 0.109 0.054708
0.109 0.110 0.049675
0.110 0.111 0.044877
0.111 0.112 0.040328
0.112 0.113 0.036205
0.113 0.114 0.032735
0.114 0.115 0.029422
0.115 0.116 0.025554
0.116 0.117 0.021997
0.117 0.118 0.017694
0.118 0.119 0.013881
0.119 0.120 0.011937
0.120 0.121 0.010957
0.121 0.122 0.008648
0.122 0.123 0.005742
0.123 0.124 0.004283
0.124 0.125 0.002701
0.125 0.126 0.000700
0.126 0.127 0.000000
0.127 0.128 0.000000
0.128 0.129 0.000000
0.129 0.130 0.000000
0.130 0.131 0.000000
0.131 0.132 0.000000
0.132 0.133 0.000000
0.133 0.134 0.000000
0.134 0.135 0.000000
0.135 0.136 0.000000
0.136 0.137 0.000000
0.137 0.138 0.000000
0.138 0.139 0.000000
0.139 0.140 0.000000
0.140 0.141 0.000000
0.141 0.142 0.000000
0.142 0.143 0.000000
0.143 0.144 0.000000
0.144 0.145 0.000000
0.145 0.146 0.000000
0.146 0.147 0.000000
0.147 0.148 0.000000
0.148 0.149 0.000000
0.149 0.150 0.000000
