1
0.000 0.001 0.000000
0.001 0.002 0.000000
0.002 0.003 0.000000
0.003 0.004 0.000000
0.004 0.005 0.000000
0.005 0.006 0.000000
0.006 0.007 0.000000
0.007 0.008 0.000000
0.008 0.009 0.000000
0.009 0.010 0.000000
0.010 0.011 0.000000
0.011 0.012 0.000000
0.012 0.013 0.000000
0.013 0.014 0.000000
0.014 0.015 0.000000
0.015 0.016 0.000000
0.016 0.017 0.000000
0.017 0.018 0.000003
0.018 0.019 0.000019
0.019 0.020 0.000095
0.020 0.021 0.000357
0.021 0.022 0.001080
0.022 0.023 0.002726
0.023 0.024 0.005953
0.024 0.025 0.011565
0.025 0.026 0.020334
0.026 0.027 0.032829
0.027 0.028 0.049651
0.028 0.029 0.070993
0.029 0.030 0.097006
0.030 0.031 0.126821
0.031 0.032 0.160021
0.032 0.033 0.195985
0.033 0.034 0.233410
0.034 0.035 0.271892
0.035 0.036 0.310856
0.036 0.037 0.349176
0.037 0.038 0.384099
0.038 0.039 0.416272
0.039 0.040 0.448141
0.040 0.041 0.476282
0.041 0.042 0.501098
0.042 0.043 0.522849
0.043 0.044 0.543318
0.044 0.045 0.561997
0.045 0.046 0.577433
0.046 0.047 0.587965
0.047 0.048 0.597815
0.048 0.049 0.605812
0.049 0.050 0.608234
0.050 0.051 0.608723
0.051 0.052 0.609444
0.052 0.053 0.608857
0.053 0.054 0.604500
0.054 0.055 0.596771
0.055 0.056 0.589197
0.056 0.057 0.580802
0.057 0.058 0.723505
0.058 0.059 1.000000
0.059 0.060 0.839333
0.060 0.061 0.550161
0.061 0.062 0.538828
0.062 0.063 0.512334
0.063 0.064 0.496091
0.064 0.065 0.480818
0.065 0.066 0.467685
0.066 0.067 0.570440
0.067 0.068 0.556967
0.068 0.069 0.445370
0.069 0.070 0.399031
0.070 0.071 0.337873
0.071 0.072 0.326305
0.072 0.073 0.311595
0.073 0.074 0.304390
0.074 0.075 0.295638
0.075 0.076 0.282384
0.076 0.077 0.267296
0.077 0.078 0.254307
0.078 0.079 0.245531
0.079 0.080 0.235475
0.080 0.081 0.221090
0.081 0.082 0.209321
0.082 0.083 0.198183
0.083 0.084 0.186614
0.084 0.085 0.176595
0.085 0.086 0.167835
0.086 0.087 0.157357
0.087 0.088 0.148383
0.088 0.089 0.139208
0.089 0.090 0.128070
0.090 0.091 0.114344
0.091 0.092 0.104645
0.092 0.093 0.097273
0.093 0.094 0.091178
0.094 0.095 0.083309
0.095 0.096 0.075922
0.096 0.097 0.066778
0.097 0.098 0.056887
0.098 0.099 0.044984
0.099 0.100 0.039445
0.100 0.101 0.037043
0.101 0.102 0.031987
0.102 0.103 0.025380
0.103 0.104 0.019649
0.104 0.105 0.013846
0.105 0.106 0.010732
0.106 0.107 0.007432
0.107 0.108 0.002759
0.108 0.109 0.001639
0.109 0.110 0.000000
0.110 0.111 0.000000
0.111 0.112 0.000000
0.112 0.113 0.000000
0.113 0.114 0.000000
0.114 0.115 0.000000
0.115 0.116 0.000000
0.116 0.117 0.000000
0.117 0.118 0.000000
0.118 0.119 0.000000
0.119 0.120 0.000000
0.120 0.121 0.000000
0.121 0.122 0.000000
0.122 0.123 0.000000
0.123 0.124 0.000000
0.124 0.125 0.000000
0.125 0.126 0.000000
0.126 0.127 0.000000
0.127 0.128 0.000000
0.128 0.129 0.000000
0.129 0.130 0.000000
0.130 0.131 0.000000
0.131 0.132 0.000000
0.132 0.133 0.000000
0.133 0.134 0.000000
0.134 0.135 0.000000
0.135 0.136 0.000000
0.136 0.137 0.000000
0.137 0.138 0.000000
0.138 0.139 0.000000
0.139 0.140 0.000000
0.140 0.141 0.000000
0.141 0.142 0.000000
0.142 0.143 0.000000
0.143 0.144 0.000000
0.144 0.145 0.000000
0.145 0.146 0.000000
0.146 0.147 0.000000
0.147 0.148 0.000000
0.148 0.149 0.000000
0.149 0.150 0.000000
