1
0.000 0.001 0.000000
0.001 0.002 0.000000
0.002 0.003 0.000000
0.003 0.004 0.000000
0.004 0.005 0.000000
0.005 0.006 0.000000
0.006 0.007 0.000000
0.007 0.008 0.000000
0.008 0.009 0.000000
0.009 0.010 0.000000
0.010 0.011 0.000000
0.011 0.012 0.000000
0.012 0.013 0.000000
0.013 0.014 0.000001
0.014 0.015 0.000014
0.015 0.016 0.000087
0.016 0.017 0.000369
0.017 0.018 0.001182
0.018 0.019 0.003055
0.019 0.020 0.006706
0.020 0.021 0.012920
0.021 0.022 0.022352
0.022 0.023 0.035440
0.023 0.024 0.052382
0.024 0.025 0.073033
0.025 0.026 0.096791
0.026 0.027 0.123182
0.027 0.028 0.151743
0.028 0.029 0.181542
0.029 0.030 0.211384
0.030 0.031 0.240991
0.031 0.032 0.269630
0.032 0.033 0.297468
0.033 0.034 0.323586
0.034 0.035 0.347216
0.035 0.036 0.368798
0.036 0.037 0.388416
0.037 0.038 0.406666
0.038 0.039 0.421267
0.039 0.040 0.433510
0.040 0.041 0.444090
0.041 0.042 0.452580
0.042 0.043 0.460040
0.043 0.044 0.465149
0.044 0.045 0.469671
0.045 0.046 0.471035
0.046 0.047 0.471282
0.047 0.048 0.473045
0.048 0.049 0.471892
0.049 0.050 0.467750
0.050 0.051 0.464750
0.051 0.052 0.462755
0.052 0.053 0.457827
0.053 0.054 0.451824
0.054 0.055 0.446140
0.055 0.056 0.441418
0.056 0.057 0.436902
0.057 0.058 0.630878
0.058 0.059 1.000000
0.059 0.060 0.791045
0.060 0.061 0.421791
0.061 0.062 0.414434
0.062 0.063 0.387298
0.063 0.064 0.379352
0.064 0.065 0.370773
0.065 0.066 0.362139
0.066 0.067 0.497517
0.067 0.068 0.489716
0.068 0.069 0.368251
0.069 0.070 0.328908
0.070 0.071 0.261029
0.071 0.072 0.255669
0.072 0.073 0.248654
0.073 0.074 0.243198
0.074 0.075 0.238423
0.075 0.076 0.232878
0.076 0.077 0.225760
0.077 0.078 0.220211
0.078 0.079 0.215701
0.079 0.080 0.210941
0.080 0.081 0.205648
0.081 0.082 0.199063
0.082 0.083 0.192310
0.083 0.084 0.185911
0.084 0.085 0.180405
0.085 0.086 0.175069
0.086 0.087 0.170073
0.087 0.088 0.165960
0.088 0.089 0.160440
0.089 0.090 0.154242
0.090 0.091 0.148654
0.091 0.092 0.141572
0.092 0.093 0.135940
0.093 0.094 0.132174
0.094 0.095 0.126405
0.095 0.096 0.122043
0.096 0.097 0.117698
0.097 0.098 0.112102
0.098 0.099 0.106714
0.099 0.100 0.102669
0.100 0.101 0.099024
0.101 0.102 0.094600
0.102 0.103 0.089646
0.103 0.104 0.086350
0.104 0.105 0.082579
0.105 0.106 0.078165
0.106 0.107 0.074385
0.107 0.108 0.069994
0.108 0.109 0.066487
0.109 0.110 0.063014
0.110 0.111 0.059953
0.111 0.112 0.057018
0.112 0.113 0.053079
0.113 0.114 0.049400
0.114 0.115 0.046591
0.115 0.116 0.043666
0.116 0.117 0.040290
0.117 0.118 0.037185
0.118 0.119 0.034172
0.119 0.120 0.031690
0.120 0.121 0.030085
0.121 0.122 0.027846
0.122 0.123 0.025633
0.123 0.124 0.023072
0.124 0.125 0.020796
0.125 0.126 0.018500
0.126 0.127 0.016673
0.127 0.128 0.014430
0.128 0.129 0.012271
0.129 0.130 0.010762
0.130 0.131 0.009076
0.131 0.132 0.008087
0.132 0.133 0.006708
0.133 0.134 0.004871
0.134 0.135 0.003768
0.135 0.136 0.002758
0.136 0.137 0.001602
0.137 0.138 0.000958
0.138 0.139 0.000221
0.139 0.140 0.000000
0.140 0.141 0.000000
0.141 0.142 0.000000
0.142 0.143 0.000000
0.143 0.144 0.000000
0.144 0.145 0.000000
0.145 0.146 0.000000
0.146 0.147 0.000000
0.147 0.148 0.000000
0.148 0.149 0.000000
0.149 0.150 0.000000
