1
0.000 0.001 0.000000
0.001 0.002 0.000000
0.002 0.003 0.000000
0.003 0.004 0.000000
0.004 0.005 0.000000
0.005 0.006 0.000000
0.006 0.007 0.000000
0.007 0.008 0.000000
0.008 0.009 0.000000
0.009 0.010 0.000000
0.010 0.011 0.000000
0.011 0.012 0.000000
0.012 0.013 0.000000
0.013 0.014 0.000000
0.014 0.015 0.000000
0.015 0.016 0.000000
0.016 0.017 0.000000
0.017 0.018 0.000000
0.018 0.019 0.000000
0.019 0.020 0.000000
0.020 0.021 0.000001
0.021 0.022 0.000008
0.022 0.023 0.000039
0.023 0.024 0.000152
0.024 0.025 0.000482
0.025 0.026 0.001289
0.026 0.027 0.002989
0.027 0.028 0.006192
0.028 0.029 0.011663
0.029 0.030 0.020167
0.030 0.031 0.032500
0.031 0.032 0.049144
0.032 0.033 0.070798
0.033 0.034 0.097476
0.034 0.035 0.128755
0.035 0.036 0.164551
0.036 0.037 0.203694
0.037 0.038 0.246023
0.038 0.039 0.291261
0.039 0.040 0.338185
0.040 0.041 0.384272
0.041 0.042 0.430092
0.042 0.043 0.474674
0.043 0.044 0.517478
0.044 0.045 0.558388
0.045 0.046 0.591867
0.046 0.047 0.624119
0.047 0.048 0.651565
0.048 0.049 0.674774
0.049 0.050 0.693921
0.050 0.051 0.711505
0.051 0.052 0.725710
0.052 0.053 0.730459
0.053 0.054 0.733577
0.054 0.055 0.733396
0.055 0.056 0.729691
0.056 0.057 0.720446
0.057 0.058 0.812986
0.058 0.059 1.000000
0.059 0.060 0.892620
0.060 0.061 0.687431
0.061 0.062 0.664683
0.062 0.063 0.634642
0.063 0.064 0.613845
0.064 0.065 0.592129
0.065 0.066 0.567130
0.066 0.067 0.632069
0.067 0.068 0.609337
0.068 0.069 0.510615
0.069 0.070 0.460657
0.070 0.071 0.403921
0.071 0.072 0.384117
0.072 0.073 0.356848
0.073 0.074 0.328828
0.074 0.075 0.307059
0.075 0.076 0.285064
0.076 0.077 0.263700
0.077 0.078 0.240114
0.078 0.079 0.214882
0.079 0.080 0.198095
0.080 0.081 0.178514
0.081 0.082 0.154855
0.082 0.083 0.134619
0.083 0.084 0.114223
0.084 0.085 0.098978
0.085 0.086 0.083336
0.086 0.087 0.065559
0.087 0.088 0.045657
0.088 0.089 0.031961
0.089 0.090 0.018203
0.090 0.091 0.012903
0.091 0.092 0.003544
0.092 0.093 0.000000
0.093 0.094 0.000000
0.094 0.095 0.000000
0.095 0.096 0.000000
0.096 0.097 0.000000
0.097 0.098 0.000000
0.098 0.099 0.000000
0.099 0.100 0.000000
0.100 0.101 0.000000
0.101 0.102 0.000000
0.102 0.103 0.000000
0.103 0.104 0.000000
0.104 0.105 0.000000
0.105 0.106 0.000000
0.106 0.107 0.000000
0.107 0.108 0.000000
0.108 0.109 0.000000
0.109 0.110 0.000000
0.110 0.111 0.000000
0.111 0.112 0.000000
0.112 0.113 0.000000
0.113 0.114 0.000000
0.114 0.115 0.000000
0.115 0.116 0.000000
0.116 0.117 0.000000
0.117 0.118 0.000000
0.118 0.119 0.000000
0.119 0.120 0.000000
0.120 0.121 0.000000
0.121 0.122 0.000000
0.122 0.123 0.000000
0.123 0.124 0.000000
0.124 0.125 0.000000
0.125 0.126 0.000000
0.126 0.127 0.000000
0.127 0.128 0.000000
0.128 0.129 0.000000
0.129 0.130 0.000000
0.130 0.131 0.000000
0.131 0.132 0.000000
0.132 0.133 0.000000
0.133 0.134 0.000000
0.134 0.135 0.000000
0.135 0.136 0.000000
0.136 0.137 0.000000
0.137 0.138 0.000000
0.138 0.139 0.000000
0.139 0.140 0.000000
0.140 0.141 0.000000
0.141 0.142 0.000000
0.142 0.143 0.000000
0.143 0.144 0.000000
0.144 0.145 0.000000
0.145 0.146 0.000000
0.146 0.147 0.000000
0.147 0.148 0.000000
0.148 0.149 0.000000
0.149 0.150 0.000000
