1
0.000 0.001 0.000000
0.001 0.002 0.000000
0.002 0.003 0.000000
0.003 0.004 0.000000
0.004 0.005 0.000000
0.005 0.006 0.000000
0.006 0.007 0.000000
0.007 0.008 0.000000
0.008 0.009 0.000000
0.009 0.010 0.000000
0.010 0.011 0.000000
0.011 0.012 0.000000
0.012 0.013 0.000000
0.013 0.014 0.000000
0.014 0.015 0.000000
0.015 0.016 0.000000
0.016 0.017 0.000002
0.017 0.018 0.000012
0.018 0.019 0.000057
0.019 0.020 0.000214
0.020 0.021 0.000650
0.021 0.022 0.001643
0.022 0.023 0.003602
0.023 0.024 0.007025
0.024 0.025 0.012421
0.025 0.026 0.020182
0.026 0.027 0.030614
0.027 0.028 0.044078
0.028 0.029 0.060385
0.029 0.030 0.078971
0.030 0.031 0.100159
0.031 0.032 0.122966
0.032 0.033 0.146907
0.033 0.034 0.172329
0.034 0.035 0.198143
0.035 0.036 0.222295
0.036 0.037 0.247002
0.037 0.038 0.272549
0.038 0.039 0.293997
0.039 0.040 0.313966
0.040 0.041 0.333715
0.041 0.042 0.350164
0.042 0.043 0.366541
0.043 0.044 0.382015
0.044 0.045 0.395705
0.045 0.046 0.406097
0.046 0.047 0.413725
0.047 0.048 0.423175
0.048 0.049 0.431391
0.049 0.050 0.435407
0.050 0.051 0.437273
0.051 0.052 0.440652
0.052 0.053 0.443723
0.053 0.054 0.443259
0.054 0.055 0.442309
0.055 0.056 0.443716
0.056 0.057 0.443517
0.057 0.058 0.634547
0.058 0.059 1.000000
0.059 0.060 0.801701
0.060 0.061 0.440976
0.061 0.062 0.436383
0.062 0.063 0.412762
0.063 0.064 0.406215
0.064 0.065 0.397720
0.065 0.066 0.391787
0.066 0.067 0.533599
0.067 0.068 0.528073
0.068 0.069 0.404560
0.069 0.070 0.363544
0.070 0.071 0.292837
0.071 0.072 0.287209
0.072 0.073 0.280810
0.073 0.074 0.276850
0.074 0.075 0.271950
0.075 0.076 0.267079
0.076 0.077 0.259654
0.077 0.078 0.253267
0.078 0.079 0.250282
0.079 0.080 0.245561
0.080 0.081 0.238063
0.081 0.082 0.230123
0.082 0.083 0.223675
0.083 0.084 0.218038
0.084 0.085 0.212669
0.085 0.086 0.207879
0.086 0.087 0.200568
0.087 0.088 0.196753
0.088 0.089 0.191812
0.089 0.090 0.184057
0.090 0.091 0.177593
0.091 0.092 0.167218
0.092 0.093 0.160974
0.093 0.094 0.158962
0.094 0.095 0.152638
0.095 0.096 0.146353
0.096 0.097 0.139941
0.097 0.098 0.131601
0.098 0.099 0.124563
0.099 0.100 0.118400
0.100 0.101 0.113117
0.101 0.102 0.107681
0.102 0.103 0.099730
0.103 0.104 0.093881
0.104 0.105 0.089314
0.105 0.106 0.083373
0.106 0.107 0.077506
0.107 0.108 0.070127
0.108 0.109 0.063846
0.109 0.110 0.056836
0.110 0.111 0.050452
0.111 0.112 0.045421
0.112 0.113 0.038853
0.113 0.114 0.033395
0.114 0.115 0.027677
0.115 0.116 0.021023
0.116 0.117 0.014675
0.117 0.118 0.009186
0.118 0.119 0.003482
0.119 0.120 0.000351
0.120 0.121 0.000000
0.121 0.122 0.000000
0.122 0.123 0.000000
0.123 0.124 0.000000
0.124 0.125 0.000000
0.125 0.126 0.000000
0.126 0.127 0.000000
0.127 0.128 0.000000
0.128 0.129 0.000000
0.129 0.130 0.000000
0.130 0.131 0.000000
0.131 0.132 0.000000
0.132 0.133 0.000000
0.133 0.134 0.000000
0.134 0.135 0.000000
0.135 0.136 0.000000
0.136 0.137 0.000000
0.137 0.138 0.000000
0.138 0.139 0.000000
0.139 0.140 0.000000
0.140 0.141 0.000000
0.141 0.142 0.000000
0.142 0.143 0.000000
0.143 0.144 0.000000
0.144 0.145 0.000000
0.145 0.146 0.000000
0.146 0.147 0.000000
0.147 0.148 0.000000
0.148 0.149 0.000000
0.149 0.150 0.000000
