1
0.000 0.001 0.000000
0.001 0.002 0.000000
0.002 0.003 0.000000
0.003 0.004 0.000000
0.004 0.005 0.000000
0.005 0.006 0.000000
0.006 0.007 0.000000
0.007 0.008 0.000000
0.008 0.009 0.000000
0.009 0.010 0.000000
0.010 0.011 0.000000
0.011 0.012 0.000000
0.012 0.013 0.000000
0.013 0.014 0.000000
0.014 0.015 0.000000
0.015 0.016 0.000000
0.016 0.017 0.000000
0.017 0.018 0.000001
0.018 0.019 0.000005
0.019 0.020 0.000031
0.020 0.021 0.000133
0.021 0.022 0.000448
0.022 0.023 0.001245
0.023 0.024 0.002947
0.024 0.025 0.006138
0.025 0.026 0.011450
0.026 0.027 0.019487
0.027 0.028 0.030923
0.028 0.029 0.046169
0.029 0.030 0.065138
0.030 0.031 0.087565
0.031 0.032 0.113357
0.032 0.033 0.142591
0.033 0.034 0.173761
0.034 0.035 0.206148
0.035 0.036 0.240491
0.036 0.037 0.274501
0.037 0.038 0.305784
0.038 0.039 0.337385
0.039 0.040 0.369786
0.040 0.041 0.398245
0.041 0.042 0.424530
0.042 0.043 0.450572
0.043 0.044 0.473115
0.044 0.045 0.493838
0.045 0.046 0.511979
0.046 0.047 0.526019
0.047 0.048 0.539465
0.048 0.049 0.551717
0.049 0.050 0.557363
0.050 0.051 0.563242
0.051 0.052 0.571153
0.052 0.053 0.574831
0.053 0.054 0.574646
0.054 0.055 0.573016
0.055 0.056 0.572392
0.056 0.057 0.571651
0.057 0.058 0.718365
0.058 0.059 1.000000
0.059 0.060 0.841629
0.060 0.061 0.554155
0.061 0.062 0.545001
0.062 0.063 0.519157
0.063 0.064 0.505657
0.064 0.065 0.494274
0.065 0.066 0.485240
0.066 0.067 0.594165
0.067 0.068 0.584350
0.068 0.069 0.472960
0.069 0.070 0.429316
0.070 0.071 0.367568
0.071 0.072 0.356763
0.072 0.073 0.342260
0.073 0.074 0.334772
0.074 0.075 0.325768
0.075 0.076 0.311007
0.076 0.077 0.295099
0.077 0.078 0.282448
0.078 0.079 0.274610
0.079 0.080 0.264567
0.080 0.081 0.250600
0.081 0.082 0.234901
0.082 0.083 0.219746
0.083 0.084 0.204130
0.084 0.085 0.190355
0.085 0.086 0.178025
0.086 0.087 0.163922
0.087 0.088 0.150561
0.088 0.089 0.135916
0.089 0.090 0.120800
0.090 0.091 0.106247
0.091 0.092 0.091278
0.092 0.093 0.079884
0.093 0.094 0.067760
0.094 0.095 0.057187
0.095 0.096 0.046370
0.096 0.097 0.035365
0.097 0.098 0.026389
0.098 0.099 0.016444
0.099 0.100 0.009782
0.100 0.101 0.005845
0.101 0.102 0.001049
0.102 0.103 0.000000
0.103 0.104 0.000000
0.104 0.105 0.000000
0.105 0.106 0.000000
0.106 0.107 0.000000
0.107 0.108 0.000000
0.108 0.109 0.000000
0.109 0.110 0.000000
0.110 0.111 0.000000
0.111 0.112 0.000000
0.112 0.113 0.000000
0.113 0.114 0.000000
0.114 0.115 0.000000
0.115 0.116 0.000000
0.116 0.117 0.000000
0.117 0.118 0.000000
0.118 0.119 0.000000
0.119 0.120 0.000000
0.120 0.121 0.000000
0.121 0.122 0.000000
0.122 0.123 0.000000
0.123 0.124 0.000000
0.124 0.125 0.000000
0.125 0.126 0.000000
0.126 0.127 0.000000
0.127 0.128 0.000000
0.128 0.129 0.000000
0.129 0.130 0.000000
0.130 0.131 0.000000
0.131 0.132 0.000000
0.132 0.133 0.000000
0.133 0.134 0.000000
0.134 0.135 0.000000
0.135 0.136 0.000000
0.136 0.137 0.000000
0.137 0.138 0.000000
0.138 0.139 0.000000
0.139 0.140 0.000000
0.140 0.141 0.000000
0.141 0.142 0.000000
0.142 0.143 0.000000
0.143 0.144 0.000000
0.144 0.145 0.000000
0.145 0.146 0.000000
0.146 0.147 0.000000
0.147 0.148 0.000000
0.148 0.149 0.000000
0.149 0.150 0.000000
