1
0.000 0.001 0.000000
0.001 0.002 0.000000
0.002 0.003 0.000000
0.003 0.004 0.000000
0.004 0.005 0.000000
0.005 0.006 0.000000
0.006 0.007 0.000000
0.007 0.008 0.000000
0.008 0.009 0.000000
0.009 0.010 0.000000
0.010 0.011 0.000000
0.011 0.012 0.000000
0.012 0.013 0.000000
0.013 0.014 0.000000
0.014 0.015 0.000000
0.015 0.016 0.000000
0.016 0.017 0.000000
0.017 0.018 0.000001
0.018 0.019 0.000007
0.019 0.020 0.000037
0.020 0.021 0.000154
0.021 0.022 0.000506
0.022 0.023 0.001374
0.023 0.024 0.003199
0.024 0.025 0.006574
0.025 0.026 0.012125
0.026 0.027 0.020459
0.027 0.028 0.032259
0.028 0.029 0.047889
0.029 0.030 0.067308
0.030 0.031 0.090273
0.031 0.032 0.116453
0.032 0.033 0.145956
0.033 0.034 0.177420
0.034 0.035 0.210150
0.035 0.036 0.244888
0.036 0.037 0.279284
0.037 0.038 0.310661
0.038 0.039 0.342347
0.039 0.040 0.375102
0.040 0.041 0.403652
0.041 0.042 0.430042
0.042 0.043 0.456244
0.043 0.044 0.478980
0.044 0.045 0.499766
0.045 0.046 0.517802
0.046 0.047 0.531992
0.047 0.048 0.545409
0.048 0.049 0.557525
0.049 0.050 0.562994
0.050 0.051 0.568931
0.051 0.052 0.576939
0.052 0.053 0.580209
0.053 0.054 0.579611
0.054 0.055 0.577943
0.055 0.056 0.577198
0.056 0.057 0.576131
0.057 0.058 0.721059
0.058 0.059 1.000000
0.059 0.060 0.843098
0.060 0.061 0.558072
0.061 0.062 0.548552
0.062 0.063 0.522125
0.063 0.064 0.508307
0.064 0.065 0.496831
0.065 0.066 0.487571
0.066 0.067 0.595150
0.067 0.068 0.585140
0.068 0.069 0.474240
0.069 0.070 0.430508
0.070 0.071 0.369307
0.071 0.072 0.358494
0.072 0.073 0.343854
0.073 0.074 0.335986
0.074 0.075 0.326655
0.075 0.076 0.311491
0.076 0.077 0.295392
0.077 0.078 0.282636
0.078 0.079 0.274723
0.079 0.080 0.264470
0.080 0.081 0.250153
0.081 0.082 0.234191
0.082 0.083 0.218727
0.083 0.084 0.202834
0.084 0.085 0.188804
0.085 0.086 0.176224
0.086 0.087 0.161842
0.087 0.088 0.148053
0.088 0.089 0.132453
0.089 0.090 0.117399
0.090 0.091 0.102578
0.091 0.092 0.087280
0.092 0.093 0.074124
0.093 0.094 0.059934
0.094 0.095 0.046791
0.095 0.096 0.035630
0.096 0.097 0.024583
0.097 0.098 0.015053
0.098 0.099 0.007326
0.099 0.100 0.000879
0.100 0.101 0.000000
0.101 0.102 0.000000
0.102 0.103 0.000000
0.103 0.104 0.000000
0.104 0.105 0.000000
0.105 0.106 0.000000
0.106 0.107 0.000000
0.107 0.108 0.000000
0.108 0.109 0.000000
0.109 0.110 0.000000
0.110 0.111 0.000000
0.111 0.112 0.000000
0.112 0.113 0.000000
0.113 0.114 0.000000
0.114 0.115 0.000000
0.115 0.116 0.000000
0.116 0.117 0.000000
0.117 0.118 0.000000
0.118 0.119 0.000000
0.119 0.120 0.000000
0.120 0.121 0.000000
0.121 0.122 0.000000
0.122 0.123 0.000000
0.123 0.124 0.000000
0.124 0.125 0.000000
0.125 0.126 0.000000
0.126 0.127 0.000000
0.127 0.128 0.000000
0.128 0.129 0.000000
0.129 0.130 0.000000
0.130 0.131 0.000000
0.131 0.132 0.000000
0.132 0.133 0.000000
0.133 0.134 0.000000
0.134 0.135 0.000000
0.135 0.136 0.000000
0.136 0.137 0.000000
0.137 0.138 0.000000
0.138 0.139 0.000000
0.139 0.140 0.000000
0.140 0.141 0.000000
0.141 0.142 0.000000
0.142 0.143 0.000000
0.143 0.144 0.000000
0.144 0.145 0.000000
0.145 0.146 0.000000
0.146 0.147 0.000000
0.147 0.148 0.000000
0.148 0.149 0.000000
0.149 0.150 0.000000
