1
0.000 0.001 0.000000
0.001 0.002 0.000000
0.002 0.003 0.000000
0.003 0.004 0.000000
0.004 0.005 0.000000
0.005 0.006 0.000000
0.006 0.007 0.000000
0.007 0.008 0.000000
0.008 0.009 0.000000
0.009 0.010 0.000000
0.010 0.011 0.000000
0.011 0.012 0.000000
0.012 0.013 0.000000
0.013 0.014 0.000000
0.014 0.015 0.000000
0.015 0.016 0.000000
0.016 0.017 0.000000
0.017 0.018 0.000000
0.018 0.019 0.000000
0.019 0.020 0.000000
0.020 0.021 0.000002
0.021 0.022 0.000010
0.022 0.023 0.000043
0.023 0.024 0.000154
0.024 0.025 0.000455
0.025 0.026 0.001145
0.026 0.027 0.002529
0.027 0.028 0.005033
0.028 0.029 0.009169
0.029 0.030 0.015362
0.030 0.031 0.024054
0.031 0.032 0.035647
0.032 0.033 0.050506
0.033 0.034 0.068382
0.034 0.035 0.089207
0.035 0.036 0.113300
0.036 0.037 0.139661
0.037 0.038 0.166756
0.038 0.039 0.195858
0.039 0.040 0.227347
0.040 0.041 0.257711
0.041 0.042 0.287912
0.042 0.043 0.318925
0.043 0.044 0.348436
0.044 0.045 0.376977
0.045 0.046 0.403576
0.046 0.047 0.427673
0.047 0.048 0.450894
0.048 0.049 0.472833
0.049 0.050 0.489002
0.050 0.051 0.505394
0.051 0.052 0.523239
0.052 0.053 0.535834
0.053 0.054 0.544528
0.054 0.055 0.552212
0.055 0.056 0.560004
0.056 0.057 0.566600
0.057 0.058 0.715407
0.058 0.059 1.000000
0.059 0.060 0.855120
0.060 0.061 0.576574
0.061 0.062 0.572311
0.062 0.063 0.549638
0.063 0.064 0.539872
0.064 0.065 0.532262
0.065 0.066 0.526405
0.066 0.067 0.645253
0.067 0.068 0.639022
0.068 0.069 0.522475
0.069 0.070 0.477434
0.070 0.071 0.412985
0.071 0.072 0.403400
0.072 0.073 0.389150
0.073 0.074 0.381567
0.074 0.075 0.372222
0.075 0.076 0.356284
0.076 0.077 0.339296
0.077 0.078 0.325879
0.078 0.079 0.317780
0.079 0.080 0.306726
0.080 0.081 0.290624
0.081 0.082 0.272443
0.082 0.083 0.254813
0.083 0.084 0.236707
0.084 0.085 0.220460
0.085 0.086 0.205751
0.086 0.087 0.188636
0.087 0.088 0.171978
0.088 0.089 0.152445
0.089 0.090 0.134326
0.090 0.091 0.117331
0.091 0.092 0.099483
0.092 0.093 0.082404
0.093 0.094 0.064627
0.094 0.095 0.044944
0.095 0.096 0.027963
0.096 0.097 0.013522
0.097 0.098 0.001320
0.098 0.099 0.000000
0.099 0.100 0.000000
0.100 0.101 0.000000
0.101 0.102 0.000000
0.102 0.103 0.000000
0.103 0.104 0.000000
0.104 0.105 0.000000
0.105 0.106 0.000000
0.106 0.107 0.000000
0.107 0.108 0.000000
0.108 0.109 0.000000
0.109 0.110 0.000000
0.110 0.111 0.000000
0.111 0.112 0.000000
0.112 0.113 0.000000
0.113 0.114 0.000000
0.114 0.115 0.000000
0.115 0.116 0.000000
0.116 0.117 0.000000
0.117 0.118 0.000000
0.118 0.119 0.000000
0.119 0.120 0.000000
0.120 0.121 0.000000
0.121 0.122 0.000000
0.122 0.123 0.000000
0.123 0.124 0.000000
0.124 0.125 0.000000
0.125 0.126 0.000000
0.126 0.127 0.000000
0.127 0.128 0.000000
0.128 0.129 0.000000
0.129 0.130 0.000000
0.130 0.131 0.000000
0.131 0.132 0.000000
0.132 0.133 0.000000
0.133 0.134 0.000000
0.134 0.135 0.000000
0.135 0.136 0.000000
0.136 0.137 0.000000
0.137 0.138 0.000000
0.138 0.139 0.000000
0.139 0.140 0.000000
0.140 0.141 0.000000
0.141 0.142 0.000000
0.142 0.143 0.000000
0.143 0.144 0.000000
0.144 0.145 0.000000
0.145 0.146 0.000000
0.146 0.147 0.000000
0.147 0.148 0.000000
0.148 0.149 0.000000
0.149 0.150 0.000000
