1
0.000 0.001 0.000000
0.001 0.002 0.000000
0.002 0.003 0.000000
0.003 0.004 0.000000
0.004 0.005 0.000000
0.005 0.006 0.000000
0.006 0.007 0.000000
0.007 0.008 0.000000
0.008 0.009 0.000000
0.009 0.010 0.000000
0.010 0.011 0.000000
0.011 0.012 0.000000
0.012 0.013 0.000000
0.013 0.014 0.000000
0.014 0.015 0.000000
0.015 0.016 0.000000
0.016 0.017 0.000000
0.017 0.018 0.000000
0.018 0.019 0.000001
0.019 0.020 0.000006
0.020 0.021 0.000033
0.021 0.022 0.000132
0.022 0.023 0.000419
0.023 0.024 0.001111
0.024 0.025 0.002558
0.025 0.026 0.005200
0.026 0.027 0.009524
0.027 0.028 0.016172
0.028 0.029 0.025616
0.029 0.030 0.037843
0.030 0.031 0.053021
0.031 0.032 0.071544
0.032 0.033 0.093099
0.033 0.034 0.116879
0.034 0.035 0.142813
0.035 0.036 0.171195
0.036 0.037 0.199991
0.037 0.038 0.227440
0.038 0.039 0.255589
0.039 0.040 0.284353
0.040 0.041 0.311346
0.041 0.042 0.336414
0.042 0.043 0.362110
0.043 0.044 0.384024
0.044 0.045 0.405151
0.045 0.046 0.425950
0.046 0.047 0.440465
0.047 0.048 0.456466
0.048 0.049 0.472724
0.049 0.050 0.481526
0.050 0.051 0.489065
0.051 0.052 0.498984
0.052 0.053 0.508980
0.053 0.054 0.513976
0.054 0.055 0.514402
0.055 0.056 0.517574
0.056 0.057 0.523337
0.057 0.058 0.688192
0.058 0.059 1.000000
0.059 0.060 0.829418
0.060 0.061 0.516109
0.061 0.062 0.512094
0.062 0.063 0.491984
0.063 0.064 0.481804
0.064 0.065 0.473157
0.065 0.066 0.468159
0.066 0.067 0.593215
0.067 0.068 0.585663
0.068 0.069 0.467923
0.069 0.070 0.425936
0.070 0.071 0.359799
0.071 0.072 0.349737
0.072 0.073 0.336985
0.073 0.074 0.335135
0.074 0.075 0.331155
0.075 0.076 0.319689
0.076 0.077 0.305323
0.077 0.078 0.295074
0.078 0.079 0.290618
0.079 0.080 0.283769
0.080 0.081 0.273383
0.081 0.082 0.261407
0.082 0.083 0.249128
0.083 0.084 0.235142
0.084 0.085 0.224258
0.085 0.086 0.215357
0.086 0.087 0.204938
0.087 0.088 0.196095
0.088 0.089 0.187622
0.089 0.090 0.175476
0.090 0.091 0.159577
0.091 0.092 0.145933
0.092 0.093 0.135307
0.093 0.094 0.125957
0.094 0.095 0.114520
0.095 0.096 0.103905
0.096 0.097 0.090218
0.097 0.098 0.075558
0.098 0.099 0.058630
0.099 0.100 0.047056
0.100 0.101 0.041136
0.101 0.102 0.029984
0.102 0.103 0.017415
0.103 0.104 0.000000
0.104 0.105 0.000000
0.105 0.106 0.000000
0.106 0.107 0.000000
0.107 0.108 0.000000
0.108 0.109 0.000000
0.109 0.110 0.000000
0.110 0.111 0.000000
0.111 0.112 0.000000
0.112 0.113 0.000000
0.113 0.114 0.000000
0.114 0.115 0.000000
0.115 0.116 0.000000
0.116 0.117 0.000000
0.117 0.118 0.000000
0.118 0.119 0.000000
0.119 0.120 0.000000
0.120 0.121 0.000000
0.121 0.122 0.000000
0.122 0.123 0.000000
0.123 0.124 0.000000
0.124 0.125 0.000000
0.125 0.126 0.000000
0.126 0.127 0.000000
0.127 0.128 0.000000
0.128 0.129 0.000000
0.129 0.130 0.000000
0.130 0.131 0.000000
0.131 0.132 0.000000
0.132 0.133 0.000000
0.133 0.134 0.000000
0.134 0.135 0.000000
0.135 0.136 0.000000
0.136 0.137 0.000000
0.137 0.138 0.000000
0.138 0.139 0.000000
0.139 0.140 0.000000
0.140 0.141 0.000000
0.141 0.142 0.000000
0.142 0.143 0.000000
0.143 0.144 0.000000
0.144 0.145 0.000000
0.145 0.146 0.000000
0.146 0.147 0.000000
0.147 0.148 0.000000
0.148 0.149 0.000000
0.149 0.150 0.000000
