1
0.000 0.001 0.000000
0.001 0.002 0.000000
0.002 0.003 0.000000
0.003 0.004 0.000000
0.004 0.005 0.000000
0.005 0.006 0.000000
0.006 0.007 0.000000
0.007 0.008 0.000000
0.008 0.009 0.000000
0.009 0.010 0.000000
0.010 0.011 0.000000
0.011 0.012 0.000000
0.012 0.013 0.000000
0.013 0.014 0.000000
0.014 0.015 0.000000
0.015 0.016 0.000000
0.016 0.017 0.000000
0.017 0.018 0.000000
0.018 0.019 0.000000
0.019 0.020 0.000000
0.020 0.021 0.000000
0.021 0.022 0.000002
0.022 0.023 0.000008
0.023 0.024 0.000031
0.024 0.025 0.000103
0.025 0.026 0.000287
0.026 0.027 0.000692
0.027 0.028 0.001488
0.028 0.029 0.002910
0.029 0.030 0.005192
0.030 0.031 0.008638
0.031 0.032 0.013486
0.032 0.033 0.019998
0.033 0.034 0.028365
0.034 0.035 0.038582
0.035 0.036 0.050548
0.036 0.037 0.064524
0.037 0.038 0.080620
0.038 0.039 0.097699
0.039 0.040 0.115497
0.040 0.041 0.134662
0.041 0.042 0.154473
0.042 0.043 0.174016
0.043 0.044 0.194238
0.044 0.045 0.215223
0.045 0.046 0.233855
0.046 0.047 0.252428
0.047 0.048 0.272629
0.048 0.049 0.290420
0.049 0.050 0.305882
0.050 0.051 0.321290
0.051 0.052 0.336845
0.052 0.053 0.349468
0.053 0.054 0.360345
0.054 0.055 0.371451
0.055 0.056 0.382959
0.056 0.057 0.392953
0.057 0.058 0.600041
0.058 0.059 1.000000
0.059 0.060 0.810337
0.060 0.061 0.432658
0.061 0.062 0.436811
0.062 0.063 0.417968
0.063 0.064 0.420055
0.064 0.065 0.419474
0.065 0.066 0.418529
0.066 0.067 0.596041
0.067 0.068 0.598330
0.068 0.069 0.454959
0.069 0.070 0.412545
0.070 0.071 0.329999
0.071 0.072 0.329148
0.072 0.073 0.326271
0.073 0.074 0.323521
0.074 0.075 0.321287
0.075 0.076 0.319518
0.076 0.077 0.314965
0.077 0.078 0.311747
0.078 0.079 0.309703
0.079 0.080 0.306630
0.080 0.081 0.302268
0.081 0.082 0.296301
0.082 0.083 0.290548
0.083 0.084 0.285659
0.084 0.085 0.281420
0.085 0.086 0.277194
0.086 0.087 0.271639
0.087 0.088 0.268949
0.088 0.089 0.263099
0.089 0.090 0.255181
0.090 0.091 0.249728
0.091 0.092 0.239487
0.092 0.093 0.232763
0.093 0.094 0.230700
0.094 0.095 0.224251
0.095 0.096 0.217885
0.096 0.097 0.212035
0.097 0.098 0.203424
0.098 0.099 0.196975
0.099 0.100 0.191044
0.100 0.101 0.184153
0.101 0.102 0.177825
0.102 0.103 0.170213
0.103 0.104 0.164597
0.104 0.105 0.158384
0.105 0.106 0.150482
0.106 0.107 0.143852
0.107 0.108 0.135487
0.108 0.109 0.128714
0.109 0.110 0.121854
0.110 0.111 0.114898
0.111 0.112 0.108947
0.112 0.113 0.100290
0.113 0.114 0.092824
0.114 0.115 0.086392
0.115 0.116 0.078949
0.116 0.117 0.071684
0.117 0.118 0.063856
0.118 0.119 0.052690
0.119 0.120 0.047157
0.120 0.121 0.044926
0.121 0.122 0.038519
0.122 0.123 0.031903
0.123 0.124 0.024902
0.124 0.125 0.017132
0.125 0.126 0.009048
0.126 0.127 0.000516
0.127 0.128 0.000000
0.128 0.129 0.000000
0.129 0.130 0.000000
0.130 0.131 0.000000
0.131 0.132 0.000000
0.132 0.133 0.000000
0.133 0.134 0.000000
0.134 0.135 0.000000
0.135 0.136 0.000000
0.136 0.137 0.000000
0.137 0.138 0.000000
0.138 0.139 0.000000
0.139 0.140 0.000000
0.140 0.141 0.000000
0.141 0.142 0.000000
0.142 0.143 0.000000
0.143 0.144 0.000000
0.144 0.145 0.000000
0.145 0.146 0.000000
0.146 0.147 0.000000
0.147 0.148 0.000000
0.148 0.149 0.000000
0.149 0.150 0.000000
