1
0.000 0.001 0.000000
0.001 0.002 0.000000
0.002 0.003 0.000000
0.003 0.004 0.000000
0.004 0.005 0.000000
0.005 0.006 0.000000
0.006 0.007 0.000000
0.007 0.008 0.000000
0.008 0.009 0.000000
0.009 0.010 0.000000
0.010 0.011 0.000000
0.011 0.012 0.000000
0.012 0.013 0.000000
0.013 0.014 0.000000
0.014 0.015 0.000000
0.015 0.016 0.000001
0.016 0.017 0.000011
0.017 0.018 0.000062
0.018 0.019 0.000250
0.019 0.020 0.000787
0.020 0.021 0.002048
0.021 0.022 0.004555
0.022 0.023 0.008913
0.023 0.024 0.015737
0.024 0.025 0.025552
0.025 0.026 0.038616
0.026 0.027 0.055001
0.027 0.028 0.074717
0.028 0.029 0.097353
0.029 0.030 0.122095
0.030 0.031 0.148713
0.031 0.032 0.176198
0.032 0.033 0.204475
0.033 0.034 0.232691
0.034 0.035 0.259915
0.035 0.036 0.285946
0.036 0.037 0.310884
0.037 0.038 0.335033
0.038 0.039 0.356243
0.039 0.040 0.375276
0.040 0.041 0.392615
0.041 0.042 0.407944
0.042 0.043 0.421667
0.043 0.044 0.432991
0.044 0.045 0.443685
0.045 0.046 0.450872
0.046 0.047 0.455950
0.047 0.048 0.462356
0.048 0.049 0.466342
0.049 0.050 0.466534
0.050 0.051 0.467112
0.051 0.052 0.468551
0.052 0.053 0.466887
0.053 0.054 0.463635
0.054 0.055 0.460391
0.055 0.056 0.457862
0.056 0.057 0.454843
0.057 0.058 0.641942
0.058 0.059 1.000000
0.059 0.060 0.801468
0.060 0.061 0.444278
0.061 0.062 0.437464
0.062 0.063 0.411526
0.063 0.064 0.403652
0.064 0.065 0.394733
0.065 0.066 0.386215
0.066 0.067 0.520806
0.067 0.068 0.513407
0.068 0.069 0.391716
0.069 0.070 0.351104
0.070 0.071 0.282525
0.071 0.072 0.276433
0.072 0.073 0.268406
0.073 0.074 0.262441
0.074 0.075 0.256734
0.075 0.076 0.250205
0.076 0.077 0.241938
0.077 0.078 0.234884
0.078 0.079 0.230149
0.079 0.080 0.224821
0.080 0.081 0.218375
0.081 0.082 0.210624
0.082 0.083 0.203145
0.083 0.084 0.196137
0.084 0.085 0.189914
0.085 0.086 0.184052
0.086 0.087 0.177004
0.087 0.088 0.172857
0.088 0.089 0.167142
0.089 0.090 0.160224
0.090 0.091 0.154124
0.091 0.092 0.146060
0.092 0.093 0.140051
0.093 0.094 0.136429
0.094 0.095 0.130141
0.095 0.096 0.125354
0.096 0.097 0.120473
0.097 0.098 0.114168
0.098 0.099 0.108378
0.099 0.100 0.103852
0.100 0.101 0.099828
0.101 0.102 0.095161
0.102 0.103 0.089750
0.103 0.104 0.085081
0.104 0.105 0.081289
0.105 0.106 0.076677
0.106 0.107 0.072653
0.107 0.108 0.067837
0.108 0.109 0.063881
0.109 0.110 0.060041
0.110 0.111 0.055722
0.111 0.112 0.052733
0.112 0.113 0.048603
0.113 0.114 0.044877
0.114 0.115 0.041827
0.115 0.116 0.038522
0.116 0.117 0.035017
0.117 0.118 0.031382
0.118 0.119 0.027720
0.119 0.120 0.025396
0.120 0.121 0.024178
0.121 0.122 0.021838
0.122 0.123 0.019474
0.123 0.124 0.016669
0.124 0.125 0.014365
0.125 0.126 0.012063
0.126 0.127 0.010262
0.127 0.128 0.007867
0.128 0.129 0.006502
0.129 0.130 0.005157
0.130 0.131 0.003645
0.131 0.132 0.002280
0.132 0.133 0.001506
0.133 0.134 0.000391
0.134 0.135 0.000000
0.135 0.136 0.000000
0.136 0.137 0.000000
0.137 0.138 0.000000
0.138 0.139 0.000000
0.139 0.140 0.000000
0.140 0.141 0.000000
0.141 0.142 0.000000
0.142 0.143 0.000000
0.143 0.144 0.000000
0.144 0.145 0.000000
0.145 0.146 0.000000
0.146 0.147 0.000000
0.147 0.148 0.000000
0.148 0.149 0.000000
0.149 0.150 0.000000
