1
0.000 0.001 0.000000
0.001 0.002 0.000000
0.002 0.003 0.000000
0.003 0.004 0.000000
0.004 0.005 0.000000
0.005 0.006 0.000000
0.006 0.007 0.000000
0.007 0.008 0.000000
0.008 0.009 0.000000
0.009 0.010 0.000000
0.010 0.011 0.000000
0.011 0.012 0.000000
0.012 0.013 0.000000
0.013 0.014 0.000000
0.014 0.015 0.000000
0.015 0.016 0.000000
0.016 0.017 0.000000
0.017 0.018 0.000000
0.018 0.019 0.000000
0.019 0.020 0.000001
0.020 0.021 0.000007
0.021 0.022 0.000038
0.022 0.023 0.000152
0.023 0.024 0.000487
0.024 0.025 0.001310
0.025 0.026 0.003055
0.026 0.027 0.006300
0.027 0.028 0.011771
0.028 0.029 0.020279
0.029 0.030 0.032319
0.030 0.031 0.048673
0.031 0.032 0.069533
0.032 0.033 0.095027
0.033 0.034 0.124626
0.034 0.035 0.157956
0.035 0.036 0.194737
0.036 0.037 0.233129
0.037 0.038 0.272607
0.038 0.039 0.313131
0.039 0.040 0.354524
0.040 0.041 0.392616
0.041 0.042 0.431431
0.042 0.043 0.469505
0.043 0.044 0.505273
0.044 0.045 0.537963
0.045 0.046 0.564448
0.046 0.047 0.588528
0.047 0.048 0.610256
0.048 0.049 0.627503
0.049 0.050 0.638268
0.050 0.051 0.647798
0.051 0.052 0.660639
0.052 0.053 0.666845
0.053 0.054 0.669983
0.054 0.055 0.671146
0.055 0.056 0.667595
0.056 0.057 0.661235
0.057 0.058 0.775070
0.058 0.059 1.000000
0.059 0.060 0.870166
0.060 0.061 0.626951
0.061 0.062 0.614536
0.062 0.063 0.586937
0.063 0.064 0.569447
0.064 0.065 0.552603
0.065 0.066 0.534886
0.066 0.067 0.620311
0.067 0.068 0.604814
0.068 0.069 0.496638
0.069 0.070 0.445035
0.070 0.071 0.386973
0.071 0.072 0.372723
0.072 0.073 0.352712
0.073 0.074 0.337742
0.074 0.075 0.321495
0.075 0.076 0.301457
0.076 0.077 0.281075
0.077 0.078 0.259160
0.078 0.079 0.247032
0.079 0.080 0.234094
0.080 0.081 0.217742
0.081 0.082 0.198526
0.082 0.083 0.181011
0.083 0.084 0.164184
0.084 0.085 0.145049
0.085 0.086 0.133260
0.086 0.087 0.119571
0.087 0.088 0.106243
0.088 0.089 0.091029
0.089 0.090 0.077159
0.090 0.091 0.062695
0.091 0.092 0.053085
0.092 0.093 0.043915
0.093 0.094 0.034421
0.094 0.095 0.022633
0.095 0.096 0.017123
0.096 0.097 0.010906
0.097 0.098 0.002817
0.098 0.099 0.000000
0.099 0.100 0.000000
0.100 0.101 0.000000
0.101 0.102 0.000000
0.102 0.103 0.000000
0.103 0.104 0.000000
0.104 0.105 0.000000
0.105 0.106 0.000000
0.106 0.107 0.000000
0.107 0.108 0.000000
0.108 0.109 0.000000
0.109 0.110 0.000000
0.110 0.111 0.000000
0.111 0.112 0.000000
0.112 0.113 0.000000
0.113 0.114 0.000000
0.114 0.115 0.000000
0.115 0.116 0.000000
0.116 0.117 0.000000
0.117 0.118 0.000000
0.118 0.119 0.000000
0.119 0.120 0.000000
0.120 0.121 0.000000
0.121 0.122 0.000000
0.122 0.123 0.000000
0.123 0.124 0.000000
0.124 0.125 0.000000
0.125 0.126 0.000000
0.126 0.127 0.000000
0.127 0.128 0.000000
0.128 0.129 0.000000
0.129 0.130 0.000000
0.130 0.131 0.000000
0.131 0.132 0.000000
0.132 0.133 0.000000
0.133 0.134 0.000000
0.134 0.135 0.000000
0.135 0.136 0.000000
0.136 0.137 0.000000
0.137 0.138 0.000000
0.138 0.139 0.000000
0.139 0.140 0.000000
0.140 0.141 0.000000
0.141 0.142 0.000000
0.142 0.143 0.000000
0.143 0.144 0.000000
0.144 0.145 0.000000
0.145 0.146 0.000000
0.146 0.147 0.000000
0.147 0.148 0.000000
0.148 0.149 0.000000
0.149 0.150 0.000000
