1
0.000 0.001 0.000000
0.001 0.002 0.000000
0.002 0.003 0.000000
0.003 0.004 0.000000
0.004 0.005 0.000000
0.005 0.006 0.000000
0.006 0.007 0.000000
0.007 0.008 0.000000
0.008 0.009 0.000000
0.009 0.010 0.000000
0.010 0.011 0.000000
0.011 0.012 0.000000
0.012 0.013 0.000000
0.013 0.014 0.000000
0.014 0.015 0.000000
0.015 0.016 0.000000
0.016 0.017 0.000000
0.017 0.018 0.000000
0.018 0.019 0.000000
0.019 0.020 0.000000
0.020 0.021 0.000002
0.021 0.022 0.000014
0.022 0.023 0.000064
0.023 0.024 0.000235
0.024 0.025 0.000717
0.025 0.026 0.001862
0.026 0.027 0.004210
0.027 0.028 0.008542
0.028 0.029 0.015782
0.029 0.030 0.026819
0.030 0.031 0.042562
0.031 0.032 0.063352
0.032 0.033 0.089796
0.033 0.034 0.121729
0.034 0.035 0.158471
0.035 0.036 0.201091
0.036 0.037 0.247321
0.037 0.038 0.297307
0.038 0.039 0.349824
0.039 0.040 0.402829
0.040 0.041 0.454731
0.041 0.042 0.506148
0.042 0.043 0.554284
0.043 0.044 0.598253
0.044 0.045 0.640917
0.045 0.046 0.672511
0.046 0.047 0.708872
0.047 0.048 0.739969
0.048 0.049 0.762282
0.049 0.050 0.782620
0.050 0.051 0.800051
0.051 0.052 0.810479
0.052 0.053 0.812874
0.053 0.054 0.814920
0.054 0.055 0.812072
0.055 0.056 0.792475
0.056 0.057 0.780654
0.057 0.058 0.852630
0.058 0.059 1.000000
0.059 0.060 0.906617
0.060 0.061 0.730477
0.061 0.062 0.705726
0.062 0.063 0.672145
0.063 0.064 0.641845
0.064 0.065 0.605054
0.065 0.066 0.574411
0.066 0.067 0.618621
0.067 0.068 0.595520
0.068 0.069 0.501709
0.069 0.070 0.447987
0.070 0.071 0.392083
0.071 0.072 0.362866
0.072 0.073 0.320739
0.073 0.074 0.295638
0.074 0.075 0.269858
0.075 0.076 0.244379
0.076 0.077 0.219010
0.077 0.078 0.189192
0.078 0.079 0.153822
0.079 0.080 0.135617
0.080 0.081 0.117306
0.081 0.082 0.093346
0.082 0.083 0.072928
0.083 0.084 0.050127
0.084 0.085 0.037839
0.085 0.086 0.024725
0.086 0.087 0.006604
0.087 0.088 0.000000
0.088 0.089 0.000000
0.089 0.090 0.000000
0.090 0.091 0.000000
0.091 0.092 0.000000
0.092 0.093 0.000000
0.093 0.094 0.000000
0.094 0.095 0.000000
0.095 0.096 0.000000
0.096 0.097 0.000000
0.097 0.098 0.000000
0.098 0.099 0.000000
0.099 0.100 0.000000
0.100 0.101 0.000000
0.101 0.102 0.000000
0.102 0.103 0.000000
0.103 0.104 0.000000
0.104 0.105 0.000000
0.105 0.106 0.000000
0.106 0.107 0.000000
0.107 0.108 0.000000
0.108 0.109 0.000000
0.109 0.110 0.000000
0.110 0.111 0.000000
0.111 0.112 0.000000
0.112 0.113 0.000000
0.113 0.114 0.000000
0.114 0.115 0.000000
0.115 0.116 0.000000
0.116 0.117 0.000000
0.117 0.118 0.000000
0.118 0.119 0.000000
0.119 0.120 0.000000
0.120 0.121 0.000000
0.121 0.122 0.000000
0.122 0.123 0.000000
0.123 0.124 0.000000
0.124 0.125 0.000000
0.125 0.126 0.000000
0.126 0.127 0.000000
0.127 0.128 0.000000
0.128 0.129 0.000000
0.129 0.130 0.000000
0.130 0.131 0.000000
0.131 0.132 0.000000
0.132 0.133 0.000000
0.133 0.134 0.000000
0.134 0.135 0.000000
0.135 0.136 0.000000
0.136 0.137 0.000000
0.137 0.138 0.000000
0.138 0.139 0.000000
0.139 0.140 0.000000
0.140 0.141 0.000000
0.141 0.142 0.000000
0.142 0.143 0.000000
0.143 0.144 0.000000
0.144 0.145 0.000000
0.145 0.146 0.000000
0.146 0.147 0.000000
0.147 0.148 0.000000
0.148 0.149 0.000000
0.149 0.150 0.000000
