1
0.000 0.001 0.000000
0.001 0.002 0.000000
0.002 0.003 0.000000
0.003 0.004 0.000000
0.004 0.005 0.000000
0.005 0.006 0.000000
0.006 0.007 0.000000
0.007 0.008 0.000000
0.008 0.009 0.000000
0.009 0.010 0.000000
0.010 0.011 0.000000
0.011 0.012 0.000000
0.012 0.013 0.000000
0.013 0.014 0.000000
0.014 0.015 0.000000
0.015 0.016 0.000000
0.016 0.017 0.000000
0.017 0.018 0.000000
0.018 0.019 0.000000
0.019 0.020 0.000001
0.020 0.021 0.000008
0.021 0.022 0.000039
0.022 0.023 0.000153
0.023 0.024 0.000481
0.024 0.025 0.001281
0.025 0.026 0.002948
0.026 0.027 0.006016
0.027 0.028 0.011180
0.028 0.029 0.019171
0.029 0.030 0.030539
0.030 0.031 0.045762
0.031 0.032 0.064965
0.032 0.033 0.088668
0.033 0.034 0.116262
0.034 0.035 0.147116
0.035 0.036 0.181437
0.036 0.037 0.217562
0.037 0.038 0.255031
0.038 0.039 0.294163
0.039 0.040 0.334248
0.040 0.041 0.372539
0.041 0.042 0.410303
0.042 0.043 0.447045
0.043 0.044 0.481306
0.044 0.045 0.514037
0.045 0.046 0.541436
0.046 0.047 0.567497
0.047 0.048 0.590727
0.048 0.049 0.609792
0.049 0.050 0.624967
0.050 0.051 0.639556
0.051 0.052 0.653414
0.052 0.053 0.660023
0.053 0.054 0.664435
0.054 0.055 0.668079
0.055 0.056 0.666658
0.056 0.057 0.661867
0.057 0.058 0.775894
0.058 0.059 1.000000
0.059 0.060 0.876349
0.060 0.061 0.642922
0.061 0.062 0.628992
0.062 0.063 0.600539
0.063 0.064 0.582470
0.064 0.065 0.564551
0.065 0.066 0.545175
0.066 0.067 0.626894
0.067 0.068 0.609868
0.068 0.069 0.504034
0.069 0.070 0.455082
0.070 0.071 0.395447
0.071 0.072 0.377482
0.072 0.073 0.351975
0.073 0.074 0.335229
0.074 0.075 0.317348
0.075 0.076 0.296455
0.076 0.077 0.273924
0.077 0.078 0.256345
0.078 0.079 0.241149
0.079 0.080 0.225613
0.080 0.081 0.205425
0.081 0.082 0.186569
0.082 0.083 0.169652
0.083 0.084 0.153808
0.084 0.085 0.136021
0.085 0.086 0.123154
0.086 0.087 0.108270
0.087 0.088 0.093713
0.088 0.089 0.076000
0.089 0.090 0.064054
0.090 0.091 0.053983
0.091 0.092 0.040981
0.092 0.093 0.032236
0.093 0.094 0.021785
0.094 0.095 0.015244
0.095 0.096 0.007452
0.096 0.097 0.001994
0.097 0.098 0.000000
0.098 0.099 0.000000
0.099 0.100 0.000000
0.100 0.101 0.000000
0.101 0.102 0.000000
0.102 0.103 0.000000
0.103 0.104 0.000000
0.104 0.105 0.000000
0.105 0.106 0.000000
0.106 0.107 0.000000
0.107 0.108 0.000000
0.108 0.109 0.000000
0.109 0.110 0.000000
0.110 0.111 0.000000
0.111 0.112 0.000000
0.112 0.113 0.000000
0.113 0.114 0.000000
0.114 0.115 0.000000
0.115 0.116 0.000000
0.116 0.117 0.000000
0.117 0.118 0.000000
0.118 0.119 0.000000
0.119 0.120 0.000000
0.120 0.121 0.000000
0.121 0.122 0.000000
0.122 0.123 0.000000
0.123 0.124 0.000000
0.124 0.125 0.000000
0.125 0.126 0.000000
0.126 0.127 0.000000
0.127 0.128 0.000000
0.128 0.129 0.000000
0.129 0.130 0.000000
0.130 0.131 0.000000
0.131 0.132 0.000000
0.132 0.133 0.000000
0.133 0.134 0.000000
0.134 0.135 0.000000
0.135 0.136 0.000000
0.136 0.137 0.000000
0.137 0.138 0.000000
0.138 0.139 0.000000
0.139 0.140 0.000000
0.140 0.141 0.000000
0.141 0.142 0.000000
0.142 0.143 0.000000
0.143 0.144 0.000000
0.144 0.145 0.000000
0.145 0.146 0.000000
0.146 0.147 0.000000
0.147 0.148 0.000000
0.148 0.149 0.000000
0.149 0.150 0.000000
