1
0.000 0.001 0.000000
0.001 0.002 0.000000
0.002 0.003 0.000000
0.003 0.004 0.000000
0.004 0.005 0.000000
0.005 0.006 0.000000
0.006 0.007 0.000000
0.007 0.008 0.000000
0.008 0.009 0.000000
0.009 0.010 0.000000
0.010 0.011 0.000000
0.011 0.012 0.000000
0.012 0.013 0.000000
0.013 0.014 0.000000
0.014 0.015 0.000000
0.015 0.016 0.000005
0.016 0.017 0.000036
0.017 0.018 0.000183
0.018 0.019 0.000681
0.019 0.020 0.002015
0.020 0.021 0.004955
0.021 0.022 0.010499
0.022 0.023 0.019687
0.023 0.024 0.033464
0.024 0.025 0.052500
0.025 0.026 0.076769
0.026 0.027 0.106094
0.027 0.028 0.140362
0.028 0.029 0.178584
0.029 0.030 0.219347
0.030 0.031 0.261617
0.031 0.032 0.304175
0.032 0.033 0.346544
0.033 0.034 0.387454
0.034 0.035 0.426824
0.035 0.036 0.464055
0.036 0.037 0.498314
0.037 0.038 0.527795
0.038 0.039 0.552843
0.039 0.040 0.576626
0.040 0.041 0.596771
0.041 0.042 0.613070
0.042 0.043 0.627476
0.043 0.044 0.637305
0.044 0.045 0.645515
0.045 0.046 0.650423
0.046 0.047 0.650777
0.047 0.048 0.651793
0.048 0.049 0.651204
0.049 0.050 0.644894
0.050 0.051 0.637866
0.051 0.052 0.632503
0.052 0.053 0.626156
0.053 0.054 0.616414
0.054 0.055 0.603609
0.055 0.056 0.592148
0.056 0.057 0.582104
0.057 0.058 0.722819
0.058 0.059 1.000000
0.059 0.060 0.829476
0.060 0.061 0.532445
0.061 0.062 0.517929
0.062 0.063 0.488813
0.063 0.064 0.470403
0.064 0.065 0.452997
0.065 0.066 0.437172
0.066 0.067 0.537419
0.067 0.068 0.524331
0.068 0.069 0.417270
0.069 0.070 0.374969
0.070 0.071 0.314712
0.071 0.072 0.301809
0.072 0.073 0.286333
0.073 0.074 0.276888
0.074 0.075 0.268744
0.075 0.076 0.257051
0.076 0.077 0.243703
0.077 0.078 0.232277
0.078 0.079 0.224718
0.079 0.080 0.216039
0.080 0.081 0.204764
0.081 0.082 0.191255
0.082 0.083 0.181154
0.083 0.084 0.170842
0.084 0.085 0.161822
0.085 0.086 0.153918
0.086 0.087 0.144422
0.087 0.088 0.136559
0.088 0.089 0.127947
0.089 0.090 0.119617
0.090 0.091 0.110084
0.091 0.092 0.100601
0.092 0.093 0.093458
0.093 0.094 0.087784
0.094 0.095 0.080241
0.095 0.096 0.072328
0.096 0.097 0.065325
0.097 0.098 0.057539
0.098 0.099 0.048921
0.099 0.100 0.042936
0.100 0.101 0.039143
0.101 0.102 0.035043
0.102 0.103 0.029365
0.103 0.104 0.024660
0.104 0.105 0.021074
0.105 0.106 0.016093
0.106 0.107 0.012913
0.107 0.108 0.009357
0.108 0.109 0.005410
0.109 0.110 0.003409
0.110 0.111 0.000889
0.111 0.112 0.000000
0.112 0.113 0.000000
0.113 0.114 0.000000
0.114 0.115 0.000000
0.115 0.116 0.000000
0.116 0.117 0.000000
0.117 0.118 0.000000
0.118 0.119 0.000000
0.119 0.120 0.000000
0.120 0.121 0.000000
0.121 0.122 0.000000
0.122 0.123 0.000000
0.123 0.124 0.000000
0.124 0.125 0.000000
0.125 0.126 0.000000
0.126 0.127 0.000000
0.127 0.128 0.000000
0.128 0.129 0.000000
0.129 0.130 0.000000
0.130 0.131 0.000000
0.131 0.132 0.000000
0.132 0.133 0.000000
0.133 0.134 0.000000
0.134 0.135 0.000000
0.135 0.136 0.000000
0.136 0.137 0.000000
0.137 0.138 0.000000
0.138 0.139 0.000000
0.139 0.140 0.000000
0.140 0.141 0.000000
0.141 0.142 0.000000
0.142 0.143 0.000000
0.143 0.144 0.000000
0.144 0.145 0.000000
0.145 0.146 0.000000
0.146 0.147 0.000000
0.147 0.148 0.000000
0.148 0.149 0.000000
0.149 0.150 0.000000
