1
0.000 0.001 0.000000
0.001 0.002 0.000000
0.002 0.003 0.000000
0.003 0.004 0.000000
0.004 0.005 0.000000
0.005 0.006 0.000000
0.006 0.007 0.000000
0.007 0.008 0.000000
0.008 0.009 0.000000
0.009 0.010 0.000000
0.010 0.011 0.000000
0.011 0.012 0.000000
0.012 0.013 0.000000
0.013 0.014 0.000000
0.014 0.015 0.000000
0.015 0.016 0.000000
0.016 0.017 0.000000
0.017 0.018 0.000000
0.018 0.019 0.000000
0.019 0.020 0.000001
0.020 0.021 0.000007
0.021 0.022 0.000033
0.022 0.023 0.000121
0.023 0.024 0.000364
0.024 0.025 0.000938
0.025 0.026 0.002103
0.026 0.027 0.004208
0.027 0.028 0.007702
0.028 0.029 0.013041
0.029 0.030 0.020538
0.030 0.031 0.030595
0.031 0.032 0.043291
0.032 0.033 0.058733
0.033 0.034 0.076845
0.034 0.035 0.097376
0.035 0.036 0.119855
0.036 0.037 0.144057
0.037 0.038 0.169639
0.038 0.039 0.195359
0.039 0.040 0.221771
0.040 0.041 0.248123
0.041 0.042 0.273403
0.042 0.043 0.298779
0.043 0.044 0.322730
0.044 0.045 0.345874
0.045 0.046 0.366631
0.046 0.047 0.384972
0.047 0.048 0.403783
0.048 0.049 0.420716
0.049 0.050 0.433544
0.050 0.051 0.444889
0.051 0.052 0.456794
0.052 0.053 0.466677
0.053 0.054 0.473296
0.054 0.055 0.478394
0.055 0.056 0.483785
0.056 0.057 0.487997
0.057 0.058 0.662660
0.058 0.059 1.000000
0.059 0.060 0.827056
0.060 0.061 0.496410
0.061 0.062 0.493211
0.062 0.063 0.471368
0.063 0.064 0.464437
0.064 0.065 0.456126
0.065 0.066 0.448846
0.066 0.067 0.588318
0.067 0.068 0.583400
0.068 0.069 0.457743
0.069 0.070 0.414270
0.070 0.071 0.342295
0.071 0.072 0.334532
0.072 0.073 0.324357
0.073 0.074 0.318354
0.074 0.075 0.310398
0.075 0.076 0.303072
0.076 0.077 0.293277
0.077 0.078 0.284848
0.078 0.079 0.279809
0.079 0.080 0.273267
0.080 0.081 0.263826
0.081 0.082 0.252914
0.082 0.083 0.243218
0.083 0.084 0.233196
0.084 0.085 0.226046
0.085 0.086 0.219645
0.086 0.087 0.210917
0.087 0.088 0.205041
0.088 0.089 0.197838
0.089 0.090 0.188133
0.090 0.091 0.179124
0.091 0.092 0.166460
0.092 0.093 0.159480
0.093 0.094 0.155973
0.094 0.095 0.148748
0.095 0.096 0.141707
0.096 0.097 0.133972
0.097 0.098 0.124450
0.098 0.099 0.115630
0.099 0.100 0.107959
0.100 0.101 0.103371
0.101 0.102 0.097926
0.102 0.103 0.090292
0.103 0.104 0.084448
0.104 0.105 0.079629
0.105 0.106 0.073506
0.106 0.107 0.066860
0.107 0.108 0.060914
0.108 0.109 0.055854
0.109 0.110 0.050353
0.110 0.111 0.045197
0.111 0.112 0.040988
0.112 0.113 0.034918
0.113 0.114 0.031317
0.114 0.115 0.027746
0.115 0.116 0.023523
0.116 0.117 0.019730
0.117 0.118 0.015096
0.118 0.119 0.011110
0.119 0.120 0.008986
0.120 0.121 0.007706
0.121 0.122 0.004581
0.122 0.123 0.003013
0.123 0.124 0.000827
0.124 0.125 0.000000
0.125 0.126 0.000000
0.126 0.127 0.000000
0.127 0.128 0.000000
0.128 0.129 0.000000
0.129 0.130 0.000000
0.130 0.131 0.000000
0.131 0.132 0.000000
0.132 0.133 0.000000
0.133 0.134 0.000000
0.134 0.135 0.000000
0.135 0.136 0.000000
0.136 0.137 0.000000
0.137 0.138 0.000000
0.138 0.139 0.000000
0.139 0.140 0.000000
0.140 0.141 0.000000
0.141 0.142 0.000000
0.142 0.143 0.000000
0.143 0.144 0.000000
0.144 0.145 0.000000
0.145 0.146 0.000000
0.146 0.147 0.000000
0.147 0.148 0.000000
0.148 0.149 0.000000
0.149 0.150 0.000000
