1
0.000 0.001 0.000000
0.001 0.002 0.000000
0.002 0.003 0.000000
0.003 0.004 0.000000
0.004 0.005 0.000000
0.005 0.006 0.000000
0.006 0.007 0.000000
0.007 0.008 0.000000
0.008 0.009 0.000000
0.009 0.010 0.000000
0.010 0.011 0.000000
0.011 0.012 0.000000
0.012 0.013 0.000000
0.013 0.014 0.000000
0.014 0.015 0.000000
0.015 0.016 0.000001
0.016 0.017 0.000009
0.017 0.018 0.000055
0.018 0.019 0.000242
0.019 0.020 0.000820
0.020 0.021 0.002241
0.021 0.022 0.005145
0.022 0.023 0.010271
0.023 0.024 0.018394
0.024 0.025 0.030114
0.025 0.026 0.045679
0.026 0.027 0.065141
0.027 0.028 0.088346
0.028 0.029 0.114797
0.029 0.030 0.143520
0.030 0.031 0.173893
0.031 0.032 0.204965
0.032 0.033 0.236509
0.033 0.034 0.268051
0.034 0.035 0.298359
0.035 0.036 0.326416
0.036 0.037 0.352919
0.037 0.038 0.378513
0.038 0.039 0.400291
0.039 0.040 0.419816
0.040 0.041 0.437349
0.041 0.042 0.452152
0.042 0.043 0.465555
0.043 0.044 0.476456
0.044 0.045 0.486011
0.045 0.046 0.491594
0.046 0.047 0.495132
0.047 0.048 0.499900
0.048 0.049 0.502142
0.049 0.050 0.500491
0.050 0.051 0.498877
0.051 0.052 0.498135
0.052 0.053 0.494754
0.053 0.054 0.489558
0.054 0.055 0.483905
0.055 0.056 0.479193
0.056 0.057 0.474028
0.057 0.058 0.654087
0.058 0.059 1.000000
0.059 0.060 0.804599
0.060 0.061 0.455067
0.061 0.062 0.446925
0.062 0.063 0.420060
0.063 0.064 0.410392
0.064 0.065 0.399854
0.065 0.066 0.390017
0.066 0.067 0.519192
0.067 0.068 0.510360
0.068 0.069 0.390105
0.069 0.070 0.348870
0.070 0.071 0.280171
0.071 0.072 0.273868
0.072 0.073 0.265684
0.073 0.074 0.259759
0.074 0.075 0.253954
0.075 0.076 0.247336
0.076 0.077 0.238930
0.077 0.078 0.231920
0.078 0.079 0.226618
0.079 0.080 0.220728
0.080 0.081 0.213676
0.081 0.082 0.204799
0.082 0.083 0.197898
0.083 0.084 0.191402
0.084 0.085 0.185726
0.085 0.086 0.180495
0.086 0.087 0.174315
0.087 0.088 0.169833
0.088 0.089 0.163812
0.089 0.090 0.156530
0.090 0.091 0.150188
0.091 0.092 0.141703
0.092 0.093 0.134922
0.093 0.094 0.132069
0.094 0.095 0.126851
0.095 0.096 0.121873
0.096 0.097 0.116752
0.097 0.098 0.110225
0.098 0.099 0.104313
0.099 0.100 0.099573
0.100 0.101 0.095337
0.101 0.102 0.090085
0.102 0.103 0.085306
0.103 0.104 0.081635
0.104 0.105 0.077934
0.105 0.106 0.073369
0.106 0.107 0.069331
0.107 0.108 0.064463
0.108 0.109 0.060423
0.109 0.110 0.056417
0.110 0.111 0.051962
0.111 0.112 0.049096
0.112 0.113 0.045100
0.113 0.114 0.041560
0.114 0.115 0.038570
0.115 0.116 0.035258
0.116 0.117 0.031875
0.117 0.118 0.028530
0.118 0.119 0.023872
0.119 0.120 0.021791
0.120 0.121 0.020807
0.121 0.122 0.018627
0.122 0.123 0.016411
0.123 0.124 0.014068
0.124 0.125 0.010979
0.125 0.126 0.009005
0.126 0.127 0.007463
0.127 0.128 0.005692
0.128 0.129 0.003693
0.129 0.130 0.002735
0.130 0.131 0.001662
0.131 0.132 0.000486
0.132 0.133 0.000000
0.133 0.134 0.000000
0.134 0.135 0.000000
0.135 0.136 0.000000
0.136 0.137 0.000000
0.137 0.138 0.000000
0.138 0.139 0.000000
0.139 0.140 0.000000
0.140 0.141 0.000000
0.141 0.142 0.000000
0.142 0.143 0.000000
0.143 0.144 0.000000
0.144 0.145 0.000000
0.145 0.146 0.000000
0.146 0.147 0.000000
0.147 0.148 0.000000
0.148 0.149 0.000000
0.149 0.150 0.000000
