1
0.000 0.001 0.000000
0.001 0.002 0.000000
0.002 0.003 0.000000
0.003 0.004 0.000000
0.004 0.005 0.000000
0.005 0.006 0.000000
0.006 0.007 0.000000
0.007 0.008 0.000000
0.008 0.009 0.000000
0.009 0.010 0.000000
0.010 0.011 0.000000
0.011 0.012 0.000000
0.012 0.013 0.000000
0.013 0.014 0.000000
0.014 0.015 0.000000
0.015 0.016 0.000005
0.016 0.017 0.000049
0.017 0.018 0.000287
0.018 0.019 0.001183
0.019 0.020 0.003722
0.020 0.021 0.009526
0.021 0.022 0.020648
0.022 0.023 0.039095
0.023 0.024 0.066631
0.024 0.025 0.104330
0.025 0.026 0.151925
0.026 0.027 0.208605
0.027 0.028 0.272905
0.028 0.029 0.342910
0.029 0.030 0.416941
0.030 0.031 0.491110
0.031 0.032 0.562603
0.032 0.033 0.632099
0.033 0.034 0.697190
0.034 0.035 0.756525
0.035 0.036 0.809979
0.036 0.037 0.854467
0.037 0.038 0.895173
0.038 0.039 0.930011
0.039 0.040 0.956402
0.040 0.041 0.976120
0.041 0.042 0.991169
0.042 0.043 0.998872
0.043 0.044 1.000000
0.044 0.045 0.999450
0.045 0.046 0.988349
0.046 0.047 0.975971
0.047 0.048 0.959273
0.048 0.049 0.935538
0.049 0.050 0.912548
0.050 0.051 0.888771
0.051 0.052 0.860076
0.052 0.053 0.830098
0.053 0.054 0.803977
0.054 0.055 0.774263
0.055 0.056 0.734501
0.056 0.057 0.692541
0.057 0.058 0.726615
0.058 0.059 0.816080
0.059 0.060 0.723409
0.060 0.061 0.574889
0.061 0.062 0.538940
0.062 0.063 0.505689
0.063 0.064 0.475318
0.064 0.065 0.444094
0.065 0.066 0.410250
0.066 0.067 0.422642
0.067 0.068 0.399507
0.068 0.069 0.332551
0.069 0.070 0.292308
0.070 0.071 0.252339
0.071 0.072 0.226608
0.072 0.073 0.202427
0.073 0.074 0.182217
0.074 0.075 0.161977
0.075 0.076 0.139801
0.076 0.077 0.124169
0.077 0.078 0.105995
0.078 0.079 0.086727
0.079 0.080 0.069372
0.080 0.081 0.058138
0.081 0.082 0.043513
0.082 0.083 0.029214
0.083 0.084 0.021401
0.084 0.085 0.010391
0.085 0.086 0.002817
0.086 0.087 0.000000
0.087 0.088 0.000000
0.088 0.089 0.000000
0.089 0.090 0.000000
0.090 0.091 0.000000
0.091 0.092 0.000000
0.092 0.093 0.000000
0.093 0.094 0.000000
0.094 0.095 0.000000
0.095 0.096 0.000000
0.096 0.097 0.000000
0.097 0.098 0.000000
0.098 0.099 0.000000
0.099 0.100 0.000000
0.100 0.101 0.000000
0.101 0.102 0.000000
0.102 0.103 0.000000
0.103 0.104 0.000000
0.104 0.105 0.000000
0.105 0.106 0.000000
0.106 0.107 0.000000
0.107 0.108 0.000000
0.108 0.109 0.000000
0.109 0.110 0.000000
0.110 0.111 0.000000
0.111 0.112 0.000000
0.112 0.113 0.000000
0.113 0.114 0.000000
0.114 0.115 0.000000
0.115 0.116 0.000000
0.116 0.117 0.000000
0.117 0.118 0.000000
0.118 0.119 0.000000
0.119 0.120 0.000000
0.120 0.121 0.000000
0.121 0.122 0.000000
0.122 0.123 0.000000
0.123 0.124 0.000000
0.124 0.125 0.000000
0.125 0.126 0.000000
0.126 0.127 0.000000
0.127 0.128 0.000000
0.128 0.129 0.000000
0.129 0.130 0.000000
0.130 0.131 0.000000
0.131 0.132 0.000000
0.132 0.133 0.000000
0.133 0.134 0.000000
0.134 0.135 0.000000
0.135 0.136 0.000000
0.136 0.137 0.000000
0.137 0.138 0.000000
0.138 0.139 0.000000
0.139 0.140 0.000000
0.140 0.141 0.000000
0.141 0.142 0.000000
0.142 0.143 0.000000
0.143 0.144 0.000000
0.144 0.145 0.000000
0.145 0.146 0.000000
0.146 0.147 0.000000
0.147 0.148 0.000000
0.148 0.149 0.000000
0.149 0.150 0.000000
