1
0.000 0.001 0.000000
0.001 0.002 0.000000
0.002 0.003 0.000000
0.003 0.004 0.000000
0.004 0.005 0.000000
0.005 0.006 0.000000
0.006 0.007 0.000000
0.007 0.008 0.000000
0.008 0.009 0.000000
0.009 0.010 0.000000
0.010 0.011 0.000000
0.011 0.012 0.000000
0.012 0.013 0.000000
0.013 0.014 0.000000
0.014 0.015 0.000000
0.015 0.016 0.000000
0.016 0.017 0.000000
0.017 0.018 0.000000
0.018 0.019 0.000000
0.019 0.020 0.000001
0.020 0.021 0.000007
0.021 0.022 0.000032
0.022 0.023 0.000117
0.023 0.024 0.000350
0.024 0.025 0.000895
0.025 0.026 0.002000
0.026 0.027 0.003992
0.027 0.028 0.007294
0.028 0.029 0.012325
0.029 0.030 0.019358
0.030 0.031 0.028836
0.031 0.032 0.040805
0.032 0.033 0.055369
0.033 0.034 0.072505
0.034 0.035 0.091883
0.035 0.036 0.113043
0.036 0.037 0.135764
0.037 0.038 0.159962
0.038 0.039 0.184252
0.039 0.040 0.209338
0.040 0.041 0.234412
0.041 0.042 0.258750
0.042 0.043 0.282605
0.043 0.044 0.305460
0.044 0.045 0.327899
0.045 0.046 0.346903
0.046 0.047 0.364360
0.047 0.048 0.382819
0.048 0.049 0.398198
0.049 0.050 0.409289
0.050 0.051 0.420054
0.051 0.052 0.431383
0.052 0.053 0.439579
0.053 0.054 0.444101
0.054 0.055 0.449713
0.055 0.056 0.455549
0.056 0.057 0.460605
0.057 0.058 0.645142
0.058 0.059 1.000000
0.059 0.060 0.819140
0.060 0.061 0.473581
0.061 0.062 0.471480
0.062 0.063 0.449171
0.063 0.064 0.443775
0.064 0.065 0.436977
0.065 0.066 0.430659
0.066 0.067 0.577644
0.067 0.068 0.572076
0.068 0.069 0.443320
0.069 0.070 0.401106
0.070 0.071 0.327261
0.071 0.072 0.322067
0.072 0.073 0.314427
0.073 0.074 0.309491
0.074 0.075 0.304291
0.075 0.076 0.297911
0.076 0.077 0.289174
0.077 0.078 0.281776
0.078 0.079 0.276614
0.079 0.080 0.270443
0.080 0.081 0.261614
0.081 0.082 0.253615
0.082 0.083 0.246035
0.083 0.084 0.238901
0.084 0.085 0.232619
0.085 0.086 0.226785
0.086 0.087 0.219445
0.087 0.088 0.214406
0.088 0.089 0.207375
0.089 0.090 0.198523
0.090 0.091 0.190831
0.091 0.092 0.180148
0.092 0.093 0.171657
0.093 0.094 0.168661
0.094 0.095 0.162374
0.095 0.096 0.156324
0.096 0.097 0.150002
0.097 0.098 0.141770
0.098 0.099 0.134329
0.099 0.100 0.128367
0.100 0.101 0.123173
0.101 0.102 0.117214
0.102 0.103 0.109864
0.103 0.104 0.103430
0.104 0.105 0.098995
0.105 0.106 0.093424
0.106 0.107 0.088459
0.107 0.108 0.082331
0.108 0.109 0.077256
0.109 0.110 0.072072
0.110 0.111 0.066897
0.111 0.112 0.062435
0.112 0.113 0.056397
0.113 0.114 0.050390
0.114 0.115 0.046802
0.115 0.116 0.042746
0.116 0.117 0.038684
0.117 0.118 0.034523
0.118 0.119 0.028925
0.119 0.120 0.025672
0.120 0.121 0.023302
0.121 0.122 0.020879
0.122 0.123 0.018407
0.123 0.124 0.015779
0.124 0.125 0.012690
0.125 0.126 0.009640
0.126 0.127 0.006586
0.127 0.128 0.004918
0.128 0.129 0.003314
0.129 0.130 0.001279
0.130 0.131 0.000716
0.131 0.132 0.000000
0.132 0.133 0.000000
0.133 0.134 0.000000
0.134 0.135 0.000000
0.135 0.136 0.000000
0.136 0.137 0.000000
0.137 0.138 0.000000
0.138 0.139 0.000000
0.139 0.140 0.000000
0.140 0.141 0.000000
0.141 0.142 0.000000
0.142 0.143 0.000000
0.143 0.144 0.000000
0.144 0.145 0.000000
0.145 0.146 0.000000
0.146 0.147 0.000000
0.147 0.148 0.000000
0.148 0.149 0.000000
0.149 0.150 0.000000
