1
0.000 0.001 0.000000
0.001 0.002 0.000000
0.002 0.003 0.000000
0.003 0.004 0.000000
0.004 0.005 0.000000
0.005 0.006 0.000000
0.006 0.007 0.000000
0.007 0.008 0.000000
0.008 0.009 0.000000
0.009 0.010 0.000000
0.010 0.011 0.000000
0.011 0.012 0.000000
0.012 0.013 0.000000
0.013 0.014 0.000000
0.014 0.015 0.000000
0.015 0.016 0.000000
0.016 0.017 0.000000
0.017 0.018 0.000000
0.018 0.019 0.000000
0.019 0.020 0.000000
0.020 0.021 0.000000
0.021 0.022 0.000000
0.022 0.023 0.000001
0.023 0.024 0.000007
0.024 0.025 0.000029
0.025 0.026 0.000096
0.026 0.027 0.000265
0.027 0.028 0.000641
0.028 0.029 0.001387
0.029 0.030 0.002698
0.030 0.031 0.004846
0.031 0.032 0.008106
0.032 0.033 0.012756
0.033 0.034 0.019048
0.034 0.035 0.027137
0.035 0.036 0.037094
0.036 0.037 0.049080
0.037 0.038 0.063185
0.038 0.039 0.078794
0.039 0.040 0.095847
0.040 0.041 0.114348
0.041 0.042 0.133904
0.042 0.043 0.154516
0.043 0.044 0.175334
0.044 0.045 0.196888
0.045 0.046 0.217749
0.046 0.047 0.237944
0.047 0.048 0.259596
0.048 0.049 0.280127
0.049 0.050 0.297915
0.050 0.051 0.315743
0.051 0.052 0.334017
0.052 0.053 0.349903
0.053 0.054 0.363889
0.054 0.055 0.377204
0.055 0.056 0.390963
0.056 0.057 0.404183
0.057 0.058 0.608044
0.058 0.059 1.000000
0.059 0.060 0.818420
0.060 0.061 0.450667
0.061 0.062 0.456858
0.062 0.063 0.440194
0.063 0.064 0.443020
0.064 0.065 0.444018
0.065 0.066 0.444813
0.066 0.067 0.625244
0.067 0.068 0.628962
0.068 0.069 0.483534
0.069 0.070 0.440654
0.070 0.071 0.356825
0.071 0.072 0.355617
0.072 0.073 0.351947
0.073 0.074 0.350482
0.074 0.075 0.349221
0.075 0.076 0.346494
0.076 0.077 0.340653
0.077 0.078 0.336919
0.078 0.079 0.335019
0.079 0.080 0.331913
0.080 0.081 0.327233
0.081 0.082 0.320483
0.082 0.083 0.313475
0.083 0.084 0.306667
0.084 0.085 0.301129
0.085 0.086 0.296045
0.086 0.087 0.289783
0.087 0.088 0.285726
0.088 0.089 0.279068
0.089 0.090 0.270075
0.090 0.091 0.262062
0.091 0.092 0.250722
0.092 0.093 0.242643
0.093 0.094 0.238473
0.094 0.095 0.230374
0.095 0.096 0.222660
0.096 0.097 0.214399
0.097 0.098 0.204361
0.098 0.099 0.195051
0.099 0.100 0.187891
0.100 0.101 0.181481
0.101 0.102 0.173794
0.102 0.103 0.164285
0.103 0.104 0.158155
0.104 0.105 0.151577
0.105 0.106 0.143396
0.106 0.107 0.136245
0.107 0.108 0.127590
0.108 0.109 0.119988
0.109 0.110 0.114073
0.110 0.111 0.107742
0.111 0.112 0.102009
0.112 0.113 0.094047
0.113 0.114 0.086764
0.114 0.115 0.080261
0.115 0.116 0.074776
0.116 0.117 0.068763
0.117 0.118 0.063115
0.118 0.119 0.055681
0.119 0.120 0.050315
0.120 0.121 0.048062
0.121 0.122 0.043873
0.122 0.123 0.039642
0.123 0.124 0.034676
0.124 0.125 0.030248
0.125 0.126 0.025794
0.126 0.127 0.022316
0.127 0.128 0.017725
0.128 0.129 0.014820
0.129 0.130 0.011946
0.130 0.131 0.008324
0.131 0.132 0.006814
0.132 0.133 0.004840
0.133 0.134 0.002217
0.134 0.135 0.000583
0.135 0.136 0.000000
0.136 0.137 0.000000
0.137 0.138 0.000000
0.138 0.139 0.000000
0.139 0.140 0.000000
0.140 0.141 0.000000
0.141 0.142 0.000000
0.142 0.143 0.000000
0.143 0.144 0.000000
0.144 0.145 0.000000
0.145 0.146 0.000000
0.146 0.147 0.000000
0.147 0.148 0.000000
0.148 0.149 0.000000
0.149 0.150 0.000000
