1
0.000 0.001 0.000000
0.001 0.002 0.000000
0.002 0.003 0.000000
0.003 0.004 0.000000
0.004 0.005 0.000000
0.005 0.006 0.000000
0.006 0.007 0.000000
0.007 0.008 0.000000
0.008 0.009 0.000000
0.009 0.010 0.000000
0.010 0.011 0.000000
0.011 0.012 0.000000
0.012 0.013 0.000000
0.013 0.014 0.000000
0.014 0.015 0.000000
0.015 0.016 0.000000
0.016 0.017 0.000001
0.017 0.018 0.000008
0.018 0.019 0.000047
0.019 0.020 0.000202
0.020 0.021 0.000673
0.021 0.022 0.001845
0.022 0.023 0.004301
0.023 0.024 0.008782
0.024 0.025 0.016130
0.025 0.026 0.027040
0.026 0.027 0.042015
0.027 0.028 0.061515
0.028 0.029 0.085515
0.029 0.030 0.113423
0.030 0.031 0.144922
0.031 0.032 0.179037
0.032 0.033 0.215128
0.033 0.034 0.252425
0.034 0.035 0.289873
0.035 0.036 0.326972
0.036 0.037 0.362858
0.037 0.038 0.395538
0.038 0.039 0.425354
0.039 0.040 0.454364
0.040 0.041 0.480163
0.041 0.042 0.501775
0.042 0.043 0.523261
0.043 0.044 0.540867
0.044 0.045 0.556519
0.045 0.046 0.568107
0.046 0.047 0.574836
0.047 0.048 0.582525
0.048 0.049 0.588251
0.049 0.050 0.586999
0.050 0.051 0.584888
0.051 0.052 0.584811
0.052 0.053 0.581455
0.053 0.054 0.578101
0.054 0.055 0.571956
0.055 0.056 0.566155
0.056 0.057 0.560570
0.057 0.058 0.709705
0.058 0.059 1.000000
0.059 0.060 0.830598
0.060 0.061 0.526747
0.061 0.062 0.514817
0.062 0.063 0.487620
0.063 0.064 0.470543
0.064 0.065 0.457178
0.065 0.066 0.446052
0.066 0.067 0.555672
0.067 0.068 0.544503
0.068 0.069 0.432738
0.069 0.070 0.389848
0.070 0.071 0.326619
0.071 0.072 0.314540
0.072 0.073 0.299936
0.073 0.074 0.290969
0.074 0.075 0.283554
0.075 0.076 0.272804
0.076 0.077 0.260104
0.077 0.078 0.249267
0.078 0.079 0.242459
0.079 0.080 0.234326
0.080 0.081 0.223285
0.081 0.082 0.210779
0.082 0.083 0.199348
0.083 0.084 0.186761
0.084 0.085 0.178324
0.085 0.086 0.171038
0.086 0.087 0.161835
0.087 0.088 0.154643
0.088 0.089 0.147184
0.089 0.090 0.137439
0.090 0.091 0.126840
0.091 0.092 0.114653
0.092 0.093 0.107994
0.093 0.094 0.103326
0.094 0.095 0.096267
0.095 0.096 0.089586
0.096 0.097 0.081472
0.097 0.098 0.072344
0.098 0.099 0.062565
0.099 0.100 0.054886
0.100 0.101 0.052269
0.101 0.102 0.047474
0.102 0.103 0.040695
0.103 0.104 0.035174
0.104 0.105 0.031016
0.105 0.106 0.025141
0.106 0.107 0.021421
0.107 0.108 0.017115
0.108 0.109 0.013198
0.109 0.110 0.008386
0.110 0.111 0.006053
0.111 0.112 0.004055
0.112 0.113 0.001087
0.113 0.114 0.000000
0.114 0.115 0.000000
0.115 0.116 0.000000
0.116 0.117 0.000000
0.117 0.118 0.000000
0.118 0.119 0.000000
0.119 0.120 0.000000
0.120 0.121 0.000000
0.121 0.122 0.000000
0.122 0.123 0.000000
0.123 0.124 0.000000
0.124 0.125 0.000000
0.125 0.126 0.000000
0.126 0.127 0.000000
0.127 0.128 0.000000
0.128 0.129 0.000000
0.129 0.130 0.000000
0.130 0.131 0.000000
0.131 0.132 0.000000
0.132 0.133 0.000000
0.133 0.134 0.000000
0.134 0.135 0.000000
0.135 0.136 0.000000
0.136 0.137 0.000000
0.137 0.138 0.000000
0.138 0.139 0.000000
0.139 0.140 0.000000
0.140 0.141 0.000000
0.141 0.142 0.000000
0.142 0.143 0.000000
0.143 0.144 0.000000
0.144 0.145 0.000000
0.145 0.146 0.000000
0.146 0.147 0.000000
0.147 0.148 0.000000
0.148 0.149 0.000000
0.149 0.150 0.000000
