1
0.000 0.001 0.000000
0.001 0.002 0.000000
0.002 0.003 0.000000
0.003 0.004 0.000000
0.004 0.005 0.000000
0.005 0.006 0.000000
0.006 0.007 0.000000
0.007 0.008 0.000000
0.008 0.009 0.000000
0.009 0.010 0.000000
0.010 0.011 0.000000
0.011 0.012 0.000000
0.012 0.013 0.000000
0.013 0.014 0.000000
0.014 0.015 0.000003
0.015 0.016 0.000032
0.016 0.017 0.000190
0.017 0.018 0.000786
0.018 0.019 0.002461
0.019 0.020 0.006226
0.020 0.021 0.013316
0.021 0.022 0.025183
0.022 0.023 0.042690
0.023 0.024 0.066407
0.024 0.025 0.096250
0.025 0.026 0.131489
0.026 0.027 0.171026
0.027 0.028 0.214163
0.028 0.029 0.259672
0.029 0.030 0.304806
0.030 0.031 0.349023
0.031 0.032 0.391545
0.032 0.033 0.431453
0.033 0.034 0.468150
0.034 0.035 0.501937
0.035 0.036 0.531899
0.036 0.037 0.557287
0.037 0.038 0.576767
0.038 0.039 0.594365
0.039 0.040 0.610358
0.040 0.041 0.623107
0.041 0.042 0.632151
0.042 0.043 0.639585
0.043 0.044 0.643213
0.044 0.045 0.645402
0.045 0.046 0.643957
0.046 0.047 0.638455
0.047 0.048 0.635313
0.048 0.049 0.630795
0.049 0.050 0.620018
0.050 0.051 0.608664
0.051 0.052 0.599799
0.052 0.053 0.590624
0.053 0.054 0.577866
0.054 0.055 0.562294
0.055 0.056 0.552881
0.056 0.057 0.543634
0.057 0.058 0.699144
0.058 0.059 1.000000
0.059 0.060 0.817682
0.060 0.061 0.501357
0.061 0.062 0.488419
0.062 0.063 0.459741
0.063 0.064 0.443808
0.064 0.065 0.428202
0.065 0.066 0.415459
0.066 0.067 0.522759
0.067 0.068 0.509756
0.068 0.069 0.399041
0.069 0.070 0.355468
0.070 0.071 0.294262
0.071 0.072 0.284609
0.072 0.073 0.273202
0.073 0.074 0.266936
0.074 0.075 0.259500
0.075 0.076 0.249817
0.076 0.077 0.238274
0.077 0.078 0.228298
0.078 0.079 0.221895
0.079 0.080 0.214387
0.080 0.081 0.204413
0.081 0.082 0.193295
0.082 0.083 0.183359
0.083 0.084 0.172509
0.084 0.085 0.165560
0.085 0.086 0.159599
0.086 0.087 0.151824
0.087 0.088 0.146198
0.088 0.089 0.140147
0.089 0.090 0.132005
0.090 0.091 0.123623
0.091 0.092 0.113968
0.092 0.093 0.107115
0.093 0.094 0.102482
0.094 0.095 0.095334
0.095 0.096 0.087543
0.096 0.097 0.081540
0.097 0.098 0.074476
0.098 0.099 0.067191
0.099 0.100 0.061882
0.100 0.101 0.058776
0.101 0.102 0.054080
0.102 0.103 0.047517
0.103 0.104 0.042249
0.104 0.105 0.037398
0.105 0.106 0.034026
0.106 0.107 0.030497
0.107 0.108 0.026247
0.108 0.109 0.022499
0.109 0.110 0.018447
0.110 0.111 0.014690
0.111 0.112 0.010818
0.112 0.113 0.008600
0.113 0.114 0.006661
0.114 0.115 0.004622
0.115 0.116 0.001697
0.116 0.117 0.001011
0.117 0.118 0.000000
0.118 0.119 0.000000
0.119 0.120 0.000000
0.120 0.121 0.000000
0.121 0.122 0.000000
0.122 0.123 0.000000
0.123 0.124 0.000000
0.124 0.125 0.000000
0.125 0.126 0.000000
0.126 0.127 0.000000
0.127 0.128 0.000000
0.128 0.129 0.000000
0.129 0.130 0.000000
0.130 0.131 0.000000
0.131 0.132 0.000000
0.132 0.133 0.000000
0.133 0.134 0.000000
0.134 0.135 0.000000
0.135 0.136 0.000000
0.136 0.137 0.000000
0.137 0.138 0.000000
0.138 0.139 0.000000
0.139 0.140 0.000000
0.140 0.141 0.000000
0.141 0.142 0.000000
0.142 0.143 0.000000
0.143 0.144 0.000000
0.144 0.145 0.000000
0.145 0.146 0.000000
0.146 0.147 0.000000
0.147 0.148 0.000000
0.148 0.149 0.000000
0.149 0.150 0.000000
