1
0.000 0.001 0.000000
0.001 0.002 0.000000
0.002 0.003 0.000000
0.003 0.004 0.000000
0.004 0.005 0.000000
0.005 0.006 0.000000
0.006 0.007 0.000000
0.007 0.008 0.000000
0.008 0.009 0.000000
0.009 0.010 0.000000
0.010 0.011 0.000000
0.011 0.012 0.000000
0.012 0.013 0.000000
0.013 0.014 0.000000
0.014 0.015 0.000000
0.015 0.016 0.000000
0.016 0.017 0.000000
0.017 0.018 0.000000
0.018 0.019 0.000001
0.019 0.020 0.000006
0.020 0.021 0.000032
0.021 0.022 0.000128
0.022 0.023 0.000411
0.023 0.024 0.001103
0.024 0.025 0.002566
0.025 0.026 0.005269
0.026 0.027 0.009764
0.027 0.028 0.016698
0.028 0.029 0.026605
0.029 0.030 0.039734
0.030 0.031 0.056396
0.031 0.032 0.076429
0.032 0.033 0.099824
0.033 0.034 0.126138
0.034 0.035 0.154874
0.035 0.036 0.185528
0.036 0.037 0.217162
0.037 0.038 0.248835
0.038 0.039 0.279949
0.039 0.040 0.311085
0.040 0.041 0.340995
0.041 0.042 0.368871
0.042 0.043 0.395544
0.043 0.044 0.420410
0.044 0.045 0.443947
0.045 0.046 0.464104
0.046 0.047 0.480221
0.047 0.048 0.496932
0.048 0.049 0.511397
0.049 0.050 0.519425
0.050 0.051 0.526076
0.051 0.052 0.533945
0.052 0.053 0.539904
0.053 0.054 0.540559
0.054 0.055 0.541187
0.055 0.056 0.542100
0.056 0.057 0.543195
0.057 0.058 0.699332
0.058 0.059 1.000000
0.059 0.060 0.835516
0.060 0.061 0.530469
0.061 0.062 0.522878
0.062 0.063 0.499025
0.063 0.064 0.486410
0.064 0.065 0.472711
0.065 0.066 0.464317
0.066 0.067 0.584713
0.067 0.068 0.576510
0.068 0.069 0.459989
0.069 0.070 0.416562
0.070 0.071 0.350164
0.071 0.072 0.339191
0.072 0.073 0.325362
0.073 0.074 0.318653
0.074 0.075 0.310159
0.075 0.076 0.296606
0.076 0.077 0.284198
0.077 0.078 0.273735
0.078 0.079 0.267641
0.079 0.080 0.259895
0.080 0.081 0.248794
0.081 0.082 0.236104
0.082 0.083 0.224548
0.083 0.084 0.212825
0.084 0.085 0.201106
0.085 0.086 0.193857
0.086 0.087 0.184381
0.087 0.088 0.177220
0.088 0.089 0.169617
0.089 0.090 0.159355
0.090 0.091 0.148210
0.091 0.092 0.136059
0.092 0.093 0.127131
0.093 0.094 0.119559
0.094 0.095 0.112067
0.095 0.096 0.104941
0.096 0.097 0.096280
0.097 0.098 0.086365
0.098 0.099 0.075742
0.099 0.100 0.068110
0.100 0.101 0.062914
0.101 0.102 0.057772
0.102 0.103 0.050310
0.103 0.104 0.044337
0.104 0.105 0.039924
0.105 0.106 0.034458
0.106 0.107 0.027731
0.107 0.108 0.022959
0.108 0.109 0.018665
0.109 0.110 0.014126
0.110 0.111 0.009060
0.111 0.112 0.006906
0.112 0.113 0.004413
0.113 0.114 0.001226
0.114 0.115 0.000000
0.115 0.116 0.000000
0.116 0.117 0.000000
0.117 0.118 0.000000
0.118 0.119 0.000000
0.119 0.120 0.000000
0.120 0.121 0.000000
0.121 0.122 0.000000
0.122 0.123 0.000000
0.123 0.124 0.000000
0.124 0.125 0.000000
0.125 0.126 0.000000
0.126 0.127 0.000000
0.127 0.128 0.000000
0.128 0.129 0.000000
0.129 0.130 0.000000
0.130 0.131 0.000000
0.131 0.132 0.000000
0.132 0.133 0.000000
0.133 0.134 0.000000
0.134 0.135 0.000000
0.135 0.136 0.000000
0.136 0.137 0.000000
0.137 0.138 0.000000
0.138 0.139 0.000000
0.139 0.140 0.000000
0.140 0.141 0.000000
0.141 0.142 0.000000
0.142 0.143 0.000000
0.143 0.144 0.000000
0.144 0.145 0.000000
0.145 0.146 0.000000
0.146 0.147 0.000000
0.147 0.148 0.000000
0.148 0.149 0.000000
0.149 0.150 0.000000
