1
0.000 0.001 0.000000
0.001 0.002 0.000000
0.002 0.003 0.000000
0.003 0.004 0.000000
0.004 0.005 0.000000
0.005 0.006 0.000000
0.006 0.007 0.000000
0.007 0.008 0.000000
0.008 0.009 0.000000
0.009 0.010 0.000000
0.010 0.011 0.000000
0.011 0.012 0.000000
0.012 0.013 0.000000
0.013 0.014 0.000000
0.014 0.015 0.000000
0.015 0.016 0.000000
0.016 0.017 0.000000
0.017 0.018 0.000000
0.018 0.019 0.000000
0.019 0.020 0.000000
0.020 0.021 0.000001
0.021 0.022 0.000007
0.022 0.023 0.000033
0.023 0.024 0.000116
0.024 0.025 0.000343
0.025 0.026 0.000868
0.026 0.027 0.001922
0.027 0.028 0.003842
0.028 0.029 0.007035
0.029 0.030 0.011842
0.030 0.031 0.018664
0.031 0.032 0.027835
0.032 0.033 0.039553
0.033 0.034 0.053879
0.034 0.035 0.070836
0.035 0.036 0.090342
0.036 0.037 0.112157
0.037 0.038 0.135072
0.038 0.039 0.158790
0.039 0.040 0.184192
0.040 0.041 0.210148
0.041 0.042 0.235800
0.042 0.043 0.262161
0.043 0.044 0.287129
0.044 0.045 0.311867
0.045 0.046 0.335767
0.046 0.047 0.355969
0.047 0.048 0.377225
0.048 0.049 0.398382
0.049 0.050 0.414023
0.050 0.051 0.427962
0.051 0.052 0.443591
0.052 0.053 0.458639
0.053 0.054 0.469103
0.054 0.055 0.476597
0.055 0.056 0.485980
0.056 0.057 0.495768
0.057 0.058 0.669100
0.058 0.059 1.000000
0.059 0.060 0.833846
0.060 0.061 0.512697
0.061 0.062 0.512754
0.062 0.063 0.494777
0.063 0.064 0.489066
0.064 0.065 0.483453
0.065 0.066 0.481065
0.066 0.067 0.622426
0.067 0.068 0.619067
0.068 0.069 0.493834
0.069 0.070 0.450613
0.070 0.071 0.379150
0.071 0.072 0.371386
0.072 0.073 0.361101
0.073 0.074 0.359150
0.074 0.075 0.354966
0.075 0.076 0.345391
0.076 0.077 0.332691
0.077 0.078 0.323094
0.078 0.079 0.319316
0.079 0.080 0.312762
0.080 0.081 0.301832
0.081 0.082 0.289467
0.082 0.083 0.277785
0.083 0.084 0.265301
0.084 0.085 0.254842
0.085 0.086 0.246034
0.086 0.087 0.234510
0.087 0.088 0.225675
0.088 0.089 0.216430
0.089 0.090 0.203560
0.090 0.091 0.188902
0.091 0.092 0.173607
0.092 0.093 0.161950
0.093 0.094 0.154052
0.094 0.095 0.142621
0.095 0.096 0.130982
0.096 0.097 0.119190
0.097 0.098 0.105849
0.098 0.099 0.090696
0.099 0.100 0.081608
0.100 0.101 0.077125
0.101 0.102 0.068209
0.102 0.103 0.058305
0.103 0.104 0.050188
0.104 0.105 0.043399
0.105 0.106 0.037219
0.106 0.107 0.029921
0.107 0.108 0.023725
0.108 0.109 0.018059
0.109 0.110 0.011594
0.110 0.111 0.006640
0.111 0.112 0.003293
0.112 0.113 0.000884
0.113 0.114 0.000000
0.114 0.115 0.000000
0.115 0.116 0.000000
0.116 0.117 0.000000
0.117 0.118 0.000000
0.118 0.119 0.000000
0.119 0.120 0.000000
0.120 0.121 0.000000
0.121 0.122 0.000000
0.122 0.123 0.000000
0.123 0.124 0.000000
0.124 0.125 0.000000
0.125 0.126 0.000000
0.126 0.127 0.000000
0.127 0.128 0.000000
0.128 0.129 0.000000
0.129 0.130 0.000000
0.130 0.131 0.000000
0.131 0.132 0.000000
0.132 0.133 0.000000
0.133 0.134 0.000000
0.134 0.135 0.000000
0.135 0.136 0.000000
0.136 0.137 0.000000
0.137 0.138 0.000000
0.138 0.139 0.000000
0.139 0.140 0.000000
0.140 0.141 0.000000
0.141 0.142 0.000000
0.142 0.143 0.000000
0.143 0.144 0.000000
0.144 0.145 0.000000
0.145 0.146 0.000000
0.146 0.147 0.000000
0.147 0.148 0.000000
0.148 0.149 0.000000
0.149 0.150 0.000000
