1
0.000 0.001 0.000000
0.001 0.002 0.000000
0.002 0.003 0.000000
0.003 0.004 0.000000
0.004 0.005 0.000000
0.005 0.006 0.000000
0.006 0.007 0.000000
0.007 0.008 0.000000
0.008 0.009 0.000000
0.009 0.010 0.000000
0.010 0.011 0.000000
0.011 0.012 0.000000
0.012 0.013 0.000000
0.013 0.014 0.000000
0.014 0.015 0.000000
0.015 0.016 0.000000
0.016 0.017 0.000000
0.017 0.018 0.000001
0.018 0.019 0.000008
0.019 0.020 0.000046
0.020 0.021 0.000188
0.021 0.022 0.000610
0.022 0.023 0.001628
0.023 0.024 0.003719
0.024 0.025 0.007496
0.025 0.026 0.013590
0.026 0.027 0.022551
0.027 0.028 0.034985
0.028 0.029 0.051165
0.029 0.030 0.070819
0.030 0.031 0.093661
0.031 0.032 0.119465
0.032 0.033 0.147901
0.033 0.034 0.178091
0.034 0.035 0.209264
0.035 0.036 0.241195
0.036 0.037 0.273234
0.037 0.038 0.303133
0.038 0.039 0.331288
0.039 0.040 0.359439
0.040 0.041 0.385411
0.041 0.042 0.408840
0.042 0.043 0.431511
0.043 0.044 0.450900
0.044 0.045 0.468915
0.045 0.046 0.484740
0.046 0.047 0.495751
0.047 0.048 0.507316
0.048 0.049 0.518269
0.049 0.050 0.522989
0.050 0.051 0.526612
0.051 0.052 0.532306
0.052 0.053 0.536394
0.053 0.054 0.536409
0.054 0.055 0.534094
0.055 0.056 0.533634
0.056 0.057 0.533393
0.057 0.058 0.692973
0.058 0.059 1.000000
0.059 0.060 0.829144
0.060 0.061 0.517911
0.061 0.062 0.510354
0.062 0.063 0.486402
0.063 0.064 0.474786
0.064 0.065 0.463912
0.065 0.066 0.456093
0.066 0.067 0.574402
0.067 0.068 0.565760
0.068 0.069 0.451339
0.069 0.070 0.408688
0.070 0.071 0.344038
0.071 0.072 0.334190
0.072 0.073 0.321818
0.073 0.074 0.316372
0.074 0.075 0.309251
0.075 0.076 0.297766
0.076 0.077 0.284227
0.077 0.078 0.273293
0.078 0.079 0.267077
0.079 0.080 0.258930
0.080 0.081 0.247279
0.081 0.082 0.234174
0.082 0.083 0.222004
0.083 0.084 0.209511
0.084 0.085 0.198507
0.085 0.086 0.188476
0.086 0.087 0.177475
0.087 0.088 0.168373
0.088 0.089 0.159012
0.089 0.090 0.146810
0.090 0.091 0.135014
0.091 0.092 0.123153
0.092 0.093 0.114094
0.093 0.094 0.106111
0.094 0.095 0.097764
0.095 0.096 0.089873
0.096 0.097 0.079593
0.097 0.098 0.070248
0.098 0.099 0.059776
0.099 0.100 0.052581
0.100 0.101 0.048414
0.101 0.102 0.042973
0.102 0.103 0.035574
0.103 0.104 0.028820
0.104 0.105 0.025038
0.105 0.106 0.020437
0.106 0.107 0.014945
0.107 0.108 0.010730
0.108 0.109 0.006254
0.109 0.110 0.002906
0.110 0.111 0.000759
0.111 0.112 0.000000
0.112 0.113 0.000000
0.113 0.114 0.000000
0.114 0.115 0.000000
0.115 0.116 0.000000
0.116 0.117 0.000000
0.117 0.118 0.000000
0.118 0.119 0.000000
0.119 0.120 0.000000
0.120 0.121 0.000000
0.121 0.122 0.000000
0.122 0.123 0.000000
0.123 0.124 0.000000
0.124 0.125 0.000000
0.125 0.126 0.000000
0.126 0.127 0.000000
0.127 0.128 0.000000
0.128 0.129 0.000000
0.129 0.130 0.000000
0.130 0.131 0.000000
0.131 0.132 0.000000
0.132 0.133 0.000000
0.133 0.134 0.000000
0.134 0.135 0.000000
0.135 0.136 0.000000
0.136 0.137 0.000000
0.137 0.138 0.000000
0.138 0.139 0.000000
0.139 0.140 0.000000
0.140 0.141 0.000000
0.141 0.142 0.000000
0.142 0.143 0.000000
0.143 0.144 0.000000
0.144 0.145 0.000000
0.145 0.146 0.000000
0.146 0.147 0.000000
0.147 0.148 0.000000
0.148 0.149 0.000000
0.149 0.150 0.000000
