1
0.000 0.001 0.000000
0.001 0.002 0.000000
0.002 0.003 0.000000
0.003 0.004 0.000000
0.004 0.005 0.000000
0.005 0.006 0.000000
0.006 0.007 0.000000
0.007 0.008 0.000000
0.008 0.009 0.000000
0.009 0.010 0.000000
0.010 0.011 0.000000
0.011 0.012 0.000000
0.012 0.013 0.000000
0.013 0.014 0.000000
0.014 0.015 0.000000
0.015 0.016 0.000000
0.016 0.017 0.000000
0.017 0.018 0.000001
0.018 0.019 0.000010
0.019 0.020 0.000054
0.020 0.021 0.000217
0.021 0.022 0.000696
0.022 0.023 0.001839
0.023 0.024 0.004167
0.024 0.025 0.008343
0.025 0.026 0.015032
0.026 0.027 0.024792
0.027 0.028 0.038130
0.028 0.029 0.055793
0.029 0.030 0.077149
0.030 0.031 0.102082
0.031 0.032 0.130211
0.032 0.033 0.160873
0.033 0.034 0.193079
0.034 0.035 0.226443
0.035 0.036 0.260324
0.036 0.037 0.293883
0.037 0.038 0.325686
0.038 0.039 0.355247
0.039 0.040 0.383908
0.040 0.041 0.409838
0.041 0.042 0.433153
0.042 0.043 0.455196
0.043 0.044 0.472714
0.044 0.045 0.491024
0.045 0.046 0.505878
0.046 0.047 0.516487
0.047 0.048 0.527789
0.048 0.049 0.537794
0.049 0.050 0.541940
0.050 0.051 0.543585
0.051 0.052 0.546966
0.052 0.053 0.549489
0.053 0.054 0.547596
0.054 0.055 0.543060
0.055 0.056 0.539525
0.056 0.057 0.535616
0.057 0.058 0.693751
0.058 0.059 1.000000
0.059 0.060 0.824370
0.060 0.061 0.510897
0.061 0.062 0.502980
0.062 0.063 0.478745
0.063 0.064 0.467111
0.064 0.065 0.455023
0.065 0.066 0.445198
0.066 0.067 0.563962
0.067 0.068 0.554308
0.068 0.069 0.437857
0.069 0.070 0.394606
0.070 0.071 0.328465
0.071 0.072 0.317398
0.072 0.073 0.304091
0.073 0.074 0.295499
0.074 0.075 0.288850
0.075 0.076 0.279603
0.076 0.077 0.268147
0.077 0.078 0.258388
0.078 0.079 0.252597
0.079 0.080 0.245320
0.080 0.081 0.235010
0.081 0.082 0.223334
0.082 0.083 0.212971
0.083 0.084 0.202747
0.084 0.085 0.193353
0.085 0.086 0.183759
0.086 0.087 0.175490
0.087 0.088 0.169657
0.088 0.089 0.163359
0.089 0.090 0.154451
0.090 0.091 0.145075
0.091 0.092 0.134253
0.092 0.093 0.126699
0.093 0.094 0.121731
0.094 0.095 0.113758
0.095 0.096 0.106063
0.096 0.097 0.096211
0.097 0.098 0.088161
0.098 0.099 0.079804
0.099 0.100 0.073756
0.100 0.101 0.070312
0.101 0.102 0.064966
0.102 0.103 0.057320
0.103 0.104 0.051233
0.104 0.105 0.046620
0.105 0.106 0.039970
0.106 0.107 0.035869
0.107 0.108 0.030909
0.108 0.109 0.026526
0.109 0.110 0.021774
0.110 0.111 0.017359
0.111 0.112 0.012797
0.112 0.113 0.010184
0.113 0.114 0.007896
0.114 0.115 0.005485
0.115 0.116 0.002016
0.116 0.117 0.001202
0.117 0.118 0.000000
0.118 0.119 0.000000
0.119 0.120 0.000000
0.120 0.121 0.000000
0.121 0.122 0.000000
0.122 0.123 0.000000
0.123 0.124 0.000000
0.124 0.125 0.000000
0.125 0.126 0.000000
0.126 0.127 0.000000
0.127 0.128 0.000000
0.128 0.129 0.000000
0.129 0.130 0.000000
0.130 0.131 0.000000
0.131 0.132 0.000000
0.132 0.133 0.000000
0.133 0.134 0.000000
0.134 0.135 0.000000
0.135 0.136 0.000000
0.136 0.137 0.000000
0.137 0.138 0.000000
0.138 0.139 0.000000
0.139 0.140 0.000000
0.140 0.141 0.000000
0.141 0.142 0.000000
0.142 0.143 0.000000
0.143 0.144 0.000000
0.144 0.145 0.000000
0.145 0.146 0.000000
0.146 0.147 0.000000
0.147 0.148 0.000000
0.148 0.149 0.000000
0.149 0.150 0.000000
