1
0.000 0.001 0.000000
0.001 0.002 0.000000
0.002 0.003 0.000000
0.003 0.004 0.000000
0.004 0.005 0.000000
0.005 0.006 0.000000
0.006 0.007 0.000000
0.007 0.008 0.000000
0.008 0.009 0.000000
0.009 0.010 0.000000
0.010 0.011 0.000000
0.011 0.012 0.000000
0.012 0.013 0.000000
0.013 0.014 0.000000
0.014 0.015 0.000000
0.015 0.016 0.000000
0.016 0.017 0.000000
0.017 0.018 0.000002
0.018 0.019 0.000012
0.019 0.020 0.000058
0.020 0.021 0.000224
0.021 0.022 0.000691
0.022 0.023 0.001778
0.023 0.024 0.003953
0.024 0.025 0.007805
0.025 0.026 0.013926
0.026 0.027 0.022842
0.027 0.028 0.035105
0.028 0.029 0.050986
0.029 0.030 0.070175
0.030 0.031 0.092521
0.031 0.032 0.117889
0.032 0.033 0.145754
0.033 0.034 0.175178
0.034 0.035 0.205754
0.035 0.036 0.237426
0.036 0.037 0.269113
0.037 0.038 0.298335
0.038 0.039 0.326090
0.039 0.040 0.354348
0.040 0.041 0.380161
0.041 0.042 0.403332
0.042 0.043 0.426210
0.043 0.044 0.445572
0.044 0.045 0.463625
0.045 0.046 0.479846
0.046 0.047 0.490909
0.047 0.048 0.502811
0.048 0.049 0.514334
0.049 0.050 0.519180
0.050 0.051 0.522964
0.051 0.052 0.529063
0.052 0.053 0.533864
0.053 0.054 0.534204
0.054 0.055 0.531923
0.055 0.056 0.531813
0.056 0.057 0.532470
0.057 0.058 0.692780
0.058 0.059 1.000000
0.059 0.060 0.828562
0.060 0.061 0.517049
0.061 0.062 0.509878
0.062 0.063 0.486283
0.063 0.064 0.474638
0.064 0.065 0.464046
0.065 0.066 0.456628
0.066 0.067 0.575587
0.067 0.068 0.566850
0.068 0.069 0.452099
0.069 0.070 0.409683
0.070 0.071 0.345146
0.071 0.072 0.335236
0.072 0.073 0.322793
0.073 0.074 0.318079
0.074 0.075 0.311602
0.075 0.076 0.300034
0.076 0.077 0.286346
0.077 0.078 0.275651
0.078 0.079 0.269993
0.079 0.080 0.262189
0.080 0.081 0.250779
0.081 0.082 0.238050
0.082 0.083 0.225922
0.083 0.084 0.213184
0.084 0.085 0.202333
0.085 0.086 0.192964
0.086 0.087 0.181664
0.087 0.088 0.172146
0.088 0.089 0.162058
0.089 0.090 0.150563
0.090 0.091 0.137493
0.091 0.092 0.124665
0.092 0.093 0.113917
0.093 0.094 0.106594
0.094 0.095 0.097142
0.095 0.096 0.087585
0.096 0.097 0.077966
0.097 0.098 0.067438
0.098 0.099 0.055201
0.099 0.100 0.048099
0.100 0.101 0.044722
0.101 0.102 0.037594
0.102 0.103 0.030393
0.103 0.104 0.023708
0.104 0.105 0.019836
0.105 0.106 0.014644
0.106 0.107 0.010892
0.107 0.108 0.006242
0.108 0.109 0.002945
0.109 0.110 0.000781
0.110 0.111 0.000000
0.111 0.112 0.000000
0.112 0.113 0.000000
0.113 0.114 0.000000
0.114 0.115 0.000000
0.115 0.116 0.000000
0.116 0.117 0.000000
0.117 0.118 0.000000
0.118 0.119 0.000000
0.119 0.120 0.000000
0.120 0.121 0.000000
0.121 0.122 0.000000
0.122 0.123 0.000000
0.123 0.124 0.000000
0.124 0.125 0.000000
0.125 0.126 0.000000
0.126 0.127 0.000000
0.127 0.128 0.000000
0.128 0.129 0.000000
0.129 0.130 0.000000
0.130 0.131 0.000000
0.131 0.132 0.000000
0.132 0.133 0.000000
0.133 0.134 0.000000
0.134 0.135 0.000000
0.135 0.136 0.000000
0.136 0.137 0.000000
0.137 0.138 0.000000
0.138 0.139 0.000000
0.139 0.140 0.000000
0.140 0.141 0.000000
0.141 0.142 0.000000
0.142 0.143 0.000000
0.143 0.144 0.000000
0.144 0.145 0.000000
0.145 0.146 0.000000
0.146 0.147 0.000000
0.147 0.148 0.000000
0.148 0.149 0.000000
0.149 0.150 0.000000
