1
0.000 0.001 0.000000
0.001 0.002 0.000000
0.002 0.003 0.000000
0.003 0.004 0.000000
0.004 0.005 0.000000
0.005 0.006 0.000000
0.006 0.007 0.000000
0.007 0.008 0.000000
0.008 0.009 0.000000
0.009 0.010 0.000000
0.010 0.011 0.000000
0.011 0.012 0.000000
0.012 0.013 0.000000
0.013 0.014 0.000000
0.014 0.015 0.000000
0.015 0.016 0.000000
0.016 0.017 0.000000
0.017 0.018 0.000001
0.018 0.019 0.000006
0.019 0.020 0.000033
0.020 0.021 0.000148
0.021 0.022 0.000508
0.022 0.023 0.001431
0.023 0.024 0.003437
0.024 0.025 0.007243
0.025 0.026 0.013642
0.026 0.027 0.023430
0.027 0.028 0.037424
0.028 0.029 0.056149
0.029 0.030 0.079641
0.030 0.031 0.107701
0.031 0.032 0.139737
0.032 0.033 0.175847
0.033 0.034 0.214624
0.034 0.035 0.255061
0.035 0.036 0.297023
0.036 0.037 0.338348
0.037 0.038 0.378301
0.038 0.039 0.417856
0.039 0.040 0.456665
0.040 0.041 0.491516
0.041 0.042 0.523946
0.042 0.043 0.554489
0.043 0.044 0.580843
0.044 0.045 0.604701
0.045 0.046 0.623461
0.046 0.047 0.639172
0.047 0.048 0.653031
0.048 0.049 0.663026
0.049 0.050 0.667398
0.050 0.051 0.671595
0.051 0.052 0.676050
0.052 0.053 0.675343
0.053 0.054 0.671654
0.054 0.055 0.665132
0.055 0.056 0.656549
0.056 0.057 0.647803
0.057 0.058 0.766300
0.058 0.059 1.000000
0.059 0.060 0.856292
0.060 0.061 0.602099
0.061 0.062 0.586231
0.062 0.063 0.556061
0.063 0.064 0.535422
0.064 0.065 0.516179
0.065 0.066 0.496120
0.066 0.067 0.582716
0.067 0.068 0.568062
0.068 0.069 0.463594
0.069 0.070 0.417972
0.070 0.071 0.359383
0.071 0.072 0.343203
0.072 0.073 0.321058
0.073 0.074 0.309341
0.074 0.075 0.296448
0.075 0.076 0.279340
0.076 0.077 0.261498
0.077 0.078 0.245136
0.078 0.079 0.230919
0.079 0.080 0.219774
0.080 0.081 0.205739
0.081 0.082 0.189403
0.082 0.083 0.174132
0.083 0.084 0.157622
0.084 0.085 0.145828
0.085 0.086 0.135008
0.086 0.087 0.122735
0.087 0.088 0.110972
0.088 0.089 0.097158
0.089 0.090 0.086923
0.090 0.091 0.076473
0.091 0.092 0.066214
0.092 0.093 0.056786
0.093 0.094 0.046088
0.094 0.095 0.038459
0.095 0.096 0.031197
0.096 0.097 0.021593
0.097 0.098 0.015378
0.098 0.099 0.008128
0.099 0.100 0.004970
0.100 0.101 0.001592
0.101 0.102 0.000000
0.102 0.103 0.000000
0.103 0.104 0.000000
0.104 0.105 0.000000
0.105 0.106 0.000000
0.106 0.107 0.000000
0.107 0.108 0.000000
0.108 0.109 0.000000
0.109 0.110 0.000000
0.110 0.111 0.000000
0.111 0.112 0.000000
0.112 0.113 0.000000
0.113 0.114 0.000000
0.114 0.115 0.000000
0.115 0.116 0.000000
0.116 0.117 0.000000
0.117 0.118 0.000000
0.118 0.119 0.000000
0.119 0.120 0.000000
0.120 0.121 0.000000
0.121 0.122 0.000000
0.122 0.123 0.000000
0.123 0.124 0.000000
0.124 0.125 0.000000
0.125 0.126 0.000000
0.126 0.127 0.000000
0.127 0.128 0.000000
0.128 0.129 0.000000
0.129 0.130 0.000000
0.130 0.131 0.000000
0.131 0.132 0.000000
0.132 0.133 0.000000
0.133 0.134 0.000000
0.134 0.135 0.000000
0.135 0.136 0.000000
0.136 0.137 0.000000
0.137 0.138 0.000000
0.138 0.139 0.000000
0.139 0.140 0.000000
0.140 0.141 0.000000
0.141 0.142 0.000000
0.142 0.143 0.000000
0.143 0.144 0.000000
0.144 0.145 0.000000
0.145 0.146 0.000000
0.146 0.147 0.000000
0.147 0.148 0.000000
0.148 0.149 0.000000
0.149 0.150 0.000000
