1
0.000 0.001 0.000000
0.001 0.002 0.000000
0.002 0.003 0.000000
0.003 0.004 0.000000
0.004 0.005 0.000000
0.005 0.006 0.000000
0.006 0.007 0.000000
0.007 0.008 0.000000
0.008 0.009 0.000000
0.009 0.010 0.000005
0.010 0.011 0.000053
0.011 0.012 0.000313
0.012 0.013 0.001297
0.013 0.014 0.004307
0.014 0.015 0.011045
0.015 0.016 0.023125
0.016 0.017 0.041709
0.017 0.018 0.067240
0.018 0.019 0.098894
0.019 0.020 0.136062
0.020 0.021 0.177231
0.021 0.022 0.220324
0.022 0.023 0.264032
0.023 0.024 0.307455
0.024 0.025 0.349152
0.025 0.026 0.387425
0.026 0.027 0.423111
0.027 0.028 0.456103
0.028 0.029 0.484675
0.029 0.030 0.508832
0.030 0.031 0.529530
0.031 0.032 0.546748
0.032 0.033 0.561761
0.033 0.034 0.573277
0.034 0.035 0.580877
0.035 0.036 0.585750
0.036 0.037 0.589293
0.037 0.038 0.592067
0.038 0.039 0.590233
0.039 0.040 0.586751
0.040 0.041 0.582525
0.041 0.042 0.576817
0.042 0.043 0.571607
0.043 0.044 0.564387
0.044 0.045 0.557558
0.045 0.046 0.548368
0.046 0.047 0.538017
0.047 0.048 0.531262
0.048 0.049 0.522627
0.049 0.050 0.510457
0.050 0.051 0.500182
0.051 0.052 0.491918
0.052 0.053 0.481430
0.053 0.054 0.470160
0.054 0.055 0.459507
0.055 0.056 0.450939
0.056 0.057 0.442821
0.057 0.058 0.635195
0.058 0.059 1.000000
0.059 0.060 0.784874
0.060 0.061 0.415081
0.061 0.062 0.405536
0.062 0.063 0.377164
0.063 0.064 0.367444
0.064 0.065 0.357139
0.065 0.066 0.347517
0.066 0.067 0.475367
0.067 0.068 0.465985
0.068 0.069 0.349362
0.069 0.070 0.310996
0.070 0.071 0.246194
0.071 0.072 0.240351
0.072 0.073 0.233164
0.073 0.074 0.227798
0.074 0.075 0.222939
0.075 0.076 0.217400
0.076 0.077 0.210312
0.077 0.078 0.204802
0.078 0.079 0.200610
0.079 0.080 0.195969
0.080 0.081 0.190653
0.081 0.082 0.184375
0.082 0.083 0.178082
0.083 0.084 0.172115
0.084 0.085 0.167073
0.085 0.086 0.162423
0.086 0.087 0.157377
0.087 0.088 0.153561
0.088 0.089 0.148445
0.089 0.090 0.142358
0.090 0.091 0.136899
0.091 0.092 0.129929
0.092 0.093 0.124661
0.093 0.094 0.121424
0.094 0.095 0.116217
0.095 0.096 0.111765
0.096 0.097 0.107269
0.097 0.098 0.101571
0.098 0.099 0.096281
0.099 0.100 0.092169
0.100 0.101 0.088477
0.101 0.102 0.083930
0.102 0.103 0.079671
0.103 0.104 0.076286
0.104 0.105 0.072679
0.105 0.106 0.068385
0.106 0.107 0.064647
0.107 0.108 0.060034
0.108 0.109 0.056923
0.109 0.110 0.053972
0.110 0.111 0.050812
0.111 0.112 0.047920
0.112 0.113 0.044049
0.113 0.114 0.040261
0.114 0.115 0.037810
0.115 0.116 0.035211
0.116 0.117 0.032344
0.117 0.118 0.029724
0.118 0.119 0.026364
0.119 0.120 0.023832
0.120 0.121 0.022682
0.121 0.122 0.020756
0.122 0.123 0.018830
0.123 0.124 0.016594
0.124 0.125 0.014595
0.125 0.126 0.012590
0.126 0.127 0.011041
0.127 0.128 0.009174
0.128 0.129 0.007325
0.129 0.130 0.006049
0.130 0.131 0.004617
0.131 0.132 0.003467
0.132 0.133 0.002612
0.133 0.134 0.001464
0.134 0.135 0.000916
0.135 0.136 0.000244
0.136 0.137 0.000000
0.137 0.138 0.000000
0.138 0.139 0.000000
0.139 0.140 0.000000
0.140 0.141 0.000000
0.141 0.142 0.000000
0.142 0.143 0.000000
0.143 0.144 0.000000
0.144 0.145 0.000000
0.145 0.146 0.000000
0.146 0.147 0.000000
0.147 0.148 0.000000
0.148 0.149 0.000000
0.149 0.150 0.000000
