1
0.000 0.001 0.000000
0.001 0.002 0.000000
0.002 0.003 0.000000
0.003 0.004 0.000000
0.004 0.005 0.000000
0.005 0.006 0.000000
0.006 0.007 0.000000
0.007 0.008 0.000000
0.008 0.009 0.000000
0.009 0.010 0.000000
0.010 0.011 0.000000
0.011 0.012 0.000000
0.012 0.013 0.000000
0.013 0.014 0.000000
0.014 0.015 0.000000
0.015 0.016 0.000000
0.016 0.017 0.000000
0.017 0.018 0.000000
0.018 0.019 0.000000
0.019 0.020 0.000000
0.020 0.021 0.000001
0.021 0.022 0.000006
0.022 0.023 0.000027
0.023 0.024 0.000095
0.024 0.025 0.000280
0.025 0.026 0.000709
0.026 0.027 0.001570
0.027 0.028 0.003138
0.028 0.029 0.005733
0.029 0.030 0.009627
0.030 0.031 0.015198
0.031 0.032 0.022665
0.032 0.033 0.032160
0.033 0.034 0.043852
0.034 0.035 0.057680
0.035 0.036 0.073236
0.036 0.037 0.090775
0.037 0.038 0.110250
0.038 0.039 0.130119
0.039 0.040 0.150715
0.040 0.041 0.172284
0.041 0.042 0.193503
0.042 0.043 0.214932
0.043 0.044 0.236189
0.044 0.045 0.257351
0.045 0.046 0.276690
0.046 0.047 0.294429
0.047 0.048 0.313554
0.048 0.049 0.331171
0.049 0.050 0.345412
0.050 0.051 0.358439
0.051 0.052 0.372111
0.052 0.053 0.384292
0.053 0.054 0.393610
0.054 0.055 0.402121
0.055 0.056 0.411929
0.056 0.057 0.420406
0.057 0.058 0.618638
0.058 0.059 1.000000
0.059 0.060 0.813031
0.060 0.061 0.448664
0.061 0.062 0.450710
0.062 0.063 0.431661
0.063 0.064 0.430716
0.064 0.065 0.427553
0.065 0.066 0.425829
0.066 0.067 0.590215
0.067 0.068 0.590174
0.068 0.069 0.454168
0.069 0.070 0.411814
0.070 0.071 0.333378
0.071 0.072 0.330161
0.072 0.073 0.325392
0.073 0.074 0.323015
0.074 0.075 0.320023
0.075 0.076 0.316502
0.076 0.077 0.309906
0.077 0.078 0.304799
0.078 0.079 0.302662
0.079 0.080 0.298779
0.080 0.081 0.292335
0.081 0.082 0.284727
0.082 0.083 0.278068
0.083 0.084 0.272020
0.084 0.085 0.266629
0.085 0.086 0.261775
0.086 0.087 0.254588
0.087 0.088 0.250890
0.088 0.089 0.245300
0.089 0.090 0.236576
0.090 0.091 0.229204
0.091 0.092 0.217582
0.092 0.093 0.210341
0.093 0.094 0.207827
0.094 0.095 0.200501
0.095 0.096 0.193265
0.096 0.097 0.185808
0.097 0.098 0.175845
0.098 0.099 0.167195
0.099 0.100 0.159986
0.100 0.101 0.153711
0.101 0.102 0.146869
0.102 0.103 0.137482
0.103 0.104 0.130443
0.104 0.105 0.124278
0.105 0.106 0.116349
0.106 0.107 0.108872
0.107 0.108 0.099415
0.108 0.109 0.091995
0.109 0.110 0.084098
0.110 0.111 0.076133
0.111 0.112 0.070606
0.112 0.113 0.063069
0.113 0.114 0.056189
0.114 0.115 0.050832
0.115 0.116 0.044567
0.116 0.117 0.038363
0.117 0.118 0.032903
0.118 0.119 0.025583
0.119 0.120 0.021330
0.120 0.121 0.019688
0.121 0.122 0.015399
0.122 0.123 0.012161
0.123 0.124 0.008355
0.124 0.125 0.005095
0.125 0.126 0.003074
0.126 0.127 0.000548
0.127 0.128 0.000000
0.128 0.129 0.000000
0.129 0.130 0.000000
0.130 0.131 0.000000
0.131 0.132 0.000000
0.132 0.133 0.000000
0.133 0.134 0.000000
0.134 0.135 0.000000
0.135 0.136 0.000000
0.136 0.137 0.000000
0.137 0.138 0.000000
0.138 0.139 0.000000
0.139 0.140 0.000000
0.140 0.141 0.000000
0.141 0.142 0.000000
0.142 0.143 0.000000
0.143 0.144 0.000000
0.144 0.145 0.000000
0.145 0.146 0.000000
0.146 0.147 0.000000
0.147 0.148 0.000000
0.148 0.149 0.000000
0.149 0.150 0.000000
