1
0.000 0.001 0.000000
0.001 0.002 0.000000
0.002 0.003 0.000000
0.003 0.004 0.000000
0.004 0.005 0.000000
0.005 0.006 0.000000
0.006 0.007 0.000000
0.007 0.008 0.000000
0.008 0.009 0.000000
0.009 0.010 0.000000
0.010 0.011 0.000000
0.011 0.012 0.000000
0.012 0.013 0.000000
0.013 0.014 0.000000
0.014 0.015 0.000000
0.015 0.016 0.000000
0.016 0.017 0.000000
0.017 0.018 0.000000
0.018 0.019 0.000000
0.019 0.020 0.000000
0.020 0.021 0.000003
0.021 0.022 0.000017
0.022 0.023 0.000070
0.023 0.024 0.000231
0.024 0.025 0.000639
0.025 0.026 0.001526
0.026 0.027 0.003213
0.027 0.028 0.006125
0.028 0.029 0.010737
0.029 0.030 0.017403
0.030 0.031 0.026548
0.031 0.032 0.038401
0.032 0.033 0.053056
0.033 0.034 0.070512
0.034 0.035 0.090505
0.035 0.036 0.112612
0.036 0.037 0.136688
0.037 0.038 0.162304
0.038 0.039 0.188370
0.039 0.040 0.215286
0.040 0.041 0.242175
0.041 0.042 0.267923
0.042 0.043 0.293928
0.043 0.044 0.318619
0.044 0.045 0.342400
0.045 0.046 0.363824
0.046 0.047 0.382414
0.047 0.048 0.401430
0.048 0.049 0.418730
0.049 0.050 0.431632
0.050 0.051 0.442981
0.051 0.052 0.454399
0.052 0.053 0.464471
0.053 0.054 0.471781
0.054 0.055 0.477456
0.055 0.056 0.482873
0.056 0.057 0.486751
0.057 0.058 0.662003
0.058 0.059 1.000000
0.059 0.060 0.826511
0.060 0.061 0.494603
0.061 0.062 0.491158
0.062 0.063 0.468112
0.063 0.064 0.462587
0.064 0.065 0.455568
0.065 0.066 0.449960
0.066 0.067 0.591356
0.067 0.068 0.587036
0.068 0.069 0.460369
0.069 0.070 0.416908
0.070 0.071 0.344285
0.071 0.072 0.336711
0.072 0.073 0.326797
0.073 0.074 0.320110
0.074 0.075 0.314777
0.075 0.076 0.307843
0.076 0.077 0.298317
0.077 0.078 0.290232
0.078 0.079 0.285540
0.079 0.080 0.279284
0.080 0.081 0.270091
0.081 0.082 0.259349
0.082 0.083 0.249872
0.083 0.084 0.240822
0.084 0.085 0.231478
0.085 0.086 0.225491
0.086 0.087 0.217121
0.087 0.088 0.211672
0.088 0.089 0.204818
0.089 0.090 0.195352
0.090 0.091 0.186617
0.091 0.092 0.174787
0.092 0.093 0.166698
0.093 0.094 0.162174
0.094 0.095 0.152974
0.095 0.096 0.146276
0.096 0.097 0.138950
0.097 0.098 0.129748
0.098 0.099 0.121186
0.099 0.100 0.114318
0.100 0.101 0.109025
0.101 0.102 0.102635
0.102 0.103 0.093276
0.103 0.104 0.087937
0.104 0.105 0.083572
0.105 0.106 0.077909
0.106 0.107 0.072390
0.107 0.108 0.065555
0.108 0.109 0.059685
0.109 0.110 0.053359
0.110 0.111 0.046757
0.111 0.112 0.043089
0.112 0.113 0.038106
0.113 0.114 0.033938
0.114 0.115 0.029772
0.115 0.116 0.024888
0.116 0.117 0.019838
0.117 0.118 0.016385
0.118 0.119 0.011875
0.119 0.120 0.009362
0.120 0.121 0.007092
0.121 0.122 0.005338
0.122 0.123 0.003513
0.123 0.124 0.000964
0.124 0.125 0.000000
0.125 0.126 0.000000
0.126 0.127 0.000000
0.127 0.128 0.000000
0.128 0.129 0.000000
0.129 0.130 0.000000
0.130 0.131 0.000000
0.131 0.132 0.000000
0.132 0.133 0.000000
0.133 0.134 0.000000
0.134 0.135 0.000000
0.135 0.136 0.000000
0.136 0.137 0.000000
0.137 0.138 0.000000
0.138 0.139 0.000000
0.139 0.140 0.000000
0.140 0.141 0.000000
0.141 0.142 0.000000
0.142 0.143 0.000000
0.143 0.144 0.000000
0.144 0.145 0.000000
0.145 0.146 0.000000
0.146 0.147 0.000000
0.147 0.148 0.000000
0.148 0.149 0.000000
0.149 0.150 0.000000
