1
0.000 0.001 0.000000
0.001 0.002 0.000000
0.002 0.003 0.000000
0.003 0.004 0.000000
0.004 0.005 0.000000
0.005 0.006 0.000000
0.006 0.007 0.000000
0.007 0.008 0.000000
0.008 0.009 0.000000
0.009 0.010 0.000000
0.010 0.011 0.000000
0.011 0.012 0.000000
0.012 0.013 0.000000
0.013 0.014 0.000000
0.014 0.015 0.000000
0.015 0.016 0.000000
0.016 0.017 0.000000
0.017 0.018 0.000001
0.018 0.019 0.000009
0.019 0.020 0.000048
0.020 0.021 0.000190
0.021 0.022 0.000597
0.022 0.023 0.001562
0.023 0.024 0.003520
0.024 0.025 0.007048
0.025 0.026 0.012716
0.026 0.027 0.021038
0.027 0.028 0.032597
0.028 0.029 0.047645
0.029 0.030 0.066030
0.030 0.031 0.087650
0.031 0.032 0.112093
0.032 0.033 0.139024
0.033 0.034 0.167788
0.034 0.035 0.197806
0.035 0.036 0.228473
0.036 0.037 0.259143
0.037 0.038 0.288947
0.038 0.039 0.316915
0.039 0.040 0.344379
0.040 0.041 0.370223
0.041 0.042 0.393625
0.042 0.043 0.416254
0.043 0.044 0.436073
0.044 0.045 0.454663
0.045 0.046 0.470220
0.046 0.047 0.481751
0.047 0.048 0.493855
0.048 0.049 0.504784
0.049 0.050 0.510616
0.050 0.051 0.514649
0.051 0.052 0.520194
0.052 0.053 0.524445
0.053 0.054 0.525009
0.054 0.055 0.523612
0.055 0.056 0.523086
0.056 0.057 0.522071
0.057 0.058 0.685486
0.058 0.059 1.000000
0.059 0.060 0.826609
0.060 0.061 0.509297
0.061 0.062 0.501860
0.062 0.063 0.478178
0.063 0.064 0.467470
0.064 0.065 0.456204
0.065 0.066 0.447296
0.066 0.067 0.568619
0.067 0.068 0.559969
0.068 0.069 0.443504
0.069 0.070 0.400389
0.070 0.071 0.333912
0.071 0.072 0.323886
0.072 0.073 0.311517
0.073 0.074 0.304922
0.074 0.075 0.296439
0.075 0.076 0.286332
0.076 0.077 0.274033
0.077 0.078 0.263372
0.078 0.079 0.256762
0.079 0.080 0.248684
0.080 0.081 0.237543
0.081 0.082 0.224346
0.082 0.083 0.214474
0.083 0.084 0.204729
0.084 0.085 0.195912
0.085 0.086 0.188109
0.086 0.087 0.178091
0.087 0.088 0.169875
0.088 0.089 0.163217
0.089 0.090 0.154010
0.090 0.091 0.144362
0.091 0.092 0.133263
0.092 0.093 0.125401
0.093 0.094 0.119471
0.094 0.095 0.112478
0.095 0.096 0.105774
0.096 0.097 0.097896
0.097 0.098 0.088741
0.098 0.099 0.079358
0.099 0.100 0.071904
0.100 0.101 0.068523
0.101 0.102 0.063339
0.102 0.103 0.055928
0.103 0.104 0.050032
0.104 0.105 0.044992
0.105 0.106 0.040612
0.106 0.107 0.036008
0.107 0.108 0.030534
0.108 0.109 0.025100
0.109 0.110 0.020963
0.110 0.111 0.017157
0.111 0.112 0.014025
0.112 0.113 0.009781
0.113 0.114 0.007413
0.114 0.115 0.004388
0.115 0.116 0.002742
0.116 0.117 0.000739
0.117 0.118 0.000000
0.118 0.119 0.000000
0.119 0.120 0.000000
0.120 0.121 0.000000
0.121 0.122 0.000000
0.122 0.123 0.000000
0.123 0.124 0.000000
0.124 0.125 0.000000
0.125 0.126 0.000000
0.126 0.127 0.000000
0.127 0.128 0.000000
0.128 0.129 0.000000
0.129 0.130 0.000000
0.130 0.131 0.000000
0.131 0.132 0.000000
0.132 0.133 0.000000
0.133 0.134 0.000000
0.134 0.135 0.000000
0.135 0.136 0.000000
0.136 0.137 0.000000
0.137 0.138 0.000000
0.138 0.139 0.000000
0.139 0.140 0.000000
0.140 0.141 0.000000
0.141 0.142 0.000000
0.142 0.143 0.000000
0.143 0.144 0.000000
0.144 0.145 0.000000
0.145 0.146 0.000000
0.146 0.147 0.000000
0.147 0.148 0.000000
0.148 0.149 0.000000
0.149 0.150 0.000000
