1
0.000 0.001 0.000000
0.001 0.002 0.000000
0.002 0.003 0.000000
0.003 0.004 0.000000
0.004 0.005 0.000000
0.005 0.006 0.000000
0.006 0.007 0.000000
0.007 0.008 0.000000
0.008 0.009 0.000000
0.009 0.010 0.000000
0.010 0.011 0.000000
0.011 0.012 0.000000
0.012 0.013 0.000000
0.013 0.014 0.000000
0.014 0.015 0.000000
0.015 0.016 0.000000
0.016 0.017 0.000000
0.017 0.018 0.000000
0.018 0.019 0.000000
0.019 0.020 0.000001
0.020 0.021 0.000007
0.021 0.022 0.000032
0.022 0.023 0.000115
0.023 0.024 0.000343
0.024 0.025 0.000874
0.025 0.026 0.001946
0.026 0.027 0.003877
0.027 0.028 0.007060
0.028 0.029 0.011911
0.029 0.030 0.018715
0.030 0.031 0.027828
0.031 0.032 0.039340
0.032 0.033 0.053349
0.033 0.034 0.069770
0.034 0.035 0.088363
0.035 0.036 0.108711
0.036 0.037 0.130747
0.037 0.038 0.154306
0.038 0.039 0.178017
0.039 0.040 0.201903
0.040 0.041 0.225756
0.041 0.042 0.249167
0.042 0.043 0.272360
0.043 0.044 0.294163
0.044 0.045 0.315285
0.045 0.046 0.333811
0.046 0.047 0.350136
0.047 0.048 0.367904
0.048 0.049 0.383567
0.049 0.050 0.395517
0.050 0.051 0.406873
0.051 0.052 0.418370
0.052 0.053 0.426631
0.053 0.054 0.432750
0.054 0.055 0.438173
0.055 0.056 0.443064
0.056 0.057 0.446962
0.057 0.058 0.635897
0.058 0.059 1.000000
0.059 0.060 0.814181
0.060 0.061 0.458497
0.061 0.062 0.457461
0.062 0.063 0.435670
0.063 0.064 0.432122
0.064 0.065 0.427029
0.065 0.066 0.421477
0.066 0.067 0.573622
0.067 0.068 0.570160
0.068 0.069 0.437740
0.069 0.070 0.395193
0.070 0.071 0.319779
0.071 0.072 0.314506
0.072 0.073 0.306754
0.073 0.074 0.300446
0.074 0.075 0.296404
0.075 0.076 0.291364
0.076 0.077 0.284120
0.077 0.078 0.278421
0.078 0.079 0.274205
0.079 0.080 0.269322
0.080 0.081 0.263186
0.081 0.082 0.255246
0.082 0.083 0.247395
0.083 0.084 0.239995
0.084 0.085 0.233456
0.085 0.086 0.227204
0.086 0.087 0.219439
0.087 0.088 0.215480
0.088 0.089 0.209508
0.089 0.090 0.201972
0.090 0.091 0.195281
0.091 0.092 0.186187
0.092 0.093 0.179501
0.093 0.094 0.175728
0.094 0.095 0.169132
0.095 0.096 0.162888
0.096 0.097 0.156502
0.097 0.098 0.148257
0.098 0.099 0.140273
0.099 0.100 0.135404
0.100 0.101 0.130821
0.101 0.102 0.125630
0.102 0.103 0.119565
0.103 0.104 0.114830
0.104 0.105 0.109784
0.105 0.106 0.103621
0.106 0.107 0.098231
0.107 0.108 0.091782
0.108 0.109 0.086472
0.109 0.110 0.080814
0.110 0.111 0.076519
0.111 0.112 0.072609
0.112 0.113 0.067153
0.113 0.114 0.062196
0.114 0.115 0.058198
0.115 0.116 0.053868
0.116 0.117 0.049201
0.117 0.118 0.044822
0.118 0.119 0.038803
0.119 0.120 0.035811
0.120 0.121 0.034250
0.121 0.122 0.031317
0.122 0.123 0.028364
0.123 0.124 0.025232
0.124 0.125 0.021472
0.125 0.126 0.017257
0.126 0.127 0.015175
0.127 0.128 0.012626
0.128 0.129 0.010350
0.129 0.130 0.008129
0.130 0.131 0.005226
0.131 0.132 0.004231
0.132 0.133 0.002947
0.133 0.134 0.001078
0.134 0.135 0.000626
0.135 0.136 0.000000
0.136 0.137 0.000000
0.137 0.138 0.000000
0.138 0.139 0.000000
0.139 0.140 0.000000
0.140 0.141 0.000000
0.141 0.142 0.000000
0.142 0.143 0.000000
0.143 0.144 0.000000
0.144 0.145 0.000000
0.145 0.146 0.000000
0.146 0.147 0.000000
0.147 0.148 0.000000
0.148 0.149 0.000000
0.149 0.150 0.000000
