1
0.000 0.001 0.000000
0.001 0.002 0.000000
0.002 0.003 0.000000
0.003 0.004 0.000000
0.004 0.005 0.000000
0.005 0.006 0.000000
0.006 0.007 0.000000
0.007 0.008 0.000000
0.008 0.009 0.000000
0.009 0.010 0.000000
0.010 0.011 0.000000
0.011 0.012 0.000000
0.012 0.013 0.000000
0.013 0.014 0.000000
0.014 0.015 0.000002
0.015 0.016 0.000024
0.016 0.017 0.000152
0.017 0.018 0.000672
0.018 0.019 0.002253
0.019 0.020 0.006104
0.020 0.021 0.013907
0.021 0.022 0.027632
0.022 0.023 0.048820
0.023 0.024 0.078706
0.024 0.025 0.118581
0.025 0.026 0.166934
0.026 0.027 0.222754
0.027 0.028 0.285722
0.028 0.029 0.353083
0.029 0.030 0.424451
0.030 0.031 0.496299
0.031 0.032 0.563598
0.032 0.033 0.628347
0.033 0.034 0.688786
0.034 0.035 0.744803
0.035 0.036 0.797537
0.036 0.037 0.840237
0.037 0.038 0.881268
0.038 0.039 0.917247
0.039 0.040 0.942424
0.040 0.041 0.963232
0.041 0.042 0.981909
0.042 0.043 0.994271
0.043 0.044 0.995809
0.044 0.045 1.000000
0.045 0.046 0.994683
0.046 0.047 0.985425
0.047 0.048 0.974187
0.048 0.049 0.957005
0.049 0.050 0.942576
0.050 0.051 0.924577
0.051 0.052 0.903748
0.052 0.053 0.882177
0.053 0.054 0.864330
0.054 0.055 0.840691
0.055 0.056 0.802575
0.056 0.057 0.766254
0.057 0.058 0.797116
0.058 0.059 0.877591
0.059 0.060 0.791714
0.060 0.061 0.650910
0.061 0.062 0.617898
0.062 0.063 0.588389
0.063 0.064 0.556163
0.064 0.065 0.519868
0.065 0.066 0.477735
0.066 0.067 0.480803
0.067 0.068 0.447767
0.068 0.069 0.374008
0.069 0.070 0.326675
0.070 0.071 0.282985
0.071 0.072 0.248298
0.072 0.073 0.205717
0.073 0.074 0.175295
0.074 0.075 0.149645
0.075 0.076 0.120547
0.076 0.077 0.094507
0.077 0.078 0.069041
0.078 0.079 0.047906
0.079 0.080 0.029246
0.080 0.081 0.013789
0.081 0.082 0.002306
0.082 0.083 0.000000
0.083 0.084 0.000000
0.084 0.085 0.000000
0.085 0.086 0.000000
0.086 0.087 0.000000
0.087 0.088 0.000000
0.088 0.089 0.000000
0.089 0.090 0.000000
0.090 0.091 0.000000
0.091 0.092 0.000000
0.092 0.093 0.000000
0.093 0.094 0.000000
0.094 0.095 0.000000
0.095 0.096 0.000000
0.096 0.097 0.000000
0.097 0.098 0.000000
0.098 0.099 0.000000
0.099 0.100 0.000000
0.100 0.101 0.000000
0.101 0.102 0.000000
0.102 0.103 0.000000
0.103 0.104 0.000000
0.104 0.105 0.000000
0.105 0.106 0.000000
0.106 0.107 0.000000
0.107 0.108 0.000000
0.108 0.109 0.000000
0.109 0.110 0.000000
0.110 0.111 0.000000
0.111 0.112 0.000000
0.112 0.113 0.000000
0.113 0.114 0.000000
0.114 0.115 0.000000
0.115 0.116 0.000000
0.116 0.117 0.000000
0.117 0.118 0.000000
0.118 0.119 0.000000
0.119 0.120 0.000000
0.120 0.121 0.000000
0.121 0.122 0.000000
0.122 0.123 0.000000
0.123 0.124 0.000000
0.124 0.125 0.000000
0.125 0.126 0.000000
0.126 0.127 0.000000
0.127 0.128 0.000000
0.128 0.129 0.000000
0.129 0.130 0.000000
0.130 0.131 0.000000
0.131 0.132 0.000000
0.132 0.133 0.000000
0.133 0.134 0.000000
0.134 0.135 0.000000
0.135 0.136 0.000000
0.136 0.137 0.000000
0.137 0.138 0.000000
0.138 0.139 0.000000
0.139 0.140 0.000000
0.140 0.141 0.000000
0.141 0.142 0.000000
0.142 0.143 0.000000
0.143 0.144 0.000000
0.144 0.145 0.000000
0.145 0.146 0.000000
0.146 0.147 0.000000
0.147 0.148 0.000000
0.148 0.149 0.000000
0.149 0.150 0.000000
