1
0.000 0.001 0.000000
0.001 0.002 0.000000
0.002 0.003 0.000000
0.003 0.004 0.000000
0.004 0.005 0.000000
0.005 0.006 0.000000
0.006 0.007 0.000000
0.007 0.008 0.000000
0.008 0.009 0.000000
0.009 0.010 0.000000
0.010 0.011 0.000000
0.011 0.012 0.000000
0.012 0.013 0.000000
0.013 0.014 0.000000
0.014 0.015 0.000000
0.015 0.016 0.000000
0.016 0.017 0.000000
0.017 0.018 0.000000
0.018 0.019 0.000000
0.019 0.020 0.000000
0.020 0.021 0.000000
0.021 0.022 0.000001
0.022 0.023 0.000007
0.023 0.024 0.000029
0.024 0.025 0.000103
0.025 0.026 0.000301
0.026 0.027 0.000760
0.027 0.028 0.001696
0.028 0.029 0.003416
0.029 0.030 0.006255
0.030 0.031 0.010614
0.031 0.032 0.016861
0.032 0.033 0.025339
0.033 0.034 0.036307
0.034 0.035 0.049913
0.035 0.036 0.066061
0.036 0.037 0.084692
0.037 0.038 0.105645
0.038 0.039 0.128131
0.039 0.040 0.152361
0.040 0.041 0.177892
0.041 0.042 0.203855
0.042 0.043 0.230810
0.043 0.044 0.257505
0.044 0.045 0.284251
0.045 0.046 0.309623
0.046 0.047 0.332960
0.047 0.048 0.356972
0.048 0.049 0.380068
0.049 0.050 0.399260
0.050 0.051 0.416752
0.051 0.052 0.434968
0.052 0.053 0.451734
0.053 0.054 0.464912
0.054 0.055 0.475905
0.055 0.056 0.487046
0.056 0.057 0.497080
0.057 0.058 0.669203
0.058 0.059 1.000000
0.059 0.060 0.840615
0.060 0.061 0.523405
0.061 0.062 0.524169
0.062 0.063 0.506428
0.063 0.064 0.501948
0.064 0.065 0.496135
0.065 0.066 0.492146
0.066 0.067 0.636592
0.067 0.068 0.633703
0.068 0.069 0.504192
0.069 0.070 0.459676
0.070 0.071 0.385559
0.071 0.072 0.377804
0.072 0.073 0.367088
0.073 0.074 0.362385
0.074 0.075 0.355766
0.075 0.076 0.345980
0.076 0.077 0.332152
0.077 0.078 0.322879
0.078 0.079 0.318160
0.079 0.080 0.311304
0.080 0.081 0.300443
0.081 0.082 0.287772
0.082 0.083 0.276608
0.083 0.084 0.265587
0.084 0.085 0.254370
0.085 0.086 0.247032
0.086 0.087 0.236618
0.087 0.088 0.229434
0.088 0.089 0.221281
0.089 0.090 0.209743
0.090 0.091 0.198091
0.091 0.092 0.182789
0.092 0.093 0.174425
0.093 0.094 0.169768
0.094 0.095 0.160802
0.095 0.096 0.152073
0.096 0.097 0.141946
0.097 0.098 0.129874
0.098 0.099 0.117134
0.099 0.100 0.109400
0.100 0.101 0.104576
0.101 0.102 0.097656
0.102 0.103 0.087625
0.103 0.104 0.079734
0.104 0.105 0.072860
0.105 0.106 0.066830
0.106 0.107 0.060567
0.107 0.108 0.052919
0.108 0.109 0.046171
0.109 0.110 0.038069
0.110 0.111 0.032767
0.111 0.112 0.028492
0.112 0.113 0.023134
0.113 0.114 0.017687
0.114 0.115 0.014249
0.115 0.116 0.010283
0.116 0.117 0.005995
0.117 0.118 0.003793
0.118 0.119 0.000877
0.119 0.120 0.000000
0.120 0.121 0.000000
0.121 0.122 0.000000
0.122 0.123 0.000000
0.123 0.124 0.000000
0.124 0.125 0.000000
0.125 0.126 0.000000
0.126 0.127 0.000000
0.127 0.128 0.000000
0.128 0.129 0.000000
0.129 0.130 0.000000
0.130 0.131 0.000000
0.131 0.132 0.000000
0.132 0.133 0.000000
0.133 0.134 0.000000
0.134 0.135 0.000000
0.135 0.136 0.000000
0.136 0.137 0.000000
0.137 0.138 0.000000
0.138 0.139 0.000000
0.139 0.140 0.000000
0.140 0.141 0.000000
0.141 0.142 0.000000
0.142 0.143 0.000000
0.143 0.144 0.000000
0.144 0.145 0.000000
0.145 0.146 0.000000
0.146 0.147 0.000000
0.147 0.148 0.000000
0.148 0.149 0.000000
0.149 0.150 0.000000
