1
0.000 0.001 0.000000
0.001 0.002 0.000000
0.002 0.003 0.000000
0.003 0.004 0.000000
0.004 0.005 0.000000
0.005 0.006 0.000000
0.006 0.007 0.000000
0.007 0.008 0.000000
0.008 0.009 0.000000
0.009 0.010 0.000000
0.010 0.011 0.000000
0.011 0.012 0.000000
0.012 0.013 0.000000
0.013 0.014 0.000000
0.014 0.015 0.000000
0.015 0.016 0.000000
0.016 0.017 0.000000
0.017 0.018 0.000000
0.018 0.019 0.000000
0.019 0.020 0.000002
0.020 0.021 0.000012
0.021 0.022 0.000054
0.022 0.023 0.000191
0.023 0.024 0.000552
0.024 0.025 0.001368
0.025 0.026 0.002963
0.026 0.027 0.005743
0.027 0.028 0.010217
0.028 0.029 0.016880
0.029 0.030 0.025991
0.030 0.031 0.037802
0.031 0.032 0.052617
0.032 0.033 0.070279
0.033 0.034 0.090469
0.034 0.035 0.113145
0.035 0.036 0.138147
0.036 0.037 0.164882
0.037 0.038 0.191179
0.038 0.039 0.217373
0.039 0.040 0.245031
0.040 0.041 0.271975
0.041 0.042 0.297388
0.042 0.043 0.323391
0.043 0.044 0.346601
0.044 0.045 0.369170
0.045 0.046 0.391056
0.046 0.047 0.407669
0.047 0.048 0.425593
0.048 0.049 0.443603
0.049 0.050 0.454918
0.050 0.051 0.464640
0.051 0.052 0.476470
0.052 0.053 0.488223
0.053 0.054 0.495058
0.054 0.055 0.497996
0.055 0.056 0.503379
0.056 0.057 0.510415
0.057 0.058 0.679070
0.058 0.059 1.000000
0.059 0.060 0.830108
0.060 0.061 0.511797
0.061 0.062 0.509185
0.062 0.063 0.489762
0.063 0.064 0.481232
0.064 0.065 0.473588
0.065 0.066 0.469479
0.066 0.067 0.600615
0.067 0.068 0.594541
0.068 0.069 0.474171
0.069 0.070 0.431803
0.070 0.071 0.363718
0.071 0.072 0.354546
0.072 0.073 0.342858
0.073 0.074 0.340969
0.074 0.075 0.336900
0.075 0.076 0.326332
0.076 0.077 0.312776
0.077 0.078 0.302856
0.078 0.079 0.298745
0.079 0.080 0.292104
0.080 0.081 0.281596
0.081 0.082 0.269644
0.082 0.083 0.257827
0.083 0.084 0.244693
0.084 0.085 0.234191
0.085 0.086 0.225526
0.086 0.087 0.214851
0.087 0.088 0.206258
0.088 0.089 0.197752
0.089 0.090 0.185568
0.090 0.091 0.170455
0.091 0.092 0.156370
0.092 0.093 0.145746
0.093 0.094 0.137025
0.094 0.095 0.125592
0.095 0.096 0.114846
0.096 0.097 0.101068
0.097 0.098 0.087084
0.098 0.099 0.070811
0.099 0.100 0.061020
0.100 0.101 0.055709
0.101 0.102 0.047796
0.102 0.103 0.036945
0.103 0.104 0.029195
0.104 0.105 0.022400
0.105 0.106 0.015715
0.106 0.107 0.009897
0.107 0.108 0.004964
0.108 0.109 0.000861
0.109 0.110 0.000000
0.110 0.111 0.000000
0.111 0.112 0.000000
0.112 0.113 0.000000
0.113 0.114 0.000000
0.114 0.115 0.000000
0.115 0.116 0.000000
0.116 0.117 0.000000
0.117 0.118 0.000000
0.118 0.119 0.000000
0.119 0.120 0.000000
0.120 0.121 0.000000
0.121 0.122 0.000000
0.122 0.123 0.000000
0.123 0.124 0.000000
0.124 0.125 0.000000
0.125 0.126 0.000000
0.126 0.127 0.000000
0.127 0.128 0.000000
0.128 0.129 0.000000
0.129 0.130 0.000000
0.130 0.131 0.000000
0.131 0.132 0.000000
0.132 0.133 0.000000
0.133 0.134 0.000000
0.134 0.135 0.000000
0.135 0.136 0.000000
0.136 0.137 0.000000
0.137 0.138 0.000000
0.138 0.139 0.000000
0.139 0.140 0.000000
0.140 0.141 0.000000
0.141 0.142 0.000000
0.142 0.143 0.000000
0.143 0.144 0.000000
0.144 0.145 0.000000
0.145 0.146 0.000000
0.146 0.147 0.000000
0.147 0.148 0.000000
0.148 0.149 0.000000
0.149 0.150 0.000000
