1
0.000 0.001 0.000000
0.001 0.002 0.000000
0.002 0.003 0.000000
0.003 0.004 0.000000
0.004 0.005 0.000000
0.005 0.006 0.000000
0.006 0.007 0.000000
0.007 0.008 0.000000
0.008 0.009 0.000000
0.009 0.010 0.000000
0.010 0.011 0.000000
0.011 0.012 0.000000
0.012 0.013 0.000000
0.013 0.014 0.000000
0.014 0.015 0.000000
0.015 0.016 0.000000
0.016 0.017 0.000000
0.017 0.018 0.000000
0.018 0.019 0.000000
0.019 0.020 0.000001
0.020 0.021 0.000005
0.021 0.022 0.000024
0.022 0.023 0.000090
0.023 0.024 0.000276
0.024 0.025 0.000718
0.025 0.026 0.001630
0.026 0.027 0.003296
0.027 0.028 0.006101
0.028 0.029 0.010438
0.029 0.030 0.016565
0.030 0.031 0.024895
0.031 0.032 0.035599
0.032 0.033 0.048630
0.033 0.034 0.064102
0.034 0.035 0.082038
0.035 0.036 0.101858
0.036 0.037 0.123593
0.037 0.038 0.146475
0.038 0.039 0.169048
0.039 0.040 0.192387
0.040 0.041 0.216746
0.041 0.042 0.240312
0.042 0.043 0.264058
0.043 0.044 0.286377
0.044 0.045 0.308414
0.045 0.046 0.329194
0.046 0.047 0.346134
0.047 0.048 0.364702
0.048 0.049 0.383243
0.049 0.050 0.396631
0.050 0.051 0.407397
0.051 0.052 0.419868
0.052 0.053 0.433128
0.053 0.054 0.441631
0.054 0.055 0.447395
0.055 0.056 0.455604
0.056 0.057 0.463824
0.057 0.058 0.647931
0.058 0.059 1.000000
0.059 0.060 0.820878
0.060 0.061 0.478716
0.061 0.062 0.478769
0.062 0.063 0.460534
0.063 0.064 0.455769
0.064 0.065 0.449855
0.065 0.066 0.447465
0.066 0.067 0.595652
0.067 0.068 0.592632
0.068 0.069 0.465174
0.069 0.070 0.422708
0.070 0.071 0.349172
0.071 0.072 0.342479
0.072 0.073 0.334420
0.073 0.074 0.333219
0.074 0.075 0.329880
0.075 0.076 0.323305
0.076 0.077 0.313238
0.077 0.078 0.305371
0.078 0.079 0.302982
0.079 0.080 0.298007
0.080 0.081 0.288980
0.081 0.082 0.279120
0.082 0.083 0.270468
0.083 0.084 0.261581
0.084 0.085 0.254048
0.085 0.086 0.247859
0.086 0.087 0.238614
0.087 0.088 0.233140
0.088 0.089 0.227577
0.089 0.090 0.217381
0.090 0.091 0.205959
0.091 0.092 0.192429
0.092 0.093 0.183982
0.093 0.094 0.179787
0.094 0.095 0.170765
0.095 0.096 0.162085
0.096 0.097 0.151694
0.097 0.098 0.139199
0.098 0.099 0.125943
0.099 0.100 0.116606
0.100 0.101 0.111822
0.101 0.102 0.103719
0.102 0.103 0.091516
0.103 0.104 0.081985
0.104 0.105 0.075212
0.105 0.106 0.066643
0.106 0.107 0.057434
0.107 0.108 0.046653
0.108 0.109 0.036633
0.109 0.110 0.026414
0.110 0.111 0.017247
0.111 0.112 0.011347
0.112 0.113 0.005249
0.113 0.114 0.000696
0.114 0.115 0.000000
0.115 0.116 0.000000
0.116 0.117 0.000000
0.117 0.118 0.000000
0.118 0.119 0.000000
0.119 0.120 0.000000
0.120 0.121 0.000000
0.121 0.122 0.000000
0.122 0.123 0.000000
0.123 0.124 0.000000
0.124 0.125 0.000000
0.125 0.126 0.000000
0.126 0.127 0.000000
0.127 0.128 0.000000
0.128 0.129 0.000000
0.129 0.130 0.000000
0.130 0.131 0.000000
0.131 0.132 0.000000
0.132 0.133 0.000000
0.133 0.134 0.000000
0.134 0.135 0.000000
0.135 0.136 0.000000
0.136 0.137 0.000000
0.137 0.138 0.000000
0.138 0.139 0.000000
0.139 0.140 0.000000
0.140 0.141 0.000000
0.141 0.142 0.000000
0.142 0.143 0.000000
0.143 0.144 0.000000
0.144 0.145 0.000000
0.145 0.146 0.000000
0.146 0.147 0.000000
0.147 0.148 0.000000
0.148 0.149 0.000000
0.149 0.150 0.000000
