1
0.000 0.001 0.000000
0.001 0.002 0.000000
0.002 0.003 0.000000
0.003 0.004 0.000000
0.004 0.005 0.000000
0.005 0.006 0.000000
0.006 0.007 0.000000
0.007 0.008 0.000000
0.008 0.009 0.000000
0.009 0.010 0.000000
0.010 0.011 0.000000
0.011 0.012 0.000000
0.012 0.013 0.000000
0.013 0.014 0.000000
0.014 0.015 0.000000
0.015 0.016 0.000000
0.016 0.017 0.000000
0.017 0.018 0.000000
0.018 0.019 0.000000
0.019 0.020 0.000000
0.020 0.021 0.000000
0.021 0.022 0.000001
0.022 0.023 0.000004
0.023 0.024 0.000019
0.024 0.025 0.000076
0.025 0.026 0.000244
0.026 0.027 0.000664
0.027 0.028 0.001584
0.028 0.029 0.003380
0.029 0.030 0.006490
0.030 0.031 0.011486
0.031 0.032 0.018901
0.032 0.033 0.029297
0.033 0.034 0.042958
0.034 0.035 0.060215
0.035 0.036 0.081298
0.036 0.037 0.105255
0.037 0.038 0.132883
0.038 0.039 0.163708
0.039 0.040 0.197292
0.040 0.041 0.232091
0.041 0.042 0.268016
0.042 0.043 0.304914
0.043 0.044 0.341348
0.044 0.045 0.376964
0.045 0.046 0.409922
0.046 0.047 0.441337
0.047 0.048 0.469900
0.048 0.049 0.499051
0.049 0.050 0.523678
0.050 0.051 0.547011
0.051 0.052 0.570059
0.052 0.053 0.588202
0.053 0.054 0.602022
0.054 0.055 0.612325
0.055 0.056 0.619599
0.056 0.057 0.625706
0.057 0.058 0.754366
0.058 0.059 1.000000
0.059 0.060 0.878009
0.060 0.061 0.632486
0.061 0.062 0.627818
0.062 0.063 0.606248
0.063 0.064 0.594015
0.064 0.065 0.582378
0.065 0.066 0.570193
0.066 0.067 0.674601
0.067 0.068 0.663621
0.068 0.069 0.544116
0.069 0.070 0.497676
0.070 0.071 0.434086
0.071 0.072 0.421147
0.072 0.073 0.401794
0.073 0.074 0.389421
0.074 0.075 0.375140
0.075 0.076 0.355127
0.076 0.077 0.333838
0.077 0.078 0.311425
0.078 0.079 0.300458
0.079 0.080 0.287990
0.080 0.081 0.271288
0.081 0.082 0.251188
0.082 0.083 0.232419
0.083 0.084 0.213745
0.084 0.085 0.195625
0.085 0.086 0.175731
0.086 0.087 0.161344
0.087 0.088 0.147406
0.088 0.089 0.131576
0.089 0.090 0.116114
0.090 0.091 0.100862
0.091 0.092 0.082756
0.092 0.093 0.072670
0.093 0.094 0.062357
0.094 0.095 0.051405
0.095 0.096 0.040864
0.096 0.097 0.026259
0.097 0.098 0.018653
0.098 0.099 0.011006
0.099 0.100 0.002783
0.100 0.101 0.000000
0.101 0.102 0.000000
0.102 0.103 0.000000
0.103 0.104 0.000000
0.104 0.105 0.000000
0.105 0.106 0.000000
0.106 0.107 0.000000
0.107 0.108 0.000000
0.108 0.109 0.000000
0.109 0.110 0.000000
0.110 0.111 0.000000
0.111 0.112 0.000000
0.112 0.113 0.000000
0.113 0.114 0.000000
0.114 0.115 0.000000
0.115 0.116 0.000000
0.116 0.117 0.000000
0.117 0.118 0.000000
0.118 0.119 0.000000
0.119 0.120 0.000000
0.120 0.121 0.000000
0.121 0.122 0.000000
0.122 0.123 0.000000
0.123 0.124 0.000000
0.124 0.125 0.000000
0.125 0.126 0.000000
0.126 0.127 0.000000
0.127 0.128 0.000000
0.128 0.129 0.000000
0.129 0.130 0.000000
0.130 0.131 0.000000
0.131 0.132 0.000000
0.132 0.133 0.000000
0.133 0.134 0.000000
0.134 0.135 0.000000
0.135 0.136 0.000000
0.136 0.137 0.000000
0.137 0.138 0.000000
0.138 0.139 0.000000
0.139 0.140 0.000000
0.140 0.141 0.000000
0.141 0.142 0.000000
0.142 0.143 0.000000
0.143 0.144 0.000000
0.144 0.145 0.000000
0.145 0.146 0.000000
0.146 0.147 0.000000
0.147 0.148 0.000000
0.148 0.149 0.000000
0.149 0.150 0.000000
