1
0.000 0.001 0.000000
0.001 0.002 0.000000
0.002 0.003 0.000000
0.003 0.004 0.000000
0.004 0.005 0.000000
0.005 0.006 0.000000
0.006 0.007 0.000000
0.007 0.008 0.000000
0.008 0.009 0.000000
0.009 0.010 0.000000
0.010 0.011 0.000000
0.011 0.012 0.000000
0.012 0.013 0.000000
0.013 0.014 0.000000
0.014 0.015 0.000000
0.015 0.016 0.000005
0.016 0.017 0.000045
0.017 0.018 0.000257
0.018 0.019 0.001038
0.019 0.020 0.003234
0.020 0.021 0.008236
0.021 0.022 0.017815
0.022 0.023 0.033762
0.023 0.024 0.057619
0.024 0.025 0.090277
0.025 0.026 0.131708
0.026 0.027 0.180947
0.027 0.028 0.237200
0.028 0.029 0.298830
0.029 0.030 0.362166
0.030 0.031 0.428167
0.031 0.032 0.493137
0.032 0.033 0.556872
0.033 0.034 0.615372
0.034 0.035 0.668493
0.035 0.036 0.717662
0.036 0.037 0.757822
0.037 0.038 0.792719
0.038 0.039 0.822770
0.039 0.040 0.846449
0.040 0.041 0.867462
0.041 0.042 0.883397
0.042 0.043 0.895359
0.043 0.044 0.903737
0.044 0.045 0.906289
0.045 0.046 0.899461
0.046 0.047 0.892762
0.047 0.048 0.883275
0.048 0.049 0.868533
0.049 0.050 0.847698
0.050 0.051 0.834236
0.051 0.052 0.822024
0.052 0.053 0.802868
0.053 0.054 0.781973
0.054 0.055 0.760767
0.055 0.056 0.736727
0.056 0.057 0.711137
0.057 0.058 0.804031
0.058 0.059 1.000000
0.059 0.060 0.856475
0.060 0.061 0.622324
0.061 0.062 0.598225
0.062 0.063 0.561045
0.063 0.064 0.535040
0.064 0.065 0.510486
0.065 0.066 0.485812
0.066 0.067 0.549117
0.067 0.068 0.527857
0.068 0.069 0.428072
0.069 0.070 0.383581
0.070 0.071 0.331238
0.071 0.072 0.315166
0.072 0.073 0.294330
0.073 0.074 0.276910
0.074 0.075 0.258959
0.075 0.076 0.239210
0.076 0.077 0.217848
0.077 0.078 0.202930
0.078 0.079 0.189885
0.079 0.080 0.176910
0.080 0.081 0.161616
0.081 0.082 0.143951
0.082 0.083 0.128330
0.083 0.084 0.112043
0.084 0.085 0.100787
0.085 0.086 0.089945
0.086 0.087 0.077637
0.087 0.088 0.065683
0.088 0.089 0.050977
0.089 0.090 0.042653
0.090 0.091 0.035822
0.091 0.092 0.027860
0.092 0.093 0.018369
0.093 0.094 0.013626
0.094 0.095 0.008818
0.095 0.096 0.002452
0.096 0.097 0.000000
0.097 0.098 0.000000
0.098 0.099 0.000000
0.099 0.100 0.000000
0.100 0.101 0.000000
0.101 0.102 0.000000
0.102 0.103 0.000000
0.103 0.104 0.000000
0.104 0.105 0.000000
0.105 0.106 0.000000
0.106 0.107 0.000000
0.107 0.108 0.000000
0.108 0.109 0.000000
0.109 0.110 0.000000
0.110 0.111 0.000000
0.111 0.112 0.000000
0.112 0.113 0.000000
0.113 0.114 0.000000
0.114 0.115 0.000000
0.115 0.116 0.000000
0.116 0.117 0.000000
0.117 0.118 0.000000
0.118 0.119 0.000000
0.119 0.120 0.000000
0.120 0.121 0.000000
0.121 0.122 0.000000
0.122 0.123 0.000000
0.123 0.124 0.000000
0.124 0.125 0.000000
0.125 0.126 0.000000
0.126 0.127 0.000000
0.127 0.128 0.000000
0.128 0.129 0.000000
0.129 0.130 0.000000
0.130 0.131 0.000000
0.131 0.132 0.000000
0.132 0.133 0.000000
0.133 0.134 0.000000
0.134 0.135 0.000000
0.135 0.136 0.000000
0.136 0.137 0.000000
0.137 0.138 0.000000
0.138 0.139 0.000000
0.139 0.140 0.000000
0.140 0.141 0.000000
0.141 0.142 0.000000
0.142 0.143 0.000000
0.143 0.144 0.000000
0.144 0.145 0.000000
0.145 0.146 0.000000
0.146 0.147 0.000000
0.147 0.148 0.000000
0.148 0.149 0.000000
0.149 0.150 0.000000
