1
0.000 0.001 0.000000
0.001 0.002 0.000000
0.002 0.003 0.000000
0.003 0.004 0.000000
0.004 0.005 0.000000
0.005 0.006 0.000000
0.006 0.007 0.000000
0.007 0.008 0.000000
0.008 0.009 0.000000
0.009 0.010 0.000000
0.010 0.011 0.000000
0.011 0.012 0.000000
0.012 0.013 0.000000
0.013 0.014 0.000000
0.014 0.015 0.000000
0.015 0.016 0.000000
0.016 0.017 0.000000
0.017 0.018 0.000000
0.018 0.019 0.000000
0.019 0.020 0.000000
0.020 0.021 0.000003
0.021 0.022 0.000017
0.022 0.023 0.000071
0.023 0.024 0.000232
0.024 0.025 0.000641
0.025 0.026 0.001531
0.026 0.027 0.003220
0.027 0.028 0.006157
0.028 0.029 0.010830
0.029 0.030 0.017597
0.030 0.031 0.026985
0.031 0.032 0.039158
0.032 0.033 0.054318
0.033 0.034 0.072424
0.034 0.035 0.093360
0.035 0.036 0.116682
0.036 0.037 0.142084
0.037 0.038 0.168974
0.038 0.039 0.196178
0.039 0.040 0.224169
0.040 0.041 0.252218
0.041 0.042 0.279426
0.042 0.043 0.306418
0.043 0.044 0.331167
0.044 0.045 0.356773
0.045 0.046 0.379995
0.046 0.047 0.400332
0.047 0.048 0.420701
0.048 0.049 0.439534
0.049 0.050 0.454051
0.050 0.051 0.466110
0.051 0.052 0.478177
0.052 0.053 0.489090
0.053 0.054 0.496047
0.054 0.055 0.500519
0.055 0.056 0.505225
0.056 0.057 0.507992
0.057 0.058 0.676376
0.058 0.059 1.000000
0.059 0.060 0.834659
0.060 0.061 0.517421
0.061 0.062 0.514575
0.062 0.063 0.493568
0.063 0.064 0.485719
0.064 0.065 0.476937
0.065 0.066 0.470163
0.066 0.067 0.604958
0.067 0.068 0.598738
0.068 0.069 0.473621
0.069 0.070 0.427447
0.070 0.071 0.356827
0.071 0.072 0.349161
0.072 0.073 0.338990
0.073 0.074 0.334317
0.074 0.075 0.327961
0.075 0.076 0.318915
0.076 0.077 0.307136
0.077 0.078 0.296845
0.078 0.079 0.290848
0.079 0.080 0.283081
0.080 0.081 0.271826
0.081 0.082 0.257921
0.082 0.083 0.248644
0.083 0.084 0.239488
0.084 0.085 0.231274
0.085 0.086 0.224101
0.086 0.087 0.214156
0.087 0.088 0.207210
0.088 0.089 0.199348
0.089 0.090 0.188570
0.090 0.091 0.177847
0.091 0.092 0.164566
0.092 0.093 0.154125
0.093 0.094 0.150252
0.094 0.095 0.142529
0.095 0.096 0.135047
0.096 0.097 0.126375
0.097 0.098 0.115981
0.098 0.099 0.105583
0.099 0.100 0.097660
0.100 0.101 0.092476
0.101 0.102 0.084290
0.102 0.103 0.076379
0.103 0.104 0.070351
0.104 0.105 0.065905
0.105 0.106 0.060176
0.106 0.107 0.054219
0.107 0.108 0.047016
0.108 0.109 0.040642
0.109 0.110 0.032858
0.110 0.111 0.028289
0.111 0.112 0.024619
0.112 0.113 0.020023
0.113 0.114 0.016013
0.114 0.115 0.010881
0.115 0.116 0.008024
0.116 0.117 0.005468
0.117 0.118 0.002033
0.118 0.119 0.001042
0.119 0.120 0.000000
0.120 0.121 0.000000
0.121 0.122 0.000000
0.122 0.123 0.000000
0.123 0.124 0.000000
0.124 0.125 0.000000
0.125 0.126 0.000000
0.126 0.127 0.000000
0.127 0.128 0.000000
0.128 0.129 0.000000
0.129 0.130 0.000000
0.130 0.131 0.000000
0.131 0.132 0.000000
0.132 0.133 0.000000
0.133 0.134 0.000000
0.134 0.135 0.000000
0.135 0.136 0.000000
0.136 0.137 0.000000
0.137 0.138 0.000000
0.138 0.139 0.000000
0.139 0.140 0.000000
0.140 0.141 0.000000
0.141 0.142 0.000000
0.142 0.143 0.000000
0.143 0.144 0.000000
0.144 0.145 0.000000
0.145 0.146 0.000000
0.146 0.147 0.000000
0.147 0.148 0.000000
0.148 0.149 0.000000
0.149 0.150 0.000000
