1
0.000 0.001 0.000000
0.001 0.002 0.000000
0.002 0.003 0.000000
0.003 0.004 0.000000
0.004 0.005 0.000000
0.005 0.006 0.000000
0.006 0.007 0.000000
0.007 0.008 0.000000
0.008 0.009 0.000000
0.009 0.010 0.000000
0.010 0.011 0.000000
0.011 0.012 0.000000
0.012 0.013 0.000000
0.013 0.014 0.000000
0.014 0.015 0.000000
0.015 0.016 0.000000
0.016 0.017 0.000000
0.017 0.018 0.000000
0.018 0.019 0.000000
0.019 0.020 0.000000
0.020 0.021 0.000000
0.021 0.022 0.000001
0.022 0.023 0.000005
0.023 0.024 0.000023
0.024 0.025 0.000088
0.025 0.026 0.000276
0.026 0.027 0.000733
0.027 0.028 0.001712
0.028 0.029 0.003591
0.029 0.030 0.006795
0.030 0.031 0.011875
0.031 0.032 0.019362
0.032 0.033 0.029782
0.033 0.034 0.043437
0.034 0.035 0.060517
0.035 0.036 0.081350
0.036 0.037 0.105320
0.037 0.038 0.131897
0.038 0.039 0.161470
0.039 0.040 0.193770
0.040 0.041 0.226870
0.041 0.042 0.260317
0.042 0.043 0.295856
0.043 0.044 0.330878
0.044 0.045 0.365283
0.045 0.046 0.397143
0.046 0.047 0.426752
0.047 0.048 0.456071
0.048 0.049 0.483052
0.049 0.050 0.503702
0.050 0.051 0.523499
0.051 0.052 0.543272
0.052 0.053 0.561305
0.053 0.054 0.575527
0.054 0.055 0.586493
0.055 0.056 0.594640
0.056 0.057 0.601536
0.057 0.058 0.738265
0.058 0.059 1.000000
0.059 0.060 0.868030
0.060 0.061 0.606111
0.061 0.062 0.603011
0.062 0.063 0.583252
0.063 0.064 0.572853
0.064 0.065 0.563034
0.065 0.066 0.553346
0.066 0.067 0.665034
0.067 0.068 0.655925
0.068 0.069 0.537537
0.069 0.070 0.487341
0.070 0.071 0.422699
0.071 0.072 0.410818
0.072 0.073 0.393302
0.073 0.074 0.383928
0.074 0.075 0.372512
0.075 0.076 0.354727
0.076 0.077 0.335140
0.077 0.078 0.315722
0.078 0.079 0.306573
0.079 0.080 0.295631
0.080 0.081 0.280491
0.081 0.082 0.262293
0.082 0.083 0.244989
0.083 0.084 0.227245
0.084 0.085 0.210751
0.085 0.086 0.193425
0.086 0.087 0.179873
0.087 0.088 0.167092
0.088 0.089 0.153000
0.089 0.090 0.138072
0.090 0.091 0.122158
0.091 0.092 0.104718
0.092 0.093 0.094246
0.093 0.094 0.083973
0.094 0.095 0.072580
0.095 0.096 0.061719
0.096 0.097 0.046850
0.097 0.098 0.036987
0.098 0.099 0.026311
0.099 0.100 0.016854
0.100 0.101 0.014156
0.101 0.102 0.009373
0.102 0.103 0.002468
0.103 0.104 0.000000
0.104 0.105 0.000000
0.105 0.106 0.000000
0.106 0.107 0.000000
0.107 0.108 0.000000
0.108 0.109 0.000000
0.109 0.110 0.000000
0.110 0.111 0.000000
0.111 0.112 0.000000
0.112 0.113 0.000000
0.113 0.114 0.000000
0.114 0.115 0.000000
0.115 0.116 0.000000
0.116 0.117 0.000000
0.117 0.118 0.000000
0.118 0.119 0.000000
0.119 0.120 0.000000
0.120 0.121 0.000000
0.121 0.122 0.000000
0.122 0.123 0.000000
0.123 0.124 0.000000
0.124 0.125 0.000000
0.125 0.126 0.000000
0.126 0.127 0.000000
0.127 0.128 0.000000
0.128 0.129 0.000000
0.129 0.130 0.000000
0.130 0.131 0.000000
0.131 0.132 0.000000
0.132 0.133 0.000000
0.133 0.134 0.000000
0.134 0.135 0.000000
0.135 0.136 0.000000
0.136 0.137 0.000000
0.137 0.138 0.000000
0.138 0.139 0.000000
0.139 0.140 0.000000
0.140 0.141 0.000000
0.141 0.142 0.000000
0.142 0.143 0.000000
0.143 0.144 0.000000
0.144 0.145 0.000000
0.145 0.146 0.000000
0.146 0.147 0.000000
0.147 0.148 0.000000
0.148 0.149 0.000000
0.149 0.150 0.000000
