1
0.000 0.001 0.000000
0.001 0.002 0.000000
0.002 0.003 0.000000
0.003 0.004 0.000000
0.004 0.005 0.000000
0.005 0.006 0.000000
0.006 0.007 0.000000
0.007 0.008 0.000000
0.008 0.009 0.000000
0.009 0.010 0.000000
0.010 0.011 0.000000
0.011 0.012 0.000000
0.012 0.013 0.000000
0.013 0.014 0.000002
0.014 0.015 0.000016
0.015 0.016 0.000097
0.016 0.017 0.000404
0.017 0.018 0.001283
0.018 0.019 0.003288
0.019 0.020 0.007165
0.020 0.021 0.013712
0.021 0.022 0.023565
0.022 0.023 0.037149
0.023 0.024 0.054675
0.024 0.025 0.075877
0.025 0.026 0.100156
0.026 0.027 0.127090
0.027 0.028 0.156184
0.028 0.029 0.186313
0.029 0.030 0.216105
0.030 0.031 0.245865
0.031 0.032 0.274781
0.032 0.033 0.302514
0.033 0.034 0.328407
0.034 0.035 0.352038
0.035 0.036 0.373286
0.036 0.037 0.392793
0.037 0.038 0.411045
0.038 0.039 0.425253
0.039 0.040 0.436922
0.040 0.041 0.447055
0.041 0.042 0.455280
0.042 0.043 0.462501
0.043 0.044 0.467084
0.044 0.045 0.471323
0.045 0.046 0.472643
0.046 0.047 0.471945
0.047 0.048 0.473781
0.048 0.049 0.473419
0.049 0.050 0.469011
0.050 0.051 0.465519
0.051 0.052 0.463361
0.052 0.053 0.458710
0.053 0.054 0.452626
0.054 0.055 0.446651
0.055 0.056 0.442319
0.056 0.057 0.438064
0.057 0.058 0.631812
0.058 0.059 1.000000
0.059 0.060 0.790859
0.060 0.061 0.422277
0.061 0.062 0.415045
0.062 0.063 0.388407
0.063 0.064 0.380356
0.064 0.065 0.371471
0.065 0.066 0.363209
0.066 0.067 0.498248
0.067 0.068 0.490443
0.068 0.069 0.369594
0.069 0.070 0.330334
0.070 0.071 0.262788
0.071 0.072 0.257351
0.072 0.073 0.250418
0.073 0.074 0.245461
0.074 0.075 0.240904
0.075 0.076 0.235529
0.076 0.077 0.228384
0.077 0.078 0.222888
0.078 0.079 0.218883
0.079 0.080 0.214279
0.080 0.081 0.208804
0.081 0.082 0.202263
0.082 0.083 0.195720
0.083 0.084 0.189491
0.084 0.085 0.184243
0.085 0.086 0.179409
0.086 0.087 0.174026
0.087 0.088 0.170078
0.088 0.089 0.164677
0.089 0.090 0.158076
0.090 0.091 0.152145
0.091 0.092 0.144467
0.092 0.093 0.138757
0.093 0.094 0.135360
0.094 0.095 0.129823
0.095 0.096 0.124458
0.096 0.097 0.119484
0.097 0.098 0.113134
0.098 0.099 0.107269
0.099 0.100 0.102688
0.100 0.101 0.098592
0.101 0.102 0.093544
0.102 0.103 0.088733
0.103 0.104 0.084940
0.104 0.105 0.080953
0.105 0.106 0.076162
0.106 0.107 0.071964
0.107 0.108 0.066744
0.108 0.109 0.063213
0.109 0.110 0.059819
0.110 0.111 0.056227
0.111 0.112 0.052974
0.112 0.113 0.048595
0.113 0.114 0.044328
0.114 0.115 0.041532
0.115 0.116 0.038539
0.116 0.117 0.035286
0.117 0.118 0.032265
0.118 0.119 0.028184
0.119 0.120 0.025922
0.120 0.121 0.024688
0.121 0.122 0.022476
0.122 0.123 0.020254
0.123 0.124 0.017671
0.124 0.125 0.015375
0.125 0.126 0.013078
0.126 0.127 0.011286
0.127 0.128 0.008942
0.128 0.129 0.007458
0.129 0.130 0.005999
0.130 0.131 0.004171
0.131 0.132 0.003407
0.132 0.133 0.002415
0.133 0.134 0.001103
0.134 0.135 0.000290
0.135 0.136 0.000000
0.136 0.137 0.000000
0.137 0.138 0.000000
0.138 0.139 0.000000
0.139 0.140 0.000000
0.140 0.141 0.000000
0.141 0.142 0.000000
0.142 0.143 0.000000
0.143 0.144 0.000000
0.144 0.145 0.000000
0.145 0.146 0.000000
0.146 0.147 0.000000
0.147 0.148 0.000000
0.148 0.149 0.000000
0.149 0.150 0.000000
