1
0.000 0.001 0.000000
0.001 0.002 0.000000
0.002 0.003 0.000000
0.003 0.004 0.000000
0.004 0.005 0.000000
0.005 0.006 0.000000
0.006 0.007 0.000000
0.007 0.008 0.000000
0.008 0.009 0.000000
0.009 0.010 0.000000
0.010 0.011 0.000000
0.011 0.012 0.000000
0.012 0.013 0.000000
0.013 0.014 0.000000
0.014 0.015 0.000000
0.015 0.016 0.000003
0.016 0.017 0.000026
0.017 0.018 0.000134
0.018 0.019 0.000507
0.019 0.020 0.001514
0.020 0.021 0.003757
0.021 0.022 0.008017
0.022 0.023 0.015124
0.023 0.024 0.025836
0.024 0.025 0.040701
0.025 0.026 0.059799
0.026 0.027 0.082965
0.027 0.028 0.110262
0.028 0.029 0.140951
0.029 0.030 0.173571
0.030 0.031 0.207591
0.031 0.032 0.242260
0.032 0.033 0.277101
0.033 0.034 0.311000
0.034 0.035 0.343739
0.035 0.036 0.374978
0.036 0.037 0.403994
0.037 0.038 0.429593
0.038 0.039 0.451485
0.039 0.040 0.472190
0.040 0.041 0.490350
0.041 0.042 0.505351
0.042 0.043 0.519356
0.043 0.044 0.529811
0.044 0.045 0.539155
0.045 0.046 0.545948
0.046 0.047 0.548071
0.047 0.048 0.551676
0.048 0.049 0.554962
0.049 0.050 0.552372
0.050 0.051 0.548671
0.051 0.052 0.547620
0.052 0.053 0.545823
0.053 0.054 0.540142
0.054 0.055 0.532827
0.055 0.056 0.527965
0.056 0.057 0.523262
0.057 0.058 0.686563
0.058 0.059 1.000000
0.059 0.060 0.817667
0.060 0.061 0.495758
0.061 0.062 0.485915
0.062 0.063 0.459956
0.063 0.064 0.447238
0.064 0.065 0.434810
0.065 0.066 0.425523
0.066 0.067 0.541414
0.067 0.068 0.531447
0.068 0.069 0.419024
0.069 0.070 0.377356
0.070 0.071 0.313821
0.071 0.072 0.304225
0.072 0.073 0.292769
0.073 0.074 0.287082
0.074 0.075 0.279978
0.075 0.076 0.269848
0.076 0.077 0.257781
0.077 0.078 0.247792
0.078 0.079 0.242051
0.079 0.080 0.234640
0.080 0.081 0.224155
0.081 0.082 0.212647
0.082 0.083 0.202244
0.083 0.084 0.191852
0.084 0.085 0.182277
0.085 0.086 0.174714
0.086 0.087 0.165165
0.087 0.088 0.157800
0.088 0.089 0.150157
0.089 0.090 0.139808
0.090 0.091 0.130193
0.091 0.092 0.119763
0.092 0.093 0.112259
0.093 0.094 0.106922
0.094 0.095 0.098529
0.095 0.096 0.092032
0.096 0.097 0.084310
0.097 0.098 0.075533
0.098 0.099 0.065892
0.099 0.100 0.060081
0.100 0.101 0.056958
0.101 0.102 0.051799
0.102 0.103 0.044188
0.103 0.104 0.039298
0.104 0.105 0.035722
0.105 0.106 0.031278
0.106 0.107 0.026100
0.107 0.108 0.021643
0.108 0.109 0.017642
0.109 0.110 0.012987
0.110 0.111 0.009889
0.111 0.112 0.006844
0.112 0.113 0.004704
0.113 0.114 0.002291
0.114 0.115 0.000635
0.115 0.116 0.000000
0.116 0.117 0.000000
0.117 0.118 0.000000
0.118 0.119 0.000000
0.119 0.120 0.000000
0.120 0.121 0.000000
0.121 0.122 0.000000
0.122 0.123 0.000000
0.123 0.124 0.000000
0.124 0.125 0.000000
0.125 0.126 0.000000
0.126 0.127 0.000000
0.127 0.128 0.000000
0.128 0.129 0.000000
0.129 0.130 0.000000
0.130 0.131 0.000000
0.131 0.132 0.000000
0.132 0.133 0.000000
0.133 0.134 0.000000
0.134 0.135 0.000000
0.135 0.136 0.000000
0.136 0.137 0.000000
0.137 0.138 0.000000
0.138 0.139 0.000000
0.139 0.140 0.000000
0.140 0.141 0.000000
0.141 0.142 0.000000
0.142 0.143 0.000000
0.143 0.144 0.000000
0.144 0.145 0.000000
0.145 0.146 0.000000
0.146 0.147 0.000000
0.147 0.148 0.000000
0.148 0.149 0.000000
0.149 0.150 0.000000
