1
0.000 0.001 0.000000
0.001 0.002 0.000000
0.002 0.003 0.000000
0.003 0.004 0.000000
0.004 0.005 0.000000
0.005 0.006 0.000000
0.006 0.007 0.000000
0.007 0.008 0.000000
0.008 0.009 0.000000
0.009 0.010 0.000000
0.010 0.011 0.000000
0.011 0.012 0.000000
0.012 0.013 0.000000
0.013 0.014 0.000000
0.014 0.015 0.000000
0.015 0.016 0.000000
0.016 0.017 0.000002
0.017 0.018 0.000013
0.018 0.019 0.000063
0.019 0.020 0.000237
0.020 0.021 0.000722
0.021 0.022 0.001833
0.022 0.023 0.004024
0.023 0.024 0.007847
0.024 0.025 0.013846
0.025 0.026 0.022433
0.026 0.027 0.034009
0.027 0.028 0.048908
0.028 0.029 0.066789
0.029 0.030 0.087175
0.030 0.031 0.110208
0.031 0.032 0.135388
0.032 0.033 0.161631
0.033 0.034 0.188101
0.034 0.035 0.215811
0.035 0.036 0.243641
0.036 0.037 0.269923
0.037 0.038 0.295326
0.038 0.039 0.318088
0.039 0.040 0.339078
0.040 0.041 0.359895
0.041 0.042 0.378071
0.042 0.043 0.395475
0.043 0.044 0.410196
0.044 0.045 0.423950
0.045 0.046 0.435424
0.046 0.047 0.442260
0.047 0.048 0.451295
0.048 0.049 0.460212
0.049 0.050 0.463592
0.050 0.051 0.464321
0.051 0.052 0.467276
0.052 0.053 0.471343
0.053 0.054 0.470881
0.054 0.055 0.468366
0.055 0.056 0.468951
0.056 0.057 0.469259
0.057 0.058 0.651992
0.058 0.059 1.000000
0.059 0.060 0.807237
0.060 0.061 0.459772
0.061 0.062 0.454529
0.062 0.063 0.431774
0.063 0.064 0.423299
0.064 0.065 0.413756
0.065 0.066 0.407808
0.066 0.067 0.542221
0.067 0.068 0.535470
0.068 0.069 0.415451
0.069 0.070 0.374349
0.070 0.071 0.305663
0.071 0.072 0.298268
0.072 0.073 0.290015
0.073 0.074 0.286971
0.074 0.075 0.282308
0.075 0.076 0.275772
0.076 0.077 0.266414
0.077 0.078 0.258781
0.078 0.079 0.255691
0.079 0.080 0.250522
0.080 0.081 0.242061
0.081 0.082 0.233111
0.082 0.083 0.225507
0.083 0.084 0.218081
0.084 0.085 0.211542
0.085 0.086 0.206059
0.086 0.087 0.197960
0.087 0.088 0.193253
0.088 0.089 0.188310
0.089 0.090 0.179760
0.090 0.091 0.170889
0.091 0.092 0.159636
0.092 0.093 0.152707
0.093 0.094 0.149577
0.094 0.095 0.142324
0.095 0.096 0.135300
0.096 0.097 0.127266
0.097 0.098 0.117490
0.098 0.099 0.107643
0.099 0.100 0.100373
0.100 0.101 0.096114
0.101 0.102 0.089881
0.102 0.103 0.080426
0.103 0.104 0.073213
0.104 0.105 0.068140
0.105 0.106 0.061647
0.106 0.107 0.054728
0.107 0.108 0.046418
0.108 0.109 0.039044
0.109 0.110 0.031060
0.110 0.111 0.023661
0.111 0.112 0.017442
0.112 0.113 0.010329
0.113 0.114 0.000000
0.114 0.115 0.000000
0.115 0.116 0.000000
0.116 0.117 0.000000
0.117 0.118 0.000000
0.118 0.119 0.000000
0.119 0.120 0.000000
0.120 0.121 0.000000
0.121 0.122 0.000000
0.122 0.123 0.000000
0.123 0.124 0.000000
0.124 0.125 0.000000
0.125 0.126 0.000000
0.126 0.127 0.000000
0.127 0.128 0.000000
0.128 0.129 0.000000
0.129 0.130 0.000000
0.130 0.131 0.000000
0.131 0.132 0.000000
0.132 0.133 0.000000
0.133 0.134 0.000000
0.134 0.135 0.000000
0.135 0.136 0.000000
0.136 0.137 0.000000
0.137 0.138 0.000000
0.138 0.139 0.000000
0.139 0.140 0.000000
0.140 0.141 0.000000
0.141 0.142 0.000000
0.142 0.143 0.000000
0.143 0.144 0.000000
0.144 0.145 0.000000
0.145 0.146 0.000000
0.146 0.147 0.000000
0.147 0.148 0.000000
0.148 0.149 0.000000
0.149 0.150 0.000000
