1
0.000 0.001 0.000000
0.001 0.002 0.000000
0.002 0.003 0.000000
0.003 0.004 0.000000
0.004 0.005 0.000000
0.005 0.006 0.000000
0.006 0.007 0.000000
0.007 0.008 0.000000
0.008 0.009 0.000000
0.009 0.010 0.000000
0.010 0.011 0.000000
0.011 0.012 0.000000
0.012 0.013 0.000000
0.013 0.014 0.000000
0.014 0.015 0.000000
0.015 0.016 0.000000
0.016 0.017 0.000000
0.017 0.018 0.000000
0.018 0.019 0.000000
0.019 0.020 0.000000
0.020 0.021 0.000004
0.021 0.022 0.000022
0.022 0.023 0.000100
0.023 0.024 0.000368
0.024 0.025 0.001117
0.025 0.026 0.002875
0.026 0.027 0.006431
0.027 0.028 0.012919
0.028 0.029 0.023700
0.029 0.030 0.039805
0.030 0.031 0.062733
0.031 0.032 0.092916
0.032 0.033 0.129922
0.033 0.034 0.175617
0.034 0.035 0.229203
0.035 0.036 0.289230
0.036 0.037 0.352865
0.037 0.038 0.421036
0.038 0.039 0.490488
0.039 0.040 0.559105
0.040 0.041 0.626225
0.041 0.042 0.689801
0.042 0.043 0.747276
0.043 0.044 0.807216
0.044 0.045 0.859585
0.045 0.046 0.899351
0.046 0.047 0.935122
0.047 0.048 0.969300
0.048 0.049 0.990031
0.049 0.050 0.996847
0.050 0.051 0.999733
0.051 0.052 0.995911
0.052 0.053 1.000000
0.053 0.054 0.998343
0.054 0.055 0.981768
0.055 0.056 0.952282
0.056 0.057 0.923971
0.057 0.058 0.934802
0.058 0.059 0.966525
0.059 0.060 0.877486
0.060 0.061 0.770314
0.061 0.062 0.736590
0.062 0.063 0.697633
0.063 0.064 0.648150
0.064 0.065 0.597326
0.065 0.066 0.539186
0.066 0.067 0.507681
0.067 0.068 0.466616
0.068 0.069 0.384416
0.069 0.070 0.331382
0.070 0.071 0.284779
0.071 0.072 0.227443
0.072 0.073 0.185019
0.073 0.074 0.156075
0.074 0.075 0.125925
0.075 0.076 0.083783
0.076 0.077 0.063188
0.077 0.078 0.039729
0.078 0.079 0.010070
0.079 0.080 0.000000
0.080 0.081 0.000000
0.081 0.082 0.000000
0.082 0.083 0.000000
0.083 0.084 0.000000
0.084 0.085 0.000000
0.085 0.086 0.000000
0.086 0.087 0.000000
0.087 0.088 0.000000
0.088 0.089 0.000000
0.089 0.090 0.000000
0.090 0.091 0.000000
0.091 0.092 0.000000
0.092 0.093 0.000000
0.093 0.094 0.000000
0.094 0.095 0.000000
0.095 0.096 0.000000
0.096 0.097 0.000000
0.097 0.098 0.000000
0.098 0.099 0.000000
0.099 0.100 0.000000
0.100 0.101 0.000000
0.101 0.102 0.000000
0.102 0.103 0.000000
0.103 0.104 0.000000
0.104 0.105 0.000000
0.105 0.106 0.000000
0.106 0.107 0.000000
0.107 0.108 0.000000
0.108 0.109 0.000000
0.109 0.110 0.000000
0.110 0.111 0.000000
0.111 0.112 0.000000
0.112 0.113 0.000000
0.113 0.114 0.000000
0.114 0.115 0.000000
0.115 0.116 0.000000
0.116 0.117 0.000000
0.117 0.118 0.000000
0.118 0.119 0.000000
0.119 0.120 0.000000
0.120 0.121 0.000000
0.121 0.122 0.000000
0.122 0.123 0.000000
0.123 0.124 0.000000
0.124 0.125 0.000000
0.125 0.126 0.000000
0.126 0.127 0.000000
0.127 0.128 0.000000
0.128 0.129 0.000000
0.129 0.130 0.000000
0.130 0.131 0.000000
0.131 0.132 0.000000
0.132 0.133 0.000000
0.133 0.134 0.000000
0.134 0.135 0.000000
0.135 0.136 0.000000
0.136 0.137 0.000000
0.137 0.138 0.000000
0.138 0.139 0.000000
0.139 0.140 0.000000
0.140 0.141 0.000000
0.141 0.142 0.000000
0.142 0.143 0.000000
0.143 0.144 0.000000
0.144 0.145 0.000000
0.145 0.146 0.000000
0.146 0.147 0.000000
0.147 0.148 0.000000
0.148 0.149 0.000000
0.149 0.150 0.000000
