1
0.000 0.001 0.000000
0.001 0.002 0.000000
0.002 0.003 0.000000
0.003 0.004 0.000000
0.004 0.005 0.000000
0.005 0.006 0.000000
0.006 0.007 0.000000
0.007 0.008 0.000000
0.008 0.009 0.000000
0.009 0.010 0.000000
0.010 0.011 0.000000
0.011 0.012 0.000000
0.012 0.013 0.000000
0.013 0.014 0.000000
0.014 0.015 0.000000
0.015 0.016 0.000000
0.016 0.017 0.000000
0.017 0.018 0.000000
0.018 0.019 0.000003
0.019 0.020 0.000020
0.020 0.021 0.000099
0.021 0.022 0.000370
0.022 0.023 0.001112
0.023 0.024 0.002815
0.024 0.025 0.006195
0.025 0.026 0.012097
0.026 0.027 0.021411
0.027 0.028 0.035049
0.028 0.029 0.053682
0.029 0.030 0.077599
0.030 0.031 0.106585
0.031 0.032 0.139899
0.032 0.033 0.178158
0.033 0.034 0.219645
0.034 0.035 0.262800
0.035 0.036 0.307836
0.036 0.037 0.352282
0.037 0.038 0.396590
0.038 0.039 0.440905
0.039 0.040 0.483976
0.040 0.041 0.522854
0.041 0.042 0.559931
0.042 0.043 0.593920
0.043 0.044 0.624454
0.044 0.045 0.652371
0.045 0.046 0.672399
0.046 0.047 0.692047
0.047 0.048 0.707481
0.048 0.049 0.717348
0.049 0.050 0.724354
0.050 0.051 0.731165
0.051 0.052 0.736717
0.052 0.053 0.733528
0.053 0.054 0.729462
0.054 0.055 0.725888
0.055 0.056 0.715968
0.056 0.057 0.701532
0.057 0.058 0.799866
0.058 0.059 1.000000
0.059 0.060 0.878710
0.060 0.061 0.657906
0.061 0.062 0.637540
0.062 0.063 0.603892
0.063 0.064 0.581163
0.064 0.065 0.558372
0.065 0.066 0.533626
0.066 0.067 0.599505
0.067 0.068 0.578641
0.068 0.069 0.478732
0.069 0.070 0.428952
0.070 0.071 0.372148
0.071 0.072 0.350464
0.072 0.073 0.327772
0.073 0.074 0.307229
0.074 0.075 0.286012
0.075 0.076 0.262149
0.076 0.077 0.243692
0.077 0.078 0.224373
0.078 0.079 0.206402
0.079 0.080 0.187785
0.080 0.081 0.170591
0.081 0.082 0.150424
0.082 0.083 0.132994
0.083 0.084 0.115949
0.084 0.085 0.101876
0.085 0.086 0.087788
0.086 0.087 0.070424
0.087 0.088 0.057774
0.088 0.089 0.042320
0.089 0.090 0.032843
0.090 0.091 0.025709
0.091 0.092 0.015225
0.092 0.093 0.007342
0.093 0.094 0.002000
0.094 0.095 0.000000
0.095 0.096 0.000000
0.096 0.097 0.000000
0.097 0.098 0.000000
0.098 0.099 0.000000
0.099 0.100 0.000000
0.100 0.101 0.000000
0.101 0.102 0.000000
0.102 0.103 0.000000
0.103 0.104 0.000000
0.104 0.105 0.000000
0.105 0.106 0.000000
0.106 0.107 0.000000
0.107 0.108 0.000000
0.108 0.109 0.000000
0.109 0.110 0.000000
0.110 0.111 0.000000
0.111 0.112 0.000000
0.112 0.113 0.000000
0.113 0.114 0.000000
0.114 0.115 0.000000
0.115 0.116 0.000000
0.116 0.117 0.000000
0.117 0.118 0.000000
0.118 0.119 0.000000
0.119 0.120 0.000000
0.120 0.121 0.000000
0.121 0.122 0.000000
0.122 0.123 0.000000
0.123 0.124 0.000000
0.124 0.125 0.000000
0.125 0.126 0.000000
0.126 0.127 0.000000
0.127 0.128 0.000000
0.128 0.129 0.000000
0.129 0.130 0.000000
0.130 0.131 0.000000
0.131 0.132 0.000000
0.132 0.133 0.000000
0.133 0.134 0.000000
0.134 0.135 0.000000
0.135 0.136 0.000000
0.136 0.137 0.000000
0.137 0.138 0.000000
0.138 0.139 0.000000
0.139 0.140 0.000000
0.140 0.141 0.000000
0.141 0.142 0.000000
0.142 0.143 0.000000
0.143 0.144 0.000000
0.144 0.145 0.000000
0.145 0.146 0.000000
0.146 0.147 0.000000
0.147 0.148 0.000000
0.148 0.149 0.000000
0.149 0.150 0.000000
