1
0.000 0.001 0.000000
0.001 0.002 0.000000
0.002 0.003 0.000000
0.003 0.004 0.000000
0.004 0.005 0.000000
0.005 0.006 0.000000
0.006 0.007 0.000000
0.007 0.008 0.000000
0.008 0.009 0.000000
0.009 0.010 0.000000
0.010 0.011 0.000000
0.011 0.012 0.000000
0.012 0.013 0.000000
0.013 0.014 0.000000
0.014 0.015 0.000000
0.015 0.016 0.000000
0.016 0.017 0.000000
0.017 0.018 0.000000
0.018 0.019 0.000002
0.019 0.020 0.000019
0.020 0.021 0.000102
0.021 0.022 0.000412
0.022 0.023 0.001320
0.023 0.024 0.003514
0.024 0.025 0.008071
0.025 0.026 0.016355
0.026 0.027 0.029811
0.027 0.028 0.049929
0.028 0.029 0.077874
0.029 0.030 0.114106
0.030 0.031 0.158716
0.031 0.032 0.210418
0.032 0.033 0.268155
0.033 0.034 0.331641
0.034 0.035 0.398609
0.035 0.036 0.467525
0.036 0.037 0.534816
0.037 0.038 0.601945
0.038 0.039 0.665775
0.039 0.040 0.724357
0.040 0.041 0.775613
0.041 0.042 0.827477
0.042 0.043 0.872414
0.043 0.044 0.908898
0.044 0.045 0.942183
0.045 0.046 0.963304
0.046 0.047 0.978433
0.047 0.048 0.986663
0.048 0.049 0.982111
0.049 0.050 0.985843
0.050 0.051 0.984735
0.051 0.052 0.974494
0.052 0.053 0.959105
0.053 0.054 0.946472
0.054 0.055 0.926143
0.055 0.056 0.885310
0.056 0.057 0.854994
0.057 0.058 0.898248
0.058 0.059 1.000000
0.059 0.060 0.903522
0.060 0.061 0.740039
0.061 0.062 0.702780
0.062 0.063 0.658607
0.063 0.064 0.625352
0.064 0.065 0.588873
0.065 0.066 0.546580
0.066 0.067 0.560869
0.067 0.068 0.526035
0.068 0.069 0.433935
0.069 0.070 0.385060
0.070 0.071 0.336936
0.071 0.072 0.305987
0.072 0.073 0.266638
0.073 0.074 0.236050
0.074 0.075 0.200544
0.075 0.076 0.176468
0.076 0.077 0.151918
0.077 0.078 0.123082
0.078 0.079 0.088867
0.079 0.080 0.071275
0.080 0.081 0.055619
0.081 0.082 0.031229
0.082 0.083 0.020200
0.083 0.084 0.005846
0.084 0.085 0.000000
0.085 0.086 0.000000
0.086 0.087 0.000000
0.087 0.088 0.000000
0.088 0.089 0.000000
0.089 0.090 0.000000
0.090 0.091 0.000000
0.091 0.092 0.000000
0.092 0.093 0.000000
0.093 0.094 0.000000
0.094 0.095 0.000000
0.095 0.096 0.000000
0.096 0.097 0.000000
0.097 0.098 0.000000
0.098 0.099 0.000000
0.099 0.100 0.000000
0.100 0.101 0.000000
0.101 0.102 0.000000
0.102 0.103 0.000000
0.103 0.104 0.000000
0.104 0.105 0.000000
0.105 0.106 0.000000
0.106 0.107 0.000000
0.107 0.108 0.000000
0.108 0.109 0.000000
0.109 0.110 0.000000
0.110 0.111 0.000000
0.111 0.112 0.000000
0.112 0.113 0.000000
0.113 0.114 0.000000
0.114 0.115 0.000000
0.115 0.116 0.000000
0.116 0.117 0.000000
0.117 0.118 0.000000
0.118 0.119 0.000000
0.119 0.120 0.000000
0.120 0.121 0.000000
0.121 0.122 0.000000
0.122 0.123 0.000000
0.123 0.124 0.000000
0.124 0.125 0.000000
0.125 0.126 0.000000
0.126 0.127 0.000000
0.127 0.128 0.000000
0.128 0.129 0.000000
0.129 0.130 0.000000
0.130 0.131 0.000000
0.131 0.132 0.000000
0.132 0.133 0.000000
0.133 0.134 0.000000
0.134 0.135 0.000000
0.135 0.136 0.000000
0.136 0.137 0.000000
0.137 0.138 0.000000
0.138 0.139 0.000000
0.139 0.140 0.000000
0.140 0.141 0.000000
0.141 0.142 0.000000
0.142 0.143 0.000000
0.143 0.144 0.000000
0.144 0.145 0.000000
0.145 0.146 0.000000
0.146 0.147 0.000000
0.147 0.148 0.000000
0.148 0.149 0.000000
0.149 0.150 0.000000
