1
0.000 0.001 0.000000
0.001 0.002 0.000000
0.002 0.003 0.000000
0.003 0.004 0.000000
0.004 0.005 0.000000
0.005 0.006 0.000000
0.006 0.007 0.000000
0.007 0.008 0.000000
0.008 0.009 0.000000
0.009 0.010 0.000000
0.010 0.011 0.000000
0.011 0.012 0.000000
0.012 0.013 0.000000
0.013 0.014 0.000000
0.014 0.015 0.000000
0.015 0.016 0.000000
0.016 0.017 0.000003
0.017 0.018 0.000023
0.018 0.019 0.000117
0.019 0.020 0.000439
0.020 0.021 0.001301
0.021 0.022 0.003197
0.022 0.023 0.006756
0.023 0.024 0.012683
0.024 0.025 0.021618
0.025 0.026 0.033974
0.026 0.027 0.049854
0.027 0.028 0.069395
0.028 0.029 0.092325
0.029 0.030 0.117720
0.030 0.031 0.145121
0.031 0.032 0.173663
0.032 0.033 0.203122
0.033 0.034 0.232863
0.034 0.035 0.261713
0.035 0.036 0.289149
0.036 0.037 0.315776
0.037 0.038 0.341366
0.038 0.039 0.363677
0.039 0.040 0.384149
0.040 0.041 0.402633
0.041 0.042 0.418787
0.042 0.043 0.433505
0.043 0.044 0.445677
0.044 0.045 0.456911
0.045 0.046 0.464467
0.046 0.047 0.469758
0.047 0.048 0.476174
0.048 0.049 0.480148
0.049 0.050 0.480389
0.050 0.051 0.480736
0.051 0.052 0.481879
0.052 0.053 0.480172
0.053 0.054 0.476822
0.054 0.055 0.473135
0.055 0.056 0.470218
0.056 0.057 0.466660
0.057 0.058 0.649625
0.058 0.059 1.000000
0.059 0.060 0.804560
0.060 0.061 0.453517
0.061 0.062 0.446171
0.062 0.063 0.420104
0.063 0.064 0.411366
0.064 0.065 0.401604
0.065 0.066 0.392544
0.066 0.067 0.524055
0.067 0.068 0.516107
0.068 0.069 0.395345
0.069 0.070 0.354240
0.070 0.071 0.285551
0.071 0.072 0.279184
0.072 0.073 0.270870
0.073 0.074 0.264848
0.074 0.075 0.258929
0.075 0.076 0.252186
0.076 0.077 0.243612
0.077 0.078 0.236433
0.078 0.079 0.231010
0.079 0.080 0.224956
0.080 0.081 0.217161
0.081 0.082 0.209585
0.082 0.083 0.202401
0.083 0.084 0.195665
0.084 0.085 0.189707
0.085 0.086 0.184184
0.086 0.087 0.177674
0.087 0.088 0.172902
0.088 0.089 0.166684
0.089 0.090 0.158716
0.090 0.091 0.152750
0.091 0.092 0.144780
0.092 0.093 0.139081
0.093 0.094 0.135900
0.094 0.095 0.130292
0.095 0.096 0.124929
0.096 0.097 0.119403
0.097 0.098 0.112448
0.098 0.099 0.105819
0.099 0.100 0.101510
0.100 0.101 0.097627
0.101 0.102 0.093266
0.102 0.103 0.087981
0.103 0.104 0.083864
0.104 0.105 0.079766
0.105 0.106 0.074734
0.106 0.107 0.069825
0.107 0.108 0.065300
0.108 0.109 0.061598
0.109 0.110 0.057893
0.110 0.111 0.054123
0.111 0.112 0.050829
0.112 0.113 0.046334
0.113 0.114 0.042312
0.114 0.115 0.038463
0.115 0.116 0.035412
0.116 0.117 0.032259
0.117 0.118 0.029128
0.118 0.119 0.024928
0.119 0.120 0.022397
0.120 0.121 0.020664
0.121 0.122 0.018651
0.122 0.123 0.016608
0.123 0.124 0.014442
0.124 0.125 0.011880
0.125 0.126 0.009027
0.126 0.127 0.007599
0.127 0.128 0.005928
0.128 0.129 0.004362
0.129 0.130 0.002559
0.130 0.131 0.001555
0.131 0.132 0.000455
0.132 0.133 0.000000
0.133 0.134 0.000000
0.134 0.135 0.000000
0.135 0.136 0.000000
0.136 0.137 0.000000
0.137 0.138 0.000000
0.138 0.139 0.000000
0.139 0.140 0.000000
0.140 0.141 0.000000
0.141 0.142 0.000000
0.142 0.143 0.000000
0.143 0.144 0.000000
0.144 0.145 0.000000
0.145 0.146 0.000000
0.146 0.147 0.000000
0.147 0.148 0.000000
0.148 0.149 0.000000
0.149 0.150 0.000000
