1
0.000 0.001 0.000000
0.001 0.002 0.000000
0.002 0.003 0.000000
0.003 0.004 0.000000
0.004 0.005 0.000000
0.005 0.006 0.000000
0.006 0.007 0.000000
0.007 0.008 0.000000
0.008 0.009 0.000000
0.009 0.010 0.000000
0.010 0.011 0.000000
0.011 0.012 0.000000
0.012 0.013 0.000000
0.013 0.014 0.000000
0.014 0.015 0.000000
0.015 0.016 0.000000
0.016 0.017 0.000004
0.017 0.018 0.000027
0.018 0.019 0.000130
0.019 0.020 0.000474
0.020 0.021 0.001387
0.021 0.022 0.003403
0.022 0.023 0.007213
0.023 0.024 0.013600
0.024 0.025 0.023390
0.025 0.026 0.036977
0.026 0.027 0.054765
0.027 0.028 0.077043
0.028 0.029 0.103464
0.029 0.030 0.132912
0.030 0.031 0.165243
0.031 0.032 0.199328
0.032 0.033 0.234410
0.033 0.034 0.269905
0.034 0.035 0.305096
0.035 0.036 0.338458
0.036 0.037 0.370006
0.037 0.038 0.399754
0.038 0.039 0.425383
0.039 0.040 0.449313
0.040 0.041 0.469828
0.041 0.042 0.489065
0.042 0.043 0.506888
0.043 0.044 0.521743
0.044 0.045 0.534643
0.045 0.046 0.543516
0.046 0.047 0.548718
0.047 0.048 0.555209
0.048 0.049 0.559421
0.049 0.050 0.557710
0.050 0.051 0.554916
0.051 0.052 0.553690
0.052 0.053 0.551403
0.053 0.054 0.545216
0.054 0.055 0.535988
0.055 0.056 0.531643
0.056 0.057 0.527314
0.057 0.058 0.688873
0.058 0.059 1.000000
0.059 0.060 0.820523
0.060 0.061 0.500626
0.061 0.062 0.490562
0.062 0.063 0.463891
0.063 0.064 0.450321
0.064 0.065 0.436581
0.065 0.066 0.425502
0.066 0.067 0.541741
0.067 0.068 0.529504
0.068 0.069 0.416434
0.069 0.070 0.374951
0.070 0.071 0.310440
0.071 0.072 0.301148
0.072 0.073 0.289899
0.073 0.074 0.283713
0.074 0.075 0.276275
0.075 0.076 0.266703
0.076 0.077 0.255052
0.077 0.078 0.244826
0.078 0.079 0.238376
0.079 0.080 0.230544
0.080 0.081 0.219015
0.081 0.082 0.209305
0.082 0.083 0.200713
0.083 0.084 0.192349
0.084 0.085 0.184823
0.085 0.086 0.178210
0.086 0.087 0.169488
0.087 0.088 0.163215
0.088 0.089 0.156346
0.089 0.090 0.147224
0.090 0.091 0.138158
0.091 0.092 0.126386
0.092 0.093 0.120256
0.093 0.094 0.116797
0.094 0.095 0.110407
0.095 0.096 0.104262
0.096 0.097 0.097204
0.097 0.098 0.088875
0.098 0.099 0.080553
0.099 0.100 0.074227
0.100 0.101 0.070078
0.101 0.102 0.063598
0.102 0.103 0.057401
0.103 0.104 0.052643
0.104 0.105 0.049095
0.105 0.106 0.044593
0.106 0.107 0.039945
0.107 0.108 0.034406
0.108 0.109 0.028784
0.109 0.110 0.024945
0.110 0.111 0.021442
0.111 0.112 0.018632
0.112 0.113 0.015131
0.113 0.114 0.012083
0.114 0.115 0.008199
0.115 0.116 0.006038
0.116 0.117 0.004109
0.117 0.118 0.001526
0.118 0.119 0.000781
0.119 0.120 0.000000
0.120 0.121 0.000000
0.121 0.122 0.000000
0.122 0.123 0.000000
0.123 0.124 0.000000
0.124 0.125 0.000000
0.125 0.126 0.000000
0.126 0.127 0.000000
0.127 0.128 0.000000
0.128 0.129 0.000000
0.129 0.130 0.000000
0.130 0.131 0.000000
0.131 0.132 0.000000
0.132 0.133 0.000000
0.133 0.134 0.000000
0.134 0.135 0.000000
0.135 0.136 0.000000
0.136 0.137 0.000000
0.137 0.138 0.000000
0.138 0.139 0.000000
0.139 0.140 0.000000
0.140 0.141 0.000000
0.141 0.142 0.000000
0.142 0.143 0.000000
0.143 0.144 0.000000
0.144 0.145 0.000000
0.145 0.146 0.000000
0.146 0.147 0.000000
0.147 0.148 0.000000
0.148 0.149 0.000000
0.149 0.150 0.000000
