1
0.000 0.001 0.000000
0.001 0.002 0.000000
0.002 0.003 0.000000
0.003 0.004 0.000000
0.004 0.005 0.000000
0.005 0.006 0.000000
0.006 0.007 0.000000
0.007 0.008 0.000000
0.008 0.009 0.000000
0.009 0.010 0.000000
0.010 0.011 0.000000
0.011 0.012 0.000000
0.012 0.013 0.000000
0.013 0.014 0.000000
0.014 0.015 0.000000
0.015 0.016 0.000000
0.016 0.017 0.000000
0.017 0.018 0.000000
0.018 0.019 0.000001
0.019 0.020 0.000004
0.020 0.021 0.000020
0.021 0.022 0.000078
0.022 0.023 0.000248
0.023 0.024 0.000662
0.024 0.025 0.001536
0.025 0.026 0.003158
0.026 0.027 0.005867
0.027 0.028 0.010071
0.028 0.029 0.016125
0.029 0.030 0.024151
0.030 0.031 0.034520
0.031 0.032 0.047114
0.032 0.033 0.061882
0.033 0.034 0.078873
0.034 0.035 0.097626
0.035 0.036 0.117142
0.036 0.037 0.138115
0.037 0.038 0.160762
0.038 0.039 0.182510
0.039 0.040 0.204344
0.040 0.041 0.226198
0.041 0.042 0.246324
0.042 0.043 0.266721
0.043 0.044 0.286334
0.044 0.045 0.304911
0.045 0.046 0.321307
0.046 0.047 0.335791
0.047 0.048 0.351442
0.048 0.049 0.365347
0.049 0.050 0.375763
0.050 0.051 0.384613
0.051 0.052 0.394221
0.052 0.053 0.402387
0.053 0.054 0.407550
0.054 0.055 0.412440
0.055 0.056 0.418818
0.056 0.057 0.423365
0.057 0.058 0.620794
0.058 0.059 1.000000
0.059 0.060 0.806315
0.060 0.061 0.439724
0.061 0.062 0.438894
0.062 0.063 0.417482
0.063 0.064 0.414486
0.064 0.065 0.409108
0.065 0.066 0.405347
0.066 0.067 0.561463
0.067 0.068 0.559117
0.068 0.069 0.427756
0.069 0.070 0.385981
0.070 0.071 0.310516
0.071 0.072 0.306635
0.072 0.073 0.301590
0.073 0.074 0.298138
0.074 0.075 0.294106
0.075 0.076 0.290389
0.076 0.077 0.283937
0.077 0.078 0.278530
0.078 0.079 0.275975
0.079 0.080 0.271776
0.080 0.081 0.265048
0.081 0.082 0.257543
0.082 0.083 0.251295
0.083 0.084 0.245962
0.084 0.085 0.240910
0.085 0.086 0.236260
0.086 0.087 0.229205
0.087 0.088 0.225713
0.088 0.089 0.220410
0.089 0.090 0.212360
0.090 0.091 0.206153
0.091 0.092 0.195367
0.092 0.093 0.188802
0.093 0.094 0.186894
0.094 0.095 0.180333
0.095 0.096 0.173777
0.096 0.097 0.167324
0.097 0.098 0.158586
0.098 0.099 0.151613
0.099 0.100 0.145257
0.100 0.101 0.139134
0.101 0.102 0.133246
0.102 0.103 0.125021
0.103 0.104 0.118999
0.104 0.105 0.113807
0.105 0.106 0.107062
0.106 0.107 0.100730
0.107 0.108 0.092706
0.108 0.109 0.085979
0.109 0.110 0.078603
0.110 0.111 0.071732
0.111 0.112 0.066244
0.112 0.113 0.058755
0.113 0.114 0.052554
0.114 0.115 0.046361
0.115 0.116 0.039030
0.116 0.117 0.032320
0.117 0.118 0.025260
0.118 0.119 0.017328
0.119 0.120 0.013160
0.120 0.121 0.010735
0.121 0.122 0.007003
0.122 0.123 0.003803
0.123 0.124 0.000498
0.124 0.125 0.000000
0.125 0.126 0.000000
0.126 0.127 0.000000
0.127 0.128 0.000000
0.128 0.129 0.000000
0.129 0.130 0.000000
0.130 0.131 0.000000
0.131 0.132 0.000000
0.132 0.133 0.000000
0.133 0.134 0.000000
0.134 0.135 0.000000
0.135 0.136 0.000000
0.136 0.137 0.000000
0.137 0.138 0.000000
0.138 0.139 0.000000
0.139 0.140 0.000000
0.140 0.141 0.000000
0.141 0.142 0.000000
0.142 0.143 0.000000
0.143 0.144 0.000000
0.144 0.145 0.000000
0.145 0.146 0.000000
0.146 0.147 0.000000
0.147 0.148 0.000000
0.148 0.149 0.000000
0.149 0.150 0.000000
