1
0.000 0.001 0.000000
0.001 0.002 0.000000
0.002 0.003 0.000000
0.003 0.004 0.000000
0.004 0.005 0.000000
0.005 0.006 0.000000
0.006 0.007 0.000000
0.007 0.008 0.000000
0.008 0.009 0.000000
0.009 0.010 0.000000
0.010 0.011 0.000000
0.011 0.012 0.000000
0.012 0.013 0.000000
0.013 0.014 0.000000
0.014 0.015 0.000000
0.015 0.016 0.000000
0.016 0.017 0.000000
0.017 0.018 0.000000
0.018 0.019 0.000000
0.019 0.020 0.000000
0.020 0.021 0.000002
0.021 0.022 0.000013
0.022 0.023 0.000057
0.023 0.024 0.000192
0.024 0.025 0.000544
0.025 0.026 0.001322
0.026 0.027 0.002826
0.027 0.028 0.005466
0.028 0.029 0.009710
0.029 0.030 0.015912
0.030 0.031 0.024471
0.031 0.032 0.035691
0.032 0.033 0.049690
0.033 0.034 0.066477
0.034 0.035 0.085937
0.035 0.036 0.107933
0.036 0.037 0.132097
0.037 0.038 0.156898
0.038 0.039 0.182349
0.039 0.040 0.209432
0.040 0.041 0.236534
0.041 0.042 0.262910
0.042 0.043 0.289806
0.043 0.044 0.314912
0.044 0.045 0.339500
0.045 0.046 0.363088
0.046 0.047 0.382632
0.047 0.048 0.402981
0.048 0.049 0.423099
0.049 0.050 0.437365
0.050 0.051 0.450149
0.051 0.052 0.464635
0.052 0.053 0.478099
0.053 0.054 0.487071
0.054 0.055 0.493020
0.055 0.056 0.500792
0.056 0.057 0.509001
0.057 0.058 0.677842
0.058 0.059 1.000000
0.059 0.060 0.835011
0.060 0.061 0.519767
0.061 0.062 0.518311
0.062 0.063 0.499205
0.063 0.064 0.492058
0.064 0.065 0.485423
0.065 0.066 0.481994
0.066 0.067 0.617033
0.067 0.068 0.612495
0.068 0.069 0.490086
0.069 0.070 0.446891
0.070 0.071 0.377352
0.071 0.072 0.368923
0.072 0.073 0.357766
0.073 0.074 0.354992
0.074 0.075 0.350073
0.075 0.076 0.339505
0.076 0.077 0.326090
0.077 0.078 0.315897
0.078 0.079 0.311376
0.079 0.080 0.304197
0.080 0.081 0.292754
0.081 0.082 0.279750
0.082 0.083 0.267384
0.083 0.084 0.254174
0.084 0.085 0.243023
0.085 0.086 0.233543
0.086 0.087 0.221550
0.087 0.088 0.211850
0.088 0.089 0.201765
0.089 0.090 0.188481
0.090 0.091 0.172990
0.091 0.092 0.158379
0.092 0.093 0.147311
0.093 0.094 0.137677
0.094 0.095 0.127224
0.095 0.096 0.117322
0.096 0.097 0.105066
0.097 0.098 0.090833
0.098 0.099 0.077307
0.099 0.100 0.067407
0.100 0.101 0.063744
0.101 0.102 0.056402
0.102 0.103 0.045809
0.103 0.104 0.038720
0.104 0.105 0.033351
0.105 0.106 0.026167
0.106 0.107 0.020568
0.107 0.108 0.013675
0.108 0.109 0.008504
0.109 0.110 0.005230
0.110 0.111 0.000883
0.111 0.112 0.000000
0.112 0.113 0.000000
0.113 0.114 0.000000
0.114 0.115 0.000000
0.115 0.116 0.000000
0.116 0.117 0.000000
0.117 0.118 0.000000
0.118 0.119 0.000000
0.119 0.120 0.000000
0.120 0.121 0.000000
0.121 0.122 0.000000
0.122 0.123 0.000000
0.123 0.124 0.000000
0.124 0.125 0.000000
0.125 0.126 0.000000
0.126 0.127 0.000000
0.127 0.128 0.000000
0.128 0.129 0.000000
0.129 0.130 0.000000
0.130 0.131 0.000000
0.131 0.132 0.000000
0.132 0.133 0.000000
0.133 0.134 0.000000
0.134 0.135 0.000000
0.135 0.136 0.000000
0.136 0.137 0.000000
0.137 0.138 0.000000
0.138 0.139 0.000000
0.139 0.140 0.000000
0.140 0.141 0.000000
0.141 0.142 0.000000
0.142 0.143 0.000000
0.143 0.144 0.000000
0.144 0.145 0.000000
0.145 0.146 0.000000
0.146 0.147 0.000000
0.147 0.148 0.000000
0.148 0.149 0.000000
0.149 0.150 0.000000
