1
0.000 0.001 0.000000
0.001 0.002 0.000000
0.002 0.003 0.000000
0.003 0.004 0.000000
0.004 0.005 0.000000
0.005 0.006 0.000000
0.006 0.007 0.000000
0.007 0.008 0.000000
0.008 0.009 0.000000
0.009 0.010 0.000000
0.010 0.011 0.000000
0.011 0.012 0.000000
0.012 0.013 0.000000
0.013 0.014 0.000000
0.014 0.015 0.000000
0.015 0.016 0.000003
0.016 0.017 0.000022
0.017 0.018 0.000118
0.018 0.019 0.000463
0.019 0.020 0.001423
0.020 0.021 0.003613
0.021 0.022 0.007846
0.022 0.023 0.015005
0.023 0.024 0.025927
0.024 0.025 0.041244
0.025 0.026 0.061044
0.026 0.027 0.085109
0.027 0.028 0.113554
0.028 0.029 0.145256
0.029 0.030 0.178728
0.030 0.031 0.214338
0.031 0.032 0.250183
0.032 0.033 0.285545
0.033 0.034 0.319771
0.034 0.035 0.353912
0.035 0.036 0.385492
0.036 0.037 0.414919
0.037 0.038 0.442315
0.038 0.039 0.465307
0.039 0.040 0.486148
0.040 0.041 0.504795
0.041 0.042 0.518920
0.042 0.043 0.531819
0.043 0.044 0.541999
0.044 0.045 0.550077
0.045 0.046 0.554491
0.046 0.047 0.555290
0.047 0.048 0.557246
0.048 0.049 0.557179
0.049 0.050 0.551527
0.050 0.051 0.548032
0.051 0.052 0.545832
0.052 0.053 0.542471
0.053 0.054 0.536328
0.054 0.055 0.528406
0.055 0.056 0.522040
0.056 0.057 0.515688
0.057 0.058 0.681008
0.058 0.059 1.000000
0.059 0.060 0.813794
0.060 0.061 0.484536
0.061 0.062 0.473554
0.062 0.063 0.445984
0.063 0.064 0.432376
0.064 0.065 0.417421
0.065 0.066 0.407618
0.066 0.067 0.526637
0.067 0.068 0.517224
0.068 0.069 0.403561
0.069 0.070 0.362387
0.070 0.071 0.297863
0.071 0.072 0.288797
0.072 0.073 0.277962
0.073 0.074 0.271518
0.074 0.075 0.264092
0.075 0.076 0.255049
0.076 0.077 0.244029
0.077 0.078 0.234372
0.078 0.079 0.227423
0.079 0.080 0.221605
0.080 0.081 0.213131
0.081 0.082 0.203953
0.082 0.083 0.195891
0.083 0.084 0.188219
0.084 0.085 0.181238
0.085 0.086 0.175027
0.086 0.087 0.166850
0.087 0.088 0.161101
0.088 0.089 0.154559
0.089 0.090 0.145979
0.090 0.091 0.137854
0.091 0.092 0.126771
0.092 0.093 0.121032
0.093 0.094 0.118049
0.094 0.095 0.112149
0.095 0.096 0.106446
0.096 0.097 0.100104
0.097 0.098 0.092451
0.098 0.099 0.085097
0.099 0.100 0.079346
0.100 0.101 0.075243
0.101 0.102 0.070023
0.102 0.103 0.062317
0.103 0.104 0.058091
0.104 0.105 0.054805
0.105 0.106 0.050606
0.106 0.107 0.046407
0.107 0.108 0.041290
0.108 0.109 0.036847
0.109 0.110 0.032070
0.110 0.111 0.027022
0.111 0.112 0.024513
0.112 0.113 0.021212
0.113 0.114 0.018454
0.114 0.115 0.015624
0.115 0.116 0.012340
0.116 0.117 0.008816
0.117 0.118 0.006906
0.118 0.119 0.004544
0.119 0.120 0.003105
0.120 0.121 0.001424
0.121 0.122 0.000870
0.122 0.123 0.000000
0.123 0.124 0.000000
0.124 0.125 0.000000
0.125 0.126 0.000000
0.126 0.127 0.000000
0.127 0.128 0.000000
0.128 0.129 0.000000
0.129 0.130 0.000000
0.130 0.131 0.000000
0.131 0.132 0.000000
0.132 0.133 0.000000
0.133 0.134 0.000000
0.134 0.135 0.000000
0.135 0.136 0.000000
0.136 0.137 0.000000
0.137 0.138 0.000000
0.138 0.139 0.000000
0.139 0.140 0.000000
0.140 0.141 0.000000
0.141 0.142 0.000000
0.142 0.143 0.000000
0.143 0.144 0.000000
0.144 0.145 0.000000
0.145 0.146 0.000000
0.146 0.147 0.000000
0.147 0.148 0.000000
0.148 0.149 0.000000
0.149 0.150 0.000000
