1
0.000 0.001 0.000000
0.001 0.002 0.000000
0.002 0.003 0.000000
0.003 0.004 0.000000
0.004 0.005 0.000000
0.005 0.006 0.000000
0.006 0.007 0.000000
0.007 0.008 0.000000
0.008 0.009 0.000000
0.009 0.010 0.000000
0.010 0.011 0.000000
0.011 0.012 0.000000
0.012 0.013 0.000000
0.013 0.014 0.000000
0.014 0.015 0.000000
0.015 0.016 0.000002
0.016 0.017 0.000017
0.017 0.018 0.000093
0.018 0.019 0.000373
0.019 0.020 0.001177
0.020 0.021 0.003062
0.021 0.022 0.006816
0.022 0.023 0.013327
0.023 0.024 0.023489
0.024 0.025 0.038076
0.025 0.026 0.057355
0.026 0.027 0.081234
0.027 0.028 0.109990
0.028 0.029 0.142899
0.029 0.030 0.178652
0.030 0.031 0.216722
0.031 0.032 0.255687
0.032 0.033 0.294819
0.033 0.034 0.333472
0.034 0.035 0.371173
0.035 0.036 0.406507
0.036 0.037 0.439041
0.037 0.038 0.467944
0.038 0.039 0.492544
0.039 0.040 0.515722
0.040 0.041 0.534478
0.041 0.042 0.552505
0.042 0.043 0.568518
0.043 0.044 0.580535
0.044 0.045 0.590976
0.045 0.046 0.597559
0.046 0.047 0.599871
0.047 0.048 0.603603
0.048 0.049 0.605166
0.049 0.050 0.600247
0.050 0.051 0.594611
0.051 0.052 0.590857
0.052 0.053 0.586214
0.053 0.054 0.577551
0.054 0.055 0.565148
0.055 0.056 0.558107
0.056 0.057 0.551941
0.057 0.058 0.704635
0.058 0.059 1.000000
0.059 0.060 0.824373
0.060 0.061 0.514829
0.061 0.062 0.502738
0.062 0.063 0.475039
0.063 0.064 0.459067
0.064 0.065 0.443578
0.065 0.066 0.430990
0.066 0.067 0.537586
0.067 0.068 0.526921
0.068 0.069 0.417051
0.069 0.070 0.375425
0.070 0.071 0.313127
0.071 0.072 0.302308
0.072 0.073 0.289266
0.073 0.074 0.282507
0.074 0.075 0.274348
0.075 0.076 0.263108
0.076 0.077 0.249943
0.077 0.078 0.238537
0.078 0.079 0.230382
0.079 0.080 0.223657
0.080 0.081 0.213923
0.081 0.082 0.203288
0.082 0.083 0.193672
0.083 0.084 0.184066
0.084 0.085 0.175527
0.085 0.086 0.168031
0.086 0.087 0.158614
0.087 0.088 0.151308
0.088 0.089 0.143861
0.089 0.090 0.133386
0.090 0.091 0.124495
0.091 0.092 0.114989
0.092 0.093 0.108321
0.093 0.094 0.103763
0.094 0.095 0.096745
0.095 0.096 0.090073
0.096 0.097 0.082166
0.097 0.098 0.073239
0.098 0.099 0.063214
0.099 0.100 0.057891
0.100 0.101 0.055120
0.101 0.102 0.050438
0.102 0.103 0.043791
0.103 0.104 0.038439
0.104 0.105 0.034414
0.105 0.106 0.028696
0.106 0.107 0.025107
0.107 0.108 0.020873
0.108 0.109 0.017077
0.109 0.110 0.013070
0.110 0.111 0.008616
0.111 0.112 0.006735
0.112 0.113 0.004542
0.113 0.114 0.001773
0.114 0.115 0.001086
0.115 0.116 0.000000
0.116 0.117 0.000000
0.117 0.118 0.000000
0.118 0.119 0.000000
0.119 0.120 0.000000
0.120 0.121 0.000000
0.121 0.122 0.000000
0.122 0.123 0.000000
0.123 0.124 0.000000
0.124 0.125 0.000000
0.125 0.126 0.000000
0.126 0.127 0.000000
0.127 0.128 0.000000
0.128 0.129 0.000000
0.129 0.130 0.000000
0.130 0.131 0.000000
0.131 0.132 0.000000
0.132 0.133 0.000000
0.133 0.134 0.000000
0.134 0.135 0.000000
0.135 0.136 0.000000
0.136 0.137 0.000000
0.137 0.138 0.000000
0.138 0.139 0.000000
0.139 0.140 0.000000
0.140 0.141 0.000000
0.141 0.142 0.000000
0.142 0.143 0.000000
0.143 0.144 0.000000
0.144 0.145 0.000000
0.145 0.146 0.000000
0.146 0.147 0.000000
0.147 0.148 0.000000
0.148 0.149 0.000000
0.149 0.150 0.000000
