1
0.000 0.001 0.000000
0.001 0.002 0.000000
0.002 0.003 0.000000
0.003 0.004 0.000000
0.004 0.005 0.000000
0.005 0.006 0.000000
0.006 0.007 0.000000
0.007 0.008 0.000000
0.008 0.009 0.000000
0.009 0.010 0.000000
0.010 0.011 0.000000
0.011 0.012 0.000000
0.012 0.013 0.000000
0.013 0.014 0.000000
0.014 0.015 0.000000
0.015 0.016 0.000000
0.016 0.017 0.000000
0.017 0.018 0.000000
0.018 0.019 0.000002
0.019 0.020 0.000014
0.020 0.021 0.000077
0.021 0.022 0.000311
0.022 0.023 0.001002
0.023 0.024 0.002679
0.024 0.025 0.006178
0.025 0.026 0.012555
0.026 0.027 0.022938
0.027 0.028 0.038453
0.028 0.029 0.060126
0.029 0.030 0.088074
0.030 0.031 0.123299
0.031 0.032 0.164573
0.032 0.033 0.211867
0.033 0.034 0.263837
0.034 0.035 0.318519
0.035 0.036 0.374714
0.036 0.037 0.430227
0.037 0.038 0.485587
0.038 0.039 0.540004
0.039 0.040 0.591937
0.040 0.041 0.637900
0.041 0.042 0.677379
0.042 0.043 0.718415
0.043 0.044 0.754863
0.044 0.045 0.788427
0.045 0.046 0.810303
0.046 0.047 0.830165
0.047 0.048 0.845805
0.048 0.049 0.852103
0.049 0.050 0.853541
0.050 0.051 0.854559
0.051 0.052 0.852547
0.052 0.053 0.840274
0.053 0.054 0.824591
0.054 0.055 0.817627
0.055 0.056 0.798817
0.056 0.057 0.776086
0.057 0.058 0.846916
0.058 0.059 1.000000
0.059 0.060 0.892486
0.060 0.061 0.699937
0.061 0.062 0.670440
0.062 0.063 0.632254
0.063 0.064 0.596481
0.064 0.065 0.570671
0.065 0.066 0.540367
0.066 0.067 0.585751
0.067 0.068 0.562756
0.068 0.069 0.470390
0.069 0.070 0.418722
0.070 0.071 0.364424
0.071 0.072 0.338569
0.072 0.073 0.301908
0.073 0.074 0.279100
0.074 0.075 0.255945
0.075 0.076 0.233537
0.076 0.077 0.211671
0.077 0.078 0.186506
0.078 0.079 0.160623
0.079 0.080 0.134858
0.080 0.081 0.118643
0.081 0.082 0.098276
0.082 0.083 0.081205
0.083 0.084 0.066400
0.084 0.085 0.045158
0.085 0.086 0.034655
0.086 0.087 0.023274
0.087 0.088 0.008606
0.088 0.089 0.004825
0.089 0.090 0.000000
0.090 0.091 0.000000
0.091 0.092 0.000000
0.092 0.093 0.000000
0.093 0.094 0.000000
0.094 0.095 0.000000
0.095 0.096 0.000000
0.096 0.097 0.000000
0.097 0.098 0.000000
0.098 0.099 0.000000
0.099 0.100 0.000000
0.100 0.101 0.000000
0.101 0.102 0.000000
0.102 0.103 0.000000
0.103 0.104 0.000000
0.104 0.105 0.000000
0.105 0.106 0.000000
0.106 0.107 0.000000
0.107 0.108 0.000000
0.108 0.109 0.000000
0.109 0.110 0.000000
0.110 0.111 0.000000
0.111 0.112 0.000000
0.112 0.113 0.000000
0.113 0.114 0.000000
0.114 0.115 0.000000
0.115 0.116 0.000000
0.116 0.117 0.000000
0.117 0.118 0.000000
0.118 0.119 0.000000
0.119 0.120 0.000000
0.120 0.121 0.000000
0.121 0.122 0.000000
0.122 0.123 0.000000
0.123 0.124 0.000000
0.124 0.125 0.000000
0.125 0.126 0.000000
0.126 0.127 0.000000
0.127 0.128 0.000000
0.128 0.129 0.000000
0.129 0.130 0.000000
0.130 0.131 0.000000
0.131 0.132 0.000000
0.132 0.133 0.000000
0.133 0.134 0.000000
0.134 0.135 0.000000
0.135 0.136 0.000000
0.136 0.137 0.000000
0.137 0.138 0.000000
0.138 0.139 0.000000
0.139 0.140 0.000000
0.140 0.141 0.000000
0.141 0.142 0.000000
0.142 0.143 0.000000
0.143 0.144 0.000000
0.144 0.145 0.000000
0.145 0.146 0.000000
0.146 0.147 0.000000
0.147 0.148 0.000000
0.148 0.149 0.000000
0.149 0.150 0.000000
