1
0.000 0.001 0.000000
0.001 0.002 0.000000
0.002 0.003 0.000000
0.003 0.004 0.000000
0.004 0.005 0.000000
0.005 0.006 0.000000
0.006 0.007 0.000000
0.007 0.008 0.000000
0.008 0.009 0.000000
0.009 0.010 0.000000
0.010 0.011 0.000000
0.011 0.012 0.000000
0.012 0.013 0.000000
0.013 0.014 0.000000
0.014 0.015 0.000000
0.015 0.016 0.000000
0.016 0.017 0.000001
0.017 0.018 0.000011
0.018 0.019 0.000067
0.019 0.020 0.000284
0.020 0.021 0.000938
0.021 0.022 0.002520
0.022 0.023 0.005726
0.023 0.024 0.011408
0.024 0.025 0.020412
0.025 0.026 0.033386
0.026 0.027 0.050703
0.027 0.028 0.072618
0.028 0.029 0.098929
0.029 0.030 0.128495
0.030 0.031 0.160913
0.031 0.032 0.195476
0.032 0.033 0.231165
0.033 0.034 0.267346
0.034 0.035 0.303046
0.035 0.036 0.337135
0.036 0.037 0.369398
0.037 0.038 0.399981
0.038 0.039 0.426300
0.039 0.040 0.451478
0.040 0.041 0.474397
0.041 0.042 0.493499
0.042 0.043 0.511116
0.043 0.044 0.525547
0.044 0.045 0.538018
0.045 0.046 0.546414
0.046 0.047 0.550585
0.047 0.048 0.555915
0.048 0.049 0.559389
0.049 0.050 0.556875
0.050 0.051 0.553579
0.051 0.052 0.551270
0.052 0.053 0.549825
0.053 0.054 0.545690
0.054 0.055 0.539447
0.055 0.056 0.534048
0.056 0.057 0.528244
0.057 0.058 0.688959
0.058 0.059 1.000000
0.059 0.060 0.820191
0.060 0.061 0.499035
0.061 0.062 0.488257
0.062 0.063 0.461319
0.063 0.064 0.446550
0.064 0.065 0.434273
0.065 0.066 0.424297
0.066 0.067 0.541831
0.067 0.068 0.532214
0.068 0.069 0.418051
0.069 0.070 0.376014
0.070 0.071 0.311180
0.071 0.072 0.301118
0.072 0.073 0.289062
0.073 0.074 0.282103
0.074 0.075 0.273925
0.075 0.076 0.262662
0.076 0.077 0.252159
0.077 0.078 0.243202
0.078 0.079 0.237833
0.079 0.080 0.231063
0.080 0.081 0.221550
0.081 0.082 0.210908
0.082 0.083 0.201577
0.083 0.084 0.192556
0.084 0.085 0.184208
0.085 0.086 0.175832
0.086 0.087 0.168023
0.087 0.088 0.162637
0.088 0.089 0.156628
0.089 0.090 0.148305
0.090 0.091 0.140015
0.091 0.092 0.129880
0.092 0.093 0.122877
0.093 0.094 0.118524
0.094 0.095 0.111215
0.095 0.096 0.103334
0.096 0.097 0.096959
0.097 0.098 0.089298
0.098 0.099 0.081701
0.099 0.100 0.075936
0.100 0.101 0.072176
0.101 0.102 0.067020
0.102 0.103 0.059850
0.103 0.104 0.053515
0.104 0.105 0.050313
0.105 0.106 0.046187
0.106 0.107 0.041951
0.107 0.108 0.036798
0.108 0.109 0.032285
0.109 0.110 0.027392
0.110 0.111 0.022253
0.111 0.112 0.019686
0.112 0.113 0.016417
0.113 0.114 0.013633
0.114 0.115 0.010708
0.115 0.116 0.006784
0.116 0.117 0.005002
0.117 0.118 0.003160
0.118 0.119 0.000729
0.119 0.120 0.000000
0.120 0.121 0.000000
0.121 0.122 0.000000
0.122 0.123 0.000000
0.123 0.124 0.000000
0.124 0.125 0.000000
0.125 0.126 0.000000
0.126 0.127 0.000000
0.127 0.128 0.000000
0.128 0.129 0.000000
0.129 0.130 0.000000
0.130 0.131 0.000000
0.131 0.132 0.000000
0.132 0.133 0.000000
0.133 0.134 0.000000
0.134 0.135 0.000000
0.135 0.136 0.000000
0.136 0.137 0.000000
0.137 0.138 0.000000
0.138 0.139 0.000000
0.139 0.140 0.000000
0.140 0.141 0.000000
0.141 0.142 0.000000
0.142 0.143 0.000000
0.143 0.144 0.000000
0.144 0.145 0.000000
0.145 0.146 0.000000
0.146 0.147 0.000000
0.147 0.148 0.000000
0.148 0.149 0.000000
0.149 0.150 0.000000
