1
0.000 0.001 0.000000
0.001 0.002 0.000000
0.002 0.003 0.000000
0.003 0.004 0.000000
0.004 0.005 0.000000
0.005 0.006 0.000000
0.006 0.007 0.000000
0.007 0.008 0.000000
0.008 0.009 0.000000
0.009 0.010 0.000000
0.010 0.011 0.000000
0.011 0.012 0.000000
0.012 0.013 0.000000
0.013 0.014 0.000000
0.014 0.015 0.000000
0.015 0.016 0.000000
0.016 0.017 0.000000
0.017 0.018 0.000000
0.018 0.019 0.000001
0.019 0.020 0.000004
0.020 0.021 0.000022
0.021 0.022 0.000094
0.022 0.023 0.000311
0.023 0.024 0.000853
0.024 0.025 0.002013
0.025 0.026 0.004185
0.026 0.027 0.007789
0.027 0.028 0.013442
0.028 0.029 0.021624
0.029 0.030 0.032494
0.030 0.031 0.046273
0.031 0.032 0.062951
0.032 0.033 0.082488
0.033 0.034 0.104416
0.034 0.035 0.128245
0.035 0.036 0.153610
0.036 0.037 0.180331
0.037 0.038 0.207406
0.038 0.039 0.233844
0.039 0.040 0.260186
0.040 0.041 0.285374
0.041 0.042 0.309004
0.042 0.043 0.331910
0.043 0.044 0.352596
0.044 0.045 0.371841
0.045 0.046 0.390128
0.046 0.047 0.405417
0.047 0.048 0.421192
0.048 0.049 0.434990
0.049 0.050 0.444912
0.050 0.051 0.453430
0.051 0.052 0.461935
0.052 0.053 0.468111
0.053 0.054 0.472081
0.054 0.055 0.474684
0.055 0.056 0.477009
0.056 0.057 0.478058
0.057 0.058 0.656417
0.058 0.059 1.000000
0.059 0.060 0.818151
0.060 0.061 0.477633
0.061 0.062 0.472503
0.062 0.063 0.447679
0.063 0.064 0.441753
0.064 0.065 0.434274
0.065 0.066 0.427920
0.066 0.067 0.567926
0.067 0.068 0.562918
0.068 0.069 0.437771
0.069 0.070 0.395378
0.070 0.071 0.323946
0.071 0.072 0.317080
0.072 0.073 0.308001
0.073 0.074 0.302412
0.074 0.075 0.296153
0.075 0.076 0.288516
0.076 0.077 0.278512
0.077 0.078 0.268961
0.078 0.079 0.265405
0.079 0.080 0.260263
0.080 0.081 0.252614
0.081 0.082 0.243847
0.082 0.083 0.235970
0.083 0.084 0.228587
0.084 0.085 0.221901
0.085 0.086 0.215823
0.086 0.087 0.207764
0.087 0.088 0.202313
0.088 0.089 0.195238
0.089 0.090 0.186095
0.090 0.091 0.178071
0.091 0.092 0.166924
0.092 0.093 0.158154
0.093 0.094 0.155391
0.094 0.095 0.149159
0.095 0.096 0.143080
0.096 0.097 0.136608
0.097 0.098 0.128343
0.098 0.099 0.120806
0.099 0.100 0.114737
0.100 0.101 0.109782
0.101 0.102 0.104001
0.102 0.103 0.096412
0.103 0.104 0.090473
0.104 0.105 0.084357
0.105 0.106 0.079352
0.106 0.107 0.074721
0.107 0.108 0.068929
0.108 0.109 0.064072
0.109 0.110 0.058885
0.110 0.111 0.053928
0.111 0.112 0.049834
0.112 0.113 0.044320
0.113 0.114 0.039549
0.114 0.115 0.034239
0.115 0.116 0.030563
0.116 0.117 0.027146
0.117 0.118 0.023416
0.118 0.119 0.018351
0.119 0.120 0.015672
0.120 0.121 0.014213
0.121 0.122 0.010349
0.122 0.123 0.008476
0.123 0.124 0.006501
0.124 0.125 0.004333
0.125 0.126 0.001584
0.126 0.127 0.000964
0.127 0.128 0.000000
0.128 0.129 0.000000
0.129 0.130 0.000000
0.130 0.131 0.000000
0.131 0.132 0.000000
0.132 0.133 0.000000
0.133 0.134 0.000000
0.134 0.135 0.000000
0.135 0.136 0.000000
0.136 0.137 0.000000
0.137 0.138 0.000000
0.138 0.139 0.000000
0.139 0.140 0.000000
0.140 0.141 0.000000
0.141 0.142 0.000000
0.142 0.143 0.000000
0.143 0.144 0.000000
0.144 0.145 0.000000
0.145 0.146 0.000000
0.146 0.147 0.000000
0.147 0.148 0.000000
0.148 0.149 0.000000
0.149 0.150 0.000000
