1
0.000 0.001 0.000000
0.001 0.002 0.000000
0.002 0.003 0.000000
0.003 0.004 0.000000
0.004 0.005 0.000000
0.005 0.006 0.000000
0.006 0.007 0.000000
0.007 0.008 0.000000
0.008 0.009 0.000000
0.009 0.010 0.000000
0.010 0.011 0.000000
0.011 0.012 0.000000
0.012 0.013 0.000000
0.013 0.014 0.000000
0.014 0.015 0.000000
0.015 0.016 0.000000
0.016 0.017 0.000000
0.017 0.018 0.000000
0.018 0.019 0.000004
0.019 0.020 0.000025
0.020 0.021 0.000112
0.021 0.022 0.000400
0.022 0.023 0.001163
0.023 0.024 0.002874
0.024 0.025 0.006217
0.025 0.026 0.011991
0.026 0.027 0.021013
0.027 0.028 0.034206
0.028 0.029 0.052183
0.029 0.030 0.074956
0.030 0.031 0.102857
0.031 0.032 0.135171
0.032 0.033 0.171651
0.033 0.034 0.211240
0.034 0.035 0.253086
0.035 0.036 0.296804
0.036 0.037 0.339769
0.037 0.038 0.381477
0.038 0.039 0.422674
0.039 0.040 0.463094
0.040 0.041 0.499428
0.041 0.042 0.531953
0.042 0.043 0.564248
0.043 0.044 0.592950
0.044 0.045 0.617623
0.045 0.046 0.635848
0.046 0.047 0.651274
0.047 0.048 0.664959
0.048 0.049 0.674155
0.049 0.050 0.676160
0.050 0.051 0.677462
0.051 0.052 0.682926
0.052 0.053 0.683094
0.053 0.054 0.679345
0.054 0.055 0.672955
0.055 0.056 0.664218
0.056 0.057 0.654729
0.057 0.058 0.770530
0.058 0.059 1.000000
0.059 0.060 0.857254
0.060 0.061 0.607861
0.061 0.062 0.592923
0.062 0.063 0.563369
0.063 0.064 0.543643
0.064 0.065 0.525187
0.065 0.066 0.506911
0.066 0.067 0.590886
0.067 0.068 0.573976
0.068 0.069 0.465556
0.069 0.070 0.420738
0.070 0.071 0.363084
0.071 0.072 0.348016
0.072 0.073 0.328014
0.073 0.074 0.314300
0.074 0.075 0.299334
0.075 0.076 0.278257
0.076 0.077 0.261963
0.077 0.078 0.247120
0.078 0.079 0.235336
0.079 0.080 0.222922
0.080 0.081 0.207657
0.081 0.082 0.189837
0.082 0.083 0.171665
0.083 0.084 0.158356
0.084 0.085 0.145921
0.085 0.086 0.134377
0.086 0.087 0.121301
0.087 0.088 0.108703
0.088 0.089 0.093690
0.089 0.090 0.083442
0.090 0.091 0.073150
0.091 0.092 0.062928
0.092 0.093 0.053440
0.093 0.094 0.042293
0.094 0.095 0.035287
0.095 0.096 0.028632
0.096 0.097 0.020870
0.097 0.098 0.011646
0.098 0.099 0.006851
0.099 0.100 0.001727
0.100 0.101 0.000000
0.101 0.102 0.000000
0.102 0.103 0.000000
0.103 0.104 0.000000
0.104 0.105 0.000000
0.105 0.106 0.000000
0.106 0.107 0.000000
0.107 0.108 0.000000
0.108 0.109 0.000000
0.109 0.110 0.000000
0.110 0.111 0.000000
0.111 0.112 0.000000
0.112 0.113 0.000000
0.113 0.114 0.000000
0.114 0.115 0.000000
0.115 0.116 0.000000
0.116 0.117 0.000000
0.117 0.118 0.000000
0.118 0.119 0.000000
0.119 0.120 0.000000
0.120 0.121 0.000000
0.121 0.122 0.000000
0.122 0.123 0.000000
0.123 0.124 0.000000
0.124 0.125 0.000000
0.125 0.126 0.000000
0.126 0.127 0.000000
0.127 0.128 0.000000
0.128 0.129 0.000000
0.129 0.130 0.000000
0.130 0.131 0.000000
0.131 0.132 0.000000
0.132 0.133 0.000000
0.133 0.134 0.000000
0.134 0.135 0.000000
0.135 0.136 0.000000
0.136 0.137 0.000000
0.137 0.138 0.000000
0.138 0.139 0.000000
0.139 0.140 0.000000
0.140 0.141 0.000000
0.141 0.142 0.000000
0.142 0.143 0.000000
0.143 0.144 0.000000
0.144 0.145 0.000000
0.145 0.146 0.000000
0.146 0.147 0.000000
0.147 0.148 0.000000
0.148 0.149 0.000000
0.149 0.150 0.000000
