1
0.000 0.001 0.000000
0.001 0.002 0.000000
0.002 0.003 0.000000
0.003 0.004 0.000000
0.004 0.005 0.000000
0.005 0.006 0.000000
0.006 0.007 0.000000
0.007 0.008 0.000000
0.008 0.009 0.000000
0.009 0.010 0.000000
0.010 0.011 0.000000
0.011 0.012 0.000000
0.012 0.013 0.000000
0.013 0.014 0.000000
0.014 0.015 0.000000
0.015 0.016 0.000001
0.016 0.017 0.000010
0.017 0.018 0.000067
0.018 0.019 0.000306
0.019 0.020 0.001059
0.020 0.021 0.002949
0.021 0.022 0.006882
0.022 0.023 0.013909
0.023 0.024 0.025108
0.024 0.025 0.041369
0.025 0.026 0.062997
0.026 0.027 0.089765
0.027 0.028 0.121988
0.028 0.029 0.158948
0.029 0.030 0.198652
0.030 0.031 0.239962
0.031 0.032 0.281983
0.032 0.033 0.324794
0.033 0.034 0.366449
0.034 0.035 0.406716
0.035 0.036 0.444624
0.036 0.037 0.480111
0.037 0.038 0.510576
0.038 0.039 0.536287
0.039 0.040 0.560167
0.040 0.041 0.580104
0.041 0.042 0.596228
0.042 0.043 0.610057
0.043 0.044 0.618917
0.044 0.045 0.625055
0.045 0.046 0.631396
0.046 0.047 0.632908
0.047 0.048 0.634682
0.048 0.049 0.635065
0.049 0.050 0.630080
0.050 0.051 0.623595
0.051 0.052 0.618102
0.052 0.053 0.612157
0.053 0.054 0.602824
0.054 0.055 0.590581
0.055 0.056 0.579676
0.056 0.057 0.568367
0.057 0.058 0.715371
0.058 0.059 1.000000
0.059 0.060 0.828243
0.060 0.061 0.527304
0.061 0.062 0.514331
0.062 0.063 0.486244
0.063 0.064 0.469309
0.064 0.065 0.453179
0.065 0.066 0.439754
0.066 0.067 0.542316
0.067 0.068 0.528539
0.068 0.069 0.417399
0.069 0.070 0.375879
0.070 0.071 0.315100
0.071 0.072 0.303687
0.072 0.073 0.289828
0.073 0.074 0.282632
0.074 0.075 0.274046
0.075 0.076 0.261974
0.076 0.077 0.248089
0.077 0.078 0.236106
0.078 0.079 0.227294
0.079 0.080 0.220153
0.080 0.081 0.210080
0.081 0.082 0.198917
0.082 0.083 0.188713
0.083 0.084 0.178415
0.084 0.085 0.169274
0.085 0.086 0.161231
0.086 0.087 0.151420
0.087 0.088 0.143436
0.088 0.089 0.134561
0.089 0.090 0.126292
0.090 0.091 0.116905
0.091 0.092 0.107292
0.092 0.093 0.100246
0.093 0.094 0.094915
0.094 0.095 0.087466
0.095 0.096 0.080389
0.096 0.097 0.071038
0.097 0.098 0.063594
0.098 0.099 0.055337
0.099 0.100 0.049699
0.100 0.101 0.046971
0.101 0.102 0.041912
0.102 0.103 0.035068
0.103 0.104 0.028573
0.104 0.105 0.025648
0.105 0.106 0.022029
0.106 0.107 0.018156
0.107 0.108 0.013769
0.108 0.109 0.008931
0.109 0.110 0.006412
0.110 0.111 0.004019
0.111 0.112 0.001139
0.112 0.113 0.000000
0.113 0.114 0.000000
0.114 0.115 0.000000
0.115 0.116 0.000000
0.116 0.117 0.000000
0.117 0.118 0.000000
0.118 0.119 0.000000
0.119 0.120 0.000000
0.120 0.121 0.000000
0.121 0.122 0.000000
0.122 0.123 0.000000
0.123 0.124 0.000000
0.124 0.125 0.000000
0.125 0.126 0.000000
0.126 0.127 0.000000
0.127 0.128 0.000000
0.128 0.129 0.000000
0.129 0.130 0.000000
0.130 0.131 0.000000
0.131 0.132 0.000000
0.132 0.133 0.000000
0.133 0.134 0.000000
0.134 0.135 0.000000
0.135 0.136 0.000000
0.136 0.137 0.000000
0.137 0.138 0.000000
0.138 0.139 0.000000
0.139 0.140 0.000000
0.140 0.141 0.000000
0.141 0.142 0.000000
0.142 0.143 0.000000
0.143 0.144 0.000000
0.144 0.145 0.000000
0.145 0.146 0.000000
0.146 0.147 0.000000
0.147 0.148 0.000000
0.148 0.149 0.000000
0.149 0.150 0.000000
