1
0.000 0.001 0.000000
0.001 0.002 0.000000
0.002 0.003 0.000000
0.003 0.004 0.000000
0.004 0.005 0.000000
0.005 0.006 0.000000
0.006 0.007 0.000000
0.007 0.008 0.000000
0.008 0.009 0.000000
0.009 0.010 0.000000
0.010 0.011 0.000000
0.011 0.012 0.000000
0.012 0.013 0.000000
0.013 0.014 0.000000
0.014 0.015 0.000000
0.015 0.016 0.000000
0.016 0.017 0.000000
0.017 0.018 0.000000
0.018 0.019 0.000001
0.019 0.020 0.000006
0.020 0.021 0.000033
0.021 0.022 0.000136
0.022 0.023 0.000444
0.023 0.024 0.001203
0.024 0.025 0.002811
0.025 0.026 0.005793
0.026 0.027 0.010735
0.027 0.028 0.018310
0.028 0.029 0.029111
0.029 0.030 0.043350
0.030 0.031 0.061237
0.031 0.032 0.082695
0.032 0.033 0.107577
0.033 0.034 0.135359
0.034 0.035 0.165593
0.035 0.036 0.197734
0.036 0.037 0.230953
0.037 0.038 0.263823
0.038 0.039 0.295922
0.039 0.040 0.328236
0.040 0.041 0.359325
0.041 0.042 0.388567
0.042 0.043 0.416618
0.043 0.044 0.441511
0.044 0.045 0.464993
0.045 0.046 0.485623
0.046 0.047 0.502101
0.047 0.048 0.518348
0.048 0.049 0.532627
0.049 0.050 0.541329
0.050 0.051 0.548427
0.051 0.052 0.555910
0.052 0.053 0.561712
0.053 0.054 0.563729
0.054 0.055 0.562191
0.055 0.056 0.561019
0.056 0.057 0.559679
0.057 0.058 0.710014
0.058 0.059 1.000000
0.059 0.060 0.838913
0.060 0.061 0.542164
0.061 0.062 0.533575
0.062 0.063 0.508861
0.063 0.064 0.494811
0.064 0.065 0.481194
0.065 0.066 0.468832
0.066 0.067 0.583490
0.067 0.068 0.574121
0.068 0.069 0.459570
0.069 0.070 0.415916
0.070 0.071 0.350861
0.071 0.072 0.338898
0.072 0.073 0.323900
0.073 0.074 0.315230
0.074 0.075 0.307820
0.075 0.076 0.296364
0.076 0.077 0.282716
0.077 0.078 0.271114
0.078 0.079 0.263854
0.079 0.080 0.255053
0.080 0.081 0.243020
0.081 0.082 0.228286
0.082 0.083 0.217461
0.083 0.084 0.206321
0.084 0.085 0.196550
0.085 0.086 0.188028
0.086 0.087 0.177370
0.087 0.088 0.168710
0.088 0.089 0.159828
0.089 0.090 0.147723
0.090 0.091 0.136811
0.091 0.092 0.125650
0.092 0.093 0.117408
0.093 0.094 0.111076
0.094 0.095 0.102257
0.095 0.096 0.092906
0.096 0.097 0.084664
0.097 0.098 0.075340
0.098 0.099 0.064980
0.099 0.100 0.057814
0.100 0.101 0.054189
0.101 0.102 0.046768
0.102 0.103 0.039831
0.103 0.104 0.034145
0.104 0.105 0.029857
0.105 0.106 0.023793
0.106 0.107 0.019938
0.107 0.108 0.015508
0.108 0.109 0.011443
0.109 0.110 0.006496
0.110 0.111 0.004076
0.111 0.112 0.001156
0.112 0.113 0.000000
0.113 0.114 0.000000
0.114 0.115 0.000000
0.115 0.116 0.000000
0.116 0.117 0.000000
0.117 0.118 0.000000
0.118 0.119 0.000000
0.119 0.120 0.000000
0.120 0.121 0.000000
0.121 0.122 0.000000
0.122 0.123 0.000000
0.123 0.124 0.000000
0.124 0.125 0.000000
0.125 0.126 0.000000
0.126 0.127 0.000000
0.127 0.128 0.000000
0.128 0.129 0.000000
0.129 0.130 0.000000
0.130 0.131 0.000000
0.131 0.132 0.000000
0.132 0.133 0.000000
0.133 0.134 0.000000
0.134 0.135 0.000000
0.135 0.136 0.000000
0.136 0.137 0.000000
0.137 0.138 0.000000
0.138 0.139 0.000000
0.139 0.140 0.000000
0.140 0.141 0.000000
0.141 0.142 0.000000
0.142 0.143 0.000000
0.143 0.144 0.000000
0.144 0.145 0.000000
0.145 0.146 0.000000
0.146 0.147 0.000000
0.147 0.148 0.000000
0.148 0.149 0.000000
0.149 0.150 0.000000
