1
0.000 0.001 0.000000
0.001 0.002 0.000000
0.002 0.003 0.000000
0.003 0.004 0.000000
0.004 0.005 0.000000
0.005 0.006 0.000000
0.006 0.007 0.000000
0.007 0.008 0.000000
0.008 0.009 0.000000
0.009 0.010 0.000000
0.010 0.011 0.000000
0.011 0.012 0.000000
0.012 0.013 0.000000
0.013 0.014 0.000000
0.014 0.015 0.000000
0.015 0.016 0.000000
0.016 0.017 0.000001
0.017 0.018 0.000004
0.018 0.019 0.000026
0.019 0.020 0.000108
0.020 0.021 0.000357
0.021 0.022 0.000966
0.022 0.023 0.002237
0.023 0.024 0.004569
0.024 0.025 0.008381
0.025 0.026 0.014080
0.026 0.027 0.022017
0.027 0.028 0.032396
0.028 0.029 0.045262
0.029 0.030 0.060363
0.030 0.031 0.077695
0.031 0.032 0.096578
0.032 0.033 0.117044
0.033 0.034 0.138726
0.034 0.035 0.160381
0.035 0.036 0.181651
0.036 0.037 0.203288
0.037 0.038 0.225633
0.038 0.039 0.245722
0.039 0.040 0.264595
0.040 0.041 0.282511
0.041 0.042 0.299165
0.042 0.043 0.314489
0.043 0.044 0.328409
0.044 0.045 0.342412
0.045 0.046 0.351853
0.046 0.047 0.360392
0.047 0.048 0.370542
0.048 0.049 0.377529
0.049 0.050 0.381777
0.050 0.051 0.387221
0.051 0.052 0.392549
0.052 0.053 0.393528
0.053 0.054 0.393996
0.054 0.055 0.395158
0.055 0.056 0.396602
0.056 0.057 0.397460
0.057 0.058 0.604645
0.058 0.059 1.000000
0.059 0.060 0.790156
0.060 0.061 0.404763
0.061 0.062 0.401900
0.062 0.063 0.377143
0.063 0.064 0.373827
0.064 0.065 0.368821
0.065 0.066 0.362720
0.066 0.067 0.516416
0.067 0.068 0.512218
0.068 0.069 0.381560
0.069 0.070 0.341819
0.070 0.071 0.268114
0.071 0.072 0.265409
0.072 0.073 0.260806
0.073 0.074 0.256111
0.074 0.075 0.252769
0.075 0.076 0.249595
0.076 0.077 0.244583
0.077 0.078 0.241077
0.078 0.079 0.237545
0.079 0.080 0.233945
0.080 0.081 0.230503
0.081 0.082 0.225528
0.082 0.083 0.219986
0.083 0.084 0.214970
0.084 0.085 0.210894
0.085 0.086 0.206811
0.086 0.087 0.202857
0.087 0.088 0.200066
0.088 0.089 0.194778
0.089 0.090 0.188769
0.090 0.091 0.184319
0.091 0.092 0.177394
0.092 0.093 0.172083
0.093 0.094 0.169420
0.094 0.095 0.164568
0.095 0.096 0.160026
0.096 0.097 0.155954
0.097 0.098 0.150091
0.098 0.099 0.145308
0.099 0.100 0.141351
0.100 0.101 0.136658
0.101 0.102 0.131981
0.102 0.103 0.127304
0.103 0.104 0.123635
0.104 0.105 0.118836
0.105 0.106 0.113083
0.106 0.107 0.108537
0.107 0.108 0.103089
0.108 0.109 0.098805
0.109 0.110 0.094950
0.110 0.111 0.090575
0.111 0.112 0.086444
0.112 0.113 0.080560
0.113 0.114 0.075116
0.114 0.115 0.071028
0.115 0.116 0.066732
0.116 0.117 0.061844
0.117 0.118 0.057279
0.118 0.119 0.050961
0.119 0.120 0.047062
0.120 0.121 0.045248
0.121 0.122 0.041375
0.122 0.123 0.037470
0.123 0.124 0.033309
0.124 0.125 0.028217
0.125 0.126 0.023138
0.126 0.127 0.019196
0.127 0.128 0.014646
0.128 0.129 0.010024
0.129 0.130 0.006137
0.130 0.131 0.002808
0.131 0.132 0.000312
0.132 0.133 0.000000
0.133 0.134 0.000000
0.134 0.135 0.000000
0.135 0.136 0.000000
0.136 0.137 0.000000
0.137 0.138 0.000000
0.138 0.139 0.000000
0.139 0.140 0.000000
0.140 0.141 0.000000
0.141 0.142 0.000000
0.142 0.143 0.000000
0.143 0.144 0.000000
0.144 0.145 0.000000
0.145 0.146 0.000000
0.146 0.147 0.000000
0.147 0.148 0.000000
0.148 0.149 0.000000
0.149 0.150 0.000000
