1
0.000 0.001 0.000000
0.001 0.002 0.000000
0.002 0.003 0.000000
0.003 0.004 0.000000
0.004 0.005 0.000000
0.005 0.006 0.000000
0.006 0.007 0.000000
0.007 0.008 0.000000
0.008 0.009 0.000000
0.009 0.010 0.000000
0.010 0.011 0.000000
0.011 0.012 0.000000
0.012 0.013 0.000000
0.013 0.014 0.000000
0.014 0.015 0.000000
0.015 0.016 0.000000
0.016 0.017 0.000000
0.017 0.018 0.000000
0.018 0.019 0.000000
0.019 0.020 0.000000
0.020 0.021 0.000003
0.021 0.022 0.000014
0.022 0.023 0.000057
0.023 0.024 0.000188
0.024 0.025 0.000519
0.025 0.026 0.001233
0.026 0.027 0.002597
0.027 0.028 0.004958
0.028 0.029 0.008716
0.029 0.030 0.014173
0.030 0.031 0.021691
0.031 0.032 0.031462
0.032 0.033 0.043634
0.033 0.034 0.058116
0.034 0.035 0.074724
0.035 0.036 0.093389
0.036 0.037 0.113804
0.037 0.038 0.135584
0.038 0.039 0.157958
0.039 0.040 0.180874
0.040 0.041 0.203654
0.041 0.042 0.226041
0.042 0.043 0.248559
0.043 0.044 0.269546
0.044 0.045 0.290977
0.045 0.046 0.310061
0.046 0.047 0.327878
0.047 0.048 0.346318
0.048 0.049 0.362465
0.049 0.050 0.375329
0.050 0.051 0.387738
0.051 0.052 0.400124
0.052 0.053 0.409299
0.053 0.054 0.416687
0.054 0.055 0.423275
0.055 0.056 0.429099
0.056 0.057 0.434193
0.057 0.058 0.627823
0.058 0.059 1.000000
0.059 0.060 0.812278
0.060 0.061 0.450727
0.061 0.062 0.450999
0.062 0.063 0.429910
0.063 0.064 0.427764
0.064 0.065 0.424129
0.065 0.066 0.419578
0.066 0.067 0.577734
0.067 0.068 0.575646
0.068 0.069 0.440225
0.069 0.070 0.397909
0.070 0.071 0.320823
0.071 0.072 0.316505
0.072 0.073 0.309621
0.073 0.074 0.304690
0.074 0.075 0.300271
0.075 0.076 0.294630
0.076 0.077 0.285909
0.077 0.078 0.281337
0.078 0.079 0.277926
0.079 0.080 0.273872
0.080 0.081 0.268826
0.081 0.082 0.261965
0.082 0.083 0.254847
0.083 0.084 0.248112
0.084 0.085 0.242324
0.085 0.086 0.236862
0.086 0.087 0.230798
0.087 0.088 0.225987
0.088 0.089 0.219065
0.089 0.090 0.211056
0.090 0.091 0.204046
0.091 0.092 0.193826
0.092 0.093 0.187766
0.093 0.094 0.184396
0.094 0.095 0.178476
0.095 0.096 0.173025
0.096 0.097 0.167535
0.097 0.098 0.160146
0.098 0.099 0.153054
0.099 0.100 0.147797
0.100 0.101 0.143084
0.101 0.102 0.137241
0.102 0.103 0.130838
0.103 0.104 0.125623
0.104 0.105 0.119797
0.105 0.106 0.112199
0.106 0.107 0.107450
0.107 0.108 0.101759
0.108 0.109 0.097297
0.109 0.110 0.093156
0.110 0.111 0.088479
0.111 0.112 0.084065
0.112 0.113 0.078052
0.113 0.114 0.072439
0.114 0.115 0.068045
0.115 0.116 0.063439
0.116 0.117 0.057614
0.117 0.118 0.054171
0.118 0.119 0.049676
0.119 0.120 0.046156
0.120 0.121 0.044022
0.121 0.122 0.040787
0.122 0.123 0.037571
0.123 0.124 0.034177
0.124 0.125 0.030067
0.125 0.126 0.025423
0.126 0.127 0.023111
0.127 0.128 0.020167
0.128 0.129 0.017666
0.129 0.130 0.015150
0.130 0.131 0.012319
0.131 0.132 0.010536
0.132 0.133 0.007638
0.133 0.134 0.005960
0.134 0.135 0.004399
0.135 0.136 0.002961
0.136 0.137 0.001130
0.137 0.138 0.000628
0.138 0.139 0.000000
0.139 0.140 0.000000
0.140 0.141 0.000000
0.141 0.142 0.000000
0.142 0.143 0.000000
0.143 0.144 0.000000
0.144 0.145 0.000000
0.145 0.146 0.000000
0.146 0.147 0.000000
0.147 0.148 0.000000
0.148 0.149 0.000000
0.149 0.150 0.000000
