1
0.000 0.001 0.000000
0.001 0.002 0.000000
0.002 0.003 0.000000
0.003 0.004 0.000000
0.004 0.005 0.000000
0.005 0.006 0.000000
0.006 0.007 0.000000
0.007 0.008 0.000000
0.008 0.009 0.000000
0.009 0.010 0.000000
0.010 0.011 0.000000
0.011 0.012 0.000000
0.012 0.013 0.000000
0.013 0.014 0.000000
0.014 0.015 0.000000
0.015 0.016 0.000000
0.016 0.017 0.000000
0.017 0.018 0.000000
0.018 0.019 0.000000
0.019 0.020 0.000000
0.020 0.021 0.000000
0.021 0.022 0.000003
0.022 0.023 0.000015
0.023 0.024 0.000056
0.024 0.025 0.000175
0.025 0.026 0.000463
0.026 0.027 0.001069
0.027 0.028 0.002219
0.028 0.029 0.004199
0.029 0.030 0.007272
0.030 0.031 0.011815
0.031 0.032 0.018070
0.032 0.033 0.026243
0.033 0.034 0.036560
0.034 0.035 0.049018
0.035 0.036 0.063314
0.036 0.037 0.079688
0.037 0.038 0.098102
0.038 0.039 0.117213
0.039 0.040 0.137501
0.040 0.041 0.158924
0.041 0.042 0.180083
0.042 0.043 0.202124
0.043 0.044 0.224082
0.044 0.045 0.245888
0.045 0.046 0.266467
0.046 0.047 0.285283
0.047 0.048 0.305395
0.048 0.049 0.324625
0.049 0.050 0.340480
0.050 0.051 0.354533
0.051 0.052 0.369472
0.052 0.053 0.383648
0.053 0.054 0.394414
0.054 0.055 0.404224
0.055 0.056 0.415563
0.056 0.057 0.425362
0.057 0.058 0.621945
0.058 0.059 1.000000
0.059 0.060 0.817130
0.060 0.061 0.457488
0.061 0.062 0.460407
0.062 0.063 0.442506
0.063 0.064 0.441964
0.064 0.065 0.438993
0.065 0.066 0.438103
0.066 0.067 0.604019
0.067 0.068 0.604703
0.068 0.069 0.468310
0.069 0.070 0.425410
0.070 0.071 0.346229
0.071 0.072 0.342774
0.072 0.073 0.337991
0.073 0.074 0.336137
0.074 0.075 0.333070
0.075 0.076 0.329486
0.076 0.077 0.322543
0.077 0.078 0.316901
0.078 0.079 0.315146
0.079 0.080 0.311172
0.080 0.081 0.303771
0.081 0.082 0.295449
0.082 0.083 0.288608
0.083 0.084 0.282499
0.084 0.085 0.276828
0.085 0.086 0.271818
0.086 0.087 0.263681
0.087 0.088 0.259748
0.088 0.089 0.254213
0.089 0.090 0.244904
0.090 0.091 0.236940
0.091 0.092 0.224101
0.092 0.093 0.216448
0.093 0.094 0.214153
0.094 0.095 0.206262
0.095 0.096 0.198393
0.096 0.097 0.190160
0.097 0.098 0.179266
0.098 0.099 0.169798
0.099 0.100 0.161792
0.100 0.101 0.155162
0.101 0.102 0.147930
0.102 0.103 0.137333
0.103 0.104 0.129489
0.104 0.105 0.123235
0.105 0.106 0.115048
0.106 0.107 0.106985
0.107 0.108 0.096875
0.108 0.109 0.088216
0.109 0.110 0.078699
0.110 0.111 0.069641
0.111 0.112 0.062883
0.112 0.113 0.053614
0.113 0.114 0.046943
0.114 0.115 0.039676
0.115 0.116 0.032653
0.116 0.117 0.025971
0.117 0.118 0.019685
0.118 0.119 0.013367
0.119 0.120 0.009309
0.120 0.121 0.006817
0.121 0.122 0.003572
0.122 0.123 0.000638
0.123 0.124 0.000000
0.124 0.125 0.000000
0.125 0.126 0.000000
0.126 0.127 0.000000
0.127 0.128 0.000000
0.128 0.129 0.000000
0.129 0.130 0.000000
0.130 0.131 0.000000
0.131 0.132 0.000000
0.132 0.133 0.000000
0.133 0.134 0.000000
0.134 0.135 0.000000
0.135 0.136 0.000000
0.136 0.137 0.000000
0.137 0.138 0.000000
0.138 0.139 0.000000
0.139 0.140 0.000000
0.140 0.141 0.000000
0.141 0.142 0.000000
0.142 0.143 0.000000
0.143 0.144 0.000000
0.144 0.145 0.000000
0.145 0.146 0.000000
0.146 0.147 0.000000
0.147 0.148 0.000000
0.148 0.149 0.000000
0.149 0.150 0.000000
