1
0.000 0.001 0.000000
0.001 0.002 0.000000
0.002 0.003 0.000000
0.003 0.004 0.000000
0.004 0.005 0.000000
0.005 0.006 0.000000
0.006 0.007 0.000000
0.007 0.008 0.000000
0.008 0.009 0.000000
0.009 0.010 0.000000
0.010 0.011 0.000000
0.011 0.012 0.000000
0.012 0.013 0.000000
0.013 0.014 0.000000
0.014 0.015 0.000000
0.015 0.016 0.000000
0.016 0.017 0.000000
0.017 0.018 0.000000
0.018 0.019 0.000002
0.019 0.020 0.000012
0.020 0.021 0.000061
0.021 0.022 0.000230
0.022 0.023 0.000705
0.023 0.024 0.001819
0.024 0.025 0.004094
0.025 0.026 0.008162
0.026 0.027 0.014734
0.027 0.028 0.024605
0.028 0.029 0.038404
0.029 0.030 0.056458
0.030 0.031 0.078829
0.031 0.032 0.105153
0.032 0.033 0.135702
0.033 0.034 0.169502
0.034 0.035 0.205603
0.035 0.036 0.244025
0.036 0.037 0.282832
0.037 0.038 0.321127
0.038 0.039 0.359821
0.039 0.040 0.398575
0.040 0.041 0.434195
0.041 0.042 0.468121
0.042 0.043 0.500661
0.043 0.044 0.529483
0.044 0.045 0.556472
0.045 0.046 0.578517
0.046 0.047 0.597898
0.047 0.048 0.615210
0.048 0.049 0.628908
0.049 0.050 0.637719
0.050 0.051 0.646144
0.051 0.052 0.654557
0.052 0.053 0.657298
0.053 0.054 0.657424
0.054 0.055 0.655732
0.055 0.056 0.650855
0.056 0.057 0.644648
0.057 0.058 0.764698
0.058 0.059 1.000000
0.059 0.060 0.863235
0.060 0.061 0.613277
0.061 0.062 0.598656
0.062 0.063 0.569805
0.063 0.064 0.550800
0.064 0.065 0.532677
0.065 0.066 0.513752
0.066 0.067 0.600195
0.067 0.068 0.585064
0.068 0.069 0.478776
0.069 0.070 0.431579
0.070 0.071 0.371760
0.071 0.072 0.353116
0.072 0.073 0.333644
0.073 0.074 0.320213
0.074 0.075 0.305565
0.075 0.076 0.286748
0.076 0.077 0.265949
0.077 0.078 0.250517
0.078 0.079 0.238082
0.079 0.080 0.225103
0.080 0.081 0.209287
0.081 0.082 0.189559
0.082 0.083 0.174771
0.083 0.084 0.160245
0.084 0.085 0.146377
0.085 0.086 0.132008
0.086 0.087 0.119971
0.087 0.088 0.108383
0.088 0.089 0.095598
0.089 0.090 0.082312
0.090 0.091 0.072222
0.091 0.092 0.062216
0.092 0.093 0.052920
0.093 0.094 0.042296
0.094 0.095 0.034759
0.095 0.096 0.027562
0.096 0.097 0.018133
0.097 0.098 0.012086
0.098 0.099 0.005241
0.099 0.100 0.001321
0.100 0.101 0.000000
0.101 0.102 0.000000
0.102 0.103 0.000000
0.103 0.104 0.000000
0.104 0.105 0.000000
0.105 0.106 0.000000
0.106 0.107 0.000000
0.107 0.108 0.000000
0.108 0.109 0.000000
0.109 0.110 0.000000
0.110 0.111 0.000000
0.111 0.112 0.000000
0.112 0.113 0.000000
0.113 0.114 0.000000
0.114 0.115 0.000000
0.115 0.116 0.000000
0.116 0.117 0.000000
0.117 0.118 0.000000
0.118 0.119 0.000000
0.119 0.120 0.000000
0.120 0.121 0.000000
0.121 0.122 0.000000
0.122 0.123 0.000000
0.123 0.124 0.000000
0.124 0.125 0.000000
0.125 0.126 0.000000
0.126 0.127 0.000000
0.127 0.128 0.000000
0.128 0.129 0.000000
0.129 0.130 0.000000
0.130 0.131 0.000000
0.131 0.132 0.000000
0.132 0.133 0.000000
0.133 0.134 0.000000
0.134 0.135 0.000000
0.135 0.136 0.000000
0.136 0.137 0.000000
0.137 0.138 0.000000
0.138 0.139 0.000000
0.139 0.140 0.000000
0.140 0.141 0.000000
0.141 0.142 0.000000
0.142 0.143 0.000000
0.143 0.144 0.000000
0.144 0.145 0.000000
0.145 0.146 0.000000
0.146 0.147 0.000000
0.147 0.148 0.000000
0.148 0.149 0.000000
0.149 0.150 0.000000
