1
0.000 0.001 0.000000
0.001 0.002 0.000000
0.002 0.003 0.000000
0.003 0.004 0.000000
0.004 0.005 0.000000
0.005 0.006 0.000000
0.006 0.007 0.000000
0.007 0.008 0.000000
0.008 0.009 0.000000
0.009 0.010 0.000000
0.010 0.011 0.000000
0.011 0.012 0.000000
0.012 0.013 0.000000
0.013 0.014 0.000000
0.014 0.015 0.000000
0.015 0.016 0.000002
0.016 0.017 0.000015
0.017 0.018 0.000078
0.018 0.019 0.000295
0.019 0.020 0.000888
0.020 0.021 0.002227
0.021 0.022 0.004789
0.022 0.023 0.009133
0.023 0.024 0.015814
0.024 0.025 0.025229
0.025 0.026 0.037611
0.026 0.027 0.052934
0.027 0.028 0.071180
0.028 0.029 0.091989
0.029 0.030 0.114299
0.030 0.031 0.138497
0.031 0.032 0.163393
0.032 0.033 0.188557
0.033 0.034 0.214015
0.034 0.035 0.238571
0.035 0.036 0.261100
0.036 0.037 0.283430
0.037 0.038 0.305998
0.038 0.039 0.324918
0.039 0.040 0.341605
0.040 0.041 0.357407
0.041 0.042 0.370757
0.042 0.043 0.382440
0.043 0.044 0.393111
0.044 0.045 0.403140
0.045 0.046 0.409311
0.046 0.047 0.414393
0.047 0.048 0.421410
0.048 0.049 0.425275
0.049 0.050 0.426037
0.050 0.051 0.426825
0.051 0.052 0.428367
0.052 0.053 0.427275
0.053 0.054 0.424538
0.054 0.055 0.422472
0.055 0.056 0.421829
0.056 0.057 0.419844
0.057 0.058 0.619318
0.058 0.059 1.000000
0.059 0.060 0.791651
0.060 0.061 0.416335
0.061 0.062 0.411209
0.062 0.063 0.385796
0.063 0.064 0.380083
0.064 0.065 0.372448
0.065 0.066 0.365486
0.066 0.067 0.509685
0.067 0.068 0.503889
0.068 0.069 0.378842
0.069 0.070 0.338977
0.070 0.071 0.268395
0.071 0.072 0.264212
0.072 0.073 0.258756
0.073 0.074 0.253895
0.074 0.075 0.249407
0.075 0.076 0.245448
0.076 0.077 0.239487
0.077 0.078 0.234650
0.078 0.079 0.231218
0.079 0.080 0.226987
0.080 0.081 0.221629
0.081 0.082 0.215380
0.082 0.083 0.209638
0.083 0.084 0.204684
0.084 0.085 0.200225
0.085 0.086 0.195939
0.086 0.087 0.190539
0.087 0.088 0.187468
0.088 0.089 0.182429
0.089 0.090 0.175849
0.090 0.091 0.171032
0.091 0.092 0.162868
0.092 0.093 0.157439
0.093 0.094 0.155405
0.094 0.095 0.150236
0.095 0.096 0.145169
0.096 0.097 0.140448
0.097 0.098 0.133934
0.098 0.099 0.128927
0.099 0.100 0.124318
0.100 0.101 0.119285
0.101 0.102 0.114649
0.102 0.103 0.108967
0.103 0.104 0.104735
0.104 0.105 0.100396
0.105 0.106 0.094959
0.106 0.107 0.090260
0.107 0.108 0.084413
0.108 0.109 0.079628
0.109 0.110 0.074705
0.110 0.111 0.069856
0.111 0.112 0.065786
0.112 0.113 0.060039
0.113 0.114 0.055151
0.114 0.115 0.050779
0.115 0.116 0.045707
0.116 0.117 0.040908
0.117 0.118 0.035736
0.118 0.119 0.028652
0.119 0.120 0.024947
0.120 0.121 0.022955
0.121 0.122 0.018654
0.122 0.123 0.014709
0.123 0.124 0.011067
0.124 0.125 0.007578
0.125 0.126 0.004656
0.126 0.127 0.002521
0.127 0.128 0.000326
0.128 0.129 0.000000
0.129 0.130 0.000000
0.130 0.131 0.000000
0.131 0.132 0.000000
0.132 0.133 0.000000
0.133 0.134 0.000000
0.134 0.135 0.000000
0.135 0.136 0.000000
0.136 0.137 0.000000
0.137 0.138 0.000000
0.138 0.139 0.000000
0.139 0.140 0.000000
0.140 0.141 0.000000
0.141 0.142 0.000000
0.142 0.143 0.000000
0.143 0.144 0.000000
0.144 0.145 0.000000
0.145 0.146 0.000000
0.146 0.147 0.000000
0.147 0.148 0.000000
0.148 0.149 0.000000
0.149 0.150 0.000000
