1
0.000 0.001 0.000000
0.001 0.002 0.000000
0.002 0.003 0.000000
0.003 0.004 0.000000
0.004 0.005 0.000000
0.005 0.006 0.000000
0.006 0.007 0.000000
0.007 0.008 0.000000
0.008 0.009 0.000000
0.009 0.010 0.000000
0.010 0.011 0.000000
0.011 0.012 0.000000
0.012 0.013 0.000000
0.013 0.014 0.000000
0.014 0.015 0.000000
0.015 0.016 0.000000
0.016 0.017 0.000000
0.017 0.018 0.000003
0.018 0.019 0.000021
0.019 0.020 0.000093
0.020 0.021 0.000325
0.021 0.022 0.000930
0.022 0.023 0.002248
0.023 0.024 0.004744
0.024 0.025 0.008976
0.025 0.026 0.015471
0.026 0.027 0.024644
0.027 0.028 0.036857
0.028 0.029 0.052227
0.029 0.030 0.070434
0.030 0.031 0.091385
0.031 0.032 0.114588
0.032 0.033 0.139666
0.033 0.034 0.165699
0.034 0.035 0.192420
0.035 0.036 0.219291
0.036 0.037 0.245473
0.037 0.038 0.271217
0.038 0.039 0.294687
0.039 0.040 0.318004
0.040 0.041 0.339813
0.041 0.042 0.359987
0.042 0.043 0.378746
0.043 0.044 0.394786
0.044 0.045 0.409809
0.045 0.046 0.421702
0.046 0.047 0.431634
0.047 0.048 0.441837
0.048 0.049 0.449153
0.049 0.050 0.453093
0.050 0.051 0.456699
0.051 0.052 0.460108
0.052 0.053 0.460582
0.053 0.054 0.459380
0.054 0.055 0.457836
0.055 0.056 0.456344
0.056 0.057 0.453353
0.057 0.058 0.640943
0.058 0.059 1.000000
0.059 0.060 0.805922
0.060 0.061 0.450600
0.061 0.062 0.445351
0.062 0.063 0.420135
0.063 0.064 0.413086
0.064 0.065 0.404934
0.065 0.066 0.396691
0.066 0.067 0.536194
0.067 0.068 0.529393
0.068 0.069 0.403512
0.069 0.070 0.361975
0.070 0.071 0.290906
0.071 0.072 0.284493
0.072 0.073 0.275329
0.073 0.074 0.270201
0.074 0.075 0.265430
0.075 0.076 0.259887
0.076 0.077 0.252480
0.077 0.078 0.246562
0.078 0.079 0.242007
0.079 0.080 0.236935
0.080 0.081 0.230855
0.081 0.082 0.223261
0.082 0.083 0.215819
0.083 0.084 0.208850
0.084 0.085 0.202677
0.085 0.086 0.196815
0.086 0.087 0.190302
0.087 0.088 0.184650
0.088 0.089 0.179398
0.089 0.090 0.172783
0.090 0.091 0.166833
0.091 0.092 0.158960
0.092 0.093 0.153172
0.093 0.094 0.149884
0.094 0.095 0.144240
0.095 0.096 0.138934
0.096 0.097 0.133511
0.097 0.098 0.126533
0.098 0.099 0.120117
0.099 0.100 0.115060
0.100 0.101 0.110437
0.101 0.102 0.104518
0.102 0.103 0.099694
0.103 0.104 0.095947
0.104 0.105 0.091872
0.105 0.106 0.086918
0.106 0.107 0.082648
0.107 0.108 0.077514
0.108 0.109 0.073344
0.109 0.110 0.069316
0.110 0.111 0.065054
0.111 0.112 0.061187
0.112 0.113 0.056002
0.113 0.114 0.050697
0.114 0.115 0.047745
0.115 0.116 0.044588
0.116 0.117 0.041095
0.117 0.118 0.037843
0.118 0.119 0.033521
0.119 0.120 0.030650
0.120 0.121 0.029025
0.121 0.122 0.026149
0.122 0.123 0.022758
0.123 0.124 0.020685
0.124 0.125 0.018105
0.125 0.126 0.015513
0.126 0.127 0.013519
0.127 0.128 0.011118
0.128 0.129 0.008943
0.129 0.130 0.006388
0.130 0.131 0.004941
0.131 0.132 0.003999
0.132 0.133 0.002784
0.133 0.134 0.001018
0.134 0.135 0.000591
0.135 0.136 0.000000
0.136 0.137 0.000000
0.137 0.138 0.000000
0.138 0.139 0.000000
0.139 0.140 0.000000
0.140 0.141 0.000000
0.141 0.142 0.000000
0.142 0.143 0.000000
0.143 0.144 0.000000
0.144 0.145 0.000000
0.145 0.146 0.000000
0.146 0.147 0.000000
0.147 0.148 0.000000
0.148 0.149 0.000000
0.149 0.150 0.000000
