1
0.000 0.001 0.000000
0.001 0.002 0.000000
0.002 0.003 0.000000
0.003 0.004 0.000000
0.004 0.005 0.000000
0.005 0.006 0.000000
0.006 0.007 0.000000
0.007 0.008 0.000000
0.008 0.009 0.000000
0.009 0.010 0.000000
0.010 0.011 0.000000
0.011 0.012 0.000000
0.012 0.013 0.000000
0.013 0.014 0.000000
0.014 0.015 0.000000
0.015 0.016 0.000000
0.016 0.017 0.000000
0.017 0.018 0.000003
0.018 0.019 0.000020
0.019 0.020 0.000101
0.020 0.021 0.000383
0.021 0.022 0.001164
0.022 0.023 0.002954
0.023 0.024 0.006496
0.024 0.025 0.012692
0.025 0.026 0.022397
0.026 0.027 0.036371
0.027 0.028 0.055303
0.028 0.029 0.079554
0.029 0.030 0.108842
0.030 0.031 0.142452
0.031 0.032 0.179525
0.032 0.033 0.220187
0.033 0.034 0.262619
0.034 0.035 0.305726
0.035 0.036 0.349800
0.036 0.037 0.392180
0.037 0.038 0.431951
0.038 0.039 0.470814
0.039 0.040 0.508699
0.040 0.041 0.541635
0.041 0.042 0.571773
0.042 0.043 0.599876
0.043 0.044 0.623381
0.044 0.045 0.644520
0.045 0.046 0.660096
0.046 0.047 0.672711
0.047 0.048 0.683145
0.048 0.049 0.689962
0.049 0.050 0.691854
0.050 0.051 0.693732
0.051 0.052 0.695569
0.052 0.053 0.691687
0.053 0.054 0.685852
0.054 0.055 0.678457
0.055 0.056 0.668060
0.056 0.057 0.656435
0.057 0.058 0.771491
0.058 0.059 1.000000
0.059 0.060 0.858393
0.060 0.061 0.607150
0.061 0.062 0.588939
0.062 0.063 0.556091
0.063 0.064 0.535399
0.064 0.065 0.515990
0.065 0.066 0.496847
0.066 0.067 0.577100
0.067 0.068 0.559650
0.068 0.069 0.454131
0.069 0.070 0.409267
0.070 0.071 0.352571
0.071 0.072 0.336985
0.072 0.073 0.316661
0.073 0.074 0.302234
0.074 0.075 0.285342
0.075 0.076 0.268678
0.076 0.077 0.251600
0.077 0.078 0.235802
0.078 0.079 0.223058
0.079 0.080 0.208664
0.080 0.081 0.194827
0.081 0.082 0.178907
0.082 0.083 0.164221
0.083 0.084 0.149885
0.084 0.085 0.134837
0.085 0.086 0.124347
0.086 0.087 0.112387
0.087 0.088 0.100889
0.088 0.089 0.088236
0.089 0.090 0.075263
0.090 0.091 0.065614
0.091 0.092 0.055869
0.092 0.093 0.045644
0.093 0.094 0.038650
0.094 0.095 0.031324
0.095 0.096 0.023189
0.096 0.097 0.017436
0.097 0.098 0.011614
0.098 0.099 0.005033
0.099 0.100 0.001268
0.100 0.101 0.000000
0.101 0.102 0.000000
0.102 0.103 0.000000
0.103 0.104 0.000000
0.104 0.105 0.000000
0.105 0.106 0.000000
0.106 0.107 0.000000
0.107 0.108 0.000000
0.108 0.109 0.000000
0.109 0.110 0.000000
0.110 0.111 0.000000
0.111 0.112 0.000000
0.112 0.113 0.000000
0.113 0.114 0.000000
0.114 0.115 0.000000
0.115 0.116 0.000000
0.116 0.117 0.000000
0.117 0.118 0.000000
0.118 0.119 0.000000
0.119 0.120 0.000000
0.120 0.121 0.000000
0.121 0.122 0.000000
0.122 0.123 0.000000
0.123 0.124 0.000000
0.124 0.125 0.000000
0.125 0.126 0.000000
0.126 0.127 0.000000
0.127 0.128 0.000000
0.128 0.129 0.000000
0.129 0.130 0.000000
0.130 0.131 0.000000
0.131 0.132 0.000000
0.132 0.133 0.000000
0.133 0.134 0.000000
0.134 0.135 0.000000
0.135 0.136 0.000000
0.136 0.137 0.000000
0.137 0.138 0.000000
0.138 0.139 0.000000
0.139 0.140 0.000000
0.140 0.141 0.000000
0.141 0.142 0.000000
0.142 0.143 0.000000
0.143 0.144 0.000000
0.144 0.145 0.000000
0.145 0.146 0.000000
0.146 0.147 0.000000
0.147 0.148 0.000000
0.148 0.149 0.000000
0.149 0.150 0.000000
