1
0.000 0.001 0.000000
0.001 0.002 0.000000
0.002 0.003 0.000000
0.003 0.004 0.000000
0.004 0.005 0.000000
0.005 0.006 0.000000
0.006 0.007 0.000000
0.007 0.008 0.000000
0.008 0.009 0.000000
0.009 0.010 0.000000
0.010 0.011 0.000000
0.011 0.012 0.000003
0.012 0.013 0.000042
0.013 0.014 0.000342
0.014 0.015 0.001710
0.015 0.016 0.005972
0.016 0.017 0.016033
0.017 0.018 0.035215
0.018 0.019 0.066367
0.019 0.020 0.111301
0.020 0.021 0.169901
0.021 0.022 0.240388
0.022 0.023 0.318937
0.023 0.024 0.402865
0.024 0.025 0.489942
0.025 0.026 0.574630
0.026 0.027 0.653536
0.027 0.028 0.727600
0.028 0.029 0.794644
0.029 0.030 0.852361
0.030 0.031 0.901129
0.031 0.032 0.938629
0.032 0.033 0.965426
0.033 0.034 0.982794
0.034 0.035 0.992546
0.035 0.036 1.000000
0.036 0.037 0.998427
0.037 0.038 0.992290
0.038 0.039 0.979771
0.039 0.040 0.962378
0.040 0.041 0.941723
0.041 0.042 0.914721
0.042 0.043 0.893521
0.043 0.044 0.867011
0.044 0.045 0.840747
0.045 0.046 0.809040
0.046 0.047 0.775959
0.047 0.048 0.743156
0.048 0.049 0.705481
0.049 0.050 0.676950
0.050 0.051 0.647273
0.051 0.052 0.614606
0.052 0.053 0.583790
0.053 0.054 0.556524
0.054 0.055 0.525800
0.055 0.056 0.485841
0.056 0.057 0.454953
0.057 0.058 0.453950
0.058 0.059 0.471534
0.059 0.060 0.419670
0.060 0.061 0.347734
0.061 0.062 0.319683
0.062 0.063 0.298139
0.063 0.064 0.274723
0.064 0.065 0.251163
0.065 0.066 0.225688
0.066 0.067 0.218520
0.067 0.068 0.194751
0.068 0.069 0.160381
0.069 0.070 0.138287
0.070 0.071 0.118635
0.071 0.072 0.101267
0.072 0.073 0.079340
0.073 0.074 0.068106
0.074 0.075 0.056838
0.075 0.076 0.042867
0.076 0.077 0.034341
0.077 0.078 0.024695
0.078 0.079 0.013410
0.079 0.080 0.008485
0.080 0.081 0.002524
0.081 0.082 0.000000
0.082 0.083 0.000000
0.083 0.084 0.000000
0.084 0.085 0.000000
0.085 0.086 0.000000
0.086 0.087 0.000000
0.087 0.088 0.000000
0.088 0.089 0.000000
0.089 0.090 0.000000
0.090 0.091 0.000000
0.091 0.092 0.000000
0.092 0.093 0.000000
0.093 0.094 0.000000
0.094 0.095 0.000000
0.095 0.096 0.000000
0.096 0.097 0.000000
0.097 0.098 0.000000
0.098 0.099 0.000000
0.099 0.100 0.000000
0.100 0.101 0.000000
0.101 0.102 0.000000
0.102 0.103 0.000000
0.103 0.104 0.000000
0.104 0.105 0.000000
0.105 0.106 0.000000
0.106 0.107 0.000000
0.107 0.108 0.000000
0.108 0.109 0.000000
0.109 0.110 0.000000
0.110 0.111 0.000000
0.111 0.112 0.000000
0.112 0.113 0.000000
0.113 0.114 0.000000
0.114 0.115 0.000000
0.115 0.116 0.000000
0.116 0.117 0.000000
0.117 0.118 0.000000
0.118 0.119 0.000000
0.119 0.120 0.000000
0.120 0.121 0.000000
0.121 0.122 0.000000
0.122 0.123 0.000000
0.123 0.124 0.000000
0.124 0.125 0.000000
0.125 0.126 0.000000
0.126 0.127 0.000000
0.127 0.128 0.000000
0.128 0.129 0.000000
0.129 0.130 0.000000
0.130 0.131 0.000000
0.131 0.132 0.000000
0.132 0.133 0.000000
0.133 0.134 0.000000
0.134 0.135 0.000000
0.135 0.136 0.000000
0.136 0.137 0.000000
0.137 0.138 0.000000
0.138 0.139 0.000000
0.139 0.140 0.000000
0.140 0.141 0.000000
0.141 0.142 0.000000
0.142 0.143 0.000000
0.143 0.144 0.000000
0.144 0.145 0.000000
0.145 0.146 0.000000
0.146 0.147 0.000000
0.147 0.148 0.000000
0.148 0.149 0.000000
0.149 0.150 0.000000
