1
0.000 0.001 0.000000
0.001 0.002 0.000000
0.002 0.003 0.000000
0.003 0.004 0.000000
0.004 0.005 0.000000
0.005 0.006 0.000000
0.006 0.007 0.000000
0.007 0.008 0.000000
0.008 0.009 0.000000
0.009 0.010 0.000000
0.010 0.011 0.000000
0.011 0.012 0.000000
0.012 0.013 0.000000
0.013 0.014 0.000000
0.014 0.015 0.000000
0.015 0.016 0.000000
0.016 0.017 0.000000
0.017 0.018 0.000000
0.018 0.019 0.000002
0.019 0.020 0.000014
0.020 0.021 0.000077
0.021 0.022 0.000310
0.022 0.023 0.000985
0.023 0.024 0.002610
0.024 0.025 0.006008
0.025 0.026 0.012166
0.026 0.027 0.022145
0.027 0.028 0.037220
0.028 0.029 0.058267
0.029 0.030 0.085985
0.030 0.031 0.120370
0.031 0.032 0.160081
0.032 0.033 0.205303
0.033 0.034 0.254864
0.034 0.035 0.307896
0.035 0.036 0.364068
0.036 0.037 0.418965
0.037 0.038 0.476483
0.038 0.039 0.533949
0.039 0.040 0.585448
0.040 0.041 0.635038
0.041 0.042 0.683671
0.042 0.043 0.726784
0.043 0.044 0.760714
0.044 0.045 0.796969
0.045 0.046 0.824269
0.046 0.047 0.845735
0.047 0.048 0.863258
0.048 0.049 0.873184
0.049 0.050 0.884670
0.050 0.051 0.890884
0.051 0.052 0.892360
0.052 0.053 0.891258
0.053 0.054 0.893029
0.054 0.055 0.885749
0.055 0.056 0.860097
0.056 0.057 0.836243
0.057 0.058 0.888026
0.058 0.059 1.000000
0.059 0.060 0.914101
0.060 0.061 0.756114
0.061 0.062 0.727367
0.062 0.063 0.704276
0.063 0.064 0.675794
0.064 0.065 0.640119
0.065 0.066 0.596069
0.066 0.067 0.608320
0.067 0.068 0.574721
0.068 0.069 0.488842
0.069 0.070 0.432943
0.070 0.071 0.379629
0.071 0.072 0.339450
0.072 0.073 0.288621
0.073 0.074 0.253223
0.074 0.075 0.217076
0.075 0.076 0.177579
0.076 0.077 0.133114
0.077 0.078 0.091530
0.078 0.079 0.051983
0.079 0.080 0.027808
0.080 0.081 0.003179
0.081 0.082 0.000000
0.082 0.083 0.000000
0.083 0.084 0.000000
0.084 0.085 0.000000
0.085 0.086 0.000000
0.086 0.087 0.000000
0.087 0.088 0.000000
0.088 0.089 0.000000
0.089 0.090 0.000000
0.090 0.091 0.000000
0.091 0.092 0.000000
0.092 0.093 0.000000
0.093 0.094 0.000000
0.094 0.095 0.000000
0.095 0.096 0.000000
0.096 0.097 0.000000
0.097 0.098 0.000000
0.098 0.099 0.000000
0.099 0.100 0.000000
0.100 0.101 0.000000
0.101 0.102 0.000000
0.102 0.103 0.000000
0.103 0.104 0.000000
0.104 0.105 0.000000
0.105 0.106 0.000000
0.106 0.107 0.000000
0.107 0.108 0.000000
0.108 0.109 0.000000
0.109 0.110 0.000000
0.110 0.111 0.000000
0.111 0.112 0.000000
0.112 0.113 0.000000
0.113 0.114 0.000000
0.114 0.115 0.000000
0.115 0.116 0.000000
0.116 0.117 0.000000
0.117 0.118 0.000000
0.118 0.119 0.000000
0.119 0.120 0.000000
0.120 0.121 0.000000
0.121 0.122 0.000000
0.122 0.123 0.000000
0.123 0.124 0.000000
0.124 0.125 0.000000
0.125 0.126 0.000000
0.126 0.127 0.000000
0.127 0.128 0.000000
0.128 0.129 0.000000
0.129 0.130 0.000000
0.130 0.131 0.000000
0.131 0.132 0.000000
0.132 0.133 0.000000
0.133 0.134 0.000000
0.134 0.135 0.000000
0.135 0.136 0.000000
0.136 0.137 0.000000
0.137 0.138 0.000000
0.138 0.139 0.000000
0.139 0.140 0.000000
0.140 0.141 0.000000
0.141 0.142 0.000000
0.142 0.143 0.000000
0.143 0.144 0.000000
0.144 0.145 0.000000
0.145 0.146 0.000000
0.146 0.147 0.000000
0.147 0.148 0.000000
0.148 0.149 0.000000
0.149 0.150 0.000000
