1
0.000 0.001 0.000000
0.001 0.002 0.000000
0.002 0.003 0.000000
0.003 0.004 0.000000
0.004 0.005 0.000000
0.005 0.006 0.000000
0.006 0.007 0.000000
0.007 0.008 0.000000
0.008 0.009 0.000000
0.009 0.010 0.000000
0.010 0.011 0.000000
0.011 0.012 0.000000
0.012 0.013 0.000000
0.013 0.014 0.000000
0.014 0.015 0.000000
0.015 0.016 0.000000
0.016 0.017 0.000000
0.017 0.018 0.000000
0.018 0.019 0.000000
0.019 0.020 0.000000
0.020 0.021 0.000002
0.021 0.022 0.000011
0.022 0.023 0.000048
0.023 0.024 0.000170
0.024 0.025 0.000502
0.025 0.026 0.001262
0.026 0.027 0.002777
0.027 0.028 0.005508
0.028 0.029 0.010004
0.029 0.030 0.016734
0.030 0.031 0.026202
0.031 0.032 0.038790
0.032 0.033 0.054784
0.033 0.034 0.074104
0.034 0.035 0.096671
0.035 0.036 0.122448
0.036 0.037 0.150625
0.037 0.038 0.180227
0.038 0.039 0.211272
0.039 0.040 0.244037
0.040 0.041 0.276595
0.041 0.042 0.308681
0.042 0.043 0.341099
0.043 0.044 0.371474
0.044 0.045 0.400986
0.045 0.046 0.428157
0.046 0.047 0.452041
0.047 0.048 0.475664
0.048 0.049 0.497394
0.049 0.050 0.513545
0.050 0.051 0.528312
0.051 0.052 0.543588
0.052 0.053 0.556133
0.053 0.054 0.564665
0.054 0.055 0.569556
0.055 0.056 0.573603
0.056 0.057 0.577605
0.057 0.058 0.722211
0.058 0.059 1.000000
0.059 0.060 0.852439
0.060 0.061 0.571382
0.061 0.062 0.565520
0.062 0.063 0.543396
0.063 0.064 0.530940
0.064 0.065 0.519106
0.065 0.066 0.508819
0.066 0.067 0.621512
0.067 0.068 0.609773
0.068 0.069 0.494638
0.069 0.070 0.450058
0.070 0.071 0.384746
0.071 0.072 0.372327
0.072 0.073 0.355729
0.073 0.074 0.347517
0.074 0.075 0.336016
0.075 0.076 0.322796
0.076 0.077 0.307444
0.077 0.078 0.294374
0.078 0.079 0.285802
0.079 0.080 0.275657
0.080 0.081 0.261955
0.081 0.082 0.244715
0.082 0.083 0.231773
0.083 0.084 0.218241
0.084 0.085 0.206332
0.085 0.086 0.195774
0.086 0.087 0.183135
0.087 0.088 0.171995
0.088 0.089 0.159497
0.089 0.090 0.148102
0.090 0.091 0.134916
0.091 0.092 0.122193
0.092 0.093 0.111934
0.093 0.094 0.101732
0.094 0.095 0.092974
0.095 0.096 0.084738
0.096 0.097 0.074364
0.097 0.098 0.063120
0.098 0.099 0.049649
0.099 0.100 0.042737
0.100 0.101 0.039564
0.101 0.102 0.033100
0.102 0.103 0.023957
0.103 0.104 0.018806
0.104 0.105 0.014678
0.105 0.106 0.008767
0.106 0.107 0.005763
0.107 0.108 0.001525
0.108 0.109 0.000000
0.109 0.110 0.000000
0.110 0.111 0.000000
0.111 0.112 0.000000
0.112 0.113 0.000000
0.113 0.114 0.000000
0.114 0.115 0.000000
0.115 0.116 0.000000
0.116 0.117 0.000000
0.117 0.118 0.000000
0.118 0.119 0.000000
0.119 0.120 0.000000
0.120 0.121 0.000000
0.121 0.122 0.000000
0.122 0.123 0.000000
0.123 0.124 0.000000
0.124 0.125 0.000000
0.125 0.126 0.000000
0.126 0.127 0.000000
0.127 0.128 0.000000
0.128 0.129 0.000000
0.129 0.130 0.000000
0.130 0.131 0.000000
0.131 0.132 0.000000
0.132 0.133 0.000000
0.133 0.134 0.000000
0.134 0.135 0.000000
0.135 0.136 0.000000
0.136 0.137 0.000000
0.137 0.138 0.000000
0.138 0.139 0.000000
0.139 0.140 0.000000
0.140 0.141 0.000000
0.141 0.142 0.000000
0.142 0.143 0.000000
0.143 0.144 0.000000
0.144 0.145 0.000000
0.145 0.146 0.000000
0.146 0.147 0.000000
0.147 0.148 0.000000
0.148 0.149 0.000000
0.149 0.150 0.000000
