1
0.000 0.001 0.000000
0.001 0.002 0.000000
0.002 0.003 0.000000
0.003 0.004 0.000000
0.004 0.005 0.000000
0.005 0.006 0.000000
0.006 0.007 0.000000
0.007 0.008 0.000000
0.008 0.009 0.000000
0.009 0.010 0.000000
0.010 0.011 0.000000
0.011 0.012 0.000000
0.012 0.013 0.000000
0.013 0.014 0.000000
0.014 0.015 0.000000
0.015 0.016 0.000000
0.016 0.017 0.000003
0.017 0.018 0.000026
0.018 0.019 0.000137
0.019 0.020 0.000533
0.020 0.021 0.001638
0.021 0.022 0.004141
0.022 0.023 0.008986
0.023 0.024 0.017206
0.024 0.025 0.029782
0.025 0.026 0.047356
0.026 0.027 0.070209
0.027 0.028 0.098570
0.028 0.029 0.131862
0.029 0.030 0.169262
0.030 0.031 0.209156
0.031 0.032 0.250265
0.032 0.033 0.294947
0.033 0.034 0.339194
0.034 0.035 0.379933
0.035 0.036 0.420482
0.036 0.037 0.457973
0.037 0.038 0.490698
0.038 0.039 0.522873
0.039 0.040 0.555015
0.040 0.041 0.579432
0.041 0.042 0.601174
0.042 0.043 0.620785
0.043 0.044 0.638437
0.044 0.045 0.652592
0.045 0.046 0.660179
0.046 0.047 0.668109
0.047 0.048 0.672433
0.048 0.049 0.673709
0.049 0.050 0.670737
0.050 0.051 0.669912
0.051 0.052 0.670709
0.052 0.053 0.661771
0.053 0.054 0.651175
0.054 0.055 0.644392
0.055 0.056 0.636573
0.056 0.057 0.624076
0.057 0.058 0.749478
0.058 0.059 1.000000
0.059 0.060 0.852122
0.060 0.061 0.588792
0.061 0.062 0.571974
0.062 0.063 0.537648
0.063 0.064 0.519900
0.064 0.065 0.504255
0.065 0.066 0.489673
0.066 0.067 0.580133
0.067 0.068 0.567720
0.068 0.069 0.464058
0.069 0.070 0.418545
0.070 0.071 0.361473
0.071 0.072 0.350307
0.072 0.073 0.334924
0.073 0.074 0.320281
0.074 0.075 0.304945
0.075 0.076 0.287769
0.076 0.077 0.271474
0.077 0.078 0.256657
0.078 0.079 0.245259
0.079 0.080 0.231971
0.080 0.081 0.214318
0.081 0.082 0.195117
0.082 0.083 0.178156
0.083 0.084 0.162793
0.084 0.085 0.147046
0.085 0.086 0.131895
0.086 0.087 0.114202
0.087 0.088 0.097018
0.088 0.089 0.076820
0.089 0.090 0.060107
0.090 0.091 0.047594
0.091 0.092 0.030390
0.092 0.093 0.014298
0.093 0.094 0.001218
0.094 0.095 0.000000
0.095 0.096 0.000000
0.096 0.097 0.000000
0.097 0.098 0.000000
0.098 0.099 0.000000
0.099 0.100 0.000000
0.100 0.101 0.000000
0.101 0.102 0.000000
0.102 0.103 0.000000
0.103 0.104 0.000000
0.104 0.105 0.000000
0.105 0.106 0.000000
0.106 0.107 0.000000
0.107 0.108 0.000000
0.108 0.109 0.000000
0.109 0.110 0.000000
0.110 0.111 0.000000
0.111 0.112 0.000000
0.112 0.113 0.000000
0.113 0.114 0.000000
0.114 0.115 0.000000
0.115 0.116 0.000000
0.116 0.117 0.000000
0.117 0.118 0.000000
0.118 0.119 0.000000
0.119 0.120 0.000000
0.120 0.121 0.000000
0.121 0.122 0.000000
0.122 0.123 0.000000
0.123 0.124 0.000000
0.124 0.125 0.000000
0.125 0.126 0.000000
0.126 0.127 0.000000
0.127 0.128 0.000000
0.128 0.129 0.000000
0.129 0.130 0.000000
0.130 0.131 0.000000
0.131 0.132 0.000000
0.132 0.133 0.000000
0.133 0.134 0.000000
0.134 0.135 0.000000
0.135 0.136 0.000000
0.136 0.137 0.000000
0.137 0.138 0.000000
0.138 0.139 0.000000
0.139 0.140 0.000000
0.140 0.141 0.000000
0.141 0.142 0.000000
0.142 0.143 0.000000
0.143 0.144 0.000000
0.144 0.145 0.000000
0.145 0.146 0.000000
0.146 0.147 0.000000
0.147 0.148 0.000000
0.148 0.149 0.000000
0.149 0.150 0.000000
