1
0.000 0.001 0.000000
0.001 0.002 0.000000
0.002 0.003 0.000000
0.003 0.004 0.000000
0.004 0.005 0.000000
0.005 0.006 0.000000
0.006 0.007 0.000000
0.007 0.008 0.000000
0.008 0.009 0.000000
0.009 0.010 0.000000
0.010 0.011 0.000000
0.011 0.012 0.000000
0.012 0.013 0.000000
0.013 0.014 0.000000
0.014 0.015 0.000000
0.015 0.016 0.000000
0.016 0.017 0.000000
0.017 0.018 0.000000
0.018 0.019 0.000000
0.019 0.020 0.000000
0.020 0.021 0.000001
0.021 0.022 0.000006
0.022 0.023 0.000025
0.023 0.024 0.000088
0.024 0.025 0.000262
0.025 0.026 0.000665
0.026 0.027 0.001479
0.027 0.028 0.002971
0.028 0.029 0.005456
0.029 0.030 0.009214
0.030 0.031 0.014629
0.031 0.032 0.021928
0.032 0.033 0.031285
0.033 0.034 0.042879
0.034 0.035 0.056696
0.035 0.036 0.072334
0.036 0.037 0.089964
0.037 0.038 0.109519
0.038 0.039 0.129654
0.039 0.040 0.150814
0.040 0.041 0.172892
0.041 0.042 0.194538
0.042 0.043 0.216938
0.043 0.044 0.238881
0.044 0.045 0.260534
0.045 0.046 0.280990
0.046 0.047 0.299372
0.047 0.048 0.319031
0.048 0.049 0.337720
0.049 0.050 0.352693
0.050 0.051 0.366058
0.051 0.052 0.380356
0.052 0.053 0.393751
0.053 0.054 0.403725
0.054 0.055 0.412467
0.055 0.056 0.422741
0.056 0.057 0.431932
0.057 0.058 0.626411
0.058 0.059 1.000000
0.059 0.060 0.816942
0.060 0.061 0.459706
0.061 0.062 0.461806
0.062 0.063 0.443445
0.063 0.064 0.441959
0.064 0.065 0.438457
0.065 0.066 0.436954
0.066 0.067 0.598764
0.067 0.068 0.598437
0.068 0.069 0.463826
0.069 0.070 0.421203
0.070 0.071 0.343476
0.071 0.072 0.339465
0.072 0.073 0.333913
0.073 0.074 0.331952
0.074 0.075 0.328873
0.075 0.076 0.324547
0.076 0.077 0.316985
0.077 0.078 0.311060
0.078 0.079 0.308929
0.079 0.080 0.304719
0.080 0.081 0.297348
0.081 0.082 0.288914
0.082 0.083 0.281585
0.083 0.084 0.274683
0.084 0.085 0.268580
0.085 0.086 0.263230
0.086 0.087 0.255187
0.087 0.088 0.250858
0.088 0.089 0.245050
0.089 0.090 0.235641
0.090 0.091 0.227000
0.091 0.092 0.214467
0.092 0.093 0.206648
0.093 0.094 0.203574
0.094 0.095 0.195506
0.095 0.096 0.187575
0.096 0.097 0.179022
0.097 0.098 0.168019
0.098 0.099 0.157958
0.099 0.100 0.149846
0.100 0.101 0.143515
0.101 0.102 0.136030
0.102 0.103 0.125574
0.103 0.104 0.117334
0.104 0.105 0.111104
0.105 0.106 0.103113
0.106 0.107 0.094823
0.107 0.108 0.086285
0.108 0.109 0.078995
0.109 0.110 0.071106
0.110 0.111 0.063258
0.111 0.112 0.057991
0.112 0.113 0.050942
0.113 0.114 0.044504
0.114 0.115 0.039426
0.115 0.116 0.033439
0.116 0.117 0.027612
0.117 0.118 0.022635
0.118 0.119 0.015920
0.119 0.120 0.012975
0.120 0.121 0.010782
0.121 0.122 0.008072
0.122 0.123 0.004826
0.123 0.124 0.002324
0.124 0.125 0.000615
0.125 0.126 0.000000
0.126 0.127 0.000000
0.127 0.128 0.000000
0.128 0.129 0.000000
0.129 0.130 0.000000
0.130 0.131 0.000000
0.131 0.132 0.000000
0.132 0.133 0.000000
0.133 0.134 0.000000
0.134 0.135 0.000000
0.135 0.136 0.000000
0.136 0.137 0.000000
0.137 0.138 0.000000
0.138 0.139 0.000000
0.139 0.140 0.000000
0.140 0.141 0.000000
0.141 0.142 0.000000
0.142 0.143 0.000000
0.143 0.144 0.000000
0.144 0.145 0.000000
0.145 0.146 0.000000
0.146 0.147 0.000000
0.147 0.148 0.000000
0.148 0.149 0.000000
0.149 0.150 0.000000
