1
0.000 0.001 0.000000
0.001 0.002 0.000000
0.002 0.003 0.000000
0.003 0.004 0.000000
0.004 0.005 0.000000
0.005 0.006 0.000000
0.006 0.007 0.000000
0.007 0.008 0.000000
0.008 0.009 0.000000
0.009 0.010 0.000000
0.010 0.011 0.000000
0.011 0.012 0.000000
0.012 0.013 0.000000
0.013 0.014 0.000000
0.014 0.015 0.000006
0.015 0.016 0.000049
0.016 0.017 0.000262
0.017 0.018 0.001006
0.018 0.019 0.003002
0.019 0.020 0.007394
0.020 0.021 0.015590
0.021 0.022 0.029024
0.022 0.023 0.048818
0.023 0.024 0.075564
0.024 0.025 0.109402
0.025 0.026 0.149481
0.026 0.027 0.194535
0.027 0.028 0.244002
0.028 0.029 0.296710
0.029 0.030 0.350444
0.030 0.031 0.402824
0.031 0.032 0.453565
0.032 0.033 0.503023
0.033 0.034 0.548185
0.034 0.035 0.589071
0.035 0.036 0.628181
0.036 0.037 0.661750
0.037 0.038 0.686842
0.038 0.039 0.709262
0.039 0.040 0.730934
0.040 0.041 0.745471
0.041 0.042 0.755904
0.042 0.043 0.765237
0.043 0.044 0.768838
0.044 0.045 0.771205
0.045 0.046 0.769665
0.046 0.047 0.763189
0.047 0.048 0.756900
0.048 0.049 0.749371
0.049 0.050 0.736529
0.050 0.051 0.723717
0.051 0.052 0.712133
0.052 0.053 0.698181
0.053 0.054 0.682534
0.054 0.055 0.664893
0.055 0.056 0.645805
0.056 0.057 0.629496
0.057 0.058 0.753778
0.058 0.059 1.000000
0.059 0.060 0.837576
0.060 0.061 0.561041
0.061 0.062 0.541242
0.062 0.063 0.507036
0.063 0.064 0.486715
0.064 0.065 0.467929
0.065 0.066 0.450839
0.066 0.067 0.535814
0.067 0.068 0.519097
0.068 0.069 0.416422
0.069 0.070 0.372725
0.070 0.071 0.313908
0.071 0.072 0.300566
0.072 0.073 0.283964
0.073 0.074 0.274269
0.074 0.075 0.263453
0.075 0.076 0.248500
0.076 0.077 0.232566
0.077 0.078 0.217549
0.078 0.079 0.209392
0.079 0.080 0.200277
0.080 0.081 0.188677
0.081 0.082 0.175483
0.082 0.083 0.163072
0.083 0.084 0.150489
0.084 0.085 0.138100
0.085 0.086 0.129843
0.086 0.087 0.120418
0.087 0.088 0.111855
0.088 0.089 0.102896
0.089 0.090 0.093068
0.090 0.091 0.081504
0.091 0.092 0.073110
0.092 0.093 0.066099
0.093 0.094 0.059561
0.094 0.095 0.052162
0.095 0.096 0.044299
0.096 0.097 0.037756
0.097 0.098 0.030865
0.098 0.099 0.023293
0.099 0.100 0.017182
0.100 0.101 0.015207
0.101 0.102 0.011492
0.102 0.103 0.006438
0.103 0.104 0.004040
0.104 0.105 0.001164
0.105 0.106 0.000000
0.106 0.107 0.000000
0.107 0.108 0.000000
0.108 0.109 0.000000
0.109 0.110 0.000000
0.110 0.111 0.000000
0.111 0.112 0.000000
0.112 0.113 0.000000
0.113 0.114 0.000000
0.114 0.115 0.000000
0.115 0.116 0.000000
0.116 0.117 0.000000
0.117 0.118 0.000000
0.118 0.119 0.000000
0.119 0.120 0.000000
0.120 0.121 0.000000
0.121 0.122 0.000000
0.122 0.123 0.000000
0.123 0.124 0.000000
0.124 0.125 0.000000
0.125 0.126 0.000000
0.126 0.127 0.000000
0.127 0.128 0.000000
0.128 0.129 0.000000
0.129 0.130 0.000000
0.130 0.131 0.000000
0.131 0.132 0.000000
0.132 0.133 0.000000
0.133 0.134 0.000000
0.134 0.135 0.000000
0.135 0.136 0.000000
0.136 0.137 0.000000
0.137 0.138 0.000000
0.138 0.139 0.000000
0.139 0.140 0.000000
0.140 0.141 0.000000
0.141 0.142 0.000000
0.142 0.143 0.000000
0.143 0.144 0.000000
0.144 0.145 0.000000
0.145 0.146 0.000000
0.146 0.147 0.000000
0.147 0.148 0.000000
0.148 0.149 0.000000
0.149 0.150 0.000000
