1
0.000 0.001 0.000000
0.001 0.002 0.000000
0.002 0.003 0.000000
0.003 0.004 0.000000
0.004 0.005 0.000000
0.005 0.006 0.000000
0.006 0.007 0.000000
0.007 0.008 0.000000
0.008 0.009 0.000000
0.009 0.010 0.000000
0.010 0.011 0.000000
0.011 0.012 0.000000
0.012 0.013 0.000000
0.013 0.014 0.000000
0.014 0.015 0.000000
0.015 0.016 0.000000
0.016 0.017 0.000000
0.017 0.018 0.000000
0.018 0.019 0.000000
0.019 0.020 0.000000
0.020 0.021 0.000002
0.021 0.022 0.000014
0.022 0.023 0.000063
0.023 0.024 0.000219
0.024 0.025 0.000635
0.025 0.026 0.001578
0.026 0.027 0.003431
0.027 0.028 0.006748
0.028 0.029 0.012169
0.029 0.030 0.020175
0.030 0.031 0.031364
0.031 0.032 0.046080
0.032 0.033 0.064565
0.033 0.034 0.086487
0.034 0.035 0.111737
0.035 0.036 0.141238
0.036 0.037 0.173018
0.037 0.038 0.206098
0.038 0.039 0.240965
0.039 0.040 0.277258
0.040 0.041 0.312570
0.041 0.042 0.347238
0.042 0.043 0.381717
0.043 0.044 0.413698
0.044 0.045 0.443836
0.045 0.046 0.470762
0.046 0.047 0.493026
0.047 0.048 0.517556
0.048 0.049 0.539518
0.049 0.050 0.555796
0.050 0.051 0.570343
0.051 0.052 0.585234
0.052 0.053 0.596470
0.053 0.054 0.602998
0.054 0.055 0.605799
0.055 0.056 0.607119
0.056 0.057 0.608388
0.057 0.058 0.742605
0.058 0.059 1.000000
0.059 0.060 0.861016
0.060 0.061 0.596157
0.061 0.062 0.588856
0.062 0.063 0.565434
0.063 0.064 0.551680
0.064 0.065 0.538873
0.065 0.066 0.526782
0.066 0.067 0.631876
0.067 0.068 0.620093
0.068 0.069 0.504776
0.069 0.070 0.455104
0.070 0.071 0.392404
0.071 0.072 0.380405
0.072 0.073 0.363542
0.073 0.074 0.354424
0.074 0.075 0.343543
0.075 0.076 0.326992
0.076 0.077 0.308838
0.077 0.078 0.292738
0.078 0.079 0.281020
0.079 0.080 0.266165
0.080 0.081 0.252773
0.081 0.082 0.237211
0.082 0.083 0.222372
0.083 0.084 0.207153
0.084 0.085 0.193356
0.085 0.086 0.180772
0.086 0.087 0.166281
0.087 0.088 0.152648
0.088 0.089 0.136691
0.089 0.090 0.124965
0.090 0.091 0.111863
0.091 0.092 0.099512
0.092 0.093 0.088741
0.093 0.094 0.078276
0.094 0.095 0.064905
0.095 0.096 0.057417
0.096 0.097 0.048032
0.097 0.098 0.038177
0.098 0.099 0.027515
0.099 0.100 0.018147
0.100 0.101 0.015548
0.101 0.102 0.010857
0.102 0.103 0.003989
0.103 0.104 0.002318
0.104 0.105 0.000000
0.105 0.106 0.000000
0.106 0.107 0.000000
0.107 0.108 0.000000
0.108 0.109 0.000000
0.109 0.110 0.000000
0.110 0.111 0.000000
0.111 0.112 0.000000
0.112 0.113 0.000000
0.113 0.114 0.000000
0.114 0.115 0.000000
0.115 0.116 0.000000
0.116 0.117 0.000000
0.117 0.118 0.000000
0.118 0.119 0.000000
0.119 0.120 0.000000
0.120 0.121 0.000000
0.121 0.122 0.000000
0.122 0.123 0.000000
0.123 0.124 0.000000
0.124 0.125 0.000000
0.125 0.126 0.000000
0.126 0.127 0.000000
0.127 0.128 0.000000
0.128 0.129 0.000000
0.129 0.130 0.000000
0.130 0.131 0.000000
0.131 0.132 0.000000
0.132 0.133 0.000000
0.133 0.134 0.000000
0.134 0.135 0.000000
0.135 0.136 0.000000
0.136 0.137 0.000000
0.137 0.138 0.000000
0.138 0.139 0.000000
0.139 0.140 0.000000
0.140 0.141 0.000000
0.141 0.142 0.000000
0.142 0.143 0.000000
0.143 0.144 0.000000
0.144 0.145 0.000000
0.145 0.146 0.000000
0.146 0.147 0.000000
0.147 0.148 0.000000
0.148 0.149 0.000000
0.149 0.150 0.000000
