1
0.000 0.001 0.000000
0.001 0.002 0.000000
0.002 0.003 0.000000
0.003 0.004 0.000000
0.004 0.005 0.000000
0.005 0.006 0.000000
0.006 0.007 0.000000
0.007 0.008 0.000000
0.008 0.009 0.000000
0.009 0.010 0.000000
0.010 0.011 0.000000
0.011 0.012 0.000000
0.012 0.013 0.000000
0.013 0.014 0.000000
0.014 0.015 0.000000
0.015 0.016 0.000000
0.016 0.017 0.000000
0.017 0.018 0.000000
0.018 0.019 0.000001
0.019 0.020 0.000005
0.020 0.021 0.000026
0.021 0.022 0.000109
0.022 0.023 0.000366
0.023 0.024 0.001018
0.024 0.025 0.002430
0.025 0.026 0.005106
0.026 0.027 0.009616
0.027 0.028 0.016634
0.028 0.029 0.026764
0.029 0.030 0.040164
0.030 0.031 0.057193
0.031 0.032 0.077940
0.032 0.033 0.102018
0.033 0.034 0.128791
0.034 0.035 0.157933
0.035 0.036 0.188816
0.036 0.037 0.221836
0.037 0.038 0.254609
0.038 0.039 0.286838
0.039 0.040 0.319347
0.040 0.041 0.350718
0.041 0.042 0.379607
0.042 0.043 0.407921
0.043 0.044 0.433220
0.044 0.045 0.456853
0.045 0.046 0.477263
0.046 0.047 0.492735
0.047 0.048 0.507965
0.048 0.049 0.521802
0.049 0.050 0.529113
0.050 0.051 0.537468
0.051 0.052 0.546139
0.052 0.053 0.553022
0.053 0.054 0.556720
0.054 0.055 0.557262
0.055 0.056 0.556953
0.056 0.057 0.556296
0.057 0.058 0.707473
0.058 0.059 1.000000
0.059 0.060 0.838576
0.060 0.061 0.539025
0.061 0.062 0.530080
0.062 0.063 0.504062
0.063 0.064 0.493094
0.064 0.065 0.482064
0.065 0.066 0.473035
0.066 0.067 0.589668
0.067 0.068 0.580633
0.068 0.069 0.464896
0.069 0.070 0.421070
0.070 0.071 0.355448
0.071 0.072 0.343513
0.072 0.073 0.328486
0.073 0.074 0.321055
0.074 0.075 0.310313
0.075 0.076 0.299477
0.076 0.077 0.286407
0.077 0.078 0.275505
0.078 0.079 0.269027
0.079 0.080 0.260918
0.080 0.081 0.249430
0.081 0.082 0.236148
0.082 0.083 0.223927
0.083 0.084 0.211425
0.084 0.085 0.200175
0.085 0.086 0.188740
0.086 0.087 0.179324
0.087 0.088 0.171936
0.088 0.089 0.164239
0.089 0.090 0.153909
0.090 0.091 0.142254
0.091 0.092 0.130222
0.092 0.093 0.121187
0.093 0.094 0.114111
0.094 0.095 0.103238
0.095 0.096 0.096427
0.096 0.097 0.087897
0.097 0.098 0.078239
0.098 0.099 0.067411
0.099 0.100 0.060010
0.100 0.101 0.056414
0.101 0.102 0.049660
0.102 0.103 0.039608
0.103 0.104 0.034219
0.104 0.105 0.030243
0.105 0.106 0.025356
0.106 0.107 0.020133
0.107 0.108 0.013205
0.108 0.109 0.009967
0.109 0.110 0.006642
0.110 0.111 0.002466
0.111 0.112 0.001537
0.112 0.113 0.000000
0.113 0.114 0.000000
0.114 0.115 0.000000
0.115 0.116 0.000000
0.116 0.117 0.000000
0.117 0.118 0.000000
0.118 0.119 0.000000
0.119 0.120 0.000000
0.120 0.121 0.000000
0.121 0.122 0.000000
0.122 0.123 0.000000
0.123 0.124 0.000000
0.124 0.125 0.000000
0.125 0.126 0.000000
0.126 0.127 0.000000
0.127 0.128 0.000000
0.128 0.129 0.000000
0.129 0.130 0.000000
0.130 0.131 0.000000
0.131 0.132 0.000000
0.132 0.133 0.000000
0.133 0.134 0.000000
0.134 0.135 0.000000
0.135 0.136 0.000000
0.136 0.137 0.000000
0.137 0.138 0.000000
0.138 0.139 0.000000
0.139 0.140 0.000000
0.140 0.141 0.000000
0.141 0.142 0.000000
0.142 0.143 0.000000
0.143 0.144 0.000000
0.144 0.145 0.000000
0.145 0.146 0.000000
0.146 0.147 0.000000
0.147 0.148 0.000000
0.148 0.149 0.000000
0.149 0.150 0.000000
