1
0.000 0.001 0.000000
0.001 0.002 0.000000
0.002 0.003 0.000000
0.003 0.004 0.000000
0.004 0.005 0.000000
0.005 0.006 0.000000
0.006 0.007 0.000000
0.007 0.008 0.000000
0.008 0.009 0.000000
0.009 0.010 0.000000
0.010 0.011 0.000000
0.011 0.012 0.000000
0.012 0.013 0.000000
0.013 0.014 0.000000
0.014 0.015 0.000000
0.015 0.016 0.000000
0.016 0.017 0.000000
0.017 0.018 0.000000
0.018 0.019 0.000002
0.019 0.020 0.000011
0.020 0.021 0.000051
0.021 0.022 0.000187
0.022 0.023 0.000554
0.023 0.024 0.001390
0.024 0.025 0.003036
0.025 0.026 0.005912
0.026 0.027 0.010446
0.027 0.028 0.017118
0.028 0.029 0.026277
0.029 0.030 0.037897
0.030 0.031 0.052140
0.031 0.032 0.068844
0.032 0.033 0.087878
0.033 0.034 0.108994
0.034 0.035 0.131518
0.035 0.036 0.154730
0.036 0.037 0.178756
0.037 0.038 0.203441
0.038 0.039 0.226894
0.039 0.040 0.249822
0.040 0.041 0.272206
0.041 0.042 0.293071
0.042 0.043 0.313373
0.043 0.044 0.331990
0.044 0.045 0.349790
0.045 0.046 0.364858
0.046 0.047 0.377629
0.047 0.048 0.391442
0.048 0.049 0.403175
0.049 0.050 0.410922
0.050 0.051 0.418048
0.051 0.052 0.425999
0.052 0.053 0.431696
0.053 0.054 0.434793
0.054 0.055 0.437139
0.055 0.056 0.440873
0.056 0.057 0.443760
0.057 0.058 0.634513
0.058 0.059 1.000000
0.059 0.060 0.808009
0.060 0.061 0.450502
0.061 0.062 0.447772
0.062 0.063 0.425026
0.063 0.064 0.419887
0.064 0.065 0.413506
0.065 0.066 0.408433
0.066 0.067 0.555197
0.067 0.068 0.550964
0.068 0.069 0.423511
0.069 0.070 0.382108
0.070 0.071 0.309634
0.071 0.072 0.304650
0.072 0.073 0.297901
0.073 0.074 0.293888
0.074 0.075 0.289576
0.075 0.076 0.284048
0.076 0.077 0.276150
0.077 0.078 0.270051
0.078 0.079 0.266504
0.079 0.080 0.261612
0.080 0.081 0.254727
0.081 0.082 0.246634
0.082 0.083 0.239062
0.083 0.084 0.231846
0.084 0.085 0.225578
0.085 0.086 0.219907
0.086 0.087 0.212702
0.087 0.088 0.207869
0.088 0.089 0.201337
0.089 0.090 0.192764
0.090 0.091 0.185108
0.091 0.092 0.174712
0.092 0.093 0.167156
0.093 0.094 0.163519
0.094 0.095 0.156611
0.095 0.096 0.149925
0.096 0.097 0.142905
0.097 0.098 0.133679
0.098 0.099 0.126530
0.099 0.100 0.120800
0.100 0.101 0.115901
0.101 0.102 0.110276
0.102 0.103 0.103155
0.103 0.104 0.097221
0.104 0.105 0.092751
0.105 0.106 0.087116
0.106 0.107 0.081984
0.107 0.108 0.075715
0.108 0.109 0.070445
0.109 0.110 0.064656
0.110 0.111 0.060088
0.111 0.112 0.056210
0.112 0.113 0.050890
0.113 0.114 0.046229
0.114 0.115 0.041640
0.115 0.116 0.037683
0.116 0.117 0.033804
0.117 0.118 0.029794
0.118 0.119 0.024189
0.119 0.120 0.021719
0.120 0.121 0.020563
0.121 0.122 0.017812
0.122 0.123 0.014632
0.123 0.124 0.012373
0.124 0.125 0.009748
0.125 0.126 0.006837
0.126 0.127 0.005332
0.127 0.128 0.003668
0.128 0.129 0.001714
0.129 0.130 0.000478
0.130 0.131 0.000000
0.131 0.132 0.000000
0.132 0.133 0.000000
0.133 0.134 0.000000
0.134 0.135 0.000000
0.135 0.136 0.000000
0.136 0.137 0.000000
0.137 0.138 0.000000
0.138 0.139 0.000000
0.139 0.140 0.000000
0.140 0.141 0.000000
0.141 0.142 0.000000
0.142 0.143 0.000000
0.143 0.144 0.000000
0.144 0.145 0.000000
0.145 0.146 0.000000
0.146 0.147 0.000000
0.147 0.148 0.000000
0.148 0.149 0.000000
0.149 0.150 0.000000
