1
0.000 0.001 0.000000
0.001 0.002 0.000000
0.002 0.003 0.000000
0.003 0.004 0.000000
0.004 0.005 0.000000
0.005 0.006 0.000000
0.006 0.007 0.000000
0.007 0.008 0.000000
0.008 0.009 0.000000
0.009 0.010 0.000000
0.010 0.011 0.000000
0.011 0.012 0.000000
0.012 0.013 0.000000
0.013 0.014 0.000000
0.014 0.015 0.000000
0.015 0.016 0.000000
0.016 0.017 0.000000
0.017 0.018 0.000000
0.018 0.019 0.000000
0.019 0.020 0.000000
0.020 0.021 0.000000
0.021 0.022 0.000001
0.022 0.023 0.000005
0.023 0.024 0.000022
0.024 0.025 0.000077
0.025 0.026 0.000227
0.026 0.027 0.000575
0.027 0.028 0.001292
0.028 0.029 0.002619
0.029 0.030 0.004810
0.030 0.031 0.008213
0.031 0.032 0.013120
0.032 0.033 0.019796
0.033 0.034 0.028515
0.034 0.035 0.039417
0.035 0.036 0.052354
0.036 0.037 0.067546
0.037 0.038 0.084842
0.038 0.039 0.103178
0.039 0.040 0.123050
0.040 0.041 0.144394
0.041 0.042 0.165936
0.042 0.043 0.188615
0.043 0.044 0.211347
0.044 0.045 0.234266
0.045 0.046 0.256479
0.046 0.047 0.276666
0.047 0.048 0.298302
0.048 0.049 0.319578
0.049 0.050 0.337217
0.050 0.051 0.353074
0.051 0.052 0.370007
0.052 0.053 0.386621
0.053 0.054 0.399607
0.054 0.055 0.410897
0.055 0.056 0.423911
0.056 0.057 0.435995
0.057 0.058 0.629043
0.058 0.059 1.000000
0.059 0.060 0.823698
0.060 0.061 0.472174
0.061 0.062 0.476398
0.062 0.063 0.460230
0.063 0.064 0.459982
0.064 0.065 0.457762
0.065 0.066 0.458110
0.066 0.067 0.624381
0.067 0.068 0.625832
0.068 0.069 0.489190
0.069 0.070 0.445990
0.070 0.071 0.366566
0.071 0.072 0.362636
0.072 0.073 0.357119
0.073 0.074 0.356301
0.074 0.075 0.353831
0.075 0.076 0.349460
0.076 0.077 0.341388
0.077 0.078 0.335162
0.078 0.079 0.333604
0.079 0.080 0.329499
0.080 0.081 0.321496
0.081 0.082 0.312355
0.082 0.083 0.304575
0.083 0.084 0.297049
0.084 0.085 0.290418
0.085 0.086 0.284798
0.086 0.087 0.275861
0.087 0.088 0.271116
0.088 0.089 0.265205
0.089 0.090 0.254871
0.090 0.091 0.244820
0.091 0.092 0.230742
0.092 0.093 0.222130
0.093 0.094 0.218712
0.094 0.095 0.209628
0.095 0.096 0.200677
0.096 0.097 0.190681
0.097 0.098 0.178021
0.098 0.099 0.165940
0.099 0.100 0.156503
0.100 0.101 0.149872
0.101 0.102 0.141345
0.102 0.103 0.129012
0.103 0.104 0.119252
0.104 0.105 0.112289
0.105 0.106 0.103290
0.106 0.107 0.093622
0.107 0.108 0.083717
0.108 0.109 0.075112
0.109 0.110 0.065196
0.110 0.111 0.057490
0.111 0.112 0.050721
0.112 0.113 0.043743
0.113 0.114 0.037852
0.114 0.115 0.031228
0.115 0.116 0.025224
0.116 0.117 0.019391
0.117 0.118 0.014686
0.118 0.119 0.008674
0.119 0.120 0.005503
0.120 0.121 0.004121
0.121 0.122 0.000738
0.122 0.123 0.000000
0.123 0.124 0.000000
0.124 0.125 0.000000
0.125 0.126 0.000000
0.126 0.127 0.000000
0.127 0.128 0.000000
0.128 0.129 0.000000
0.129 0.130 0.000000
0.130 0.131 0.000000
0.131 0.132 0.000000
0.132 0.133 0.000000
0.133 0.134 0.000000
0.134 0.135 0.000000
0.135 0.136 0.000000
0.136 0.137 0.000000
0.137 0.138 0.000000
0.138 0.139 0.000000
0.139 0.140 0.000000
0.140 0.141 0.000000
0.141 0.142 0.000000
0.142 0.143 0.000000
0.143 0.144 0.000000
0.144 0.145 0.000000
0.145 0.146 0.000000
0.146 0.147 0.000000
0.147 0.148 0.000000
0.148 0.149 0.000000
0.149 0.150 0.000000
