1
0.000 0.001 0.000000
0.001 0.002 0.000000
0.002 0.003 0.000000
0.003 0.004 0.000000
0.004 0.005 0.000000
0.005 0.006 0.000000
0.006 0.007 0.000000
0.007 0.008 0.000000
0.008 0.009 0.000000
0.009 0.010 0.000000
0.010 0.011 0.000000
0.011 0.012 0.000000
0.012 0.013 0.000000
0.013 0.014 0.000000
0.014 0.015 0.000000
0.015 0.016 0.000000
0.016 0.017 0.000000
0.017 0.018 0.000000
0.018 0.019 0.000000
0.019 0.020 0.000000
0.020 0.021 0.000002
0.021 0.022 0.000012
0.022 0.023 0.000049
0.023 0.024 0.000166
0.024 0.025 0.000466
0.025 0.026 0.001129
0.026 0.027 0.002411
0.027 0.028 0.004672
0.028 0.029 0.008317
0.029 0.030 0.013655
0.030 0.031 0.021081
0.031 0.032 0.030875
0.032 0.033 0.043166
0.033 0.034 0.057984
0.034 0.035 0.075298
0.035 0.036 0.094862
0.036 0.037 0.116443
0.037 0.038 0.139245
0.038 0.039 0.162477
0.039 0.040 0.186953
0.040 0.041 0.211977
0.041 0.042 0.236428
0.042 0.043 0.261447
0.043 0.044 0.285166
0.044 0.045 0.308544
0.045 0.046 0.330694
0.046 0.047 0.349394
0.047 0.048 0.369281
0.048 0.049 0.388894
0.049 0.050 0.403386
0.050 0.051 0.415913
0.051 0.052 0.429987
0.052 0.053 0.443710
0.053 0.054 0.453023
0.054 0.055 0.459846
0.055 0.056 0.468660
0.056 0.057 0.477326
0.057 0.058 0.656766
0.058 0.059 1.000000
0.059 0.060 0.826987
0.060 0.061 0.494171
0.061 0.062 0.494172
0.062 0.063 0.475648
0.063 0.064 0.470645
0.064 0.065 0.465019
0.065 0.066 0.462530
0.066 0.067 0.608220
0.067 0.068 0.605279
0.068 0.069 0.478384
0.069 0.070 0.435467
0.070 0.071 0.362670
0.071 0.072 0.355808
0.072 0.073 0.346971
0.073 0.074 0.344959
0.074 0.075 0.340943
0.075 0.076 0.333081
0.076 0.077 0.322039
0.077 0.078 0.313509
0.078 0.079 0.310329
0.079 0.080 0.304531
0.080 0.081 0.294609
0.081 0.082 0.283544
0.082 0.083 0.273502
0.083 0.084 0.263131
0.084 0.085 0.254262
0.085 0.086 0.246775
0.086 0.087 0.236399
0.087 0.088 0.229229
0.088 0.089 0.221476
0.089 0.090 0.209979
0.090 0.091 0.197565
0.091 0.092 0.183281
0.092 0.093 0.173412
0.093 0.094 0.166724
0.094 0.095 0.156825
0.095 0.096 0.147287
0.096 0.097 0.136040
0.097 0.098 0.122393
0.098 0.099 0.110150
0.099 0.100 0.101159
0.100 0.101 0.095252
0.101 0.102 0.088313
0.102 0.103 0.078218
0.103 0.104 0.070224
0.104 0.105 0.063650
0.105 0.106 0.057313
0.106 0.107 0.050622
0.107 0.108 0.042101
0.108 0.109 0.036111
0.109 0.110 0.029598
0.110 0.111 0.023038
0.111 0.112 0.018976
0.112 0.113 0.013579
0.113 0.114 0.010203
0.114 0.115 0.006100
0.115 0.116 0.002806
0.116 0.117 0.000757
0.117 0.118 0.000000
0.118 0.119 0.000000
0.119 0.120 0.000000
0.120 0.121 0.000000
0.121 0.122 0.000000
0.122 0.123 0.000000
0.123 0.124 0.000000
0.124 0.125 0.000000
0.125 0.126 0.000000
0.126 0.127 0.000000
0.127 0.128 0.000000
0.128 0.129 0.000000
0.129 0.130 0.000000
0.130 0.131 0.000000
0.131 0.132 0.000000
0.132 0.133 0.000000
0.133 0.134 0.000000
0.134 0.135 0.000000
0.135 0.136 0.000000
0.136 0.137 0.000000
0.137 0.138 0.000000
0.138 0.139 0.000000
0.139 0.140 0.000000
0.140 0.141 0.000000
0.141 0.142 0.000000
0.142 0.143 0.000000
0.143 0.144 0.000000
0.144 0.145 0.000000
0.145 0.146 0.000000
0.146 0.147 0.000000
0.147 0.148 0.000000
0.148 0.149 0.000000
0.149 0.150 0.000000
