1
0.000 0.001 0.000000
0.001 0.002 0.000000
0.002 0.003 0.000000
0.003 0.004 0.000000
0.004 0.005 0.000000
0.005 0.006 0.000000
0.006 0.007 0.000000
0.007 0.008 0.000000
0.008 0.009 0.000000
0.009 0.010 0.000000
0.010 0.011 0.000000
0.011 0.012 0.000000
0.012 0.013 0.000000
0.013 0.014 0.000000
0.014 0.015 0.000000
0.015 0.016 0.000003
0.016 0.017 0.000025
0.017 0.018 0.000144
0.018 0.019 0.000594
0.019 0.020 0.001897
0.020 0.021 0.004968
0.021 0.022 0.011067
0.022 0.023 0.021647
0.023 0.024 0.038032
0.024 0.025 0.061091
0.025 0.026 0.091662
0.026 0.027 0.129420
0.027 0.028 0.174056
0.028 0.029 0.224445
0.029 0.030 0.278194
0.030 0.031 0.334322
0.031 0.032 0.390829
0.032 0.033 0.447096
0.033 0.034 0.500215
0.034 0.035 0.550957
0.035 0.036 0.598551
0.036 0.037 0.637772
0.037 0.038 0.676334
0.038 0.039 0.710860
0.039 0.040 0.741930
0.040 0.041 0.765986
0.041 0.042 0.785607
0.042 0.043 0.801010
0.043 0.044 0.811579
0.044 0.045 0.818147
0.045 0.046 0.817822
0.046 0.047 0.815770
0.047 0.048 0.807990
0.048 0.049 0.802052
0.049 0.050 0.792370
0.050 0.051 0.782962
0.051 0.052 0.773334
0.052 0.053 0.758178
0.053 0.054 0.741039
0.054 0.055 0.722598
0.055 0.056 0.702188
0.056 0.057 0.681640
0.057 0.058 0.782624
0.058 0.059 1.000000
0.059 0.060 0.856823
0.060 0.061 0.610177
0.061 0.062 0.588613
0.062 0.063 0.553092
0.063 0.064 0.528425
0.064 0.065 0.505655
0.065 0.066 0.483498
0.066 0.067 0.555132
0.067 0.068 0.532885
0.068 0.069 0.435699
0.069 0.070 0.391397
0.070 0.071 0.337149
0.071 0.072 0.321708
0.072 0.073 0.301714
0.073 0.074 0.286469
0.074 0.075 0.270432
0.075 0.076 0.251419
0.076 0.077 0.230487
0.077 0.078 0.216542
0.078 0.079 0.205172
0.079 0.080 0.193313
0.080 0.081 0.178813
0.081 0.082 0.162184
0.082 0.083 0.147133
0.083 0.084 0.132816
0.084 0.085 0.116799
0.085 0.086 0.106832
0.086 0.087 0.095454
0.087 0.088 0.084473
0.088 0.089 0.072095
0.089 0.090 0.060883
0.090 0.091 0.049293
0.091 0.092 0.041594
0.092 0.093 0.034295
0.093 0.094 0.026796
0.094 0.095 0.017565
0.095 0.096 0.013250
0.096 0.097 0.008415
0.097 0.098 0.002168
0.098 0.099 0.000000
0.099 0.100 0.000000
0.100 0.101 0.000000
0.101 0.102 0.000000
0.102 0.103 0.000000
0.103 0.104 0.000000
0.104 0.105 0.000000
0.105 0.106 0.000000
0.106 0.107 0.000000
0.107 0.108 0.000000
0.108 0.109 0.000000
0.109 0.110 0.000000
0.110 0.111 0.000000
0.111 0.112 0.000000
0.112 0.113 0.000000
0.113 0.114 0.000000
0.114 0.115 0.000000
0.115 0.116 0.000000
0.116 0.117 0.000000
0.117 0.118 0.000000
0.118 0.119 0.000000
0.119 0.120 0.000000
0.120 0.121 0.000000
0.121 0.122 0.000000
0.122 0.123 0.000000
0.123 0.124 0.000000
0.124 0.125 0.000000
0.125 0.126 0.000000
0.126 0.127 0.000000
0.127 0.128 0.000000
0.128 0.129 0.000000
0.129 0.130 0.000000
0.130 0.131 0.000000
0.131 0.132 0.000000
0.132 0.133 0.000000
0.133 0.134 0.000000
0.134 0.135 0.000000
0.135 0.136 0.000000
0.136 0.137 0.000000
0.137 0.138 0.000000
0.138 0.139 0.000000
0.139 0.140 0.000000
0.140 0.141 0.000000
0.141 0.142 0.000000
0.142 0.143 0.000000
0.143 0.144 0.000000
0.144 0.145 0.000000
0.145 0.146 0.000000
0.146 0.147 0.000000
0.147 0.148 0.000000
0.148 0.149 0.000000
0.149 0.150 0.000000
