1
0.000 0.001 0.000000
0.001 0.002 0.000000
0.002 0.003 0.000000
0.003 0.004 0.000000
0.004 0.005 0.000000
0.005 0.006 0.000000
0.006 0.007 0.000000
0.007 0.008 0.000005
0.008 0.009 0.000000
0.009 0.010 0.000000
0.010 0.011 0.000000
0.011 0.012 0.000000
0.012 0.013 0.000000
0.013 0.014 0.000003
0.014 0.015 0.000025
0.015 0.016 0.000140
0.016 0.017 0.000544
0.017 0.018 0.001642
0.018 0.019 0.004038
0.019 0.020 0.008535
0.020 0.021 0.015953
0.021 0.022 0.026897
0.022 0.023 0.041809
0.023 0.024 0.060789
0.024 0.025 0.083569
0.025 0.026 0.109483
0.026 0.027 0.137865
0.027 0.028 0.168323
0.028 0.029 0.199700
0.029 0.030 0.230693
0.030 0.031 0.261742
0.031 0.032 0.291456
0.032 0.033 0.319666
0.033 0.034 0.346427
0.034 0.035 0.370885
0.035 0.036 0.392364
0.036 0.037 0.412498
0.037 0.038 0.430805
0.038 0.039 0.444320
0.039 0.040 0.455862
0.040 0.041 0.466388
0.041 0.042 0.473917
0.042 0.043 0.480427
0.043 0.044 0.485158
0.044 0.045 0.489352
0.045 0.046 0.490501
0.046 0.047 0.489048
0.047 0.048 0.490377
0.048 0.049 0.489993
0.049 0.050 0.485415
0.050 0.051 0.480451
0.051 0.052 0.477439
0.052 0.053 0.473467
0.053 0.054 0.466948
0.054 0.055 0.460183
0.055 0.056 0.455924
0.056 0.057 0.451296
0.057 0.058 0.640038
0.058 0.059 1.000000
0.059 0.060 0.794394
0.060 0.061 0.432413
0.061 0.062 0.424701
0.062 0.063 0.398570
0.063 0.064 0.389631
0.064 0.065 0.379587
0.065 0.066 0.371436
0.066 0.067 0.503077
0.067 0.068 0.494942
0.068 0.069 0.376390
0.069 0.070 0.336751
0.070 0.071 0.269995
0.071 0.072 0.263771
0.072 0.073 0.256418
0.073 0.074 0.251761
0.074 0.075 0.246795
0.075 0.076 0.241101
0.076 0.077 0.233368
0.077 0.078 0.227128
0.078 0.079 0.223393
0.079 0.080 0.218522
0.080 0.081 0.211919
0.081 0.082 0.204612
0.082 0.083 0.197948
0.083 0.084 0.191701
0.084 0.085 0.186255
0.085 0.086 0.181354
0.086 0.087 0.175088
0.087 0.088 0.171152
0.088 0.089 0.166058
0.089 0.090 0.158961
0.090 0.091 0.152548
0.091 0.092 0.143836
0.092 0.093 0.137999
0.093 0.094 0.135152
0.094 0.095 0.129368
0.095 0.096 0.123787
0.096 0.097 0.117948
0.097 0.098 0.110611
0.098 0.099 0.103991
0.099 0.100 0.098621
0.100 0.101 0.093991
0.101 0.102 0.089213
0.102 0.103 0.082970
0.103 0.104 0.078155
0.104 0.105 0.073867
0.105 0.106 0.068258
0.106 0.107 0.063871
0.107 0.108 0.058528
0.108 0.109 0.054006
0.109 0.110 0.049027
0.110 0.111 0.045052
0.111 0.112 0.041744
0.112 0.113 0.037300
0.113 0.114 0.033190
0.114 0.115 0.030131
0.115 0.116 0.026614
0.116 0.117 0.023056
0.117 0.118 0.020063
0.118 0.119 0.016013
0.119 0.120 0.013846
0.120 0.121 0.012439
0.121 0.122 0.010437
0.122 0.123 0.008125
0.123 0.124 0.006475
0.124 0.125 0.004632
0.125 0.126 0.002610
0.126 0.127 0.001262
0.127 0.128 0.000342
0.128 0.129 0.000000
0.129 0.130 0.000000
0.130 0.131 0.000000
0.131 0.132 0.000000
0.132 0.133 0.000000
0.133 0.134 0.000000
0.134 0.135 0.000000
0.135 0.136 0.000000
0.136 0.137 0.000000
0.137 0.138 0.000000
0.138 0.139 0.000000
0.139 0.140 0.000000
0.140 0.141 0.000000
0.141 0.142 0.000000
0.142 0.143 0.000000
0.143 0.144 0.000000
0.144 0.145 0.000000
0.145 0.146 0.000000
0.146 0.147 0.000000
0.147 0.148 0.000000
0.148 0.149 0.000000
0.149 0.150 0.000000
