1
0.000 0.001 0.000000
0.001 0.002 0.000000
0.002 0.003 0.000000
0.003 0.004 0.000000
0.004 0.005 0.000000
0.005 0.006 0.000000
0.006 0.007 0.000000
0.007 0.008 0.000000
0.008 0.009 0.000000
0.009 0.010 0.000000
0.010 0.011 0.000000
0.011 0.012 0.000000
0.012 0.013 0.000000
0.013 0.014 0.000000
0.014 0.015 0.000000
0.015 0.016 0.000000
0.016 0.017 0.000000
0.017 0.018 0.000000
0.018 0.019 0.000001
0.019 0.020 0.000005
0.020 0.021 0.000027
0.021 0.022 0.000119
0.022 0.023 0.000414
0.023 0.024 0.001192
0.024 0.025 0.002940
0.025 0.026 0.006354
0.026 0.027 0.012284
0.027 0.028 0.021750
0.028 0.029 0.035689
0.029 0.030 0.054692
0.030 0.031 0.079431
0.031 0.032 0.109545
0.032 0.033 0.145368
0.033 0.034 0.185984
0.034 0.035 0.230360
0.035 0.036 0.277743
0.036 0.037 0.326019
0.037 0.038 0.375998
0.038 0.039 0.426185
0.039 0.040 0.475384
0.040 0.041 0.521684
0.041 0.042 0.565443
0.042 0.043 0.604565
0.043 0.044 0.642754
0.044 0.045 0.676988
0.045 0.046 0.701657
0.046 0.047 0.726141
0.047 0.048 0.745196
0.048 0.049 0.756087
0.049 0.050 0.763047
0.050 0.051 0.768709
0.051 0.052 0.775303
0.052 0.053 0.773265
0.053 0.054 0.769625
0.054 0.055 0.764033
0.055 0.056 0.750840
0.056 0.057 0.734293
0.057 0.058 0.816767
0.058 0.059 1.000000
0.059 0.060 0.887911
0.060 0.061 0.681763
0.061 0.062 0.659843
0.062 0.063 0.624521
0.063 0.064 0.598459
0.064 0.065 0.572088
0.065 0.066 0.540541
0.066 0.067 0.603089
0.067 0.068 0.584224
0.068 0.069 0.486042
0.069 0.070 0.435246
0.070 0.071 0.378584
0.071 0.072 0.354148
0.072 0.073 0.331108
0.073 0.074 0.309451
0.074 0.075 0.287128
0.075 0.076 0.264524
0.076 0.077 0.242654
0.077 0.078 0.216323
0.078 0.079 0.198195
0.079 0.080 0.181290
0.080 0.081 0.162161
0.081 0.082 0.139217
0.082 0.083 0.117198
0.083 0.084 0.104221
0.084 0.085 0.089411
0.085 0.086 0.074240
0.086 0.087 0.054888
0.087 0.088 0.043064
0.088 0.089 0.030086
0.089 0.090 0.017104
0.090 0.091 0.012101
0.091 0.092 0.003318
0.092 0.093 0.000000
0.093 0.094 0.000000
0.094 0.095 0.000000
0.095 0.096 0.000000
0.096 0.097 0.000000
0.097 0.098 0.000000
0.098 0.099 0.000000
0.099 0.100 0.000000
0.100 0.101 0.000000
0.101 0.102 0.000000
0.102 0.103 0.000000
0.103 0.104 0.000000
0.104 0.105 0.000000
0.105 0.106 0.000000
0.106 0.107 0.000000
0.107 0.108 0.000000
0.108 0.109 0.000000
0.109 0.110 0.000000
0.110 0.111 0.000000
0.111 0.112 0.000000
0.112 0.113 0.000000
0.113 0.114 0.000000
0.114 0.115 0.000000
0.115 0.116 0.000000
0.116 0.117 0.000000
0.117 0.118 0.000000
0.118 0.119 0.000000
0.119 0.120 0.000000
0.120 0.121 0.000000
0.121 0.122 0.000000
0.122 0.123 0.000000
0.123 0.124 0.000000
0.124 0.125 0.000000
0.125 0.126 0.000000
0.126 0.127 0.000000
0.127 0.128 0.000000
0.128 0.129 0.000000
0.129 0.130 0.000000
0.130 0.131 0.000000
0.131 0.132 0.000000
0.132 0.133 0.000000
0.133 0.134 0.000000
0.134 0.135 0.000000
0.135 0.136 0.000000
0.136 0.137 0.000000
0.137 0.138 0.000000
0.138 0.139 0.000000
0.139 0.140 0.000000
0.140 0.141 0.000000
0.141 0.142 0.000000
0.142 0.143 0.000000
0.143 0.144 0.000000
0.144 0.145 0.000000
0.145 0.146 0.000000
0.146 0.147 0.000000
0.147 0.148 0.000000
0.148 0.149 0.000000
0.149 0.150 0.000000
