1
0.000 0.001 0.000000
0.001 0.002 0.000000
0.002 0.003 0.000000
0.003 0.004 0.000000
0.004 0.005 0.000000
0.005 0.006 0.000000
0.006 0.007 0.000000
0.007 0.008 0.000000
0.008 0.009 0.000000
0.009 0.010 0.000000
0.010 0.011 0.000000
0.011 0.012 0.000000
0.012 0.013 0.000000
0.013 0.014 0.000000
0.014 0.015 0.000000
0.015 0.016 0.000000
0.016 0.017 0.000000
0.017 0.018 0.000003
0.018 0.019 0.000020
0.019 0.020 0.000090
0.020 0.021 0.000317
0.021 0.022 0.000919
0.022 0.023 0.002255
0.023 0.024 0.004821
0.024 0.025 0.009223
0.025 0.026 0.016050
0.026 0.027 0.025801
0.027 0.028 0.039011
0.028 0.029 0.055844
0.029 0.030 0.075983
0.030 0.031 0.099290
0.031 0.032 0.125406
0.032 0.033 0.153985
0.033 0.034 0.184116
0.034 0.035 0.215228
0.035 0.036 0.247195
0.036 0.037 0.279081
0.037 0.038 0.308440
0.038 0.039 0.336260
0.039 0.040 0.364553
0.040 0.041 0.390285
0.041 0.042 0.413335
0.042 0.043 0.435964
0.043 0.044 0.455163
0.044 0.045 0.473073
0.045 0.046 0.488766
0.046 0.047 0.499629
0.047 0.048 0.511157
0.048 0.049 0.522104
0.049 0.050 0.526633
0.050 0.051 0.530106
0.051 0.052 0.535863
0.052 0.053 0.540013
0.053 0.054 0.539779
0.054 0.055 0.537272
0.055 0.056 0.536608
0.056 0.057 0.536465
0.057 0.058 0.695055
0.058 0.059 1.000000
0.059 0.060 0.829657
0.060 0.061 0.519904
0.061 0.062 0.512132
0.062 0.063 0.488072
0.063 0.064 0.476161
0.064 0.065 0.465160
0.065 0.066 0.457116
0.066 0.067 0.574459
0.067 0.068 0.565398
0.068 0.069 0.451334
0.069 0.070 0.408705
0.070 0.071 0.344477
0.071 0.072 0.334407
0.072 0.073 0.321729
0.073 0.074 0.316360
0.074 0.075 0.309276
0.075 0.076 0.297448
0.076 0.077 0.283653
0.077 0.078 0.272592
0.078 0.079 0.266387
0.079 0.080 0.258201
0.080 0.081 0.246462
0.081 0.082 0.233348
0.082 0.083 0.220985
0.083 0.084 0.208191
0.084 0.085 0.197071
0.085 0.086 0.187319
0.086 0.087 0.175311
0.087 0.088 0.166127
0.088 0.089 0.156641
0.089 0.090 0.144934
0.090 0.091 0.131213
0.091 0.092 0.119483
0.092 0.093 0.110406
0.093 0.094 0.102232
0.094 0.095 0.093875
0.095 0.096 0.086030
0.096 0.097 0.076328
0.097 0.098 0.065161
0.098 0.099 0.054641
0.099 0.100 0.047460
0.100 0.101 0.043349
0.101 0.102 0.037873
0.102 0.103 0.030611
0.103 0.104 0.023871
0.104 0.105 0.019966
0.105 0.106 0.014737
0.106 0.107 0.010958
0.107 0.108 0.006278
0.108 0.109 0.002962
0.109 0.110 0.000785
0.110 0.111 0.000000
0.111 0.112 0.000000
0.112 0.113 0.000000
0.113 0.114 0.000000
0.114 0.115 0.000000
0.115 0.116 0.000000
0.116 0.117 0.000000
0.117 0.118 0.000000
0.118 0.119 0.000000
0.119 0.120 0.000000
0.120 0.121 0.000000
0.121 0.122 0.000000
0.122 0.123 0.000000
0.123 0.124 0.000000
0.124 0.125 0.000000
0.125 0.126 0.000000
0.126 0.127 0.000000
0.127 0.128 0.000000
0.128 0.129 0.000000
0.129 0.130 0.000000
0.130 0.131 0.000000
0.131 0.132 0.000000
0.132 0.133 0.000000
0.133 0.134 0.000000
0.134 0.135 0.000000
0.135 0.136 0.000000
0.136 0.137 0.000000
0.137 0.138 0.000000
0.138 0.139 0.000000
0.139 0.140 0.000000
0.140 0.141 0.000000
0.141 0.142 0.000000
0.142 0.143 0.000000
0.143 0.144 0.000000
0.144 0.145 0.000000
0.145 0.146 0.000000
0.146 0.147 0.000000
0.147 0.148 0.000000
0.148 0.149 0.000000
0.149 0.150 0.000000
