1
0.000 0.001 0.000000
0.001 0.002 0.000000
0.002 0.003 0.000000
0.003 0.004 0.000000
0.004 0.005 0.000000
0.005 0.006 0.000000
0.006 0.007 0.000000
0.007 0.008 0.000000
0.008 0.009 0.000000
0.009 0.010 0.000000
0.010 0.011 0.000000
0.011 0.012 0.000000
0.012 0.013 0.000000
0.013 0.014 0.000000
0.014 0.015 0.000000
0.015 0.016 0.000000
0.016 0.017 0.000000
0.017 0.018 0.000000
0.018 0.019 0.000000
0.019 0.020 0.000000
0.020 0.021 0.000000
0.021 0.022 0.000001
0.022 0.023 0.000007
0.023 0.024 0.000033
0.024 0.025 0.000121
0.025 0.026 0.000366
0.026 0.027 0.000943
0.027 0.028 0.002147
0.028 0.029 0.004396
0.029 0.030 0.008133
0.030 0.031 0.013944
0.031 0.032 0.022356
0.032 0.033 0.033814
0.033 0.034 0.048476
0.034 0.035 0.066676
0.035 0.036 0.088637
0.036 0.037 0.113070
0.037 0.038 0.140744
0.038 0.039 0.171298
0.039 0.040 0.204226
0.040 0.041 0.237976
0.041 0.042 0.272240
0.042 0.043 0.307580
0.043 0.044 0.342021
0.044 0.045 0.375402
0.045 0.046 0.406280
0.046 0.047 0.434598
0.047 0.048 0.462040
0.048 0.049 0.486278
0.049 0.050 0.508392
0.050 0.051 0.528829
0.051 0.052 0.549827
0.052 0.053 0.567192
0.053 0.054 0.579998
0.054 0.055 0.589026
0.055 0.056 0.595831
0.056 0.057 0.601960
0.057 0.058 0.738471
0.058 0.059 1.000000
0.059 0.060 0.863959
0.060 0.061 0.604662
0.061 0.062 0.601106
0.062 0.063 0.581308
0.063 0.064 0.570658
0.064 0.065 0.560468
0.065 0.066 0.550422
0.066 0.067 0.661486
0.067 0.068 0.652011
0.068 0.069 0.533831
0.069 0.070 0.485427
0.070 0.071 0.415434
0.071 0.072 0.403969
0.072 0.073 0.387081
0.073 0.074 0.378424
0.074 0.075 0.367783
0.075 0.076 0.350886
0.076 0.077 0.332063
0.077 0.078 0.315255
0.078 0.079 0.302894
0.079 0.080 0.287218
0.080 0.081 0.273285
0.081 0.082 0.256685
0.082 0.083 0.240796
0.083 0.084 0.224368
0.084 0.085 0.209389
0.085 0.086 0.195642
0.086 0.087 0.179887
0.087 0.088 0.162940
0.088 0.089 0.151358
0.089 0.090 0.138460
0.090 0.091 0.123985
0.091 0.092 0.110331
0.092 0.093 0.098350
0.093 0.094 0.086605
0.094 0.095 0.071606
0.095 0.096 0.063213
0.096 0.097 0.052654
0.097 0.098 0.041563
0.098 0.099 0.029560
0.099 0.100 0.018933
0.100 0.101 0.015899
0.101 0.102 0.010526
0.102 0.103 0.002771
0.103 0.104 0.000000
0.104 0.105 0.000000
0.105 0.106 0.000000
0.106 0.107 0.000000
0.107 0.108 0.000000
0.108 0.109 0.000000
0.109 0.110 0.000000
0.110 0.111 0.000000
0.111 0.112 0.000000
0.112 0.113 0.000000
0.113 0.114 0.000000
0.114 0.115 0.000000
0.115 0.116 0.000000
0.116 0.117 0.000000
0.117 0.118 0.000000
0.118 0.119 0.000000
0.119 0.120 0.000000
0.120 0.121 0.000000
0.121 0.122 0.000000
0.122 0.123 0.000000
0.123 0.124 0.000000
0.124 0.125 0.000000
0.125 0.126 0.000000
0.126 0.127 0.000000
0.127 0.128 0.000000
0.128 0.129 0.000000
0.129 0.130 0.000000
0.130 0.131 0.000000
0.131 0.132 0.000000
0.132 0.133 0.000000
0.133 0.134 0.000000
0.134 0.135 0.000000
0.135 0.136 0.000000
0.136 0.137 0.000000
0.137 0.138 0.000000
0.138 0.139 0.000000
0.139 0.140 0.000000
0.140 0.141 0.000000
0.141 0.142 0.000000
0.142 0.143 0.000000
0.143 0.144 0.000000
0.144 0.145 0.000000
0.145 0.146 0.000000
0.146 0.147 0.000000
0.147 0.148 0.000000
0.148 0.149 0.000000
0.149 0.150 0.000000
