1
0.000 0.001 0.000000
0.001 0.002 0.000000
0.002 0.003 0.000000
0.003 0.004 0.000000
0.004 0.005 0.000000
0.005 0.006 0.000000
0.006 0.007 0.000000
0.007 0.008 0.000000
0.008 0.009 0.000000
0.009 0.010 0.000000
0.010 0.011 0.000000
0.011 0.012 0.000000
0.012 0.013 0.000000
0.013 0.014 0.000001
0.014 0.015 0.000012
0.015 0.016 0.000096
0.016 0.017 0.000502
0.017 0.018 0.001862
0.018 0.019 0.005345
0.019 0.020 0.012605
0.020 0.021 0.025457
0.021 0.022 0.045606
0.022 0.023 0.073939
0.023 0.024 0.110628
0.024 0.025 0.154855
0.025 0.026 0.205411
0.026 0.027 0.259910
0.027 0.028 0.317897
0.028 0.029 0.377224
0.029 0.030 0.433931
0.030 0.031 0.488177
0.031 0.032 0.539471
0.032 0.033 0.586391
0.033 0.034 0.626792
0.034 0.035 0.661424
0.035 0.036 0.696790
0.036 0.037 0.725401
0.037 0.038 0.745728
0.038 0.039 0.762374
0.039 0.040 0.777169
0.040 0.041 0.785417
0.041 0.042 0.789211
0.042 0.043 0.792391
0.043 0.044 0.790497
0.044 0.045 0.785862
0.045 0.046 0.777891
0.046 0.047 0.765117
0.047 0.048 0.751932
0.048 0.049 0.743322
0.049 0.050 0.728242
0.050 0.051 0.712870
0.051 0.052 0.700894
0.052 0.053 0.687689
0.053 0.054 0.670919
0.054 0.055 0.651554
0.055 0.056 0.633457
0.056 0.057 0.616911
0.057 0.058 0.745536
0.058 0.059 1.000000
0.059 0.060 0.829395
0.060 0.061 0.546207
0.061 0.062 0.529252
0.062 0.063 0.498825
0.063 0.064 0.478822
0.064 0.065 0.460323
0.065 0.066 0.443956
0.066 0.067 0.532197
0.067 0.068 0.515848
0.068 0.069 0.411977
0.069 0.070 0.368697
0.070 0.071 0.310519
0.071 0.072 0.293869
0.072 0.073 0.278881
0.073 0.074 0.270635
0.074 0.075 0.261237
0.075 0.076 0.247866
0.076 0.077 0.233279
0.077 0.078 0.220744
0.078 0.079 0.211817
0.079 0.080 0.202061
0.080 0.081 0.190008
0.081 0.082 0.175178
0.082 0.083 0.164678
0.083 0.084 0.153850
0.084 0.085 0.144479
0.085 0.086 0.136261
0.086 0.087 0.126776
0.087 0.088 0.118356
0.088 0.089 0.109708
0.089 0.090 0.099830
0.090 0.091 0.087863
0.091 0.092 0.079621
0.092 0.093 0.073039
0.093 0.094 0.067194
0.094 0.095 0.060242
0.095 0.096 0.053736
0.096 0.097 0.045808
0.097 0.098 0.036454
0.098 0.099 0.029371
0.099 0.100 0.024588
0.100 0.101 0.022256
0.101 0.102 0.017770
0.102 0.103 0.011462
0.103 0.104 0.008537
0.104 0.105 0.006133
0.105 0.106 0.002391
0.106 0.107 0.001456
0.107 0.108 0.000000
0.108 0.109 0.000000
0.109 0.110 0.000000
0.110 0.111 0.000000
0.111 0.112 0.000000
0.112 0.113 0.000000
0.113 0.114 0.000000
0.114 0.115 0.000000
0.115 0.116 0.000000
0.116 0.117 0.000000
0.117 0.118 0.000000
0.118 0.119 0.000000
0.119 0.120 0.000000
0.120 0.121 0.000000
0.121 0.122 0.000000
0.122 0.123 0.000000
0.123 0.124 0.000000
0.124 0.125 0.000000
0.125 0.126 0.000000
0.126 0.127 0.000000
0.127 0.128 0.000000
0.128 0.129 0.000000
0.129 0.130 0.000000
0.130 0.131 0.000000
0.131 0.132 0.000000
0.132 0.133 0.000000
0.133 0.134 0.000000
0.134 0.135 0.000000
0.135 0.136 0.000000
0.136 0.137 0.000000
0.137 0.138 0.000000
0.138 0.139 0.000000
0.139 0.140 0.000000
0.140 0.141 0.000000
0.141 0.142 0.000000
0.142 0.143 0.000000
0.143 0.144 0.000000
0.144 0.145 0.000000
0.145 0.146 0.000000
0.146 0.147 0.000000
0.147 0.148 0.000000
0.148 0.149 0.000000
0.149 0.150 0.000000
