1
0.000 0.001 0.000000
0.001 0.002 0.000000
0.002 0.003 0.000000
0.003 0.004 0.000000
0.004 0.005 0.000000
0.005 0.006 0.000000
0.006 0.007 0.000000
0.007 0.008 0.000000
0.008 0.009 0.000000
0.009 0.010 0.000000
0.010 0.011 0.000000
0.011 0.012 0.000000
0.012 0.013 0.000000
0.013 0.014 0.000000
0.014 0.015 0.000000
0.015 0.016 0.000000
0.016 0.017 0.000000
0.017 0.018 0.000000
0.018 0.019 0.000000
0.019 0.020 0.000000
0.020 0.021 0.000001
0.021 0.022 0.000008
0.022 0.023 0.000037
0.023 0.024 0.000133
0.024 0.025 0.000400
0.025 0.026 0.001022
0.026 0.027 0.002279
0.027 0.028 0.004576
0.028 0.029 0.008407
0.029 0.030 0.014171
0.030 0.031 0.022308
0.031 0.032 0.033419
0.032 0.033 0.047586
0.033 0.034 0.064762
0.034 0.035 0.085145
0.035 0.036 0.108551
0.036 0.037 0.134350
0.037 0.038 0.161730
0.038 0.039 0.190264
0.039 0.040 0.220137
0.040 0.041 0.250059
0.041 0.042 0.279505
0.042 0.043 0.309273
0.043 0.044 0.337229
0.044 0.045 0.364120
0.045 0.046 0.387925
0.046 0.047 0.410651
0.047 0.048 0.433742
0.048 0.049 0.455712
0.049 0.050 0.472164
0.050 0.051 0.486117
0.051 0.052 0.501232
0.052 0.053 0.514946
0.053 0.054 0.523785
0.054 0.055 0.529221
0.055 0.056 0.534659
0.056 0.057 0.539711
0.057 0.058 0.697374
0.058 0.059 1.000000
0.059 0.060 0.840849
0.060 0.061 0.541390
0.061 0.062 0.538867
0.062 0.063 0.519319
0.063 0.064 0.511026
0.064 0.065 0.502361
0.065 0.066 0.495531
0.066 0.067 0.623521
0.067 0.068 0.616825
0.068 0.069 0.494506
0.069 0.070 0.449309
0.070 0.071 0.379353
0.071 0.072 0.367895
0.072 0.073 0.351800
0.073 0.074 0.347542
0.074 0.075 0.341279
0.075 0.076 0.330639
0.076 0.077 0.317322
0.077 0.078 0.306105
0.078 0.079 0.299628
0.079 0.080 0.291345
0.080 0.081 0.279281
0.081 0.082 0.265117
0.082 0.083 0.252102
0.083 0.084 0.238702
0.084 0.085 0.225007
0.085 0.086 0.217211
0.086 0.087 0.206929
0.087 0.088 0.199066
0.088 0.089 0.190720
0.089 0.090 0.179303
0.090 0.091 0.166573
0.091 0.092 0.152992
0.092 0.093 0.142940
0.093 0.094 0.135322
0.094 0.095 0.123119
0.095 0.096 0.115492
0.096 0.097 0.105984
0.097 0.098 0.095065
0.098 0.099 0.082970
0.099 0.100 0.074597
0.100 0.101 0.070401
0.101 0.102 0.062778
0.102 0.103 0.051215
0.103 0.104 0.045127
0.104 0.105 0.040725
0.105 0.106 0.035221
0.106 0.107 0.029302
0.107 0.108 0.022538
0.108 0.109 0.015055
0.109 0.110 0.011137
0.110 0.111 0.007417
0.111 0.112 0.002948
0.112 0.113 0.001749
0.113 0.114 0.000000
0.114 0.115 0.000000
0.115 0.116 0.000000
0.116 0.117 0.000000
0.117 0.118 0.000000
0.118 0.119 0.000000
0.119 0.120 0.000000
0.120 0.121 0.000000
0.121 0.122 0.000000
0.122 0.123 0.000000
0.123 0.124 0.000000
0.124 0.125 0.000000
0.125 0.126 0.000000
0.126 0.127 0.000000
0.127 0.128 0.000000
0.128 0.129 0.000000
0.129 0.130 0.000000
0.130 0.131 0.000000
0.131 0.132 0.000000
0.132 0.133 0.000000
0.133 0.134 0.000000
0.134 0.135 0.000000
0.135 0.136 0.000000
0.136 0.137 0.000000
0.137 0.138 0.000000
0.138 0.139 0.000000
0.139 0.140 0.000000
0.140 0.141 0.000000
0.141 0.142 0.000000
0.142 0.143 0.000000
0.143 0.144 0.000000
0.144 0.145 0.000000
0.145 0.146 0.000000
0.146 0.147 0.000000
0.147 0.148 0.000000
0.148 0.149 0.000000
0.149 0.150 0.000000
