1
0.000 0.001 0.000000
0.001 0.002 0.000000
0.002 0.003 0.000000
0.003 0.004 0.000000
0.004 0.005 0.000000
0.005 0.006 0.000000
0.006 0.007 0.000000
0.007 0.008 0.000000
0.008 0.009 0.000000
0.009 0.010 0.000000
0.010 0.011 0.000000
0.011 0.012 0.000000
0.012 0.013 0.000000
0.013 0.014 0.000000
0.014 0.015 0.000000
0.015 0.016 0.000000
0.016 0.017 0.000000
0.017 0.018 0.000005
0.018 0.019 0.000036
0.019 0.020 0.000181
0.020 0.021 0.000682
0.021 0.022 0.002054
0.022 0.023 0.005132
0.023 0.024 0.011060
0.024 0.025 0.021165
0.025 0.026 0.036636
0.026 0.027 0.058347
0.027 0.028 0.086851
0.028 0.029 0.122257
0.029 0.030 0.163520
0.030 0.031 0.211125
0.031 0.032 0.262207
0.032 0.033 0.317301
0.033 0.034 0.373554
0.034 0.035 0.429220
0.035 0.036 0.483564
0.036 0.037 0.534445
0.037 0.038 0.582022
0.038 0.039 0.626608
0.039 0.040 0.667993
0.040 0.041 0.701773
0.041 0.042 0.731608
0.042 0.043 0.753196
0.043 0.044 0.776907
0.044 0.045 0.797320
0.045 0.046 0.808387
0.046 0.047 0.819205
0.047 0.048 0.824986
0.048 0.049 0.823223
0.049 0.050 0.818529
0.050 0.051 0.814354
0.051 0.052 0.807260
0.052 0.053 0.791982
0.053 0.054 0.776137
0.054 0.055 0.759679
0.055 0.056 0.735009
0.056 0.057 0.716642
0.057 0.058 0.808794
0.058 0.059 1.000000
0.059 0.060 0.873369
0.060 0.061 0.651244
0.061 0.062 0.626938
0.062 0.063 0.589297
0.063 0.064 0.562038
0.064 0.065 0.535759
0.065 0.066 0.508782
0.066 0.067 0.565152
0.067 0.068 0.548327
0.068 0.069 0.454234
0.069 0.070 0.407601
0.070 0.071 0.354215
0.071 0.072 0.336641
0.072 0.073 0.313344
0.073 0.074 0.292723
0.074 0.075 0.271534
0.075 0.076 0.249209
0.076 0.077 0.224586
0.077 0.078 0.208161
0.078 0.079 0.192995
0.079 0.080 0.178321
0.080 0.081 0.161284
0.081 0.082 0.141329
0.082 0.083 0.123987
0.083 0.084 0.105620
0.084 0.085 0.094042
0.085 0.086 0.082622
0.086 0.087 0.069442
0.087 0.088 0.056590
0.088 0.089 0.042344
0.089 0.090 0.028133
0.090 0.091 0.022575
0.091 0.092 0.015528
0.092 0.093 0.005984
0.093 0.094 0.003605
0.094 0.095 0.000000
0.095 0.096 0.000000
0.096 0.097 0.000000
0.097 0.098 0.000000
0.098 0.099 0.000000
0.099 0.100 0.000000
0.100 0.101 0.000000
0.101 0.102 0.000000
0.102 0.103 0.000000
0.103 0.104 0.000000
0.104 0.105 0.000000
0.105 0.106 0.000000
0.106 0.107 0.000000
0.107 0.108 0.000000
0.108 0.109 0.000000
0.109 0.110 0.000000
0.110 0.111 0.000000
0.111 0.112 0.000000
0.112 0.113 0.000000
0.113 0.114 0.000000
0.114 0.115 0.000000
0.115 0.116 0.000000
0.116 0.117 0.000000
0.117 0.118 0.000000
0.118 0.119 0.000000
0.119 0.120 0.000000
0.120 0.121 0.000000
0.121 0.122 0.000000
0.122 0.123 0.000000
0.123 0.124 0.000000
0.124 0.125 0.000000
0.125 0.126 0.000000
0.126 0.127 0.000000
0.127 0.128 0.000000
0.128 0.129 0.000000
0.129 0.130 0.000000
0.130 0.131 0.000000
0.131 0.132 0.000000
0.132 0.133 0.000000
0.133 0.134 0.000000
0.134 0.135 0.000000
0.135 0.136 0.000000
0.136 0.137 0.000000
0.137 0.138 0.000000
0.138 0.139 0.000000
0.139 0.140 0.000000
0.140 0.141 0.000000
0.141 0.142 0.000000
0.142 0.143 0.000000
0.143 0.144 0.000000
0.144 0.145 0.000000
0.145 0.146 0.000000
0.146 0.147 0.000000
0.147 0.148 0.000000
0.148 0.149 0.000000
0.149 0.150 0.000000
