1
0.000 0.001 0.000000
0.001 0.002 0.000000
0.002 0.003 0.000000
0.003 0.004 0.000000
0.004 0.005 0.000000
0.005 0.006 0.000000
0.006 0.007 0.000000
0.007 0.008 0.000000
0.008 0.009 0.000000
0.009 0.010 0.000000
0.010 0.011 0.000000
0.011 0.012 0.000000
0.012 0.013 0.000000
0.013 0.014 0.000000
0.014 0.015 0.000000
0.015 0.016 0.000002
0.016 0.017 0.000019
0.017 0.018 0.000106
0.018 0.019 0.000432
0.019 0.020 0.001373
0.020 0.021 0.003581
0.021 0.022 0.007968
0.022 0.023 0.015571
0.023 0.024 0.027395
0.024 0.025 0.044295
0.025 0.026 0.066499
0.026 0.027 0.093978
0.027 0.028 0.126688
0.028 0.029 0.163841
0.029 0.030 0.204071
0.030 0.031 0.246380
0.031 0.032 0.289757
0.032 0.033 0.333637
0.033 0.034 0.376349
0.034 0.035 0.417512
0.035 0.036 0.457218
0.036 0.037 0.493507
0.037 0.038 0.525081
0.038 0.039 0.553324
0.039 0.040 0.580181
0.040 0.041 0.602464
0.041 0.042 0.620962
0.042 0.043 0.637779
0.043 0.044 0.649711
0.044 0.045 0.659702
0.045 0.046 0.666045
0.046 0.047 0.668028
0.047 0.048 0.670302
0.048 0.049 0.670531
0.049 0.050 0.664723
0.050 0.051 0.658596
0.051 0.052 0.654309
0.052 0.053 0.648165
0.053 0.054 0.638519
0.054 0.055 0.625710
0.055 0.056 0.613770
0.056 0.057 0.603380
0.057 0.058 0.737720
0.058 0.059 1.000000
0.059 0.060 0.836114
0.060 0.061 0.550723
0.061 0.062 0.535424
0.062 0.063 0.505962
0.063 0.064 0.486621
0.064 0.065 0.468632
0.065 0.066 0.452925
0.066 0.067 0.544920
0.067 0.068 0.531250
0.068 0.069 0.426020
0.069 0.070 0.383300
0.070 0.071 0.324230
0.071 0.072 0.310571
0.072 0.073 0.293787
0.073 0.074 0.284385
0.074 0.075 0.272561
0.075 0.076 0.259648
0.076 0.077 0.245319
0.077 0.078 0.233012
0.078 0.079 0.224464
0.079 0.080 0.214952
0.080 0.081 0.202902
0.081 0.082 0.188275
0.082 0.083 0.177170
0.083 0.084 0.165778
0.084 0.085 0.155769
0.085 0.086 0.146889
0.086 0.087 0.136629
0.087 0.088 0.126771
0.088 0.089 0.119371
0.089 0.090 0.110361
0.090 0.091 0.100109
0.091 0.092 0.090303
0.092 0.093 0.082396
0.093 0.094 0.074609
0.094 0.095 0.067938
0.095 0.096 0.061707
0.096 0.097 0.053971
0.097 0.098 0.045660
0.098 0.099 0.035804
0.099 0.100 0.030727
0.100 0.101 0.028361
0.101 0.102 0.023661
0.102 0.103 0.017079
0.103 0.104 0.013371
0.104 0.105 0.010409
0.105 0.106 0.006202
0.106 0.107 0.004067
0.107 0.108 0.001074
0.108 0.109 0.000000
0.109 0.110 0.000000
0.110 0.111 0.000000
0.111 0.112 0.000000
0.112 0.113 0.000000
0.113 0.114 0.000000
0.114 0.115 0.000000
0.115 0.116 0.000000
0.116 0.117 0.000000
0.117 0.118 0.000000
0.118 0.119 0.000000
0.119 0.120 0.000000
0.120 0.121 0.000000
0.121 0.122 0.000000
0.122 0.123 0.000000
0.123 0.124 0.000000
0.124 0.125 0.000000
0.125 0.126 0.000000
0.126 0.127 0.000000
0.127 0.128 0.000000
0.128 0.129 0.000000
0.129 0.130 0.000000
0.130 0.131 0.000000
0.131 0.132 0.000000
0.132 0.133 0.000000
0.133 0.134 0.000000
0.134 0.135 0.000000
0.135 0.136 0.000000
0.136 0.137 0.000000
0.137 0.138 0.000000
0.138 0.139 0.000000
0.139 0.140 0.000000
0.140 0.141 0.000000
0.141 0.142 0.000000
0.142 0.143 0.000000
0.143 0.144 0.000000
0.144 0.145 0.000000
0.145 0.146 0.000000
0.146 0.147 0.000000
0.147 0.148 0.000000
0.148 0.149 0.000000
0.149 0.150 0.000000
