1
0.000 0.001 0.000000
0.001 0.002 0.000000
0.002 0.003 0.000000
0.003 0.004 0.000000
0.004 0.005 0.000000
0.005 0.006 0.000000
0.006 0.007 0.000000
0.007 0.008 0.000000
0.008 0.009 0.000000
0.009 0.010 0.000000
0.010 0.011 0.000000
0.011 0.012 0.000000
0.012 0.013 0.000000
0.013 0.014 0.000000
0.014 0.015 0.000000
0.015 0.016 0.000000
0.016 0.017 0.000000
0.017 0.018 0.000003
0.018 0.019 0.000017
0.019 0.020 0.000080
0.020 0.021 0.000288
0.021 0.022 0.000850
0.022 0.023 0.002109
0.023 0.024 0.004543
0.024 0.025 0.008759
0.025 0.026 0.015306
0.026 0.027 0.024642
0.027 0.028 0.037342
0.028 0.029 0.053679
0.029 0.030 0.073140
0.030 0.031 0.095350
0.031 0.032 0.120694
0.032 0.033 0.148456
0.033 0.034 0.177329
0.034 0.035 0.207312
0.035 0.036 0.238926
0.036 0.037 0.270325
0.037 0.038 0.297714
0.038 0.039 0.324187
0.039 0.040 0.351968
0.040 0.041 0.376673
0.041 0.042 0.398550
0.042 0.043 0.420886
0.043 0.044 0.438721
0.044 0.045 0.455656
0.045 0.046 0.472116
0.046 0.047 0.481708
0.047 0.048 0.493227
0.048 0.049 0.505161
0.049 0.050 0.509362
0.050 0.051 0.512279
0.051 0.052 0.517986
0.052 0.053 0.524216
0.053 0.054 0.525330
0.054 0.055 0.522059
0.055 0.056 0.521909
0.056 0.057 0.524503
0.057 0.058 0.688666
0.058 0.059 1.000000
0.059 0.060 0.823915
0.060 0.061 0.506875
0.061 0.062 0.500772
0.062 0.063 0.479009
0.063 0.064 0.467400
0.064 0.065 0.457254
0.065 0.066 0.450831
0.066 0.067 0.571430
0.067 0.068 0.562434
0.068 0.069 0.447191
0.069 0.070 0.405722
0.070 0.071 0.341062
0.071 0.072 0.330735
0.072 0.073 0.318072
0.073 0.074 0.315709
0.074 0.075 0.311336
0.075 0.076 0.300192
0.076 0.077 0.286348
0.077 0.078 0.276304
0.078 0.079 0.271792
0.079 0.080 0.265079
0.080 0.081 0.255061
0.081 0.082 0.243713
0.082 0.083 0.232206
0.083 0.084 0.219239
0.084 0.085 0.209123
0.085 0.086 0.200838
0.086 0.087 0.191115
0.087 0.088 0.183046
0.088 0.089 0.175394
0.089 0.090 0.164236
0.090 0.091 0.149690
0.091 0.092 0.137074
0.092 0.093 0.127431
0.093 0.094 0.119207
0.094 0.095 0.108893
0.095 0.096 0.099342
0.096 0.097 0.087050
0.097 0.098 0.073807
0.098 0.099 0.058455
0.099 0.100 0.048128
0.100 0.101 0.043147
0.101 0.102 0.033351
0.102 0.103 0.021644
0.103 0.104 0.010070
0.104 0.105 0.000780
0.105 0.106 0.000000
0.106 0.107 0.000000
0.107 0.108 0.000000
0.108 0.109 0.000000
0.109 0.110 0.000000
0.110 0.111 0.000000
0.111 0.112 0.000000
0.112 0.113 0.000000
0.113 0.114 0.000000
0.114 0.115 0.000000
0.115 0.116 0.000000
0.116 0.117 0.000000
0.117 0.118 0.000000
0.118 0.119 0.000000
0.119 0.120 0.000000
0.120 0.121 0.000000
0.121 0.122 0.000000
0.122 0.123 0.000000
0.123 0.124 0.000000
0.124 0.125 0.000000
0.125 0.126 0.000000
0.126 0.127 0.000000
0.127 0.128 0.000000
0.128 0.129 0.000000
0.129 0.130 0.000000
0.130 0.131 0.000000
0.131 0.132 0.000000
0.132 0.133 0.000000
0.133 0.134 0.000000
0.134 0.135 0.000000
0.135 0.136 0.000000
0.136 0.137 0.000000
0.137 0.138 0.000000
0.138 0.139 0.000000
0.139 0.140 0.000000
0.140 0.141 0.000000
0.141 0.142 0.000000
0.142 0.143 0.000000
0.143 0.144 0.000000
0.144 0.145 0.000000
0.145 0.146 0.000000
0.146 0.147 0.000000
0.147 0.148 0.000000
0.148 0.149 0.000000
0.149 0.150 0.000000
