1
0.000 0.001 0.000000
0.001 0.002 0.000000
0.002 0.003 0.000000
0.003 0.004 0.000000
0.004 0.005 0.000000
0.005 0.006 0.000000
0.006 0.007 0.000000
0.007 0.008 0.000000
0.008 0.009 0.000000
0.009 0.010 0.000000
0.010 0.011 0.000000
0.011 0.012 0.000000
0.012 0.013 0.000000
0.013 0.014 0.000000
0.014 0.015 0.000005
0.015 0.016 0.000049
0.016 0.017 0.000304
0.017 0.018 0.001294
0.018 0.019 0.004140
0.019 0.020 0.010612
0.020 0.021 0.022941
0.021 0.022 0.043211
0.022 0.023 0.072703
0.023 0.024 0.113109
0.024 0.025 0.163763
0.025 0.026 0.223299
0.026 0.027 0.289393
0.027 0.028 0.360896
0.028 0.029 0.434966
0.029 0.030 0.507639
0.030 0.031 0.577981
0.031 0.032 0.644237
0.032 0.033 0.706604
0.033 0.034 0.760069
0.034 0.035 0.805895
0.035 0.036 0.844934
0.036 0.037 0.880899
0.037 0.038 0.909879
0.038 0.039 0.934887
0.039 0.040 0.955438
0.040 0.041 0.966736
0.041 0.042 0.972817
0.042 0.043 0.975957
0.043 0.044 0.975260
0.044 0.045 0.969730
0.045 0.046 0.955178
0.046 0.047 0.940149
0.047 0.048 0.922337
0.048 0.049 0.898671
0.049 0.050 0.879771
0.050 0.051 0.861650
0.051 0.052 0.844657
0.052 0.053 0.820676
0.053 0.054 0.796611
0.054 0.055 0.773455
0.055 0.056 0.746089
0.056 0.057 0.716243
0.057 0.058 0.806618
0.058 0.059 1.000000
0.059 0.060 0.857028
0.060 0.061 0.616028
0.061 0.062 0.591158
0.062 0.063 0.553772
0.063 0.064 0.527955
0.064 0.065 0.503419
0.065 0.066 0.478581
0.066 0.067 0.540173
0.067 0.068 0.519066
0.068 0.069 0.423022
0.069 0.070 0.375629
0.070 0.071 0.318533
0.071 0.072 0.303907
0.072 0.073 0.284806
0.073 0.074 0.268428
0.074 0.075 0.251655
0.075 0.076 0.233540
0.076 0.077 0.215941
0.077 0.078 0.198430
0.078 0.079 0.182985
0.079 0.080 0.165924
0.080 0.081 0.152217
0.081 0.082 0.136717
0.082 0.083 0.123151
0.083 0.084 0.110891
0.084 0.085 0.098134
0.085 0.086 0.085643
0.086 0.087 0.069794
0.087 0.088 0.060367
0.088 0.089 0.049455
0.089 0.090 0.040161
0.090 0.091 0.032727
0.091 0.092 0.022006
0.092 0.093 0.016868
0.093 0.094 0.011564
0.094 0.095 0.004415
0.095 0.096 0.002709
0.096 0.097 0.000000
0.097 0.098 0.000000
0.098 0.099 0.000000
0.099 0.100 0.000000
0.100 0.101 0.000000
0.101 0.102 0.000000
0.102 0.103 0.000000
0.103 0.104 0.000000
0.104 0.105 0.000000
0.105 0.106 0.000000
0.106 0.107 0.000000
0.107 0.108 0.000000
0.108 0.109 0.000000
0.109 0.110 0.000000
0.110 0.111 0.000000
0.111 0.112 0.000000
0.112 0.113 0.000000
0.113 0.114 0.000000
0.114 0.115 0.000000
0.115 0.116 0.000000
0.116 0.117 0.000000
0.117 0.118 0.000000
0.118 0.119 0.000000
0.119 0.120 0.000000
0.120 0.121 0.000000
0.121 0.122 0.000000
0.122 0.123 0.000000
0.123 0.124 0.000000
0.124 0.125 0.000000
0.125 0.126 0.000000
0.126 0.127 0.000000
0.127 0.128 0.000000
0.128 0.129 0.000000
0.129 0.130 0.000000
0.130 0.131 0.000000
0.131 0.132 0.000000
0.132 0.133 0.000000
0.133 0.134 0.000000
0.134 0.135 0.000000
0.135 0.136 0.000000
0.136 0.137 0.000000
0.137 0.138 0.000000
0.138 0.139 0.000000
0.139 0.140 0.000000
0.140 0.141 0.000000
0.141 0.142 0.000000
0.142 0.143 0.000000
0.143 0.144 0.000000
0.144 0.145 0.000000
0.145 0.146 0.000000
0.146 0.147 0.000000
0.147 0.148 0.000000
0.148 0.149 0.000000
0.149 0.150 0.000000
