1
0.000 0.001 0.000000
0.001 0.002 0.000000
0.002 0.003 0.000000
0.003 0.004 0.000000
0.004 0.005 0.000000
0.005 0.006 0.000000
0.006 0.007 0.000000
0.007 0.008 0.000000
0.008 0.009 0.000000
0.009 0.010 0.000000
0.010 0.011 0.000000
0.011 0.012 0.000000
0.012 0.013 0.000000
0.013 0.014 0.000000
0.014 0.015 0.000000
0.015 0.016 0.000000
0.016 0.017 0.000000
0.017 0.018 0.000000
0.018 0.019 0.000000
0.019 0.020 0.000003
0.020 0.021 0.000016
0.021 0.022 0.000065
0.022 0.023 0.000208
0.023 0.024 0.000558
0.024 0.025 0.001303
0.025 0.026 0.002698
0.026 0.027 0.005045
0.027 0.028 0.008697
0.028 0.029 0.013980
0.029 0.030 0.021041
0.030 0.031 0.030205
0.031 0.032 0.041389
0.032 0.033 0.054650
0.033 0.034 0.069902
0.034 0.035 0.086621
0.035 0.036 0.104506
0.036 0.037 0.123709
0.037 0.038 0.144333
0.038 0.039 0.164689
0.039 0.040 0.184611
0.040 0.041 0.204528
0.041 0.042 0.224235
0.042 0.043 0.243453
0.043 0.044 0.261354
0.044 0.045 0.279078
0.045 0.046 0.294213
0.046 0.047 0.308556
0.047 0.048 0.324192
0.048 0.049 0.336865
0.049 0.050 0.346602
0.050 0.051 0.356836
0.051 0.052 0.367053
0.052 0.053 0.373654
0.053 0.054 0.379008
0.054 0.055 0.384636
0.055 0.056 0.390464
0.056 0.057 0.395461
0.057 0.058 0.602796
0.058 0.059 1.000000
0.059 0.060 0.798564
0.060 0.061 0.416348
0.061 0.062 0.416424
0.062 0.063 0.394087
0.063 0.064 0.392873
0.064 0.065 0.389719
0.065 0.066 0.385665
0.066 0.067 0.549775
0.067 0.068 0.548067
0.068 0.069 0.411355
0.069 0.070 0.370418
0.070 0.071 0.292852
0.071 0.072 0.290686
0.072 0.073 0.286605
0.073 0.074 0.282737
0.074 0.075 0.279879
0.075 0.076 0.277103
0.076 0.077 0.272117
0.077 0.078 0.268604
0.078 0.079 0.265585
0.079 0.080 0.262186
0.080 0.081 0.258403
0.081 0.082 0.253039
0.082 0.083 0.247317
0.083 0.084 0.242190
0.084 0.085 0.237921
0.085 0.086 0.233711
0.086 0.087 0.229160
0.087 0.088 0.226188
0.088 0.089 0.220694
0.089 0.090 0.214053
0.090 0.091 0.209026
0.091 0.092 0.200937
0.092 0.093 0.195024
0.093 0.094 0.192303
0.094 0.095 0.186742
0.095 0.096 0.181511
0.096 0.097 0.176702
0.097 0.098 0.169815
0.098 0.099 0.164086
0.099 0.100 0.159334
0.100 0.101 0.154050
0.101 0.102 0.148669
0.102 0.103 0.142864
0.103 0.104 0.138367
0.104 0.105 0.132975
0.105 0.106 0.126431
0.106 0.107 0.121030
0.107 0.108 0.114478
0.108 0.109 0.109281
0.109 0.110 0.104374
0.110 0.111 0.099019
0.111 0.112 0.094107
0.112 0.113 0.087229
0.113 0.114 0.080971
0.114 0.115 0.075994
0.115 0.116 0.070619
0.116 0.117 0.064777
0.117 0.118 0.059141
0.118 0.119 0.052224
0.119 0.120 0.047648
0.120 0.121 0.044751
0.121 0.122 0.040702
0.122 0.123 0.036333
0.123 0.124 0.032600
0.124 0.125 0.028060
0.125 0.126 0.023262
0.126 0.127 0.020183
0.127 0.128 0.016234
0.128 0.129 0.013430
0.129 0.130 0.010409
0.130 0.131 0.007852
0.131 0.132 0.005866
0.132 0.133 0.004192
0.133 0.134 0.002069
0.134 0.135 0.000351
0.135 0.136 0.000000
0.136 0.137 0.000000
0.137 0.138 0.000000
0.138 0.139 0.000000
0.139 0.140 0.000000
0.140 0.141 0.000000
0.141 0.142 0.000000
0.142 0.143 0.000000
0.143 0.144 0.000000
0.144 0.145 0.000000
0.145 0.146 0.000000
0.146 0.147 0.000000
0.147 0.148 0.000000
0.148 0.149 0.000000
0.149 0.150 0.000000
