1
0.000 0.001 0.000000
0.001 0.002 0.000000
0.002 0.003 0.000000
0.003 0.004 0.000000
0.004 0.005 0.000000
0.005 0.006 0.000000
0.006 0.007 0.000000
0.007 0.008 0.000000
0.008 0.009 0.000000
0.009 0.010 0.000000
0.010 0.011 0.000000
0.011 0.012 0.000000
0.012 0.013 0.000000
0.013 0.014 0.000000
0.014 0.015 0.000000
0.015 0.016 0.000000
0.016 0.017 0.000000
0.017 0.018 0.000002
0.018 0.019 0.000014
0.019 0.020 0.000077
0.020 0.021 0.000312
0.021 0.022 0.001000
0.022 0.023 0.002646
0.023 0.024 0.006004
0.024 0.025 0.012024
0.025 0.026 0.021648
0.026 0.027 0.035716
0.027 0.028 0.055019
0.028 0.029 0.079919
0.029 0.030 0.110151
0.030 0.031 0.144999
0.031 0.032 0.183584
0.032 0.033 0.226234
0.033 0.034 0.270785
0.034 0.035 0.315704
0.035 0.036 0.361553
0.036 0.037 0.405620
0.037 0.038 0.447699
0.038 0.039 0.488852
0.039 0.040 0.528475
0.040 0.041 0.562993
0.041 0.042 0.594992
0.042 0.043 0.624134
0.043 0.044 0.649096
0.044 0.045 0.671290
0.045 0.046 0.686712
0.046 0.047 0.700631
0.047 0.048 0.711362
0.048 0.049 0.717433
0.049 0.050 0.719469
0.050 0.051 0.721855
0.051 0.052 0.723820
0.052 0.053 0.718503
0.053 0.054 0.711803
0.054 0.055 0.704624
0.055 0.056 0.693397
0.056 0.057 0.679558
0.057 0.058 0.785958
0.058 0.059 1.000000
0.059 0.060 0.866751
0.060 0.061 0.629628
0.061 0.062 0.609932
0.062 0.063 0.576443
0.063 0.064 0.553605
0.064 0.065 0.531747
0.065 0.066 0.508611
0.066 0.067 0.582121
0.067 0.068 0.564179
0.068 0.069 0.462540
0.069 0.070 0.414453
0.070 0.071 0.355535
0.071 0.072 0.339697
0.072 0.073 0.318656
0.073 0.074 0.301709
0.074 0.075 0.283929
0.075 0.076 0.262122
0.076 0.077 0.244718
0.077 0.078 0.227786
0.078 0.079 0.213206
0.079 0.080 0.197298
0.080 0.081 0.182183
0.081 0.082 0.164736
0.082 0.083 0.149162
0.083 0.084 0.134635
0.084 0.085 0.118447
0.085 0.086 0.106687
0.086 0.087 0.093307
0.087 0.088 0.079077
0.088 0.089 0.066907
0.089 0.090 0.056277
0.090 0.091 0.047340
0.091 0.092 0.035873
0.092 0.093 0.028170
0.093 0.094 0.019006
0.094 0.095 0.013278
0.095 0.096 0.006481
0.096 0.097 0.001732
0.097 0.098 0.000000
0.098 0.099 0.000000
0.099 0.100 0.000000
0.100 0.101 0.000000
0.101 0.102 0.000000
0.102 0.103 0.000000
0.103 0.104 0.000000
0.104 0.105 0.000000
0.105 0.106 0.000000
0.106 0.107 0.000000
0.107 0.108 0.000000
0.108 0.109 0.000000
0.109 0.110 0.000000
0.110 0.111 0.000000
0.111 0.112 0.000000
0.112 0.113 0.000000
0.113 0.114 0.000000
0.114 0.115 0.000000
0.115 0.116 0.000000
0.116 0.117 0.000000
0.117 0.118 0.000000
0.118 0.119 0.000000
0.119 0.120 0.000000
0.120 0.121 0.000000
0.121 0.122 0.000000
0.122 0.123 0.000000
0.123 0.124 0.000000
0.124 0.125 0.000000
0.125 0.126 0.000000
0.126 0.127 0.000000
0.127 0.128 0.000000
0.128 0.129 0.000000
0.129 0.130 0.000000
0.130 0.131 0.000000
0.131 0.132 0.000000
0.132 0.133 0.000000
0.133 0.134 0.000000
0.134 0.135 0.000000
0.135 0.136 0.000000
0.136 0.137 0.000000
0.137 0.138 0.000000
0.138 0.139 0.000000
0.139 0.140 0.000000
0.140 0.141 0.000000
0.141 0.142 0.000000
0.142 0.143 0.000000
0.143 0.144 0.000000
0.144 0.145 0.000000
0.145 0.146 0.000000
0.146 0.147 0.000000
0.147 0.148 0.000000
0.148 0.149 0.000000
0.149 0.150 0.000000
