1
0.000 0.001 0.000000
0.001 0.002 0.000000
0.002 0.003 0.000000
0.003 0.004 0.000000
0.004 0.005 0.000000
0.005 0.006 0.000000
0.006 0.007 0.000000
0.007 0.008 0.000000
0.008 0.009 0.000000
0.009 0.010 0.000000
0.010 0.011 0.000000
0.011 0.012 0.000000
0.012 0.013 0.000000
0.013 0.014 0.000005
0.014 0.015 0.000048
0.015 0.016 0.000271
0.016 0.017 0.001060
0.017 0.018 0.003153
0.018 0.019 0.007589
0.019 0.020 0.015561
0.020 0.021 0.028140
0.021 0.022 0.045844
0.022 0.023 0.068722
0.023 0.024 0.096689
0.024 0.025 0.128862
0.025 0.026 0.163885
0.026 0.027 0.200759
0.027 0.028 0.238899
0.028 0.029 0.277130
0.029 0.030 0.313722
0.030 0.031 0.348641
0.031 0.032 0.380920
0.032 0.033 0.410428
0.033 0.034 0.437218
0.034 0.035 0.460668
0.035 0.036 0.480828
0.036 0.037 0.498781
0.037 0.038 0.514279
0.038 0.039 0.524928
0.039 0.040 0.532688
0.040 0.041 0.538660
0.041 0.042 0.542632
0.042 0.043 0.545103
0.043 0.044 0.544829
0.044 0.045 0.544832
0.045 0.046 0.541373
0.046 0.047 0.536778
0.047 0.048 0.534251
0.048 0.049 0.528995
0.049 0.050 0.520425
0.050 0.051 0.512823
0.051 0.052 0.506411
0.052 0.053 0.497487
0.053 0.054 0.487498
0.054 0.055 0.477608
0.055 0.056 0.468734
0.056 0.057 0.460223
0.057 0.058 0.646030
0.058 0.059 1.000000
0.059 0.060 0.793242
0.060 0.061 0.432551
0.061 0.062 0.423231
0.062 0.063 0.394860
0.063 0.064 0.384928
0.064 0.065 0.374425
0.065 0.066 0.363912
0.066 0.067 0.491940
0.067 0.068 0.482394
0.068 0.069 0.363413
0.069 0.070 0.323715
0.070 0.071 0.257356
0.071 0.072 0.250508
0.072 0.073 0.241455
0.073 0.074 0.235691
0.074 0.075 0.230561
0.075 0.076 0.224801
0.076 0.077 0.217549
0.077 0.078 0.211742
0.078 0.079 0.206925
0.079 0.080 0.201938
0.080 0.081 0.196445
0.081 0.082 0.189635
0.082 0.083 0.182822
0.083 0.084 0.176418
0.084 0.085 0.170797
0.085 0.086 0.165494
0.086 0.087 0.159467
0.087 0.088 0.155866
0.088 0.089 0.150970
0.089 0.090 0.145251
0.090 0.091 0.140059
0.091 0.092 0.133476
0.092 0.093 0.128380
0.093 0.094 0.125144
0.094 0.095 0.120239
0.095 0.096 0.115720
0.096 0.097 0.111184
0.097 0.098 0.105456
0.098 0.099 0.100088
0.099 0.100 0.095598
0.100 0.101 0.092376
0.101 0.102 0.088639
0.102 0.103 0.084598
0.103 0.104 0.081357
0.104 0.105 0.077745
0.105 0.106 0.073475
0.106 0.107 0.069799
0.107 0.108 0.065508
0.108 0.109 0.062046
0.109 0.110 0.058841
0.110 0.111 0.054977
0.111 0.112 0.052299
0.112 0.113 0.048666
0.113 0.114 0.045288
0.114 0.115 0.042704
0.115 0.116 0.040005
0.116 0.117 0.036914
0.117 0.118 0.034237
0.118 0.119 0.030920
0.119 0.120 0.028033
0.120 0.121 0.026743
0.121 0.122 0.024884
0.122 0.123 0.023051
0.123 0.124 0.021121
0.124 0.125 0.018746
0.125 0.126 0.016363
0.126 0.127 0.014465
0.127 0.128 0.011889
0.128 0.129 0.010470
0.129 0.130 0.009039
0.130 0.131 0.007432
0.131 0.132 0.006459
0.132 0.133 0.005136
0.133 0.134 0.003328
0.134 0.135 0.002454
0.135 0.136 0.001649
0.136 0.137 0.000629
0.137 0.138 0.000349
0.138 0.139 0.000000
0.139 0.140 0.000000
0.140 0.141 0.000000
0.141 0.142 0.000000
0.142 0.143 0.000000
0.143 0.144 0.000000
0.144 0.145 0.000000
0.145 0.146 0.000000
0.146 0.147 0.000000
0.147 0.148 0.000000
0.148 0.149 0.000000
0.149 0.150 0.000000
