1
0.000 0.001 0.000000
0.001 0.002 0.000000
0.002 0.003 0.000000
0.003 0.004 0.000000
0.004 0.005 0.000000
0.005 0.006 0.000000
0.006 0.007 0.000000
0.007 0.008 0.000000
0.008 0.009 0.000000
0.009 0.010 0.000000
0.010 0.011 0.000000
0.011 0.012 0.000000
0.012 0.013 0.000000
0.013 0.014 0.000000
0.014 0.015 0.000000
0.015 0.016 0.000000
0.016 0.017 0.000000
0.017 0.018 0.000000
0.018 0.019 0.000003
0.019 0.020 0.000017
0.020 0.021 0.000078
0.021 0.022 0.000281
0.022 0.023 0.000825
0.023 0.024 0.002048
0.024 0.025 0.004438
0.025 0.026 0.008567
0.026 0.027 0.015030
0.027 0.028 0.024464
0.028 0.029 0.037303
0.029 0.030 0.053594
0.030 0.031 0.073465
0.031 0.032 0.096585
0.032 0.033 0.122659
0.033 0.034 0.151113
0.034 0.035 0.181508
0.035 0.036 0.213209
0.036 0.037 0.245137
0.037 0.038 0.276691
0.038 0.039 0.307041
0.039 0.040 0.336891
0.040 0.041 0.365365
0.041 0.042 0.391844
0.042 0.043 0.417229
0.043 0.044 0.439588
0.044 0.045 0.460393
0.045 0.046 0.478021
0.046 0.047 0.491803
0.047 0.048 0.505993
0.048 0.049 0.518486
0.049 0.050 0.525410
0.050 0.051 0.530471
0.051 0.052 0.536754
0.052 0.053 0.541696
0.053 0.054 0.542566
0.054 0.055 0.540676
0.055 0.056 0.539669
0.056 0.057 0.538408
0.057 0.058 0.695777
0.058 0.059 1.000000
0.059 0.060 0.830306
0.060 0.061 0.520827
0.061 0.062 0.513072
0.062 0.063 0.488775
0.063 0.064 0.476614
0.064 0.065 0.464251
0.065 0.066 0.454259
0.066 0.067 0.572698
0.067 0.068 0.562785
0.068 0.069 0.444793
0.069 0.070 0.402197
0.070 0.071 0.336426
0.071 0.072 0.326436
0.072 0.073 0.313948
0.073 0.074 0.307595
0.074 0.075 0.299681
0.075 0.076 0.288693
0.076 0.077 0.275448
0.077 0.078 0.263002
0.078 0.079 0.257467
0.079 0.080 0.250258
0.080 0.081 0.239809
0.081 0.082 0.228014
0.082 0.083 0.217485
0.083 0.084 0.207036
0.084 0.085 0.197490
0.085 0.086 0.188086
0.086 0.087 0.179056
0.087 0.088 0.172435
0.088 0.089 0.165331
0.089 0.090 0.155659
0.090 0.091 0.145491
0.091 0.092 0.133901
0.092 0.093 0.124766
0.093 0.094 0.120520
0.094 0.095 0.113301
0.095 0.096 0.106386
0.096 0.097 0.098187
0.097 0.098 0.088706
0.098 0.099 0.078885
0.099 0.100 0.071052
0.100 0.101 0.067810
0.101 0.102 0.062621
0.102 0.103 0.055132
0.103 0.104 0.049178
0.104 0.105 0.044717
0.105 0.106 0.038466
0.106 0.107 0.034061
0.107 0.108 0.028810
0.108 0.109 0.024119
0.109 0.110 0.018443
0.110 0.111 0.015085
0.111 0.112 0.012333
0.112 0.113 0.009049
0.113 0.114 0.005402
0.114 0.115 0.003560
0.115 0.116 0.000930
0.116 0.117 0.000000
0.117 0.118 0.000000
0.118 0.119 0.000000
0.119 0.120 0.000000
0.120 0.121 0.000000
0.121 0.122 0.000000
0.122 0.123 0.000000
0.123 0.124 0.000000
0.124 0.125 0.000000
0.125 0.126 0.000000
0.126 0.127 0.000000
0.127 0.128 0.000000
0.128 0.129 0.000000
0.129 0.130 0.000000
0.130 0.131 0.000000
0.131 0.132 0.000000
0.132 0.133 0.000000
0.133 0.134 0.000000
0.134 0.135 0.000000
0.135 0.136 0.000000
0.136 0.137 0.000000
0.137 0.138 0.000000
0.138 0.139 0.000000
0.139 0.140 0.000000
0.140 0.141 0.000000
0.141 0.142 0.000000
0.142 0.143 0.000000
0.143 0.144 0.000000
0.144 0.145 0.000000
0.145 0.146 0.000000
0.146 0.147 0.000000
0.147 0.148 0.000000
0.148 0.149 0.000000
0.149 0.150 0.000000
