1
0.000 0.001 0.000000
0.001 0.002 0.000000
0.002 0.003 0.000000
0.003 0.004 0.000000
0.004 0.005 0.000000
0.005 0.006 0.000000
0.006 0.007 0.000000
0.007 0.008 0.000000
0.008 0.009 0.000000
0.009 0.010 0.000000
0.010 0.011 0.000000
0.011 0.012 0.000000
0.012 0.013 0.000000
0.013 0.014 0.000000
0.014 0.015 0.000000
0.015 0.016 0.000000
0.016 0.017 0.000000
0.017 0.018 0.000000
0.018 0.019 0.000000
0.019 0.020 0.000000
0.020 0.021 0.000002
0.021 0.022 0.000009
0.022 0.023 0.000039
0.023 0.024 0.000136
0.024 0.025 0.000396
0.025 0.026 0.000982
0.026 0.027 0.002140
0.027 0.028 0.004204
0.028 0.029 0.007575
0.029 0.030 0.012580
0.030 0.031 0.019581
0.031 0.032 0.028825
0.032 0.033 0.040542
0.033 0.034 0.054779
0.034 0.035 0.071355
0.035 0.036 0.089952
0.036 0.037 0.110493
0.037 0.038 0.132802
0.038 0.039 0.155769
0.039 0.040 0.179546
0.040 0.041 0.203791
0.041 0.042 0.227786
0.042 0.043 0.251807
0.043 0.044 0.275079
0.044 0.045 0.298220
0.045 0.046 0.318921
0.046 0.047 0.338091
0.047 0.048 0.357897
0.048 0.049 0.375554
0.049 0.050 0.389856
0.050 0.051 0.403274
0.051 0.052 0.417058
0.052 0.053 0.428270
0.053 0.054 0.436930
0.054 0.055 0.444597
0.055 0.056 0.452387
0.056 0.057 0.458868
0.057 0.058 0.643749
0.058 0.059 1.000000
0.059 0.060 0.822949
0.060 0.061 0.479293
0.061 0.062 0.478813
0.062 0.063 0.458382
0.063 0.064 0.454755
0.064 0.065 0.449426
0.065 0.066 0.444789
0.066 0.067 0.595485
0.067 0.068 0.592726
0.068 0.069 0.461436
0.069 0.070 0.417976
0.070 0.071 0.342497
0.071 0.072 0.336296
0.072 0.073 0.328719
0.073 0.074 0.324080
0.074 0.075 0.318924
0.075 0.076 0.312465
0.076 0.077 0.303440
0.077 0.078 0.295848
0.078 0.079 0.290859
0.079 0.080 0.284607
0.080 0.081 0.275412
0.081 0.082 0.266556
0.082 0.083 0.258437
0.083 0.084 0.250795
0.084 0.085 0.243909
0.085 0.086 0.237569
0.086 0.087 0.229330
0.087 0.088 0.223686
0.088 0.089 0.216247
0.089 0.090 0.206038
0.090 0.091 0.198449
0.091 0.092 0.187852
0.092 0.093 0.180623
0.093 0.094 0.176939
0.094 0.095 0.169592
0.095 0.096 0.162431
0.096 0.097 0.154873
0.097 0.098 0.144738
0.098 0.099 0.137306
0.099 0.100 0.131318
0.100 0.101 0.126198
0.101 0.102 0.120341
0.102 0.103 0.112710
0.103 0.104 0.106826
0.104 0.105 0.101377
0.105 0.106 0.093948
0.106 0.107 0.088756
0.107 0.108 0.082294
0.108 0.109 0.076901
0.109 0.110 0.071267
0.110 0.111 0.065748
0.111 0.112 0.061074
0.112 0.113 0.054235
0.113 0.114 0.049727
0.114 0.115 0.045667
0.115 0.116 0.040986
0.116 0.117 0.036484
0.117 0.118 0.031763
0.118 0.119 0.025139
0.119 0.120 0.022421
0.120 0.121 0.021152
0.121 0.122 0.018060
0.122 0.123 0.014361
0.123 0.124 0.012035
0.124 0.125 0.009339
0.125 0.126 0.006686
0.126 0.127 0.003974
0.127 0.128 0.002551
0.128 0.129 0.000675
0.129 0.130 0.000000
0.130 0.131 0.000000
0.131 0.132 0.000000
0.132 0.133 0.000000
0.133 0.134 0.000000
0.134 0.135 0.000000
0.135 0.136 0.000000
0.136 0.137 0.000000
0.137 0.138 0.000000
0.138 0.139 0.000000
0.139 0.140 0.000000
0.140 0.141 0.000000
0.141 0.142 0.000000
0.142 0.143 0.000000
0.143 0.144 0.000000
0.144 0.145 0.000000
0.145 0.146 0.000000
0.146 0.147 0.000000
0.147 0.148 0.000000
0.148 0.149 0.000000
0.149 0.150 0.000000
