1
0.000 0.001 0.000000
0.001 0.002 0.000000
0.002 0.003 0.000000
0.003 0.004 0.000000
0.004 0.005 0.000000
0.005 0.006 0.000000
0.006 0.007 0.000000
0.007 0.008 0.000000
0.008 0.009 0.000000
0.009 0.010 0.000000
0.010 0.011 0.000000
0.011 0.012 0.000000
0.012 0.013 0.000000
0.013 0.014 0.000000
0.014 0.015 0.000000
0.015 0.016 0.000000
0.016 0.017 0.000000
0.017 0.018 0.000000
0.018 0.019 0.000000
0.019 0.020 0.000000
0.020 0.021 0.000000
0.021 0.022 0.000001
0.022 0.023 0.000007
0.023 0.024 0.000030
0.024 0.025 0.000101
0.025 0.026 0.000287
0.026 0.027 0.000703
0.027 0.028 0.001529
0.028 0.029 0.003015
0.029 0.030 0.005413
0.030 0.031 0.009071
0.031 0.032 0.014248
0.032 0.033 0.021155
0.033 0.034 0.030128
0.034 0.035 0.041116
0.035 0.036 0.053794
0.036 0.037 0.068812
0.037 0.038 0.085825
0.038 0.039 0.103668
0.039 0.040 0.123058
0.040 0.041 0.143537
0.041 0.042 0.163923
0.042 0.043 0.185347
0.043 0.044 0.206901
0.044 0.045 0.228593
0.045 0.046 0.249251
0.046 0.047 0.268356
0.047 0.048 0.288786
0.048 0.049 0.308213
0.049 0.050 0.324726
0.050 0.051 0.339642
0.051 0.052 0.355244
0.052 0.053 0.369757
0.053 0.054 0.381243
0.054 0.055 0.392194
0.055 0.056 0.404499
0.056 0.057 0.414808
0.057 0.058 0.615087
0.058 0.059 1.000000
0.059 0.060 0.816083
0.060 0.061 0.452022
0.061 0.062 0.455870
0.062 0.063 0.438228
0.063 0.064 0.438925
0.064 0.065 0.436854
0.065 0.066 0.436584
0.066 0.067 0.607538
0.067 0.068 0.609504
0.068 0.069 0.470691
0.069 0.070 0.427688
0.070 0.071 0.346860
0.071 0.072 0.344374
0.072 0.073 0.340608
0.073 0.074 0.338634
0.074 0.075 0.335677
0.075 0.076 0.333024
0.076 0.077 0.327012
0.077 0.078 0.322042
0.078 0.079 0.320557
0.079 0.080 0.316910
0.080 0.081 0.309943
0.081 0.082 0.302024
0.082 0.083 0.295751
0.083 0.084 0.290519
0.084 0.085 0.285414
0.085 0.086 0.280799
0.086 0.087 0.272924
0.087 0.088 0.269453
0.088 0.089 0.263947
0.089 0.090 0.254862
0.090 0.091 0.247948
0.091 0.092 0.235196
0.092 0.093 0.227764
0.093 0.094 0.226099
0.094 0.095 0.218506
0.095 0.096 0.210810
0.096 0.097 0.203174
0.097 0.098 0.192685
0.098 0.099 0.184331
0.099 0.100 0.176645
0.100 0.101 0.169353
0.101 0.102 0.162329
0.102 0.103 0.152102
0.103 0.104 0.144687
0.104 0.105 0.138545
0.105 0.106 0.130387
0.106 0.107 0.122583
0.107 0.108 0.112562
0.108 0.109 0.104132
0.109 0.110 0.094697
0.110 0.111 0.086003
0.111 0.112 0.079160
0.112 0.113 0.069797
0.113 0.114 0.062145
0.114 0.115 0.054257
0.115 0.116 0.044769
0.116 0.117 0.036467
0.117 0.118 0.027405
0.118 0.119 0.016603
0.119 0.120 0.009007
0.120 0.121 0.000628
0.121 0.122 0.000000
0.122 0.123 0.000000
0.123 0.124 0.000000
0.124 0.125 0.000000
0.125 0.126 0.000000
0.126 0.127 0.000000
0.127 0.128 0.000000
0.128 0.129 0.000000
0.129 0.130 0.000000
0.130 0.131 0.000000
0.131 0.132 0.000000
0.132 0.133 0.000000
0.133 0.134 0.000000
0.134 0.135 0.000000
0.135 0.136 0.000000
0.136 0.137 0.000000
0.137 0.138 0.000000
0.138 0.139 0.000000
0.139 0.140 0.000000
0.140 0.141 0.000000
0.141 0.142 0.000000
0.142 0.143 0.000000
0.143 0.144 0.000000
0.144 0.145 0.000000
0.145 0.146 0.000000
0.146 0.147 0.000000
0.147 0.148 0.000000
0.148 0.149 0.000000
0.149 0.150 0.000000
