1
0.000 0.001 0.000000
0.001 0.002 0.000000
0.002 0.003 0.000000
0.003 0.004 0.000000
0.004 0.005 0.000000
0.005 0.006 0.000000
0.006 0.007 0.000000
0.007 0.008 0.000000
0.008 0.009 0.000000
0.009 0.010 0.000000
0.010 0.011 0.000000
0.011 0.012 0.000000
0.012 0.013 0.000000
0.013 0.014 0.000000
0.014 0.015 0.000000
0.015 0.016 0.000001
0.016 0.017 0.000007
0.017 0.018 0.000047
0.018 0.019 0.000214
0.019 0.020 0.000737
0.020 0.021 0.002044
0.021 0.022 0.004746
0.022 0.023 0.009578
0.023 0.024 0.017311
0.024 0.025 0.028508
0.025 0.026 0.043446
0.026 0.027 0.062228
0.027 0.028 0.084758
0.028 0.029 0.110503
0.029 0.030 0.138576
0.030 0.031 0.168305
0.031 0.032 0.198837
0.032 0.033 0.229877
0.033 0.034 0.260723
0.034 0.035 0.290316
0.035 0.036 0.317987
0.036 0.037 0.344378
0.037 0.038 0.369650
0.038 0.039 0.391306
0.039 0.040 0.410352
0.040 0.041 0.427598
0.041 0.042 0.442437
0.042 0.043 0.455553
0.043 0.044 0.465928
0.044 0.045 0.475122
0.045 0.046 0.480790
0.046 0.047 0.484001
0.047 0.048 0.488475
0.048 0.049 0.490383
0.049 0.050 0.488306
0.050 0.051 0.486829
0.051 0.052 0.486443
0.052 0.053 0.482963
0.053 0.054 0.478538
0.054 0.055 0.473624
0.055 0.056 0.469081
0.056 0.057 0.464278
0.057 0.058 0.647764
0.058 0.059 1.000000
0.059 0.060 0.801474
0.060 0.061 0.446303
0.061 0.062 0.437973
0.062 0.063 0.410735
0.063 0.064 0.400463
0.064 0.065 0.391240
0.065 0.066 0.382290
0.066 0.067 0.514589
0.067 0.068 0.506841
0.068 0.069 0.386149
0.069 0.070 0.345826
0.070 0.071 0.277903
0.071 0.072 0.271416
0.072 0.073 0.262976
0.073 0.074 0.256730
0.074 0.075 0.250809
0.075 0.076 0.244027
0.076 0.077 0.234885
0.077 0.078 0.229073
0.078 0.079 0.224676
0.079 0.080 0.219715
0.080 0.081 0.213767
0.081 0.082 0.206527
0.082 0.083 0.199496
0.083 0.084 0.192906
0.084 0.085 0.187101
0.085 0.086 0.181666
0.086 0.087 0.175555
0.087 0.088 0.170885
0.088 0.089 0.164375
0.089 0.090 0.158086
0.090 0.091 0.152435
0.091 0.092 0.145000
0.092 0.093 0.139555
0.093 0.094 0.136434
0.094 0.095 0.131131
0.095 0.096 0.126130
0.096 0.097 0.121024
0.097 0.098 0.114518
0.098 0.099 0.108548
0.099 0.100 0.103816
0.100 0.101 0.099064
0.101 0.102 0.095006
0.102 0.103 0.090305
0.103 0.104 0.086640
0.104 0.105 0.082776
0.105 0.106 0.078073
0.106 0.107 0.073968
0.107 0.108 0.069075
0.108 0.109 0.065054
0.109 0.110 0.061173
0.110 0.111 0.056714
0.111 0.112 0.053761
0.112 0.113 0.049674
0.113 0.114 0.045967
0.114 0.115 0.042968
0.115 0.116 0.039736
0.116 0.117 0.036262
0.117 0.118 0.033010
0.118 0.119 0.028556
0.119 0.120 0.026338
0.120 0.121 0.025174
0.121 0.122 0.023002
0.122 0.123 0.020819
0.123 0.124 0.018509
0.124 0.125 0.015742
0.125 0.126 0.012646
0.126 0.127 0.011115
0.127 0.128 0.009244
0.128 0.129 0.007575
0.129 0.130 0.005946
0.130 0.131 0.003821
0.131 0.132 0.003092
0.132 0.133 0.002153
0.133 0.134 0.000787
0.134 0.135 0.000457
0.135 0.136 0.000000
0.136 0.137 0.000000
0.137 0.138 0.000000
0.138 0.139 0.000000
0.139 0.140 0.000000
0.140 0.141 0.000000
0.141 0.142 0.000000
0.142 0.143 0.000000
0.143 0.144 0.000000
0.144 0.145 0.000000
0.145 0.146 0.000000
0.146 0.147 0.000000
0.147 0.148 0.000000
0.148 0.149 0.000000
0.149 0.150 0.000000
