1
0.000 0.001 0.000000
0.001 0.002 0.000000
0.002 0.003 0.000000
0.003 0.004 0.000000
0.004 0.005 0.000000
0.005 0.006 0.000000
0.006 0.007 0.000000
0.007 0.008 0.000000
0.008 0.009 0.000000
0.009 0.010 0.000000
0.010 0.011 0.000000
0.011 0.012 0.000000
0.012 0.013 0.000002
0.013 0.014 0.000033
0.014 0.015 0.000246
0.015 0.016 0.001174
0.016 0.017 0.004035
0.017 0.018 0.010861
0.018 0.019 0.024173
0.019 0.020 0.046404
0.020 0.021 0.079443
0.021 0.022 0.124010
0.022 0.023 0.179186
0.023 0.024 0.243562
0.024 0.025 0.315302
0.025 0.026 0.390800
0.026 0.027 0.467601
0.027 0.028 0.544325
0.028 0.029 0.618594
0.029 0.030 0.687293
0.030 0.031 0.750738
0.031 0.032 0.806128
0.032 0.033 0.856324
0.033 0.034 0.897473
0.034 0.035 0.930211
0.035 0.036 0.957416
0.036 0.037 0.974546
0.037 0.038 0.986548
0.038 0.039 0.995224
0.039 0.040 1.000000
0.040 0.041 0.996298
0.041 0.042 0.989094
0.042 0.043 0.979150
0.043 0.044 0.966280
0.044 0.045 0.952319
0.045 0.046 0.929384
0.046 0.047 0.909196
0.047 0.048 0.888269
0.048 0.049 0.862223
0.049 0.050 0.831879
0.050 0.051 0.805560
0.051 0.052 0.781182
0.052 0.053 0.754841
0.053 0.054 0.728173
0.054 0.055 0.702122
0.055 0.056 0.673978
0.056 0.057 0.645128
0.057 0.058 0.718882
0.058 0.059 0.880144
0.059 0.060 0.751730
0.060 0.061 0.548126
0.061 0.062 0.522925
0.062 0.063 0.486912
0.063 0.064 0.460890
0.064 0.065 0.436456
0.065 0.066 0.412144
0.066 0.067 0.458898
0.067 0.068 0.441375
0.068 0.069 0.360946
0.069 0.070 0.321317
0.070 0.071 0.276416
0.071 0.072 0.260719
0.072 0.073 0.241122
0.073 0.074 0.222632
0.074 0.075 0.208202
0.075 0.076 0.193029
0.076 0.077 0.178478
0.077 0.078 0.163910
0.078 0.079 0.150970
0.079 0.080 0.137067
0.080 0.081 0.125066
0.081 0.082 0.111518
0.082 0.083 0.099751
0.083 0.084 0.089230
0.084 0.085 0.078150
0.085 0.086 0.065864
0.086 0.087 0.056542
0.087 0.088 0.047525
0.088 0.089 0.037418
0.089 0.090 0.027787
0.090 0.091 0.022942
0.091 0.092 0.017075
0.092 0.093 0.010042
0.093 0.094 0.006507
0.094 0.095 0.001761
0.095 0.096 0.000000
0.096 0.097 0.000000
0.097 0.098 0.000000
0.098 0.099 0.000000
0.099 0.100 0.000000
0.100 0.101 0.000000
0.101 0.102 0.000000
0.102 0.103 0.000000
0.103 0.104 0.000000
0.104 0.105 0.000000
0.105 0.106 0.000000
0.106 0.107 0.000000
0.107 0.108 0.000000
0.108 0.109 0.000000
0.109 0.110 0.000000
0.110 0.111 0.000000
0.111 0.112 0.000000
0.112 0.113 0.000000
0.113 0.114 0.000000
0.114 0.115 0.000000
0.115 0.116 0.000000
0.116 0.117 0.000000
0.117 0.118 0.000000
0.118 0.119 0.000000
0.119 0.120 0.000000
0.120 0.121 0.000000
0.121 0.122 0.000000
0.122 0.123 0.000000
0.123 0.124 0.000000
0.124 0.125 0.000000
0.125 0.126 0.000000
0.126 0.127 0.000000
0.127 0.128 0.000000
0.128 0.129 0.000000
0.129 0.130 0.000000
0.130 0.131 0.000000
0.131 0.132 0.000000
0.132 0.133 0.000000
0.133 0.134 0.000000
0.134 0.135 0.000000
0.135 0.136 0.000000
0.136 0.137 0.000000
0.137 0.138 0.000000
0.138 0.139 0.000000
0.139 0.140 0.000000
0.140 0.141 0.000000
0.141 0.142 0.000000
0.142 0.143 0.000000
0.143 0.144 0.000000
0.144 0.145 0.000000
0.145 0.146 0.000000
0.146 0.147 0.000000
0.147 0.148 0.000000
0.148 0.149 0.000000
0.149 0.150 0.000000
