1
0.000 0.001 0.000000
0.001 0.002 0.000000
0.002 0.003 0.000000
0.003 0.004 0.000000
0.004 0.005 0.000000
0.005 0.006 0.000000
0.006 0.007 0.000000
0.007 0.008 0.000000
0.008 0.009 0.000000
0.009 0.010 0.000000
0.010 0.011 0.000000
0.011 0.012 0.000000
0.012 0.013 0.000000
0.013 0.014 0.000000
0.014 0.015 0.000000
0.015 0.016 0.000000
0.016 0.017 0.000000
0.017 0.018 0.000000
0.018 0.019 0.000000
0.019 0.020 0.000000
0.020 0.021 0.000001
0.021 0.022 0.000004
0.022 0.023 0.000019
0.023 0.024 0.000072
0.024 0.025 0.000224
0.025 0.026 0.000593
0.026 0.027 0.001361
0.027 0.028 0.002821
0.028 0.029 0.005321
0.029 0.030 0.009193
0.030 0.031 0.014860
0.031 0.032 0.022620
0.032 0.033 0.032691
0.033 0.034 0.045176
0.034 0.035 0.060069
0.035 0.036 0.077182
0.036 0.037 0.096448
0.037 0.038 0.117704
0.038 0.039 0.139938
0.039 0.040 0.163286
0.040 0.041 0.187149
0.041 0.042 0.210799
0.042 0.043 0.234777
0.043 0.044 0.257973
0.044 0.045 0.281175
0.045 0.046 0.301610
0.046 0.047 0.321942
0.047 0.048 0.342839
0.048 0.049 0.361645
0.049 0.050 0.377404
0.050 0.051 0.392519
0.051 0.052 0.407420
0.052 0.053 0.419517
0.053 0.054 0.429623
0.054 0.055 0.438298
0.055 0.056 0.446515
0.056 0.057 0.453874
0.057 0.058 0.639829
0.058 0.059 1.000000
0.059 0.060 0.823282
0.060 0.061 0.475516
0.061 0.062 0.475215
0.062 0.063 0.454605
0.063 0.064 0.449904
0.064 0.065 0.446324
0.065 0.066 0.442962
0.066 0.067 0.599329
0.067 0.068 0.598272
0.068 0.069 0.465001
0.069 0.070 0.422048
0.070 0.071 0.345258
0.071 0.072 0.340551
0.072 0.073 0.333178
0.073 0.074 0.328772
0.074 0.075 0.324045
0.075 0.076 0.317925
0.076 0.077 0.309114
0.077 0.078 0.301760
0.078 0.079 0.296805
0.079 0.080 0.289763
0.080 0.081 0.283339
0.081 0.082 0.275403
0.082 0.083 0.267882
0.083 0.084 0.260761
0.084 0.085 0.254539
0.085 0.086 0.248816
0.086 0.087 0.241400
0.087 0.088 0.236455
0.088 0.089 0.229263
0.089 0.090 0.220036
0.090 0.091 0.212118
0.091 0.092 0.200805
0.092 0.093 0.192722
0.093 0.094 0.188216
0.094 0.095 0.179084
0.095 0.096 0.172963
0.096 0.097 0.166621
0.097 0.098 0.158135
0.098 0.099 0.150493
0.099 0.100 0.144421
0.100 0.101 0.139130
0.101 0.102 0.133029
0.102 0.103 0.125274
0.103 0.104 0.119284
0.104 0.105 0.113517
0.105 0.106 0.106293
0.106 0.107 0.099707
0.107 0.108 0.090935
0.108 0.109 0.085937
0.109 0.110 0.080822
0.110 0.111 0.075672
0.111 0.112 0.071252
0.112 0.113 0.065066
0.113 0.114 0.059640
0.114 0.115 0.054859
0.115 0.116 0.049473
0.116 0.117 0.044109
0.117 0.118 0.037942
0.118 0.119 0.032523
0.119 0.120 0.029527
0.120 0.121 0.028167
0.121 0.122 0.024908
0.122 0.123 0.021569
0.123 0.124 0.018030
0.124 0.125 0.013217
0.125 0.126 0.010735
0.126 0.127 0.008796
0.127 0.128 0.006574
0.128 0.129 0.004433
0.129 0.130 0.001712
0.130 0.131 0.000960
0.131 0.132 0.000000
0.132 0.133 0.000000
0.133 0.134 0.000000
0.134 0.135 0.000000
0.135 0.136 0.000000
0.136 0.137 0.000000
0.137 0.138 0.000000
0.138 0.139 0.000000
0.139 0.140 0.000000
0.140 0.141 0.000000
0.141 0.142 0.000000
0.142 0.143 0.000000
0.143 0.144 0.000000
0.144 0.145 0.000000
0.145 0.146 0.000000
0.146 0.147 0.000000
0.147 0.148 0.000000
0.148 0.149 0.000000
0.149 0.150 0.000000
