1
0.000 0.001 0.000000
0.001 0.002 0.000000
0.002 0.003 0.000000
0.003 0.004 0.000000
0.004 0.005 0.000000
0.005 0.006 0.000000
0.006 0.007 0.000000
0.007 0.008 0.000000
0.008 0.009 0.000000
0.009 0.010 0.000000
0.010 0.011 0.000000
0.011 0.012 0.000000
0.012 0.013 0.000000
0.013 0.014 0.000001
0.014 0.015 0.000010
0.015 0.016 0.000073
0.016 0.017 0.000339
0.017 0.018 0.001175
0.018 0.019 0.003226
0.019 0.020 0.007411
0.020 0.021 0.014801
0.021 0.022 0.026329
0.022 0.023 0.042631
0.023 0.024 0.063903
0.024 0.025 0.089935
0.025 0.026 0.120643
0.026 0.027 0.154763
0.027 0.028 0.191755
0.028 0.029 0.230707
0.029 0.030 0.269188
0.030 0.031 0.307187
0.031 0.032 0.343900
0.032 0.033 0.378521
0.033 0.034 0.410549
0.034 0.035 0.440064
0.035 0.036 0.466247
0.036 0.037 0.489803
0.037 0.038 0.510089
0.038 0.039 0.524787
0.039 0.040 0.537627
0.040 0.041 0.547207
0.041 0.042 0.556419
0.042 0.043 0.563826
0.043 0.044 0.568086
0.044 0.045 0.571508
0.045 0.046 0.571580
0.046 0.047 0.568806
0.047 0.048 0.567527
0.048 0.049 0.564463
0.049 0.050 0.557688
0.050 0.051 0.549956
0.051 0.052 0.543293
0.052 0.053 0.535657
0.053 0.054 0.525759
0.054 0.055 0.515400
0.055 0.056 0.506434
0.056 0.057 0.496050
0.057 0.058 0.668353
0.058 0.059 1.000000
0.059 0.060 0.806650
0.060 0.061 0.467023
0.061 0.062 0.456535
0.062 0.063 0.428688
0.063 0.064 0.416593
0.064 0.065 0.403769
0.065 0.066 0.392566
0.066 0.067 0.512748
0.067 0.068 0.502082
0.068 0.069 0.386314
0.069 0.070 0.345019
0.070 0.071 0.279695
0.071 0.072 0.269784
0.072 0.073 0.260871
0.073 0.074 0.254918
0.074 0.075 0.248535
0.075 0.076 0.241234
0.076 0.077 0.232151
0.077 0.078 0.224345
0.078 0.079 0.219012
0.079 0.080 0.212832
0.080 0.081 0.204880
0.081 0.082 0.195876
0.082 0.083 0.187771
0.083 0.084 0.180128
0.084 0.085 0.172382
0.085 0.086 0.167351
0.086 0.087 0.160930
0.087 0.088 0.156628
0.088 0.089 0.151253
0.089 0.090 0.144139
0.090 0.091 0.137638
0.091 0.092 0.129092
0.092 0.093 0.123166
0.093 0.094 0.119838
0.094 0.095 0.113887
0.095 0.096 0.108131
0.096 0.097 0.102055
0.097 0.098 0.094131
0.098 0.099 0.088639
0.099 0.100 0.084185
0.100 0.101 0.080526
0.101 0.102 0.076376
0.102 0.103 0.070850
0.103 0.104 0.066605
0.104 0.105 0.062916
0.105 0.106 0.058319
0.106 0.107 0.053958
0.107 0.108 0.048208
0.108 0.109 0.044788
0.109 0.110 0.041156
0.110 0.111 0.037702
0.111 0.112 0.034864
0.112 0.113 0.031047
0.113 0.114 0.027784
0.114 0.115 0.024674
0.115 0.116 0.020650
0.116 0.117 0.018310
0.117 0.118 0.015768
0.118 0.119 0.012337
0.119 0.120 0.010519
0.120 0.121 0.009524
0.121 0.122 0.006925
0.122 0.123 0.005664
0.123 0.124 0.004338
0.124 0.125 0.002887
0.125 0.126 0.001054
0.126 0.127 0.000640
0.127 0.128 0.000000
0.128 0.129 0.000000
0.129 0.130 0.000000
0.130 0.131 0.000000
0.131 0.132 0.000000
0.132 0.133 0.000000
0.133 0.134 0.000000
0.134 0.135 0.000000
0.135 0.136 0.000000
0.136 0.137 0.000000
0.137 0.138 0.000000
0.138 0.139 0.000000
0.139 0.140 0.000000
0.140 0.141 0.000000
0.141 0.142 0.000000
0.142 0.143 0.000000
0.143 0.144 0.000000
0.144 0.145 0.000000
0.145 0.146 0.000000
0.146 0.147 0.000000
0.147 0.148 0.000000
0.148 0.149 0.000000
0.149 0.150 0.000000
