1
0.000 0.001 0.000000
0.001 0.002 0.000000
0.002 0.003 0.000000
0.003 0.004 0.000000
0.004 0.005 0.000000
0.005 0.006 0.000000
0.006 0.007 0.000000
0.007 0.008 0.000000
0.008 0.009 0.000000
0.009 0.010 0.000000
0.010 0.011 0.000000
0.011 0.012 0.000000
0.012 0.013 0.000000
0.013 0.014 0.000000
0.014 0.015 0.000000
0.015 0.016 0.000003
0.016 0.017 0.000029
0.017 0.018 0.000173
0.018 0.019 0.000737
0.019 0.020 0.002393
0.020 0.021 0.006314
0.021 0.022 0.014073
0.022 0.023 0.027355
0.023 0.024 0.047788
0.024 0.025 0.076531
0.025 0.026 0.113685
0.026 0.027 0.158926
0.027 0.028 0.211610
0.028 0.029 0.270270
0.029 0.030 0.333346
0.030 0.031 0.398024
0.031 0.032 0.461577
0.032 0.033 0.526094
0.033 0.034 0.587705
0.034 0.035 0.643937
0.035 0.036 0.696173
0.036 0.037 0.741490
0.037 0.038 0.782791
0.038 0.039 0.820512
0.039 0.040 0.853340
0.040 0.041 0.878030
0.041 0.042 0.898913
0.042 0.043 0.914409
0.043 0.044 0.925377
0.044 0.045 0.933074
0.045 0.046 0.930826
0.046 0.047 0.929307
0.047 0.048 0.923204
0.048 0.049 0.910792
0.049 0.050 0.896854
0.050 0.051 0.884034
0.051 0.052 0.869736
0.052 0.053 0.847147
0.053 0.054 0.825666
0.054 0.055 0.804293
0.055 0.056 0.776963
0.056 0.057 0.747168
0.057 0.058 0.826753
0.058 0.059 1.000000
0.059 0.060 0.870314
0.060 0.061 0.650797
0.061 0.062 0.621047
0.062 0.063 0.579725
0.063 0.064 0.546976
0.064 0.065 0.520453
0.065 0.066 0.492594
0.066 0.067 0.545778
0.067 0.068 0.523066
0.068 0.069 0.427577
0.069 0.070 0.381662
0.070 0.071 0.330628
0.071 0.072 0.312155
0.072 0.073 0.288385
0.073 0.074 0.267023
0.074 0.075 0.243580
0.075 0.076 0.224778
0.076 0.077 0.206804
0.077 0.078 0.187926
0.078 0.079 0.168831
0.079 0.080 0.155104
0.080 0.081 0.139373
0.081 0.082 0.121103
0.082 0.083 0.103952
0.083 0.084 0.092894
0.084 0.085 0.080708
0.085 0.086 0.068488
0.086 0.087 0.053318
0.087 0.088 0.042997
0.088 0.089 0.031506
0.089 0.090 0.020660
0.090 0.091 0.015483
0.091 0.092 0.007426
0.092 0.093 0.002036
0.093 0.094 0.000000
0.094 0.095 0.000000
0.095 0.096 0.000000
0.096 0.097 0.000000
0.097 0.098 0.000000
0.098 0.099 0.000000
0.099 0.100 0.000000
0.100 0.101 0.000000
0.101 0.102 0.000000
0.102 0.103 0.000000
0.103 0.104 0.000000
0.104 0.105 0.000000
0.105 0.106 0.000000
0.106 0.107 0.000000
0.107 0.108 0.000000
0.108 0.109 0.000000
0.109 0.110 0.000000
0.110 0.111 0.000000
0.111 0.112 0.000000
0.112 0.113 0.000000
0.113 0.114 0.000000
0.114 0.115 0.000000
0.115 0.116 0.000000
0.116 0.117 0.000000
0.117 0.118 0.000000
0.118 0.119 0.000000
0.119 0.120 0.000000
0.120 0.121 0.000000
0.121 0.122 0.000000
0.122 0.123 0.000000
0.123 0.124 0.000000
0.124 0.125 0.000000
0.125 0.126 0.000000
0.126 0.127 0.000000
0.127 0.128 0.000000
0.128 0.129 0.000000
0.129 0.130 0.000000
0.130 0.131 0.000000
0.131 0.132 0.000000
0.132 0.133 0.000000
0.133 0.134 0.000000
0.134 0.135 0.000000
0.135 0.136 0.000000
0.136 0.137 0.000000
0.137 0.138 0.000000
0.138 0.139 0.000000
0.139 0.140 0.000000
0.140 0.141 0.000000
0.141 0.142 0.000000
0.142 0.143 0.000000
0.143 0.144 0.000000
0.144 0.145 0.000000
0.145 0.146 0.000000
0.146 0.147 0.000000
0.147 0.148 0.000000
0.148 0.149 0.000000
0.149 0.150 0.000000
