1
0.000 0.001 0.000000
0.001 0.002 0.000000
0.002 0.003 0.000000
0.003 0.004 0.000000
0.004 0.005 0.000000
0.005 0.006 0.000000
0.006 0.007 0.000000
0.007 0.008 0.000000
0.008 0.009 0.000000
0.009 0.010 0.000000
0.010 0.011 0.000000
0.011 0.012 0.000000
0.012 0.013 0.000000
0.013 0.014 0.000000
0.014 0.015 0.000000
0.015 0.016 0.000000
0.016 0.017 0.000000
0.017 0.018 0.000000
0.018 0.019 0.000000
0.019 0.020 0.000001
0.020 0.021 0.000009
0.021 0.022 0.000041
0.022 0.023 0.000149
0.023 0.024 0.000448
0.024 0.025 0.001141
0.025 0.026 0.002538
0.026 0.027 0.005027
0.027 0.028 0.009093
0.028 0.029 0.015216
0.029 0.030 0.023667
0.030 0.031 0.034878
0.031 0.032 0.048857
0.032 0.033 0.065625
0.033 0.034 0.085123
0.034 0.035 0.106927
0.035 0.036 0.130405
0.036 0.037 0.155227
0.037 0.038 0.181303
0.038 0.039 0.207655
0.039 0.040 0.233988
0.040 0.041 0.260362
0.041 0.042 0.285412
0.042 0.043 0.309863
0.043 0.044 0.333130
0.044 0.045 0.355078
0.045 0.046 0.373984
0.046 0.047 0.390774
0.047 0.048 0.408233
0.048 0.049 0.422880
0.049 0.050 0.432654
0.050 0.051 0.441988
0.051 0.052 0.451532
0.052 0.053 0.460119
0.053 0.054 0.465885
0.054 0.055 0.469971
0.055 0.056 0.474623
0.056 0.057 0.478477
0.057 0.058 0.656405
0.058 0.059 1.000000
0.059 0.060 0.822373
0.060 0.061 0.484761
0.061 0.062 0.481256
0.062 0.063 0.458448
0.063 0.064 0.451269
0.064 0.065 0.442831
0.065 0.066 0.434852
0.066 0.067 0.577318
0.067 0.068 0.573275
0.068 0.069 0.447269
0.069 0.070 0.404701
0.070 0.071 0.332490
0.071 0.072 0.326027
0.072 0.073 0.317233
0.073 0.074 0.311941
0.074 0.075 0.305899
0.075 0.076 0.298422
0.076 0.077 0.288494
0.077 0.078 0.279946
0.078 0.079 0.273696
0.079 0.080 0.268419
0.080 0.081 0.260509
0.081 0.082 0.251366
0.082 0.083 0.243161
0.083 0.084 0.235451
0.084 0.085 0.228425
0.085 0.086 0.222013
0.086 0.087 0.213537
0.087 0.088 0.207736
0.088 0.089 0.200397
0.089 0.090 0.190783
0.090 0.091 0.181335
0.091 0.092 0.171184
0.092 0.093 0.164441
0.093 0.094 0.161139
0.094 0.095 0.154252
0.095 0.096 0.147539
0.096 0.097 0.140334
0.097 0.098 0.131289
0.098 0.099 0.123081
0.099 0.100 0.116329
0.100 0.101 0.109940
0.101 0.102 0.104901
0.102 0.103 0.098032
0.103 0.104 0.092854
0.104 0.105 0.088327
0.105 0.106 0.082539
0.106 0.107 0.077075
0.107 0.108 0.070372
0.108 0.109 0.064646
0.109 0.110 0.057957
0.110 0.111 0.053534
0.111 0.112 0.049915
0.112 0.113 0.044900
0.113 0.114 0.040667
0.114 0.115 0.036636
0.115 0.116 0.031930
0.116 0.117 0.027576
0.117 0.118 0.022316
0.118 0.119 0.017655
0.119 0.120 0.015267
0.120 0.121 0.014072
0.121 0.122 0.011240
0.122 0.123 0.007671
0.123 0.124 0.005884
0.124 0.125 0.003922
0.125 0.126 0.001434
0.126 0.127 0.000872
0.127 0.128 0.000000
0.128 0.129 0.000000
0.129 0.130 0.000000
0.130 0.131 0.000000
0.131 0.132 0.000000
0.132 0.133 0.000000
0.133 0.134 0.000000
0.134 0.135 0.000000
0.135 0.136 0.000000
0.136 0.137 0.000000
0.137 0.138 0.000000
0.138 0.139 0.000000
0.139 0.140 0.000000
0.140 0.141 0.000000
0.141 0.142 0.000000
0.142 0.143 0.000000
0.143 0.144 0.000000
0.144 0.145 0.000000
0.145 0.146 0.000000
0.146 0.147 0.000000
0.147 0.148 0.000000
0.148 0.149 0.000000
0.149 0.150 0.000000
