1
0.000 0.001 0.000000
0.001 0.002 0.000000
0.002 0.003 0.000000
0.003 0.004 0.000000
0.004 0.005 0.000000
0.005 0.006 0.000000
0.006 0.007 0.000000
0.007 0.008 0.000000
0.008 0.009 0.000000
0.009 0.010 0.000000
0.010 0.011 0.000000
0.011 0.012 0.000000
0.012 0.013 0.000000
0.013 0.014 0.000000
0.014 0.015 0.000000
0.015 0.016 0.000000
0.016 0.017 0.000000
0.017 0.018 0.000000
0.018 0.019 0.000000
0.019 0.020 0.000003
0.020 0.021 0.000017
0.021 0.022 0.000079
0.022 0.023 0.000286
0.023 0.024 0.000846
0.024 0.025 0.002122
0.025 0.026 0.004643
0.026 0.027 0.009059
0.027 0.028 0.016155
0.028 0.029 0.026654
0.029 0.030 0.040944
0.030 0.031 0.059390
0.031 0.032 0.082026
0.032 0.033 0.108863
0.033 0.034 0.138730
0.034 0.035 0.172395
0.035 0.036 0.209247
0.036 0.037 0.247342
0.037 0.038 0.285140
0.038 0.039 0.323800
0.039 0.040 0.363004
0.040 0.041 0.399526
0.041 0.042 0.433656
0.042 0.043 0.467211
0.043 0.044 0.497183
0.044 0.045 0.524791
0.045 0.046 0.547949
0.046 0.047 0.566364
0.047 0.048 0.582633
0.048 0.049 0.595178
0.049 0.050 0.607015
0.050 0.051 0.617182
0.051 0.052 0.626892
0.052 0.053 0.631854
0.053 0.054 0.634476
0.054 0.055 0.634555
0.055 0.056 0.630789
0.056 0.057 0.625455
0.057 0.058 0.752081
0.058 0.059 1.000000
0.059 0.060 0.857694
0.060 0.061 0.594964
0.061 0.062 0.578841
0.062 0.063 0.554132
0.063 0.064 0.539360
0.064 0.065 0.525380
0.065 0.066 0.511731
0.066 0.067 0.607776
0.067 0.068 0.595098
0.068 0.069 0.485660
0.069 0.070 0.439561
0.070 0.071 0.378361
0.071 0.072 0.362739
0.072 0.073 0.342285
0.073 0.074 0.326977
0.074 0.075 0.316317
0.075 0.076 0.300904
0.076 0.077 0.284409
0.077 0.078 0.269836
0.078 0.079 0.258792
0.079 0.080 0.246856
0.080 0.081 0.231830
0.081 0.082 0.214020
0.082 0.083 0.197205
0.083 0.084 0.178004
0.084 0.085 0.166209
0.085 0.086 0.155610
0.086 0.087 0.143379
0.087 0.088 0.131766
0.088 0.089 0.118999
0.089 0.090 0.106024
0.090 0.091 0.092684
0.091 0.092 0.077505
0.092 0.093 0.069263
0.093 0.094 0.061093
0.094 0.095 0.052242
0.095 0.096 0.043852
0.096 0.097 0.033862
0.097 0.098 0.021859
0.098 0.099 0.015081
0.099 0.100 0.009853
0.100 0.101 0.004394
0.101 0.102 0.002696
0.102 0.103 0.000000
0.103 0.104 0.000000
0.104 0.105 0.000000
0.105 0.106 0.000000
0.106 0.107 0.000000
0.107 0.108 0.000000
0.108 0.109 0.000000
0.109 0.110 0.000000
0.110 0.111 0.000000
0.111 0.112 0.000000
0.112 0.113 0.000000
0.113 0.114 0.000000
0.114 0.115 0.000000
0.115 0.116 0.000000
0.116 0.117 0.000000
0.117 0.118 0.000000
0.118 0.119 0.000000
0.119 0.120 0.000000
0.120 0.121 0.000000
0.121 0.122 0.000000
0.122 0.123 0.000000
0.123 0.124 0.000000
0.124 0.125 0.000000
0.125 0.126 0.000000
0.126 0.127 0.000000
0.127 0.128 0.000000
0.128 0.129 0.000000
0.129 0.130 0.000000
0.130 0.131 0.000000
0.131 0.132 0.000000
0.132 0.133 0.000000
0.133 0.134 0.000000
0.134 0.135 0.000000
0.135 0.136 0.000000
0.136 0.137 0.000000
0.137 0.138 0.000000
0.138 0.139 0.000000
0.139 0.140 0.000000
0.140 0.141 0.000000
0.141 0.142 0.000000
0.142 0.143 0.000000
0.143 0.144 0.000000
0.144 0.145 0.000000
0.145 0.146 0.000000
0.146 0.147 0.000000
0.147 0.148 0.000000
0.148 0.149 0.000000
0.149 0.150 0.000000
