1
0.000 0.001 0.000000
0.001 0.002 0.000000
0.002 0.003 0.000000
0.003 0.004 0.000000
0.004 0.005 0.000000
0.005 0.006 0.000000
0.006 0.007 0.000000
0.007 0.008 0.000000
0.008 0.009 0.000000
0.009 0.010 0.000000
0.010 0.011 0.000000
0.011 0.012 0.000000
0.012 0.013 0.000000
0.013 0.014 0.000000
0.014 0.015 0.000000
0.015 0.016 0.000000
0.016 0.017 0.000002
0.017 0.018 0.000013
0.018 0.019 0.000068
0.019 0.020 0.000264
0.020 0.021 0.000817
0.021 0.022 0.002091
0.022 0.023 0.004596
0.023 0.024 0.008950
0.024 0.025 0.015780
0.025 0.026 0.025529
0.026 0.027 0.038509
0.027 0.028 0.055040
0.028 0.029 0.074885
0.029 0.030 0.097373
0.030 0.031 0.122405
0.031 0.032 0.149075
0.032 0.033 0.177048
0.033 0.034 0.205875
0.034 0.035 0.234421
0.035 0.036 0.262073
0.036 0.037 0.289197
0.037 0.038 0.315714
0.038 0.039 0.339383
0.039 0.040 0.360839
0.040 0.041 0.380913
0.041 0.042 0.399151
0.042 0.043 0.415519
0.043 0.044 0.429151
0.044 0.045 0.441697
0.045 0.046 0.450822
0.046 0.047 0.457845
0.047 0.048 0.465866
0.048 0.049 0.471017
0.049 0.050 0.472195
0.050 0.051 0.473760
0.051 0.052 0.475604
0.052 0.053 0.474362
0.053 0.054 0.471479
0.054 0.055 0.468013
0.055 0.056 0.464876
0.056 0.057 0.462459
0.057 0.058 0.647055
0.058 0.059 1.000000
0.059 0.060 0.804264
0.060 0.061 0.451333
0.061 0.062 0.444444
0.062 0.063 0.418099
0.063 0.064 0.409370
0.064 0.065 0.399793
0.065 0.066 0.390618
0.066 0.067 0.524900
0.067 0.068 0.516191
0.068 0.069 0.394295
0.069 0.070 0.353837
0.070 0.071 0.284938
0.071 0.072 0.278980
0.072 0.073 0.270983
0.073 0.074 0.265137
0.074 0.075 0.259574
0.075 0.076 0.253141
0.076 0.077 0.244879
0.077 0.078 0.238043
0.078 0.079 0.232769
0.079 0.080 0.226435
0.080 0.081 0.220544
0.081 0.082 0.213429
0.082 0.083 0.206468
0.083 0.084 0.199923
0.084 0.085 0.194228
0.085 0.086 0.188916
0.086 0.087 0.182828
0.087 0.088 0.178273
0.088 0.089 0.172067
0.089 0.090 0.164711
0.090 0.091 0.158294
0.091 0.092 0.149248
0.092 0.093 0.143771
0.093 0.094 0.140739
0.094 0.095 0.135405
0.095 0.096 0.130367
0.096 0.097 0.125226
0.097 0.098 0.118615
0.098 0.099 0.112574
0.099 0.100 0.107792
0.100 0.101 0.103443
0.101 0.102 0.097998
0.102 0.103 0.093228
0.103 0.104 0.089530
0.104 0.105 0.085614
0.105 0.106 0.080835
0.106 0.107 0.076677
0.107 0.108 0.071687
0.108 0.109 0.067597
0.109 0.110 0.063623
0.110 0.111 0.059464
0.111 0.112 0.055295
0.112 0.113 0.051119
0.113 0.114 0.047345
0.114 0.115 0.044296
0.115 0.116 0.040990
0.116 0.117 0.037456
0.117 0.118 0.034100
0.118 0.119 0.029749
0.119 0.120 0.026558
0.120 0.121 0.025394
0.121 0.122 0.023177
0.122 0.123 0.020947
0.123 0.124 0.018585
0.124 0.125 0.015756
0.125 0.126 0.012592
0.126 0.127 0.011030
0.127 0.128 0.009126
0.128 0.129 0.007421
0.129 0.130 0.005760
0.130 0.131 0.003593
0.131 0.132 0.002835
0.132 0.133 0.001873
0.133 0.134 0.000487
0.134 0.135 0.000000
0.135 0.136 0.000000
0.136 0.137 0.000000
0.137 0.138 0.000000
0.138 0.139 0.000000
0.139 0.140 0.000000
0.140 0.141 0.000000
0.141 0.142 0.000000
0.142 0.143 0.000000
0.143 0.144 0.000000
0.144 0.145 0.000000
0.145 0.146 0.000000
0.146 0.147 0.000000
0.147 0.148 0.000000
0.148 0.149 0.000000
0.149 0.150 0.000000
