1
0.000 0.001 0.000000
0.001 0.002 0.000000
0.002 0.003 0.000000
0.003 0.004 0.000000
0.004 0.005 0.000000
0.005 0.006 0.000000
0.006 0.007 0.000000
0.007 0.008 0.000000
0.008 0.009 0.000000
0.009 0.010 0.000000
0.010 0.011 0.000000
0.011 0.012 0.000000
0.012 0.013 0.000000
0.013 0.014 0.000000
0.014 0.015 0.000004
0.015 0.016 0.000032
0.016 0.017 0.000163
0.017 0.018 0.000615
0.018 0.019 0.001808
0.019 0.020 0.004412
0.020 0.021 0.009262
0.021 0.022 0.017213
0.022 0.023 0.028965
0.023 0.024 0.044909
0.024 0.025 0.065299
0.025 0.026 0.089591
0.026 0.027 0.117177
0.027 0.028 0.147925
0.028 0.029 0.180661
0.029 0.030 0.213877
0.030 0.031 0.247179
0.031 0.032 0.280321
0.032 0.033 0.312882
0.033 0.034 0.343732
0.034 0.035 0.371649
0.035 0.036 0.397452
0.036 0.037 0.420637
0.037 0.038 0.442090
0.038 0.039 0.460054
0.039 0.040 0.475076
0.040 0.041 0.487332
0.041 0.042 0.496851
0.042 0.043 0.505267
0.043 0.044 0.510510
0.044 0.045 0.515044
0.045 0.046 0.515889
0.046 0.047 0.513823
0.047 0.048 0.515478
0.048 0.049 0.514625
0.049 0.050 0.510419
0.050 0.051 0.506622
0.051 0.052 0.503431
0.052 0.053 0.497382
0.053 0.054 0.490493
0.054 0.055 0.483511
0.055 0.056 0.476755
0.056 0.057 0.469693
0.057 0.058 0.651566
0.058 0.059 1.000000
0.059 0.060 0.799288
0.060 0.061 0.445172
0.061 0.062 0.435366
0.062 0.063 0.406450
0.063 0.064 0.397335
0.064 0.065 0.387212
0.065 0.066 0.377485
0.066 0.067 0.506246
0.067 0.068 0.497572
0.068 0.069 0.378852
0.069 0.070 0.338749
0.070 0.071 0.272143
0.071 0.072 0.265318
0.072 0.073 0.256622
0.073 0.074 0.250190
0.074 0.075 0.244019
0.075 0.076 0.237044
0.076 0.077 0.228441
0.077 0.078 0.220600
0.078 0.079 0.216334
0.079 0.080 0.211387
0.080 0.081 0.205327
0.081 0.082 0.198209
0.082 0.083 0.191327
0.083 0.084 0.184904
0.084 0.085 0.179265
0.085 0.086 0.173998
0.086 0.087 0.167982
0.087 0.088 0.163474
0.088 0.089 0.157467
0.089 0.090 0.150406
0.090 0.091 0.144268
0.091 0.092 0.135608
0.092 0.093 0.130511
0.093 0.094 0.127720
0.094 0.095 0.122787
0.095 0.096 0.118130
0.096 0.097 0.113385
0.097 0.098 0.107305
0.098 0.099 0.101753
0.099 0.100 0.097372
0.100 0.101 0.093448
0.101 0.102 0.088951
0.102 0.103 0.083773
0.103 0.104 0.079170
0.104 0.105 0.075741
0.105 0.106 0.071570
0.106 0.107 0.067964
0.107 0.108 0.063615
0.108 0.109 0.060069
0.109 0.110 0.056595
0.110 0.111 0.052997
0.111 0.112 0.049793
0.112 0.113 0.045475
0.113 0.114 0.041552
0.114 0.115 0.037810
0.115 0.116 0.035127
0.116 0.117 0.032244
0.117 0.118 0.029482
0.118 0.119 0.025777
0.119 0.120 0.023452
0.120 0.121 0.022190
0.121 0.122 0.019804
0.122 0.123 0.016989
0.123 0.124 0.015254
0.124 0.125 0.013127
0.125 0.126 0.011003
0.126 0.127 0.009349
0.127 0.128 0.007418
0.128 0.129 0.005284
0.129 0.130 0.004242
0.130 0.131 0.003070
0.131 0.132 0.002242
0.132 0.133 0.000872
0.133 0.134 0.000503
0.134 0.135 0.000000
0.135 0.136 0.000000
0.136 0.137 0.000000
0.137 0.138 0.000000
0.138 0.139 0.000000
0.139 0.140 0.000000
0.140 0.141 0.000000
0.141 0.142 0.000000
0.142 0.143 0.000000
0.143 0.144 0.000000
0.144 0.145 0.000000
0.145 0.146 0.000000
0.146 0.147 0.000000
0.147 0.148 0.000000
0.148 0.149 0.000000
0.149 0.150 0.000000
