1
0.000 0.001 0.000000
0.001 0.002 0.000000
0.002 0.003 0.000000
0.003 0.004 0.000000
0.004 0.005 0.000000
0.005 0.006 0.000000
0.006 0.007 0.000000
0.007 0.008 0.000000
0.008 0.009 0.000000
0.009 0.010 0.000000
0.010 0.011 0.000000
0.011 0.012 0.000000
0.012 0.013 0.000000
0.013 0.014 0.000000
0.014 0.015 0.000000
0.015 0.016 0.000000
0.016 0.017 0.000000
0.017 0.018 0.000000
0.018 0.019 0.000001
0.019 0.020 0.000005
0.020 0.021 0.000024
0.021 0.022 0.000096
0.022 0.023 0.000306
0.023 0.024 0.000818
0.024 0.025 0.001889
0.025 0.026 0.003857
0.026 0.027 0.007109
0.027 0.028 0.012085
0.028 0.029 0.019164
0.029 0.030 0.028438
0.030 0.031 0.040175
0.031 0.032 0.054383
0.032 0.033 0.070756
0.033 0.034 0.089241
0.034 0.035 0.109466
0.035 0.036 0.130652
0.036 0.037 0.153135
0.037 0.038 0.176475
0.038 0.039 0.198852
0.039 0.040 0.221221
0.040 0.041 0.243322
0.041 0.042 0.264071
0.042 0.043 0.284414
0.043 0.044 0.303424
0.044 0.045 0.321976
0.045 0.046 0.337895
0.046 0.047 0.351423
0.047 0.048 0.366330
0.048 0.049 0.379381
0.049 0.050 0.388504
0.050 0.051 0.396989
0.051 0.052 0.406149
0.052 0.053 0.413182
0.053 0.054 0.417727
0.054 0.055 0.421416
0.055 0.056 0.426408
0.056 0.057 0.430723
0.057 0.058 0.625792
0.058 0.059 1.000000
0.059 0.060 0.806580
0.060 0.061 0.442647
0.061 0.062 0.441221
0.062 0.063 0.419351
0.063 0.064 0.415478
0.064 0.065 0.410136
0.065 0.066 0.405854
0.066 0.067 0.558044
0.067 0.068 0.554785
0.068 0.069 0.424698
0.069 0.070 0.383390
0.070 0.071 0.309235
0.071 0.072 0.304911
0.072 0.073 0.298862
0.073 0.074 0.295437
0.074 0.075 0.291858
0.075 0.076 0.287158
0.076 0.077 0.279916
0.077 0.078 0.274487
0.078 0.079 0.271383
0.079 0.080 0.267038
0.080 0.081 0.260951
0.081 0.082 0.253588
0.082 0.083 0.246563
0.083 0.084 0.239845
0.084 0.085 0.234154
0.085 0.086 0.229012
0.086 0.087 0.222493
0.087 0.088 0.218371
0.088 0.089 0.212515
0.089 0.090 0.204390
0.090 0.091 0.197063
0.091 0.092 0.186999
0.092 0.093 0.180099
0.093 0.094 0.176641
0.094 0.095 0.169759
0.095 0.096 0.163125
0.096 0.097 0.156174
0.097 0.098 0.147265
0.098 0.099 0.138969
0.099 0.100 0.132862
0.100 0.101 0.127625
0.101 0.102 0.121547
0.102 0.103 0.113962
0.103 0.104 0.107654
0.104 0.105 0.102684
0.105 0.106 0.096454
0.106 0.107 0.090821
0.107 0.108 0.083989
0.108 0.109 0.077871
0.109 0.110 0.072808
0.110 0.111 0.067735
0.111 0.112 0.063359
0.112 0.113 0.057045
0.113 0.114 0.052465
0.114 0.115 0.048490
0.115 0.116 0.044014
0.116 0.117 0.039550
0.117 0.118 0.034673
0.118 0.119 0.029371
0.119 0.120 0.026399
0.120 0.121 0.024927
0.121 0.122 0.021321
0.122 0.123 0.018671
0.123 0.124 0.015860
0.124 0.125 0.012252
0.125 0.126 0.009696
0.126 0.127 0.007652
0.127 0.128 0.005054
0.128 0.129 0.003477
0.129 0.130 0.001685
0.130 0.131 0.000424
0.131 0.132 0.000000
0.132 0.133 0.000000
0.133 0.134 0.000000
0.134 0.135 0.000000
0.135 0.136 0.000000
0.136 0.137 0.000000
0.137 0.138 0.000000
0.138 0.139 0.000000
0.139 0.140 0.000000
0.140 0.141 0.000000
0.141 0.142 0.000000
0.142 0.143 0.000000
0.143 0.144 0.000000
0.144 0.145 0.000000
0.145 0.146 0.000000
0.146 0.147 0.000000
0.147 0.148 0.000000
0.148 0.149 0.000000
0.149 0.150 0.000000
