1
0.000 0.001 0.000000
0.001 0.002 0.000000
0.002 0.003 0.000000
0.003 0.004 0.000000
0.004 0.005 0.000000
0.005 0.006 0.000000
0.006 0.007 0.000000
0.007 0.008 0.000000
0.008 0.009 0.000000
0.009 0.010 0.000000
0.010 0.011 0.000000
0.011 0.012 0.000000
0.012 0.013 0.000000
0.013 0.014 0.000000
0.014 0.015 0.000000
0.015 0.016 0.000000
0.016 0.017 0.000000
0.017 0.018 0.000000
0.018 0.019 0.000000
0.019 0.020 0.000003
0.020 0.021 0.000020
0.021 0.022 0.000094
0.022 0.023 0.000348
0.023 0.024 0.001055
0.024 0.025 0.002711
0.025 0.026 0.006054
0.026 0.027 0.012025
0.027 0.028 0.021747
0.028 0.029 0.036346
0.029 0.030 0.056688
0.030 0.031 0.083305
0.031 0.032 0.116026
0.032 0.033 0.155152
0.033 0.034 0.199850
0.034 0.035 0.249282
0.035 0.036 0.302577
0.036 0.037 0.357218
0.037 0.038 0.414724
0.038 0.039 0.473103
0.039 0.040 0.529459
0.040 0.041 0.583684
0.041 0.042 0.636327
0.042 0.043 0.684728
0.043 0.044 0.727545
0.044 0.045 0.768524
0.045 0.046 0.799872
0.046 0.047 0.828488
0.047 0.048 0.851571
0.048 0.049 0.866053
0.049 0.050 0.879033
0.050 0.051 0.888319
0.051 0.052 0.891395
0.052 0.053 0.887597
0.053 0.054 0.884634
0.054 0.055 0.875264
0.055 0.056 0.851864
0.056 0.057 0.826419
0.057 0.058 0.878121
0.058 0.059 1.000000
0.059 0.060 0.903459
0.060 0.061 0.733359
0.061 0.062 0.698529
0.062 0.063 0.665198
0.063 0.064 0.633167
0.064 0.065 0.598464
0.065 0.066 0.558441
0.066 0.067 0.579429
0.067 0.068 0.551739
0.068 0.069 0.463154
0.069 0.070 0.409759
0.070 0.071 0.352942
0.071 0.072 0.325984
0.072 0.073 0.290716
0.073 0.074 0.261681
0.074 0.075 0.229134
0.075 0.076 0.204444
0.076 0.077 0.179631
0.077 0.078 0.147858
0.078 0.079 0.122327
0.079 0.080 0.101635
0.080 0.081 0.079662
0.081 0.082 0.059927
0.082 0.083 0.040429
0.083 0.084 0.029753
0.084 0.085 0.014510
0.085 0.086 0.003950
0.086 0.087 0.000000
0.087 0.088 0.000000
0.088 0.089 0.000000
0.089 0.090 0.000000
0.090 0.091 0.000000
0.091 0.092 0.000000
0.092 0.093 0.000000
0.093 0.094 0.000000
0.094 0.095 0.000000
0.095 0.096 0.000000
0.096 0.097 0.000000
0.097 0.098 0.000000
0.098 0.099 0.000000
0.099 0.100 0.000000
0.100 0.101 0.000000
0.101 0.102 0.000000
0.102 0.103 0.000000
0.103 0.104 0.000000
0.104 0.105 0.000000
0.105 0.106 0.000000
0.106 0.107 0.000000
0.107 0.108 0.000000
0.108 0.109 0.000000
0.109 0.110 0.000000
0.110 0.111 0.000000
0.111 0.112 0.000000
0.112 0.113 0.000000
0.113 0.114 0.000000
0.114 0.115 0.000000
0.115 0.116 0.000000
0.116 0.117 0.000000
0.117 0.118 0.000000
0.118 0.119 0.000000
0.119 0.120 0.000000
0.120 0.121 0.000000
0.121 0.122 0.000000
0.122 0.123 0.000000
0.123 0.124 0.000000
0.124 0.125 0.000000
0.125 0.126 0.000000
0.126 0.127 0.000000
0.127 0.128 0.000000
0.128 0.129 0.000000
0.129 0.130 0.000000
0.130 0.131 0.000000
0.131 0.132 0.000000
0.132 0.133 0.000000
0.133 0.134 0.000000
0.134 0.135 0.000000
0.135 0.136 0.000000
0.136 0.137 0.000000
0.137 0.138 0.000000
0.138 0.139 0.000000
0.139 0.140 0.000000
0.140 0.141 0.000000
0.141 0.142 0.000000
0.142 0.143 0.000000
0.143 0.144 0.000000
0.144 0.145 0.000000
0.145 0.146 0.000000
0.146 0.147 0.000000
0.147 0.148 0.000000
0.148 0.149 0.000000
0.149 0.150 0.000000
