1
0.000 0.001 0.000000
0.001 0.002 0.000000
0.002 0.003 0.000000
0.003 0.004 0.000000
0.004 0.005 0.000000
0.005 0.006 0.000000
0.006 0.007 0.000000
0.007 0.008 0.000000
0.008 0.009 0.000000
0.009 0.010 0.000000
0.010 0.011 0.000000
0.011 0.012 0.000001
0.012 0.013 0.000011
0.013 0.014 0.000107
0.014 0.015 0.000619
0.015 0.016 0.002433
0.016 0.017 0.007180
0.017 0.018 0.017050
0.018 0.019 0.034279
0.019 0.020 0.060711
0.020 0.021 0.097122
0.021 0.022 0.142972
0.022 0.023 0.196937
0.023 0.024 0.257443
0.024 0.025 0.322281
0.025 0.026 0.387926
0.026 0.027 0.452908
0.027 0.028 0.516641
0.028 0.029 0.576888
0.029 0.030 0.633839
0.030 0.031 0.683260
0.031 0.032 0.725230
0.032 0.033 0.764691
0.033 0.034 0.796924
0.034 0.035 0.822140
0.035 0.036 0.845023
0.036 0.037 0.860228
0.037 0.038 0.867740
0.038 0.039 0.874510
0.039 0.040 0.880366
0.040 0.041 0.878614
0.041 0.042 0.874844
0.042 0.043 0.870428
0.043 0.044 0.861625
0.044 0.045 0.852921
0.045 0.046 0.840121
0.046 0.047 0.825138
0.047 0.048 0.810246
0.048 0.049 0.794247
0.049 0.050 0.774620
0.050 0.051 0.757053
0.051 0.052 0.742499
0.052 0.053 0.723685
0.053 0.054 0.703996
0.054 0.055 0.684439
0.055 0.056 0.664104
0.056 0.057 0.644167
0.057 0.058 0.762600
0.058 0.059 1.000000
0.059 0.060 0.841237
0.060 0.061 0.573325
0.061 0.062 0.552155
0.062 0.063 0.518875
0.063 0.064 0.496997
0.064 0.065 0.476599
0.065 0.066 0.457440
0.066 0.067 0.534715
0.067 0.068 0.517259
0.068 0.069 0.418772
0.069 0.070 0.374858
0.070 0.071 0.319954
0.071 0.072 0.304614
0.072 0.073 0.285513
0.073 0.074 0.272271
0.074 0.075 0.257788
0.075 0.076 0.241366
0.076 0.077 0.224672
0.077 0.078 0.209505
0.078 0.079 0.196603
0.079 0.080 0.185786
0.080 0.081 0.172695
0.081 0.082 0.157863
0.082 0.083 0.143349
0.083 0.084 0.131456
0.084 0.085 0.120451
0.085 0.086 0.110306
0.086 0.087 0.098275
0.087 0.088 0.089214
0.088 0.089 0.079294
0.089 0.090 0.069654
0.090 0.091 0.059429
0.091 0.092 0.051407
0.092 0.093 0.044100
0.093 0.094 0.036060
0.094 0.095 0.029887
0.095 0.096 0.023311
0.096 0.097 0.018022
0.097 0.098 0.012662
0.098 0.099 0.006738
0.099 0.100 0.003022
0.100 0.101 0.000966
0.101 0.102 0.000000
0.102 0.103 0.000000
0.103 0.104 0.000000
0.104 0.105 0.000000
0.105 0.106 0.000000
0.106 0.107 0.000000
0.107 0.108 0.000000
0.108 0.109 0.000000
0.109 0.110 0.000000
0.110 0.111 0.000000
0.111 0.112 0.000000
0.112 0.113 0.000000
0.113 0.114 0.000000
0.114 0.115 0.000000
0.115 0.116 0.000000
0.116 0.117 0.000000
0.117 0.118 0.000000
0.118 0.119 0.000000
0.119 0.120 0.000000
0.120 0.121 0.000000
0.121 0.122 0.000000
0.122 0.123 0.000000
0.123 0.124 0.000000
0.124 0.125 0.000000
0.125 0.126 0.000000
0.126 0.127 0.000000
0.127 0.128 0.000000
0.128 0.129 0.000000
0.129 0.130 0.000000
0.130 0.131 0.000000
0.131 0.132 0.000000
0.132 0.133 0.000000
0.133 0.134 0.000000
0.134 0.135 0.000000
0.135 0.136 0.000000
0.136 0.137 0.000000
0.137 0.138 0.000000
0.138 0.139 0.000000
0.139 0.140 0.000000
0.140 0.141 0.000000
0.141 0.142 0.000000
0.142 0.143 0.000000
0.143 0.144 0.000000
0.144 0.145 0.000000
0.145 0.146 0.000000
0.146 0.147 0.000000
0.147 0.148 0.000000
0.148 0.149 0.000000
0.149 0.150 0.000000
