1
0.000 0.001 0.000000
0.001 0.002 0.000000
0.002 0.003 0.000000
0.003 0.004 0.000000
0.004 0.005 0.000000
0.005 0.006 0.000000
0.006 0.007 0.000000
0.007 0.008 0.000000
0.008 0.009 0.000000
0.009 0.010 0.000000
0.010 0.011 0.000000
0.011 0.012 0.000000
0.012 0.013 0.000000
0.013 0.014 0.000000
0.014 0.015 0.000000
0.015 0.016 0.000000
0.016 0.017 0.000000
0.017 0.018 0.000000
0.018 0.019 0.000000
0.019 0.020 0.000002
0.020 0.021 0.000011
0.021 0.022 0.000053
0.022 0.023 0.000191
0.023 0.024 0.000562
0.024 0.025 0.001416
0.025 0.026 0.003114
0.026 0.027 0.006108
0.027 0.028 0.010950
0.028 0.029 0.018178
0.029 0.030 0.028057
0.030 0.031 0.040994
0.031 0.032 0.057014
0.032 0.033 0.076051
0.033 0.034 0.098061
0.034 0.035 0.122593
0.035 0.036 0.148630
0.036 0.037 0.175901
0.037 0.038 0.204355
0.038 0.039 0.231831
0.039 0.040 0.260576
0.040 0.041 0.289025
0.041 0.042 0.316051
0.042 0.043 0.342457
0.043 0.044 0.367033
0.044 0.045 0.390338
0.045 0.046 0.410449
0.046 0.047 0.427545
0.047 0.048 0.445451
0.048 0.049 0.460946
0.049 0.050 0.470632
0.050 0.051 0.479040
0.051 0.052 0.488626
0.052 0.053 0.496255
0.053 0.054 0.498688
0.054 0.055 0.501777
0.055 0.056 0.505790
0.056 0.057 0.509163
0.057 0.058 0.676902
0.058 0.059 1.000000
0.059 0.060 0.829900
0.060 0.061 0.509370
0.061 0.062 0.504646
0.062 0.063 0.481880
0.063 0.064 0.472492
0.064 0.065 0.462361
0.065 0.066 0.454543
0.066 0.067 0.585539
0.067 0.068 0.576952
0.068 0.069 0.456174
0.069 0.070 0.413425
0.070 0.071 0.343841
0.071 0.072 0.335838
0.072 0.073 0.325487
0.073 0.074 0.320216
0.074 0.075 0.313480
0.075 0.076 0.304453
0.076 0.077 0.292846
0.077 0.078 0.282652
0.078 0.079 0.276487
0.079 0.080 0.268642
0.080 0.081 0.256470
0.081 0.082 0.246212
0.082 0.083 0.237215
0.083 0.084 0.228472
0.084 0.085 0.220527
0.085 0.086 0.213533
0.086 0.087 0.203926
0.087 0.088 0.197208
0.088 0.089 0.189603
0.089 0.090 0.179277
0.090 0.091 0.169199
0.091 0.092 0.155512
0.092 0.093 0.148570
0.093 0.094 0.144931
0.094 0.095 0.137617
0.095 0.096 0.130513
0.096 0.097 0.122396
0.097 0.098 0.112628
0.098 0.099 0.103015
0.099 0.100 0.095582
0.100 0.101 0.090510
0.101 0.102 0.082801
0.102 0.103 0.075421
0.103 0.104 0.069822
0.104 0.105 0.065620
0.105 0.106 0.060196
0.106 0.107 0.054630
0.107 0.108 0.047871
0.108 0.109 0.041923
0.109 0.110 0.034644
0.110 0.111 0.030386
0.111 0.112 0.026999
0.112 0.113 0.022652
0.113 0.114 0.018949
0.114 0.115 0.015065
0.115 0.116 0.009829
0.116 0.117 0.007456
0.117 0.118 0.004974
0.118 0.119 0.001622
0.119 0.120 0.000953
0.120 0.121 0.000000
0.121 0.122 0.000000
0.122 0.123 0.000000
0.123 0.124 0.000000
0.124 0.125 0.000000
0.125 0.126 0.000000
0.126 0.127 0.000000
0.127 0.128 0.000000
0.128 0.129 0.000000
0.129 0.130 0.000000
0.130 0.131 0.000000
0.131 0.132 0.000000
0.132 0.133 0.000000
0.133 0.134 0.000000
0.134 0.135 0.000000
0.135 0.136 0.000000
0.136 0.137 0.000000
0.137 0.138 0.000000
0.138 0.139 0.000000
0.139 0.140 0.000000
0.140 0.141 0.000000
0.141 0.142 0.000000
0.142 0.143 0.000000
0.143 0.144 0.000000
0.144 0.145 0.000000
0.145 0.146 0.000000
0.146 0.147 0.000000
0.147 0.148 0.000000
0.148 0.149 0.000000
0.149 0.150 0.000000
