1
0.000 0.001 0.000000
0.001 0.002 0.000000
0.002 0.003 0.000000
0.003 0.004 0.000000
0.004 0.005 0.000000
0.005 0.006 0.000000
0.006 0.007 0.000000
0.007 0.008 0.000000
0.008 0.009 0.000000
0.009 0.010 0.000000
0.010 0.011 0.000000
0.011 0.012 0.000000
0.012 0.013 0.000000
0.013 0.014 0.000000
0.014 0.015 0.000000
0.015 0.016 0.000000
0.016 0.017 0.000002
0.017 0.018 0.000013
0.018 0.019 0.000071
0.019 0.020 0.000285
0.020 0.021 0.000894
0.021 0.022 0.002300
0.022 0.023 0.005096
0.023 0.024 0.009958
0.024 0.025 0.017553
0.025 0.026 0.028403
0.026 0.027 0.042760
0.027 0.028 0.060772
0.028 0.029 0.082345
0.029 0.030 0.106613
0.030 0.031 0.133217
0.031 0.032 0.161616
0.032 0.033 0.190870
0.033 0.034 0.220290
0.034 0.035 0.249116
0.035 0.036 0.277012
0.036 0.037 0.304244
0.037 0.038 0.330176
0.038 0.039 0.352925
0.039 0.040 0.373620
0.040 0.041 0.392039
0.041 0.042 0.407209
0.042 0.043 0.423015
0.043 0.044 0.436325
0.044 0.045 0.448691
0.045 0.046 0.457231
0.046 0.047 0.463391
0.047 0.048 0.470556
0.048 0.049 0.475342
0.049 0.050 0.476387
0.050 0.051 0.477297
0.051 0.052 0.478425
0.052 0.053 0.476547
0.053 0.054 0.473657
0.054 0.055 0.470166
0.055 0.056 0.466457
0.056 0.057 0.462217
0.057 0.058 0.646584
0.058 0.059 1.000000
0.059 0.060 0.802537
0.060 0.061 0.447107
0.061 0.062 0.438390
0.062 0.063 0.413272
0.063 0.064 0.405796
0.064 0.065 0.397135
0.065 0.066 0.388715
0.066 0.067 0.523782
0.067 0.068 0.516688
0.068 0.069 0.394457
0.069 0.070 0.353803
0.070 0.071 0.284818
0.071 0.072 0.278497
0.072 0.073 0.270126
0.073 0.074 0.264087
0.074 0.075 0.258333
0.075 0.076 0.251667
0.076 0.077 0.243137
0.077 0.078 0.236066
0.078 0.079 0.229919
0.079 0.080 0.225310
0.080 0.081 0.219575
0.081 0.082 0.212650
0.082 0.083 0.205875
0.083 0.084 0.199496
0.084 0.085 0.193977
0.085 0.086 0.188863
0.086 0.087 0.182953
0.087 0.088 0.178589
0.088 0.089 0.172500
0.089 0.090 0.165309
0.090 0.091 0.159162
0.091 0.092 0.150799
0.092 0.093 0.144506
0.093 0.094 0.140651
0.094 0.095 0.133810
0.095 0.096 0.129214
0.096 0.097 0.124604
0.097 0.098 0.118515
0.098 0.099 0.112974
0.099 0.100 0.108650
0.100 0.101 0.104732
0.101 0.102 0.100231
0.102 0.103 0.094945
0.103 0.104 0.090794
0.104 0.105 0.086508
0.105 0.106 0.081289
0.106 0.107 0.076681
0.107 0.108 0.071241
0.108 0.109 0.066134
0.109 0.110 0.062887
0.110 0.111 0.059431
0.111 0.112 0.056320
0.112 0.113 0.051993
0.113 0.114 0.048094
0.114 0.115 0.044908
0.115 0.116 0.041442
0.116 0.117 0.037766
0.117 0.118 0.034266
0.118 0.119 0.029772
0.119 0.120 0.026356
0.120 0.121 0.025263
0.121 0.122 0.023159
0.122 0.123 0.021045
0.123 0.124 0.018801
0.124 0.125 0.016071
0.125 0.126 0.013349
0.126 0.127 0.011191
0.127 0.128 0.008224
0.128 0.129 0.006864
0.129 0.130 0.005514
0.130 0.131 0.003993
0.131 0.132 0.002919
0.132 0.133 0.001136
0.133 0.134 0.000655
0.134 0.135 0.000000
0.135 0.136 0.000000
0.136 0.137 0.000000
0.137 0.138 0.000000
0.138 0.139 0.000000
0.139 0.140 0.000000
0.140 0.141 0.000000
0.141 0.142 0.000000
0.142 0.143 0.000000
0.143 0.144 0.000000
0.144 0.145 0.000000
0.145 0.146 0.000000
0.146 0.147 0.000000
0.147 0.148 0.000000
0.148 0.149 0.000000
0.149 0.150 0.000000
