1
0.000 0.001 0.000000
0.001 0.002 0.000000
0.002 0.003 0.000000
0.003 0.004 0.000000
0.004 0.005 0.000000
0.005 0.006 0.000000
0.006 0.007 0.000000
0.007 0.008 0.000000
0.008 0.009 0.000000
0.009 0.010 0.000000
0.010 0.011 0.000000
0.011 0.012 0.000000
0.012 0.013 0.000000
0.013 0.014 0.000003
0.014 0.015 0.000029
0.015 0.016 0.000155
0.016 0.017 0.000597
0.017 0.018 0.001781
0.018 0.019 0.004333
0.019 0.020 0.009053
0.020 0.021 0.016733
0.021 0.022 0.027926
0.022 0.023 0.042990
0.023 0.024 0.061990
0.024 0.025 0.084546
0.025 0.026 0.109870
0.026 0.027 0.137659
0.027 0.028 0.167424
0.028 0.029 0.197570
0.029 0.030 0.227338
0.030 0.031 0.256862
0.031 0.032 0.285243
0.032 0.033 0.312338
0.033 0.034 0.337376
0.034 0.035 0.360025
0.035 0.036 0.380316
0.036 0.037 0.398864
0.037 0.038 0.415990
0.038 0.039 0.429249
0.039 0.040 0.440266
0.040 0.041 0.449503
0.041 0.042 0.456607
0.042 0.043 0.463047
0.043 0.044 0.467099
0.044 0.045 0.470733
0.045 0.046 0.471318
0.046 0.047 0.470468
0.047 0.048 0.471613
0.048 0.049 0.470289
0.049 0.050 0.465732
0.050 0.051 0.462025
0.051 0.052 0.459453
0.052 0.053 0.454280
0.053 0.054 0.447999
0.054 0.055 0.441946
0.055 0.056 0.437234
0.056 0.057 0.432799
0.057 0.058 0.628324
0.058 0.059 1.000000
0.059 0.060 0.789023
0.060 0.061 0.417188
0.061 0.062 0.409966
0.062 0.063 0.383000
0.063 0.064 0.375119
0.064 0.065 0.366551
0.065 0.066 0.358165
0.066 0.067 0.493966
0.067 0.068 0.486172
0.068 0.069 0.364826
0.069 0.070 0.325775
0.070 0.071 0.258071
0.071 0.072 0.252836
0.072 0.073 0.246075
0.073 0.074 0.241015
0.074 0.075 0.236575
0.075 0.076 0.231339
0.076 0.077 0.224437
0.077 0.078 0.219178
0.078 0.079 0.215088
0.079 0.080 0.210610
0.080 0.081 0.205537
0.081 0.082 0.199306
0.082 0.083 0.192886
0.083 0.084 0.186769
0.084 0.085 0.181624
0.085 0.086 0.176865
0.086 0.087 0.171813
0.087 0.088 0.167822
0.088 0.089 0.162421
0.089 0.090 0.156142
0.090 0.091 0.150460
0.091 0.092 0.143234
0.092 0.093 0.137629
0.093 0.094 0.133893
0.094 0.095 0.128797
0.095 0.096 0.124111
0.096 0.097 0.119397
0.097 0.098 0.113386
0.098 0.099 0.107688
0.099 0.100 0.103328
0.100 0.101 0.099112
0.101 0.102 0.094985
0.102 0.103 0.090493
0.103 0.104 0.086871
0.104 0.105 0.082881
0.105 0.106 0.078176
0.106 0.107 0.074098
0.107 0.108 0.069096
0.108 0.109 0.065780
0.109 0.110 0.062709
0.110 0.111 0.059299
0.111 0.112 0.056095
0.112 0.113 0.051836
0.113 0.114 0.047609
0.114 0.115 0.044955
0.115 0.116 0.042188
0.116 0.117 0.039000
0.117 0.118 0.036241
0.118 0.119 0.032782
0.119 0.120 0.029890
0.120 0.121 0.028449
0.121 0.122 0.026344
0.122 0.123 0.024260
0.123 0.124 0.022072
0.124 0.125 0.019203
0.125 0.126 0.017005
0.126 0.127 0.015292
0.127 0.128 0.013170
0.128 0.129 0.011329
0.129 0.130 0.009297
0.130 0.131 0.007695
0.131 0.132 0.006738
0.132 0.133 0.005424
0.133 0.134 0.003695
0.134 0.135 0.002664
0.135 0.136 0.001532
0.136 0.137 0.000987
0.137 0.138 0.000248
0.138 0.139 0.000000
0.139 0.140 0.000000
0.140 0.141 0.000000
0.141 0.142 0.000000
0.142 0.143 0.000000
0.143 0.144 0.000000
0.144 0.145 0.000000
0.145 0.146 0.000000
0.146 0.147 0.000000
0.147 0.148 0.000000
0.148 0.149 0.000000
0.149 0.150 0.000000
