1
0.000 0.001 0.000000
0.001 0.002 0.000000
0.002 0.003 0.000000
0.003 0.004 0.000000
0.004 0.005 0.000000
0.005 0.006 0.000000
0.006 0.007 0.000000
0.007 0.008 0.000000
0.008 0.009 0.000000
0.009 0.010 0.000000
0.010 0.011 0.000000
0.011 0.012 0.000000
0.012 0.013 0.000001
0.013 0.014 0.000009
0.014 0.015 0.000080
0.015 0.016 0.000444
0.016 0.017 0.001712
0.017 0.018 0.005046
0.018 0.019 0.012088
0.019 0.020 0.024726
0.020 0.021 0.044539
0.021 0.022 0.072611
0.022 0.023 0.109014
0.023 0.024 0.152878
0.024 0.025 0.203078
0.025 0.026 0.257532
0.026 0.027 0.314124
0.027 0.028 0.373010
0.028 0.029 0.431459
0.029 0.030 0.486883
0.030 0.031 0.538444
0.031 0.032 0.586214
0.032 0.033 0.629833
0.033 0.034 0.667581
0.034 0.035 0.699316
0.035 0.036 0.727344
0.036 0.037 0.749217
0.037 0.038 0.762750
0.038 0.039 0.771374
0.039 0.040 0.778359
0.040 0.041 0.784459
0.041 0.042 0.785534
0.042 0.043 0.786313
0.043 0.044 0.782534
0.044 0.045 0.777392
0.045 0.046 0.768694
0.046 0.047 0.755040
0.047 0.048 0.743841
0.048 0.049 0.731639
0.049 0.050 0.712312
0.050 0.051 0.694559
0.051 0.052 0.679169
0.052 0.053 0.665994
0.053 0.054 0.650789
0.054 0.055 0.633033
0.055 0.056 0.616178
0.056 0.057 0.601039
0.057 0.058 0.735256
0.058 0.059 1.000000
0.059 0.060 0.827523
0.060 0.061 0.534120
0.061 0.062 0.515794
0.062 0.063 0.484181
0.063 0.064 0.461564
0.064 0.065 0.444437
0.065 0.066 0.429641
0.066 0.067 0.521535
0.067 0.068 0.506581
0.068 0.069 0.403358
0.069 0.070 0.361580
0.070 0.071 0.304022
0.071 0.072 0.290318
0.072 0.073 0.274008
0.073 0.074 0.264941
0.074 0.075 0.253351
0.075 0.076 0.241536
0.076 0.077 0.228367
0.077 0.078 0.217327
0.078 0.079 0.209966
0.079 0.080 0.201614
0.080 0.081 0.190879
0.081 0.082 0.178750
0.082 0.083 0.167395
0.083 0.084 0.155772
0.084 0.085 0.144346
0.085 0.086 0.137365
0.086 0.087 0.129136
0.087 0.088 0.122170
0.088 0.089 0.115016
0.089 0.090 0.106304
0.090 0.091 0.096486
0.091 0.092 0.087009
0.092 0.093 0.079431
0.093 0.094 0.071913
0.094 0.095 0.065899
0.095 0.096 0.060304
0.096 0.097 0.053319
0.097 0.098 0.045756
0.098 0.099 0.037303
0.099 0.100 0.031421
0.100 0.101 0.027427
0.101 0.102 0.023643
0.102 0.103 0.018727
0.103 0.104 0.014475
0.104 0.105 0.010183
0.105 0.106 0.007881
0.106 0.107 0.005450
0.107 0.108 0.002020
0.108 0.109 0.001198
0.109 0.110 0.000000
0.110 0.111 0.000000
0.111 0.112 0.000000
0.112 0.113 0.000000
0.113 0.114 0.000000
0.114 0.115 0.000000
0.115 0.116 0.000000
0.116 0.117 0.000000
0.117 0.118 0.000000
0.118 0.119 0.000000
0.119 0.120 0.000000
0.120 0.121 0.000000
0.121 0.122 0.000000
0.122 0.123 0.000000
0.123 0.124 0.000000
0.124 0.125 0.000000
0.125 0.126 0.000000
0.126 0.127 0.000000
0.127 0.128 0.000000
0.128 0.129 0.000000
0.129 0.130 0.000000
0.130 0.131 0.000000
0.131 0.132 0.000000
0.132 0.133 0.000000
0.133 0.134 0.000000
0.134 0.135 0.000000
0.135 0.136 0.000000
0.136 0.137 0.000000
0.137 0.138 0.000000
0.138 0.139 0.000000
0.139 0.140 0.000000
0.140 0.141 0.000000
0.141 0.142 0.000000
0.142 0.143 0.000000
0.143 0.144 0.000000
0.144 0.145 0.000000
0.145 0.146 0.000000
0.146 0.147 0.000000
0.147 0.148 0.000000
0.148 0.149 0.000000
0.149 0.150 0.000000
