1
0.000 0.001 0.000000
0.001 0.002 0.000000
0.002 0.003 0.000000
0.003 0.004 0.000000
0.004 0.005 0.000000
0.005 0.006 0.000000
0.006 0.007 0.000000
0.007 0.008 0.000000
0.008 0.009 0.000000
0.009 0.010 0.000000
0.010 0.011 0.000000
0.011 0.012 0.000000
0.012 0.013 0.000000
0.013 0.014 0.000000
0.014 0.015 0.000000
0.015 0.016 0.000000
0.016 0.017 0.000000
0.017 0.018 0.000000
0.018 0.019 0.000000
0.019 0.020 0.000001
0.020 0.021 0.000004
0.021 0.022 0.000020
0.022 0.023 0.000075
0.023 0.024 0.000234
0.024 0.025 0.000615
0.025 0.026 0.001408
0.026 0.027 0.002874
0.027 0.028 0.005360
0.028 0.029 0.009227
0.029 0.030 0.014720
0.030 0.031 0.022225
0.031 0.032 0.031855
0.032 0.033 0.043739
0.033 0.034 0.057929
0.034 0.035 0.074159
0.035 0.036 0.092047
0.036 0.037 0.111749
0.037 0.038 0.133029
0.038 0.039 0.154497
0.039 0.040 0.176628
0.040 0.041 0.199076
0.041 0.042 0.221036
0.042 0.043 0.243040
0.043 0.044 0.264287
0.044 0.045 0.285426
0.045 0.046 0.304170
0.046 0.047 0.321157
0.047 0.048 0.339295
0.048 0.049 0.355697
0.049 0.050 0.368450
0.050 0.051 0.380567
0.051 0.052 0.393332
0.052 0.053 0.403650
0.053 0.054 0.411297
0.054 0.055 0.418271
0.055 0.056 0.426106
0.056 0.057 0.433086
0.057 0.058 0.627388
0.058 0.059 1.000000
0.059 0.060 0.813359
0.060 0.061 0.454721
0.061 0.062 0.455053
0.062 0.063 0.434500
0.063 0.064 0.432011
0.064 0.065 0.427997
0.065 0.066 0.424741
0.066 0.067 0.581930
0.067 0.068 0.580108
0.068 0.069 0.447053
0.069 0.070 0.404890
0.070 0.071 0.328838
0.071 0.072 0.324860
0.072 0.073 0.318803
0.073 0.074 0.315430
0.074 0.075 0.311786
0.075 0.076 0.306764
0.076 0.077 0.299181
0.077 0.078 0.293421
0.078 0.079 0.290184
0.079 0.080 0.285551
0.080 0.081 0.278840
0.081 0.082 0.270715
0.082 0.083 0.262924
0.083 0.084 0.255471
0.084 0.085 0.249060
0.085 0.086 0.243182
0.086 0.087 0.235770
0.087 0.088 0.230800
0.088 0.089 0.223819
0.089 0.090 0.214687
0.090 0.091 0.206518
0.091 0.092 0.195140
0.092 0.093 0.187704
0.093 0.094 0.183771
0.094 0.095 0.176304
0.095 0.096 0.169106
0.096 0.097 0.161545
0.097 0.098 0.151490
0.098 0.099 0.143718
0.099 0.100 0.137523
0.100 0.101 0.132146
0.101 0.102 0.125953
0.102 0.103 0.118233
0.103 0.104 0.111760
0.104 0.105 0.106737
0.105 0.106 0.100444
0.106 0.107 0.094777
0.107 0.108 0.087861
0.108 0.109 0.082075
0.109 0.110 0.075795
0.110 0.111 0.070783
0.111 0.112 0.066461
0.112 0.113 0.060497
0.113 0.114 0.055219
0.114 0.115 0.050152
0.115 0.116 0.045837
0.116 0.117 0.041498
0.117 0.118 0.037071
0.118 0.119 0.031133
0.119 0.120 0.027375
0.120 0.121 0.026093
0.121 0.122 0.023076
0.122 0.123 0.019990
0.123 0.124 0.016324
0.124 0.125 0.013372
0.125 0.126 0.010446
0.126 0.127 0.007711
0.127 0.128 0.005814
0.128 0.129 0.003998
0.129 0.130 0.001938
0.130 0.131 0.000488
0.131 0.132 0.000000
0.132 0.133 0.000000
0.133 0.134 0.000000
0.134 0.135 0.000000
0.135 0.136 0.000000
0.136 0.137 0.000000
0.137 0.138 0.000000
0.138 0.139 0.000000
0.139 0.140 0.000000
0.140 0.141 0.000000
0.141 0.142 0.000000
0.142 0.143 0.000000
0.143 0.144 0.000000
0.144 0.145 0.000000
0.145 0.146 0.000000
0.146 0.147 0.000000
0.147 0.148 0.000000
0.148 0.149 0.000000
0.149 0.150 0.000000
