1
0.000 0.001 0.000000
0.001 0.002 0.000000
0.002 0.003 0.000000
0.003 0.004 0.000000
0.004 0.005 0.000000
0.005 0.006 0.000000
0.006 0.007 0.000000
0.007 0.008 0.000000
0.008 0.009 0.000000
0.009 0.010 0.000000
0.010 0.011 0.000000
0.011 0.012 0.000000
0.012 0.013 0.000000
0.013 0.014 0.000000
0.014 0.015 0.000000
0.015 0.016 0.000000
0.016 0.017 0.000000
0.017 0.018 0.000002
0.018 0.019 0.000017
0.019 0.020 0.000086
0.020 0.021 0.000341
0.021 0.022 0.001075
0.022 0.023 0.002814
0.023 0.024 0.006331
0.024 0.025 0.012596
0.025 0.026 0.022615
0.026 0.027 0.037252
0.027 0.028 0.057271
0.028 0.029 0.083043
0.029 0.030 0.114265
0.030 0.031 0.150339
0.031 0.032 0.189936
0.032 0.033 0.232550
0.033 0.034 0.278623
0.034 0.035 0.325857
0.035 0.036 0.373373
0.036 0.037 0.419341
0.037 0.038 0.462522
0.038 0.039 0.504073
0.039 0.040 0.544152
0.040 0.041 0.578057
0.041 0.042 0.608711
0.042 0.043 0.635701
0.043 0.044 0.656185
0.044 0.045 0.678783
0.045 0.046 0.694680
0.046 0.047 0.708331
0.047 0.048 0.718687
0.048 0.049 0.723664
0.049 0.050 0.723996
0.050 0.051 0.724452
0.051 0.052 0.723362
0.052 0.053 0.715910
0.053 0.054 0.706451
0.054 0.055 0.695240
0.055 0.056 0.678643
0.056 0.057 0.667469
0.057 0.058 0.778473
0.058 0.059 1.000000
0.059 0.060 0.862383
0.060 0.061 0.617670
0.061 0.062 0.598665
0.062 0.063 0.565327
0.063 0.064 0.542180
0.064 0.065 0.520491
0.065 0.066 0.496813
0.066 0.067 0.577394
0.067 0.068 0.562492
0.068 0.069 0.461603
0.069 0.070 0.415944
0.070 0.071 0.359506
0.071 0.072 0.343492
0.072 0.073 0.322386
0.073 0.074 0.306392
0.074 0.075 0.289378
0.075 0.076 0.266756
0.076 0.077 0.250609
0.077 0.078 0.235459
0.078 0.079 0.222883
0.079 0.080 0.209925
0.080 0.081 0.194195
0.081 0.082 0.175868
0.082 0.083 0.159168
0.083 0.084 0.141077
0.084 0.085 0.129162
0.085 0.086 0.117966
0.086 0.087 0.105179
0.087 0.088 0.092782
0.088 0.089 0.079052
0.089 0.090 0.064923
0.090 0.091 0.056515
0.091 0.092 0.047757
0.092 0.093 0.039430
0.093 0.094 0.030849
0.094 0.095 0.020248
0.095 0.096 0.015292
0.096 0.097 0.009724
0.097 0.098 0.002508
0.098 0.099 0.000000
0.099 0.100 0.000000
0.100 0.101 0.000000
0.101 0.102 0.000000
0.102 0.103 0.000000
0.103 0.104 0.000000
0.104 0.105 0.000000
0.105 0.106 0.000000
0.106 0.107 0.000000
0.107 0.108 0.000000
0.108 0.109 0.000000
0.109 0.110 0.000000
0.110 0.111 0.000000
0.111 0.112 0.000000
0.112 0.113 0.000000
0.113 0.114 0.000000
0.114 0.115 0.000000
0.115 0.116 0.000000
0.116 0.117 0.000000
0.117 0.118 0.000000
0.118 0.119 0.000000
0.119 0.120 0.000000
0.120 0.121 0.000000
0.121 0.122 0.000000
0.122 0.123 0.000000
0.123 0.124 0.000000
0.124 0.125 0.000000
0.125 0.126 0.000000
0.126 0.127 0.000000
0.127 0.128 0.000000
0.128 0.129 0.000000
0.129 0.130 0.000000
0.130 0.131 0.000000
0.131 0.132 0.000000
0.132 0.133 0.000000
0.133 0.134 0.000000
0.134 0.135 0.000000
0.135 0.136 0.000000
0.136 0.137 0.000000
0.137 0.138 0.000000
0.138 0.139 0.000000
0.139 0.140 0.000000
0.140 0.141 0.000000
0.141 0.142 0.000000
0.142 0.143 0.000000
0.143 0.144 0.000000
0.144 0.145 0.000000
0.145 0.146 0.000000
0.146 0.147 0.000000
0.147 0.148 0.000000
0.148 0.149 0.000000
0.149 0.150 0.000000
