1
0.000 0.001 0.000000
0.001 0.002 0.000000
0.002 0.003 0.000000
0.003 0.004 0.000000
0.004 0.005 0.000000
0.005 0.006 0.000000
0.006 0.007 0.000000
0.007 0.008 0.000000
0.008 0.009 0.000000
0.009 0.010 0.000000
0.010 0.011 0.000000
0.011 0.012 0.000000
0.012 0.013 0.000000
0.013 0.014 0.000000
0.014 0.015 0.000000
0.015 0.016 0.000000
0.016 0.017 0.000003
0.017 0.018 0.000020
0.018 0.019 0.000095
0.019 0.020 0.000343
0.020 0.021 0.001003
0.021 0.022 0.002468
0.022 0.023 0.005259
0.023 0.024 0.009984
0.024 0.025 0.017269
0.025 0.026 0.027488
0.026 0.027 0.040912
0.027 0.028 0.057957
0.028 0.029 0.078315
0.029 0.030 0.101202
0.030 0.031 0.126646
0.031 0.032 0.153872
0.032 0.033 0.182141
0.033 0.034 0.211101
0.034 0.035 0.240392
0.035 0.036 0.269146
0.036 0.037 0.297068
0.037 0.038 0.323209
0.038 0.039 0.346103
0.039 0.040 0.368018
0.040 0.041 0.388794
0.041 0.042 0.406505
0.042 0.043 0.423791
0.043 0.044 0.438163
0.044 0.045 0.451342
0.045 0.046 0.462414
0.046 0.047 0.468622
0.047 0.048 0.476842
0.048 0.049 0.484859
0.049 0.050 0.486935
0.050 0.051 0.487078
0.051 0.052 0.489587
0.052 0.053 0.492498
0.053 0.054 0.491011
0.054 0.055 0.487361
0.055 0.056 0.486671
0.056 0.057 0.486227
0.057 0.058 0.662584
0.058 0.059 1.000000
0.059 0.060 0.811433
0.060 0.061 0.471933
0.061 0.062 0.465608
0.062 0.063 0.442104
0.063 0.064 0.432370
0.064 0.065 0.422273
0.065 0.066 0.415545
0.066 0.067 0.544537
0.067 0.068 0.536799
0.068 0.069 0.418794
0.069 0.070 0.377630
0.070 0.071 0.310618
0.071 0.072 0.302527
0.072 0.073 0.293122
0.073 0.074 0.289579
0.074 0.075 0.284516
0.075 0.076 0.276651
0.076 0.077 0.266237
0.077 0.078 0.257972
0.078 0.079 0.254208
0.079 0.080 0.248441
0.080 0.081 0.239504
0.081 0.082 0.229865
0.082 0.083 0.221195
0.083 0.084 0.212432
0.084 0.085 0.204934
0.085 0.086 0.198584
0.086 0.087 0.190019
0.087 0.088 0.184235
0.088 0.089 0.178094
0.089 0.090 0.168891
0.090 0.091 0.159066
0.091 0.092 0.147717
0.092 0.093 0.140048
0.093 0.094 0.135393
0.094 0.095 0.127364
0.095 0.096 0.119661
0.096 0.097 0.110522
0.097 0.098 0.100640
0.098 0.099 0.090606
0.099 0.100 0.082773
0.100 0.101 0.078785
0.101 0.102 0.072892
0.102 0.103 0.064533
0.103 0.104 0.057514
0.104 0.105 0.053228
0.105 0.106 0.047830
0.106 0.107 0.041773
0.107 0.108 0.035988
0.108 0.109 0.030875
0.109 0.110 0.024982
0.110 0.111 0.020648
0.111 0.112 0.016703
0.112 0.113 0.013201
0.113 0.114 0.009736
0.114 0.115 0.007253
0.115 0.116 0.004117
0.116 0.117 0.001951
0.117 0.118 0.000520
0.118 0.119 0.000000
0.119 0.120 0.000000
0.120 0.121 0.000000
0.121 0.122 0.000000
0.122 0.123 0.000000
0.123 0.124 0.000000
0.124 0.125 0.000000
0.125 0.126 0.000000
0.126 0.127 0.000000
0.127 0.128 0.000000
0.128 0.129 0.000000
0.129 0.130 0.000000
0.130 0.131 0.000000
0.131 0.132 0.000000
0.132 0.133 0.000000
0.133 0.134 0.000000
0.134 0.135 0.000000
0.135 0.136 0.000000
0.136 0.137 0.000000
0.137 0.138 0.000000
0.138 0.139 0.000000
0.139 0.140 0.000000
0.140 0.141 0.000000
0.141 0.142 0.000000
0.142 0.143 0.000000
0.143 0.144 0.000000
0.144 0.145 0.000000
0.145 0.146 0.000000
0.146 0.147 0.000000
0.147 0.148 0.000000
0.148 0.149 0.000000
0.149 0.150 0.000000
