1
0.000 0.001 0.000000
0.001 0.002 0.000000
0.002 0.003 0.000000
0.003 0.004 0.000000
0.004 0.005 0.000000
0.005 0.006 0.000000
0.006 0.007 0.000000
0.007 0.008 0.000000
0.008 0.009 0.000000
0.009 0.010 0.000000
0.010 0.011 0.000000
0.011 0.012 0.000000
0.012 0.013 0.000000
0.013 0.014 0.000003
0.014 0.015 0.000034
0.015 0.016 0.000223
0.016 0.017 0.000992
0.017 0.018 0.003277
0.018 0.019 0.008601
0.019 0.020 0.019000
0.020 0.021 0.036577
0.021 0.022 0.062842
0.022 0.023 0.098572
0.023 0.024 0.143793
0.024 0.025 0.197271
0.025 0.026 0.256950
0.026 0.027 0.320286
0.027 0.028 0.386500
0.028 0.029 0.453928
0.029 0.030 0.518964
0.030 0.031 0.579903
0.031 0.032 0.633451
0.032 0.033 0.688333
0.033 0.034 0.735222
0.034 0.035 0.776552
0.035 0.036 0.814292
0.036 0.037 0.843774
0.037 0.038 0.864691
0.038 0.039 0.882477
0.039 0.040 0.897440
0.040 0.041 0.902629
0.041 0.042 0.904430
0.042 0.043 0.904825
0.043 0.044 0.899904
0.044 0.045 0.891805
0.045 0.046 0.875554
0.046 0.047 0.864417
0.047 0.048 0.852925
0.048 0.049 0.839171
0.049 0.050 0.820090
0.050 0.051 0.801595
0.051 0.052 0.786180
0.052 0.053 0.766577
0.053 0.054 0.744352
0.054 0.055 0.721299
0.055 0.056 0.697437
0.056 0.057 0.673737
0.057 0.058 0.780666
0.058 0.059 1.000000
0.059 0.060 0.842423
0.060 0.061 0.586702
0.061 0.062 0.565239
0.062 0.063 0.530826
0.063 0.064 0.507363
0.064 0.065 0.485665
0.065 0.066 0.464762
0.066 0.067 0.537964
0.067 0.068 0.518817
0.068 0.069 0.419345
0.069 0.070 0.374094
0.070 0.071 0.318571
0.071 0.072 0.298987
0.072 0.073 0.282036
0.073 0.074 0.269974
0.074 0.075 0.257180
0.075 0.076 0.241303
0.076 0.077 0.225217
0.077 0.078 0.210476
0.078 0.079 0.198525
0.079 0.080 0.186281
0.080 0.081 0.171879
0.081 0.082 0.153817
0.082 0.083 0.142017
0.083 0.084 0.130484
0.084 0.085 0.119762
0.085 0.086 0.109871
0.086 0.087 0.098765
0.087 0.088 0.088133
0.088 0.089 0.076679
0.089 0.090 0.064453
0.090 0.091 0.056570
0.091 0.092 0.048910
0.092 0.093 0.041867
0.093 0.094 0.034729
0.094 0.095 0.027335
0.095 0.096 0.018689
0.096 0.097 0.013889
0.097 0.098 0.009059
0.098 0.099 0.003123
0.099 0.100 0.001744
0.100 0.101 0.000000
0.101 0.102 0.000000
0.102 0.103 0.000000
0.103 0.104 0.000000
0.104 0.105 0.000000
0.105 0.106 0.000000
0.106 0.107 0.000000
0.107 0.108 0.000000
0.108 0.109 0.000000
0.109 0.110 0.000000
0.110 0.111 0.000000
0.111 0.112 0.000000
0.112 0.113 0.000000
0.113 0.114 0.000000
0.114 0.115 0.000000
0.115 0.116 0.000000
0.116 0.117 0.000000
0.117 0.118 0.000000
0.118 0.119 0.000000
0.119 0.120 0.000000
0.120 0.121 0.000000
0.121 0.122 0.000000
0.122 0.123 0.000000
0.123 0.124 0.000000
0.124 0.125 0.000000
0.125 0.126 0.000000
0.126 0.127 0.000000
0.127 0.128 0.000000
0.128 0.129 0.000000
0.129 0.130 0.000000
0.130 0.131 0.000000
0.131 0.132 0.000000
0.132 0.133 0.000000
0.133 0.134 0.000000
0.134 0.135 0.000000
0.135 0.136 0.000000
0.136 0.137 0.000000
0.137 0.138 0.000000
0.138 0.139 0.000000
0.139 0.140 0.000000
0.140 0.141 0.000000
0.141 0.142 0.000000
0.142 0.143 0.000000
0.143 0.144 0.000000
0.144 0.145 0.000000
0.145 0.146 0.000000
0.146 0.147 0.000000
0.147 0.148 0.000000
0.148 0.149 0.000000
0.149 0.150 0.000000
