1
0.000 0.001 0.000000
0.001 0.002 0.000000
0.002 0.003 0.000000
0.003 0.004 0.000000
0.004 0.005 0.000000
0.005 0.006 0.000000
0.006 0.007 0.000000
0.007 0.008 0.000000
0.008 0.009 0.000000
0.009 0.010 0.000000
0.010 0.011 0.000000
0.011 0.012 0.000000
0.012 0.013 0.000000
0.013 0.014 0.000000
0.014 0.015 0.000000
0.015 0.016 0.000000
0.016 0.017 0.000000
0.017 0.018 0.000000
0.018 0.019 0.000000
0.019 0.020 0.000004
0.020 0.021 0.000024
0.021 0.022 0.000115
0.022 0.023 0.000432
0.023 0.024 0.001316
0.024 0.025 0.003394
0.025 0.026 0.007595
0.026 0.027 0.015091
0.027 0.028 0.027296
0.028 0.029 0.045571
0.029 0.030 0.070742
0.030 0.031 0.103769
0.031 0.032 0.144254
0.032 0.033 0.191863
0.033 0.034 0.245792
0.034 0.035 0.305412
0.035 0.036 0.368681
0.036 0.037 0.432223
0.037 0.038 0.498375
0.038 0.039 0.563253
0.039 0.040 0.625844
0.040 0.041 0.685112
0.041 0.042 0.741053
0.042 0.043 0.790986
0.043 0.044 0.833757
0.044 0.045 0.871497
0.045 0.046 0.894065
0.046 0.047 0.920771
0.047 0.048 0.943611
0.048 0.049 0.954174
0.049 0.050 0.957712
0.050 0.051 0.958514
0.051 0.052 0.956246
0.052 0.053 0.943041
0.053 0.054 0.937900
0.054 0.055 0.922475
0.055 0.056 0.894387
0.056 0.057 0.867630
0.057 0.058 0.908579
0.058 0.059 1.000000
0.059 0.060 0.910609
0.060 0.061 0.756093
0.061 0.062 0.724371
0.062 0.063 0.688332
0.063 0.064 0.649624
0.064 0.065 0.608189
0.065 0.066 0.556764
0.066 0.067 0.574034
0.067 0.068 0.541501
0.068 0.069 0.453649
0.069 0.070 0.398512
0.070 0.071 0.340167
0.071 0.072 0.310325
0.072 0.073 0.271743
0.073 0.074 0.242167
0.074 0.075 0.211880
0.075 0.076 0.175797
0.076 0.077 0.151565
0.077 0.078 0.122970
0.078 0.079 0.088905
0.079 0.080 0.071397
0.080 0.081 0.055783
0.081 0.082 0.031357
0.082 0.083 0.020305
0.083 0.084 0.005883
0.084 0.085 0.000000
0.085 0.086 0.000000
0.086 0.087 0.000000
0.087 0.088 0.000000
0.088 0.089 0.000000
0.089 0.090 0.000000
0.090 0.091 0.000000
0.091 0.092 0.000000
0.092 0.093 0.000000
0.093 0.094 0.000000
0.094 0.095 0.000000
0.095 0.096 0.000000
0.096 0.097 0.000000
0.097 0.098 0.000000
0.098 0.099 0.000000
0.099 0.100 0.000000
0.100 0.101 0.000000
0.101 0.102 0.000000
0.102 0.103 0.000000
0.103 0.104 0.000000
0.104 0.105 0.000000
0.105 0.106 0.000000
0.106 0.107 0.000000
0.107 0.108 0.000000
0.108 0.109 0.000000
0.109 0.110 0.000000
0.110 0.111 0.000000
0.111 0.112 0.000000
0.112 0.113 0.000000
0.113 0.114 0.000000
0.114 0.115 0.000000
0.115 0.116 0.000000
0.116 0.117 0.000000
0.117 0.118 0.000000
0.118 0.119 0.000000
0.119 0.120 0.000000
0.120 0.121 0.000000
0.121 0.122 0.000000
0.122 0.123 0.000000
0.123 0.124 0.000000
0.124 0.125 0.000000
0.125 0.126 0.000000
0.126 0.127 0.000000
0.127 0.128 0.000000
0.128 0.129 0.000000
0.129 0.130 0.000000
0.130 0.131 0.000000
0.131 0.132 0.000000
0.132 0.133 0.000000
0.133 0.134 0.000000
0.134 0.135 0.000000
0.135 0.136 0.000000
0.136 0.137 0.000000
0.137 0.138 0.000000
0.138 0.139 0.000000
0.139 0.140 0.000000
0.140 0.141 0.000000
0.141 0.142 0.000000
0.142 0.143 0.000000
0.143 0.144 0.000000
0.144 0.145 0.000000
0.145 0.146 0.000000
0.146 0.147 0.000000
0.147 0.148 0.000000
0.148 0.149 0.000000
0.149 0.150 0.000000
