1
0.000 0.001 0.000000
0.001 0.002 0.000000
0.002 0.003 0.000000
0.003 0.004 0.000000
0.004 0.005 0.000000
0.005 0.006 0.000000
0.006 0.007 0.000000
0.007 0.008 0.000000
0.008 0.009 0.000000
0.009 0.010 0.000000
0.010 0.011 0.000000
0.011 0.012 0.000000
0.012 0.013 0.000000
0.013 0.014 0.000000
0.014 0.015 0.000000
0.015 0.016 0.000000
0.016 0.017 0.000000
0.017 0.018 0.000000
0.018 0.019 0.000000
0.019 0.020 0.000002
0.020 0.021 0.000011
0.021 0.022 0.000049
0.022 0.023 0.000177
0.023 0.024 0.000529
0.024 0.025 0.001344
0.025 0.026 0.002981
0.026 0.027 0.005901
0.027 0.028 0.010686
0.028 0.029 0.017929
0.029 0.030 0.028049
0.030 0.031 0.041372
0.031 0.032 0.058007
0.032 0.033 0.078352
0.033 0.034 0.101809
0.034 0.035 0.127953
0.035 0.036 0.157049
0.036 0.037 0.187614
0.037 0.038 0.218204
0.038 0.039 0.250365
0.039 0.040 0.284222
0.040 0.041 0.315868
0.041 0.042 0.346701
0.042 0.043 0.377472
0.043 0.044 0.406303
0.044 0.045 0.433791
0.045 0.046 0.458017
0.046 0.047 0.480013
0.047 0.048 0.500419
0.048 0.049 0.518788
0.049 0.050 0.531872
0.050 0.051 0.545134
0.051 0.052 0.559639
0.052 0.053 0.568038
0.053 0.054 0.572968
0.054 0.055 0.577616
0.055 0.056 0.581428
0.056 0.057 0.583366
0.057 0.058 0.725515
0.058 0.059 1.000000
0.059 0.060 0.855536
0.060 0.061 0.582132
0.061 0.062 0.574467
0.062 0.063 0.549426
0.063 0.064 0.537684
0.064 0.065 0.527495
0.065 0.066 0.518527
0.066 0.067 0.628535
0.067 0.068 0.620244
0.068 0.069 0.507610
0.069 0.070 0.462020
0.070 0.071 0.399205
0.071 0.072 0.388588
0.072 0.073 0.373277
0.073 0.074 0.363133
0.074 0.075 0.351499
0.075 0.076 0.334920
0.076 0.077 0.317717
0.077 0.078 0.302975
0.078 0.079 0.292568
0.079 0.080 0.280190
0.080 0.081 0.263420
0.081 0.082 0.244242
0.082 0.083 0.226324
0.083 0.084 0.208652
0.084 0.085 0.191914
0.085 0.086 0.175726
0.086 0.087 0.158922
0.087 0.088 0.142671
0.088 0.089 0.123782
0.089 0.090 0.108440
0.090 0.091 0.092744
0.091 0.092 0.079333
0.092 0.093 0.065824
0.093 0.094 0.054869
0.094 0.095 0.042497
0.095 0.096 0.032358
0.096 0.097 0.023701
0.097 0.098 0.014084
0.098 0.099 0.006600
0.099 0.100 0.001074
0.100 0.101 0.000000
0.101 0.102 0.000000
0.102 0.103 0.000000
0.103 0.104 0.000000
0.104 0.105 0.000000
0.105 0.106 0.000000
0.106 0.107 0.000000
0.107 0.108 0.000000
0.108 0.109 0.000000
0.109 0.110 0.000000
0.110 0.111 0.000000
0.111 0.112 0.000000
0.112 0.113 0.000000
0.113 0.114 0.000000
0.114 0.115 0.000000
0.115 0.116 0.000000
0.116 0.117 0.000000
0.117 0.118 0.000000
0.118 0.119 0.000000
0.119 0.120 0.000000
0.120 0.121 0.000000
0.121 0.122 0.000000
0.122 0.123 0.000000
0.123 0.124 0.000000
0.124 0.125 0.000000
0.125 0.126 0.000000
0.126 0.127 0.000000
0.127 0.128 0.000000
0.128 0.129 0.000000
0.129 0.130 0.000000
0.130 0.131 0.000000
0.131 0.132 0.000000
0.132 0.133 0.000000
0.133 0.134 0.000000
0.134 0.135 0.000000
0.135 0.136 0.000000
0.136 0.137 0.000000
0.137 0.138 0.000000
0.138 0.139 0.000000
0.139 0.140 0.000000
0.140 0.141 0.000000
0.141 0.142 0.000000
0.142 0.143 0.000000
0.143 0.144 0.000000
0.144 0.145 0.000000
0.145 0.146 0.000000
0.146 0.147 0.000000
0.147 0.148 0.000000
0.148 0.149 0.000000
0.149 0.150 0.000000
