1
0.000 0.001 0.000000
0.001 0.002 0.000000
0.002 0.003 0.000000
0.003 0.004 0.000000
0.004 0.005 0.000000
0.005 0.006 0.000000
0.006 0.007 0.000000
0.007 0.008 0.000000
0.008 0.009 0.000000
0.009 0.010 0.000000
0.010 0.011 0.000000
0.011 0.012 0.000000
0.012 0.013 0.000000
0.013 0.014 0.000000
0.014 0.015 0.000000
0.015 0.016 0.000000
0.016 0.017 0.000000
0.017 0.018 0.000000
0.018 0.019 0.000000
0.019 0.020 0.000000
0.020 0.021 0.000003
0.021 0.022 0.000016
0.022 0.023 0.000063
0.023 0.024 0.000202
0.024 0.025 0.000549
0.025 0.026 0.001293
0.026 0.027 0.002697
0.027 0.028 0.005108
0.028 0.029 0.008920
0.029 0.030 0.014432
0.030 0.031 0.022007
0.031 0.032 0.031820
0.032 0.033 0.044050
0.033 0.034 0.058579
0.034 0.035 0.075301
0.035 0.036 0.093896
0.036 0.037 0.114095
0.037 0.038 0.135917
0.038 0.039 0.158187
0.039 0.040 0.181021
0.040 0.041 0.203446
0.041 0.042 0.226599
0.042 0.043 0.249791
0.043 0.044 0.271814
0.044 0.045 0.293503
0.045 0.046 0.312694
0.046 0.047 0.330557
0.047 0.048 0.348984
0.048 0.049 0.365181
0.049 0.050 0.378268
0.050 0.051 0.390593
0.051 0.052 0.402671
0.052 0.053 0.411659
0.053 0.054 0.418688
0.054 0.055 0.424997
0.055 0.056 0.430737
0.056 0.057 0.435806
0.057 0.058 0.627307
0.058 0.059 1.000000
0.059 0.060 0.814647
0.060 0.061 0.455896
0.061 0.062 0.455927
0.062 0.063 0.434513
0.063 0.064 0.432002
0.064 0.065 0.427983
0.065 0.066 0.423079
0.066 0.067 0.580829
0.067 0.068 0.578330
0.068 0.069 0.442470
0.069 0.070 0.399785
0.070 0.071 0.322667
0.071 0.072 0.317986
0.072 0.073 0.310733
0.073 0.074 0.305386
0.074 0.075 0.299605
0.075 0.076 0.295183
0.076 0.077 0.288552
0.077 0.078 0.283584
0.078 0.079 0.279853
0.079 0.080 0.275482
0.080 0.081 0.270034
0.081 0.082 0.262741
0.082 0.083 0.255284
0.083 0.084 0.248262
0.084 0.085 0.242153
0.085 0.086 0.236327
0.086 0.087 0.229836
0.087 0.088 0.224753
0.088 0.089 0.217686
0.089 0.090 0.208708
0.090 0.091 0.202441
0.091 0.092 0.193969
0.092 0.093 0.187668
0.093 0.094 0.184155
0.094 0.095 0.177987
0.095 0.096 0.172263
0.096 0.097 0.166447
0.097 0.098 0.158710
0.098 0.099 0.151399
0.099 0.100 0.145862
0.100 0.101 0.140844
0.101 0.102 0.134774
0.102 0.103 0.128114
0.103 0.104 0.122041
0.104 0.105 0.117224
0.105 0.106 0.111403
0.106 0.107 0.106488
0.107 0.108 0.100574
0.108 0.109 0.095880
0.109 0.110 0.091457
0.110 0.111 0.086577
0.111 0.112 0.082034
0.112 0.113 0.075857
0.113 0.114 0.070111
0.114 0.115 0.065530
0.115 0.116 0.060123
0.116 0.117 0.055928
0.117 0.118 0.052269
0.118 0.119 0.047440
0.119 0.120 0.043892
0.120 0.121 0.041813
0.121 0.122 0.038456
0.122 0.123 0.035097
0.123 0.124 0.031554
0.124 0.125 0.026742
0.125 0.126 0.023647
0.126 0.127 0.021273
0.127 0.128 0.018290
0.128 0.129 0.015711
0.129 0.130 0.013143
0.130 0.131 0.010254
0.131 0.132 0.007798
0.132 0.133 0.006366
0.133 0.134 0.004667
0.134 0.135 0.003095
0.135 0.136 0.001164
0.136 0.137 0.000697
0.137 0.138 0.000000
0.138 0.139 0.000000
0.139 0.140 0.000000
0.140 0.141 0.000000
0.141 0.142 0.000000
0.142 0.143 0.000000
0.143 0.144 0.000000
0.144 0.145 0.000000
0.145 0.146 0.000000
0.146 0.147 0.000000
0.147 0.148 0.000000
0.148 0.149 0.000000
0.149 0.150 0.000000
