1
0.000 0.001 0.000000
0.001 0.002 0.000000
0.002 0.003 0.000000
0.003 0.004 0.000000
0.004 0.005 0.000000
0.005 0.006 0.000000
0.006 0.007 0.000000
0.007 0.008 0.000000
0.008 0.009 0.000000
0.009 0.010 0.000000
0.010 0.011 0.000000
0.011 0.012 0.000000
0.012 0.013 0.000000
0.013 0.014 0.000000
0.014 0.015 0.000000
0.015 0.016 0.000000
0.016 0.017 0.000000
0.017 0.018 0.000000
0.018 0.019 0.000002
0.019 0.020 0.000012
0.020 0.021 0.000054
0.021 0.022 0.000186
0.022 0.023 0.000531
0.023 0.024 0.001295
0.024 0.025 0.002780
0.025 0.026 0.005345
0.026 0.027 0.009377
0.027 0.028 0.015325
0.028 0.029 0.023510
0.029 0.030 0.033940
0.030 0.031 0.046901
0.031 0.032 0.062211
0.032 0.033 0.079744
0.033 0.034 0.099291
0.034 0.035 0.120301
0.035 0.036 0.142235
0.036 0.037 0.165259
0.037 0.038 0.188992
0.038 0.039 0.211626
0.039 0.040 0.234104
0.040 0.041 0.256225
0.041 0.042 0.276987
0.042 0.043 0.297204
0.043 0.044 0.315845
0.044 0.045 0.334175
0.045 0.046 0.349658
0.046 0.047 0.362959
0.047 0.048 0.377559
0.048 0.049 0.390027
0.049 0.050 0.398601
0.050 0.051 0.406426
0.051 0.052 0.415122
0.052 0.053 0.421761
0.053 0.054 0.425600
0.054 0.055 0.428724
0.055 0.056 0.433148
0.056 0.057 0.436897
0.057 0.058 0.630209
0.058 0.059 1.000000
0.059 0.060 0.806976
0.060 0.061 0.446327
0.061 0.062 0.444231
0.062 0.063 0.422013
0.063 0.064 0.417514
0.064 0.065 0.411579
0.065 0.066 0.406771
0.066 0.067 0.556248
0.067 0.068 0.552305
0.068 0.069 0.423580
0.069 0.070 0.382206
0.070 0.071 0.308968
0.071 0.072 0.304211
0.072 0.073 0.297720
0.073 0.074 0.294047
0.074 0.075 0.290077
0.075 0.076 0.284889
0.076 0.077 0.277264
0.077 0.078 0.271378
0.078 0.079 0.268050
0.079 0.080 0.263409
0.080 0.081 0.256816
0.081 0.082 0.249076
0.082 0.083 0.241737
0.083 0.084 0.234727
0.084 0.085 0.228733
0.085 0.086 0.223291
0.086 0.087 0.216389
0.087 0.088 0.211934
0.088 0.089 0.205791
0.089 0.090 0.197446
0.090 0.091 0.189883
0.091 0.092 0.179643
0.092 0.093 0.172553
0.093 0.094 0.168840
0.094 0.095 0.161743
0.095 0.096 0.154680
0.096 0.097 0.147920
0.097 0.098 0.139279
0.098 0.099 0.131423
0.099 0.100 0.125121
0.100 0.101 0.119759
0.101 0.102 0.113166
0.102 0.103 0.106243
0.103 0.104 0.100914
0.104 0.105 0.095899
0.105 0.106 0.089662
0.106 0.107 0.083539
0.107 0.108 0.077460
0.108 0.109 0.072392
0.109 0.110 0.067195
0.110 0.111 0.062056
0.111 0.112 0.057283
0.112 0.113 0.052102
0.113 0.114 0.047583
0.114 0.115 0.043568
0.115 0.116 0.038695
0.116 0.117 0.034958
0.117 0.118 0.031066
0.118 0.119 0.025767
0.119 0.120 0.022824
0.120 0.121 0.020957
0.121 0.122 0.018342
0.122 0.123 0.015661
0.123 0.124 0.012487
0.124 0.125 0.009958
0.125 0.126 0.007464
0.126 0.127 0.005094
0.127 0.128 0.003503
0.128 0.129 0.001636
0.129 0.130 0.000456
0.130 0.131 0.000000
0.131 0.132 0.000000
0.132 0.133 0.000000
0.133 0.134 0.000000
0.134 0.135 0.000000
0.135 0.136 0.000000
0.136 0.137 0.000000
0.137 0.138 0.000000
0.138 0.139 0.000000
0.139 0.140 0.000000
0.140 0.141 0.000000
0.141 0.142 0.000000
0.142 0.143 0.000000
0.143 0.144 0.000000
0.144 0.145 0.000000
0.145 0.146 0.000000
0.146 0.147 0.000000
0.147 0.148 0.000000
0.148 0.149 0.000000
0.149 0.150 0.000000
