1
0.000 0.001 0.000000
0.001 0.002 0.000000
0.002 0.003 0.000000
0.003 0.004 0.000000
0.004 0.005 0.000000
0.005 0.006 0.000000
0.006 0.007 0.000000
0.007 0.008 0.000000
0.008 0.009 0.000000
0.009 0.010 0.000000
0.010 0.011 0.000000
0.011 0.012 0.000000
0.012 0.013 0.000000
0.013 0.014 0.000000
0.014 0.015 0.000000
0.015 0.016 0.000000
0.016 0.017 0.000000
0.017 0.018 0.000000
0.018 0.019 0.000000
0.019 0.020 0.000004
0.020 0.021 0.000021
0.021 0.022 0.000090
0.022 0.023 0.000301
0.023 0.024 0.000834
0.024 0.025 0.001984
0.025 0.026 0.004189
0.026 0.027 0.007931
0.027 0.028 0.013774
0.028 0.029 0.022296
0.029 0.030 0.033710
0.030 0.031 0.048247
0.031 0.032 0.065947
0.032 0.033 0.086687
0.033 0.034 0.110095
0.034 0.035 0.135942
0.035 0.036 0.163292
0.036 0.037 0.191891
0.037 0.038 0.221081
0.038 0.039 0.249149
0.039 0.040 0.277341
0.040 0.041 0.304664
0.041 0.042 0.329378
0.042 0.043 0.355442
0.043 0.044 0.379370
0.044 0.045 0.401954
0.045 0.046 0.421775
0.046 0.047 0.438111
0.047 0.048 0.454488
0.048 0.049 0.469441
0.049 0.050 0.479888
0.050 0.051 0.487577
0.051 0.052 0.495669
0.052 0.053 0.502804
0.053 0.054 0.505996
0.054 0.055 0.506931
0.055 0.056 0.508312
0.056 0.057 0.508812
0.057 0.058 0.674777
0.058 0.059 1.000000
0.059 0.060 0.828146
0.060 0.061 0.506159
0.061 0.062 0.501577
0.062 0.063 0.479331
0.063 0.064 0.470771
0.064 0.065 0.461181
0.065 0.066 0.453518
0.066 0.067 0.584485
0.067 0.068 0.577444
0.068 0.069 0.454965
0.069 0.070 0.411141
0.070 0.071 0.341200
0.071 0.072 0.331556
0.072 0.073 0.319637
0.073 0.074 0.311738
0.074 0.075 0.305809
0.075 0.076 0.297728
0.076 0.077 0.287179
0.077 0.078 0.278195
0.078 0.079 0.273141
0.079 0.080 0.266414
0.080 0.081 0.256456
0.081 0.082 0.245107
0.082 0.083 0.235166
0.083 0.084 0.225555
0.084 0.085 0.216609
0.085 0.086 0.208518
0.086 0.087 0.196886
0.087 0.088 0.191561
0.088 0.089 0.185515
0.089 0.090 0.176540
0.090 0.091 0.167413
0.091 0.092 0.156132
0.092 0.093 0.148559
0.093 0.094 0.144183
0.094 0.095 0.136215
0.095 0.096 0.128475
0.096 0.097 0.119717
0.097 0.098 0.109377
0.098 0.099 0.098516
0.099 0.100 0.092444
0.100 0.101 0.088408
0.101 0.102 0.083025
0.102 0.103 0.075183
0.103 0.104 0.069136
0.104 0.105 0.064524
0.105 0.106 0.058656
0.106 0.107 0.052647
0.107 0.108 0.044537
0.108 0.109 0.040088
0.109 0.110 0.035134
0.110 0.111 0.030596
0.111 0.112 0.026958
0.112 0.113 0.022349
0.113 0.114 0.018361
0.114 0.115 0.013282
0.115 0.116 0.010425
0.116 0.117 0.007906
0.117 0.118 0.005273
0.118 0.119 0.001719
0.119 0.120 0.001010
0.120 0.121 0.000000
0.121 0.122 0.000000
0.122 0.123 0.000000
0.123 0.124 0.000000
0.124 0.125 0.000000
0.125 0.126 0.000000
0.126 0.127 0.000000
0.127 0.128 0.000000
0.128 0.129 0.000000
0.129 0.130 0.000000
0.130 0.131 0.000000
0.131 0.132 0.000000
0.132 0.133 0.000000
0.133 0.134 0.000000
0.134 0.135 0.000000
0.135 0.136 0.000000
0.136 0.137 0.000000
0.137 0.138 0.000000
0.138 0.139 0.000000
0.139 0.140 0.000000
0.140 0.141 0.000000
0.141 0.142 0.000000
0.142 0.143 0.000000
0.143 0.144 0.000000
0.144 0.145 0.000000
0.145 0.146 0.000000
0.146 0.147 0.000000
0.147 0.148 0.000000
0.148 0.149 0.000000
0.149 0.150 0.000000
