1
0.000 0.001 0.000000
0.001 0.002 0.000000
0.002 0.003 0.000000
0.003 0.004 0.000000
0.004 0.005 0.000000
0.005 0.006 0.000000
0.006 0.007 0.000000
0.007 0.008 0.000000
0.008 0.009 0.000000
0.009 0.010 0.000000
0.010 0.011 0.000000
0.011 0.012 0.000000
0.012 0.013 0.000000
0.013 0.014 0.000000
0.014 0.015 0.000000
0.015 0.016 0.000000
0.016 0.017 0.000001
0.017 0.018 0.000008
0.018 0.019 0.000050
0.019 0.020 0.000226
0.020 0.021 0.000794
0.021 0.022 0.002267
0.022 0.023 0.005472
0.023 0.024 0.011491
0.024 0.025 0.021609
0.025 0.026 0.036984
0.026 0.027 0.058480
0.027 0.028 0.086817
0.028 0.029 0.121997
0.029 0.030 0.163491
0.030 0.031 0.210514
0.031 0.032 0.261108
0.032 0.033 0.315556
0.033 0.034 0.371126
0.034 0.035 0.425929
0.035 0.036 0.480346
0.036 0.037 0.531313
0.037 0.038 0.579071
0.038 0.039 0.623455
0.039 0.040 0.666659
0.040 0.041 0.703033
0.041 0.042 0.734935
0.042 0.043 0.762031
0.043 0.044 0.784186
0.044 0.045 0.802823
0.045 0.046 0.811937
0.046 0.047 0.819109
0.047 0.048 0.818951
0.048 0.049 0.818760
0.049 0.050 0.815990
0.050 0.051 0.812567
0.051 0.052 0.805998
0.052 0.053 0.791335
0.053 0.054 0.776885
0.054 0.055 0.762562
0.055 0.056 0.738785
0.056 0.057 0.718045
0.057 0.058 0.809387
0.058 0.059 1.000000
0.059 0.060 0.872881
0.060 0.061 0.649502
0.061 0.062 0.624079
0.062 0.063 0.586118
0.063 0.064 0.556334
0.064 0.065 0.533727
0.065 0.066 0.509252
0.066 0.067 0.572324
0.067 0.068 0.552578
0.068 0.069 0.455126
0.069 0.070 0.406354
0.070 0.071 0.351071
0.071 0.072 0.328434
0.072 0.073 0.307348
0.073 0.074 0.288461
0.074 0.075 0.269033
0.075 0.076 0.248623
0.076 0.077 0.228876
0.077 0.078 0.206309
0.078 0.079 0.191701
0.079 0.080 0.177501
0.080 0.081 0.160905
0.081 0.082 0.141491
0.082 0.083 0.124614
0.083 0.084 0.107365
0.084 0.085 0.095003
0.085 0.086 0.082750
0.086 0.087 0.068878
0.087 0.088 0.053484
0.088 0.089 0.042350
0.089 0.090 0.033068
0.090 0.091 0.026024
0.091 0.092 0.015274
0.092 0.093 0.009992
0.093 0.094 0.002719
0.094 0.095 0.000000
0.095 0.096 0.000000
0.096 0.097 0.000000
0.097 0.098 0.000000
0.098 0.099 0.000000
0.099 0.100 0.000000
0.100 0.101 0.000000
0.101 0.102 0.000000
0.102 0.103 0.000000
0.103 0.104 0.000000
0.104 0.105 0.000000
0.105 0.106 0.000000
0.106 0.107 0.000000
0.107 0.108 0.000000
0.108 0.109 0.000000
0.109 0.110 0.000000
0.110 0.111 0.000000
0.111 0.112 0.000000
0.112 0.113 0.000000
0.113 0.114 0.000000
0.114 0.115 0.000000
0.115 0.116 0.000000
0.116 0.117 0.000000
0.117 0.118 0.000000
0.118 0.119 0.000000
0.119 0.120 0.000000
0.120 0.121 0.000000
0.121 0.122 0.000000
0.122 0.123 0.000000
0.123 0.124 0.000000
0.124 0.125 0.000000
0.125 0.126 0.000000
0.126 0.127 0.000000
0.127 0.128 0.000000
0.128 0.129 0.000000
0.129 0.130 0.000000
0.130 0.131 0.000000
0.131 0.132 0.000000
0.132 0.133 0.000000
0.133 0.134 0.000000
0.134 0.135 0.000000
0.135 0.136 0.000000
0.136 0.137 0.000000
0.137 0.138 0.000000
0.138 0.139 0.000000
0.139 0.140 0.000000
0.140 0.141 0.000000
0.141 0.142 0.000000
0.142 0.143 0.000000
0.143 0.144 0.000000
0.144 0.145 0.000000
0.145 0.146 0.000000
0.146 0.147 0.000000
0.147 0.148 0.000000
0.148 0.149 0.000000
0.149 0.150 0.000000
