1
0.000 0.001 0.000000
0.001 0.002 0.000000
0.002 0.003 0.000000
0.003 0.004 0.000000
0.004 0.005 0.000000
0.005 0.006 0.000000
0.006 0.007 0.000000
0.007 0.008 0.000000
0.008 0.009 0.000000
0.009 0.010 0.000000
0.010 0.011 0.000000
0.011 0.012 0.000000
0.012 0.013 0.000000
0.013 0.014 0.000000
0.014 0.015 0.000000
0.015 0.016 0.000000
0.016 0.017 0.000002
0.017 0.018 0.000017
0.018 0.019 0.000096
0.019 0.020 0.000389
0.020 0.021 0.001233
0.021 0.022 0.003207
0.022 0.023 0.007093
0.023 0.024 0.013821
0.024 0.025 0.024303
0.025 0.026 0.039130
0.026 0.027 0.058576
0.027 0.028 0.083004
0.028 0.029 0.112145
0.029 0.030 0.144833
0.030 0.031 0.180138
0.031 0.032 0.217432
0.032 0.033 0.256038
0.033 0.034 0.294938
0.034 0.035 0.333167
0.035 0.036 0.370385
0.036 0.037 0.405798
0.037 0.038 0.437557
0.038 0.039 0.465924
0.039 0.040 0.492849
0.040 0.041 0.516718
0.041 0.042 0.537275
0.042 0.043 0.556247
0.043 0.044 0.570767
0.044 0.045 0.583746
0.045 0.046 0.593562
0.046 0.047 0.598405
0.047 0.048 0.603803
0.048 0.049 0.607996
0.049 0.050 0.606466
0.050 0.051 0.603786
0.051 0.052 0.602595
0.052 0.053 0.600075
0.053 0.054 0.594452
0.054 0.055 0.586159
0.055 0.056 0.578481
0.056 0.057 0.571115
0.057 0.058 0.716818
0.058 0.059 1.000000
0.059 0.060 0.831212
0.060 0.061 0.532444
0.061 0.062 0.519647
0.062 0.063 0.492119
0.063 0.064 0.475121
0.064 0.065 0.460095
0.065 0.066 0.447375
0.066 0.067 0.550980
0.067 0.068 0.538216
0.068 0.069 0.428294
0.069 0.070 0.385013
0.070 0.071 0.322804
0.071 0.072 0.308657
0.072 0.073 0.294812
0.073 0.074 0.287617
0.074 0.075 0.279012
0.075 0.076 0.266828
0.076 0.077 0.252830
0.077 0.078 0.240730
0.078 0.079 0.231913
0.079 0.080 0.224229
0.080 0.081 0.213666
0.081 0.082 0.201754
0.082 0.083 0.190852
0.083 0.084 0.179827
0.084 0.085 0.169942
0.085 0.086 0.160310
0.086 0.087 0.151447
0.087 0.088 0.144338
0.088 0.089 0.137001
0.089 0.090 0.127593
0.090 0.091 0.117242
0.091 0.092 0.105787
0.092 0.093 0.099078
0.093 0.094 0.094030
0.094 0.095 0.086913
0.095 0.096 0.080180
0.096 0.097 0.072024
0.097 0.098 0.062330
0.098 0.099 0.053937
0.099 0.100 0.048203
0.100 0.101 0.045418
0.101 0.102 0.040238
0.102 0.103 0.032656
0.103 0.104 0.028144
0.104 0.105 0.024794
0.105 0.106 0.020701
0.106 0.107 0.015669
0.107 0.108 0.012176
0.108 0.109 0.008975
0.109 0.110 0.005090
0.110 0.111 0.003191
0.111 0.112 0.000904
0.112 0.113 0.000000
0.113 0.114 0.000000
0.114 0.115 0.000000
0.115 0.116 0.000000
0.116 0.117 0.000000
0.117 0.118 0.000000
0.118 0.119 0.000000
0.119 0.120 0.000000
0.120 0.121 0.000000
0.121 0.122 0.000000
0.122 0.123 0.000000
0.123 0.124 0.000000
0.124 0.125 0.000000
0.125 0.126 0.000000
0.126 0.127 0.000000
0.127 0.128 0.000000
0.128 0.129 0.000000
0.129 0.130 0.000000
0.130 0.131 0.000000
0.131 0.132 0.000000
0.132 0.133 0.000000
0.133 0.134 0.000000
0.134 0.135 0.000000
0.135 0.136 0.000000
0.136 0.137 0.000000
0.137 0.138 0.000000
0.138 0.139 0.000000
0.139 0.140 0.000000
0.140 0.141 0.000000
0.141 0.142 0.000000
0.142 0.143 0.000000
0.143 0.144 0.000000
0.144 0.145 0.000000
0.145 0.146 0.000000
0.146 0.147 0.000000
0.147 0.148 0.000000
0.148 0.149 0.000000
0.149 0.150 0.000000
