1
0.000 0.001 0.000000
0.001 0.002 0.000000
0.002 0.003 0.000000
0.003 0.004 0.000000
0.004 0.005 0.000000
0.005 0.006 0.000000
0.006 0.007 0.000000
0.007 0.008 0.000000
0.008 0.009 0.000000
0.009 0.010 0.000000
0.010 0.011 0.000000
0.011 0.012 0.000000
0.012 0.013 0.000000
0.013 0.014 0.000000
0.014 0.015 0.000000
0.015 0.016 0.000000
0.016 0.017 0.000000
0.017 0.018 0.000000
0.018 0.019 0.000000
0.019 0.020 0.000000
0.020 0.021 0.000004
0.021 0.022 0.000021
0.022 0.023 0.000090
0.023 0.024 0.000303
0.024 0.025 0.000853
0.025 0.026 0.002063
0.026 0.027 0.004399
0.027 0.028 0.008471
0.028 0.029 0.014961
0.029 0.030 0.024523
0.030 0.031 0.037661
0.031 0.032 0.054492
0.032 0.033 0.075852
0.033 0.034 0.101246
0.034 0.035 0.129887
0.035 0.036 0.161859
0.036 0.037 0.195828
0.037 0.038 0.232304
0.038 0.039 0.271285
0.039 0.040 0.311141
0.040 0.041 0.349439
0.041 0.042 0.387962
0.042 0.043 0.424695
0.043 0.044 0.460461
0.044 0.045 0.495626
0.045 0.046 0.524105
0.046 0.047 0.553266
0.047 0.048 0.577917
0.048 0.049 0.597445
0.049 0.050 0.615670
0.050 0.051 0.633739
0.051 0.052 0.650717
0.052 0.053 0.657353
0.053 0.054 0.663328
0.054 0.055 0.671014
0.055 0.056 0.671185
0.056 0.057 0.665662
0.057 0.058 0.777025
0.058 0.059 1.000000
0.059 0.060 0.886642
0.060 0.061 0.662067
0.061 0.062 0.648106
0.062 0.063 0.620609
0.063 0.064 0.606507
0.064 0.065 0.590666
0.065 0.066 0.572094
0.066 0.067 0.654266
0.067 0.068 0.642246
0.068 0.069 0.539523
0.069 0.070 0.488340
0.070 0.071 0.428186
0.071 0.072 0.412721
0.072 0.073 0.389908
0.073 0.074 0.366760
0.074 0.075 0.342847
0.075 0.076 0.319251
0.076 0.077 0.296585
0.077 0.078 0.271493
0.078 0.079 0.246064
0.079 0.080 0.224578
0.080 0.081 0.200448
0.081 0.082 0.169815
0.082 0.083 0.147479
0.083 0.084 0.126427
0.084 0.085 0.105502
0.085 0.086 0.088585
0.086 0.087 0.067944
0.087 0.088 0.052025
0.088 0.089 0.033567
0.089 0.090 0.020129
0.090 0.091 0.011476
0.091 0.092 0.002035
0.092 0.093 0.000000
0.093 0.094 0.000000
0.094 0.095 0.000000
0.095 0.096 0.000000
0.096 0.097 0.000000
0.097 0.098 0.000000
0.098 0.099 0.000000
0.099 0.100 0.000000
0.100 0.101 0.000000
0.101 0.102 0.000000
0.102 0.103 0.000000
0.103 0.104 0.000000
0.104 0.105 0.000000
0.105 0.106 0.000000
0.106 0.107 0.000000
0.107 0.108 0.000000
0.108 0.109 0.000000
0.109 0.110 0.000000
0.110 0.111 0.000000
0.111 0.112 0.000000
0.112 0.113 0.000000
0.113 0.114 0.000000
0.114 0.115 0.000000
0.115 0.116 0.000000
0.116 0.117 0.000000
0.117 0.118 0.000000
0.118 0.119 0.000000
0.119 0.120 0.000000
0.120 0.121 0.000000
0.121 0.122 0.000000
0.122 0.123 0.000000
0.123 0.124 0.000000
0.124 0.125 0.000000
0.125 0.126 0.000000
0.126 0.127 0.000000
0.127 0.128 0.000000
0.128 0.129 0.000000
0.129 0.130 0.000000
0.130 0.131 0.000000
0.131 0.132 0.000000
0.132 0.133 0.000000
0.133 0.134 0.000000
0.134 0.135 0.000000
0.135 0.136 0.000000
0.136 0.137 0.000000
0.137 0.138 0.000000
0.138 0.139 0.000000
0.139 0.140 0.000000
0.140 0.141 0.000000
0.141 0.142 0.000000
0.142 0.143 0.000000
0.143 0.144 0.000000
0.144 0.145 0.000000
0.145 0.146 0.000000
0.146 0.147 0.000000
0.147 0.148 0.000000
0.148 0.149 0.000000
0.149 0.150 0.000000
