1
0.000 0.001 0.000000
0.001 0.002 0.000000
0.002 0.003 0.000000
0.003 0.004 0.000000
0.004 0.005 0.000000
0.005 0.006 0.000000
0.006 0.007 0.000000
0.007 0.008 0.000000
0.008 0.009 0.000000
0.009 0.010 0.000000
0.010 0.011 0.000000
0.011 0.012 0.000000
0.012 0.013 0.000000
0.013 0.014 0.000000
0.014 0.015 0.000000
0.015 0.016 0.000001
0.016 0.017 0.000011
0.017 0.018 0.000066
0.018 0.019 0.000289
0.019 0.020 0.000974
0.020 0.021 0.002664
0.021 0.022 0.006176
0.022 0.023 0.012486
0.023 0.024 0.022588
0.024 0.025 0.037420
0.025 0.026 0.057369
0.026 0.027 0.082474
0.027 0.028 0.112980
0.028 0.029 0.148304
0.029 0.030 0.187080
0.030 0.031 0.227991
0.031 0.032 0.270293
0.032 0.033 0.314127
0.033 0.034 0.357106
0.034 0.035 0.398499
0.035 0.036 0.439296
0.036 0.037 0.476354
0.037 0.038 0.508489
0.038 0.039 0.539025
0.039 0.040 0.568186
0.040 0.041 0.591769
0.041 0.042 0.612177
0.042 0.043 0.631156
0.043 0.044 0.645010
0.044 0.045 0.657228
0.045 0.046 0.665374
0.046 0.047 0.669397
0.047 0.048 0.672959
0.048 0.049 0.674582
0.049 0.050 0.670739
0.050 0.051 0.666855
0.051 0.052 0.664668
0.052 0.053 0.659047
0.053 0.054 0.650742
0.054 0.055 0.640634
0.055 0.056 0.629733
0.056 0.057 0.619062
0.057 0.058 0.747814
0.058 0.059 1.000000
0.059 0.060 0.844208
0.060 0.061 0.571434
0.061 0.062 0.555517
0.062 0.063 0.526066
0.063 0.064 0.506989
0.064 0.065 0.489155
0.065 0.066 0.472649
0.066 0.067 0.561091
0.067 0.068 0.545293
0.068 0.069 0.440176
0.069 0.070 0.394871
0.070 0.071 0.336773
0.071 0.072 0.322137
0.072 0.073 0.303712
0.073 0.074 0.292365
0.074 0.075 0.278745
0.075 0.076 0.263908
0.076 0.077 0.248109
0.077 0.078 0.234207
0.078 0.079 0.223803
0.079 0.080 0.212651
0.080 0.081 0.198029
0.081 0.082 0.184255
0.082 0.083 0.171310
0.083 0.084 0.158255
0.084 0.085 0.146387
0.085 0.086 0.134597
0.086 0.087 0.124374
0.087 0.088 0.114943
0.088 0.089 0.105067
0.089 0.090 0.093750
0.090 0.091 0.083715
0.091 0.092 0.074404
0.092 0.093 0.066396
0.093 0.094 0.057911
0.094 0.095 0.051121
0.095 0.096 0.044772
0.096 0.097 0.037006
0.097 0.098 0.028179
0.098 0.099 0.021040
0.099 0.100 0.015907
0.100 0.101 0.012095
0.101 0.102 0.008584
0.102 0.103 0.003943
0.103 0.104 0.001031
0.104 0.105 0.000000
0.105 0.106 0.000000
0.106 0.107 0.000000
0.107 0.108 0.000000
0.108 0.109 0.000000
0.109 0.110 0.000000
0.110 0.111 0.000000
0.111 0.112 0.000000
0.112 0.113 0.000000
0.113 0.114 0.000000
0.114 0.115 0.000000
0.115 0.116 0.000000
0.116 0.117 0.000000
0.117 0.118 0.000000
0.118 0.119 0.000000
0.119 0.120 0.000000
0.120 0.121 0.000000
0.121 0.122 0.000000
0.122 0.123 0.000000
0.123 0.124 0.000000
0.124 0.125 0.000000
0.125 0.126 0.000000
0.126 0.127 0.000000
0.127 0.128 0.000000
0.128 0.129 0.000000
0.129 0.130 0.000000
0.130 0.131 0.000000
0.131 0.132 0.000000
0.132 0.133 0.000000
0.133 0.134 0.000000
0.134 0.135 0.000000
0.135 0.136 0.000000
0.136 0.137 0.000000
0.137 0.138 0.000000
0.138 0.139 0.000000
0.139 0.140 0.000000
0.140 0.141 0.000000
0.141 0.142 0.000000
0.142 0.143 0.000000
0.143 0.144 0.000000
0.144 0.145 0.000000
0.145 0.146 0.000000
0.146 0.147 0.000000
0.147 0.148 0.000000
0.148 0.149 0.000000
0.149 0.150 0.000000
