1
0.000 0.001 0.000000
0.001 0.002 0.000000
0.002 0.003 0.000000
0.003 0.004 0.000000
0.004 0.005 0.000000
0.005 0.006 0.000000
0.006 0.007 0.000000
0.007 0.008 0.000000
0.008 0.009 0.000000
0.009 0.010 0.000000
0.010 0.011 0.000000
0.011 0.012 0.000000
0.012 0.013 0.000000
0.013 0.014 0.000000
0.014 0.015 0.000000
0.015 0.016 0.000000
0.016 0.017 0.000000
0.017 0.018 0.000001
0.018 0.019 0.000006
0.019 0.020 0.000033
0.020 0.021 0.000135
0.021 0.022 0.000445
0.022 0.023 0.001213
0.023 0.024 0.002833
0.024 0.025 0.005857
0.025 0.026 0.010877
0.026 0.027 0.018490
0.027 0.028 0.029355
0.028 0.029 0.043853
0.029 0.030 0.061962
0.030 0.031 0.083596
0.031 0.032 0.108555
0.032 0.033 0.136964
0.033 0.034 0.167436
0.034 0.035 0.199331
0.035 0.036 0.233238
0.036 0.037 0.266945
0.037 0.038 0.298330
0.038 0.039 0.330222
0.039 0.040 0.362971
0.040 0.041 0.391947
0.041 0.042 0.418882
0.042 0.043 0.445529
0.043 0.044 0.468897
0.044 0.045 0.490575
0.045 0.046 0.509283
0.046 0.047 0.524316
0.047 0.048 0.538556
0.048 0.049 0.551345
0.049 0.050 0.557867
0.050 0.051 0.564526
0.051 0.052 0.573121
0.052 0.053 0.577158
0.053 0.054 0.577332
0.054 0.055 0.576380
0.055 0.056 0.575951
0.056 0.057 0.575139
0.057 0.058 0.720506
0.058 0.059 1.000000
0.059 0.060 0.843771
0.060 0.061 0.558929
0.061 0.062 0.549601
0.062 0.063 0.523688
0.063 0.064 0.510270
0.064 0.065 0.498743
0.065 0.066 0.489256
0.066 0.067 0.597522
0.067 0.068 0.587615
0.068 0.069 0.476378
0.069 0.070 0.432345
0.070 0.071 0.370534
0.071 0.072 0.359582
0.072 0.073 0.344775
0.073 0.074 0.336631
0.074 0.075 0.326985
0.075 0.076 0.311873
0.076 0.077 0.295739
0.077 0.078 0.282572
0.078 0.079 0.274051
0.079 0.080 0.263519
0.080 0.081 0.249087
0.081 0.082 0.232792
0.082 0.083 0.217207
0.083 0.084 0.201346
0.084 0.085 0.187104
0.085 0.086 0.174183
0.086 0.087 0.159512
0.087 0.088 0.145193
0.088 0.089 0.130969
0.089 0.090 0.115896
0.090 0.091 0.102337
0.091 0.092 0.089292
0.092 0.093 0.076714
0.093 0.094 0.066541
0.094 0.095 0.054874
0.095 0.096 0.046042
0.096 0.097 0.034777
0.097 0.098 0.024894
0.098 0.099 0.016846
0.099 0.100 0.010019
0.100 0.101 0.005985
0.101 0.102 0.001074
0.102 0.103 0.000000
0.103 0.104 0.000000
0.104 0.105 0.000000
0.105 0.106 0.000000
0.106 0.107 0.000000
0.107 0.108 0.000000
0.108 0.109 0.000000
0.109 0.110 0.000000
0.110 0.111 0.000000
0.111 0.112 0.000000
0.112 0.113 0.000000
0.113 0.114 0.000000
0.114 0.115 0.000000
0.115 0.116 0.000000
0.116 0.117 0.000000
0.117 0.118 0.000000
0.118 0.119 0.000000
0.119 0.120 0.000000
0.120 0.121 0.000000
0.121 0.122 0.000000
0.122 0.123 0.000000
0.123 0.124 0.000000
0.124 0.125 0.000000
0.125 0.126 0.000000
0.126 0.127 0.000000
0.127 0.128 0.000000
0.128 0.129 0.000000
0.129 0.130 0.000000
0.130 0.131 0.000000
0.131 0.132 0.000000
0.132 0.133 0.000000
0.133 0.134 0.000000
0.134 0.135 0.000000
0.135 0.136 0.000000
0.136 0.137 0.000000
0.137 0.138 0.000000
0.138 0.139 0.000000
0.139 0.140 0.000000
0.140 0.141 0.000000
0.141 0.142 0.000000
0.142 0.143 0.000000
0.143 0.144 0.000000
0.144 0.145 0.000000
0.145 0.146 0.000000
0.146 0.147 0.000000
0.147 0.148 0.000000
0.148 0.149 0.000000
0.149 0.150 0.000000
