1
0.000 0.001 0.000000
0.001 0.002 0.000000
0.002 0.003 0.000000
0.003 0.004 0.000000
0.004 0.005 0.000000
0.005 0.006 0.000000
0.006 0.007 0.000000
0.007 0.008 0.000000
0.008 0.009 0.000000
0.009 0.010 0.000000
0.010 0.011 0.000000
0.011 0.012 0.000000
0.012 0.013 0.000000
0.013 0.014 0.000000
0.014 0.015 0.000000
0.015 0.016 0.000000
0.016 0.017 0.000001
0.017 0.018 0.000008
0.018 0.019 0.000046
0.019 0.020 0.000205
0.020 0.021 0.000710
0.021 0.022 0.002003
0.022 0.023 0.004787
0.023 0.024 0.009982
0.024 0.025 0.018637
0.025 0.026 0.031672
0.026 0.027 0.049761
0.027 0.028 0.073633
0.028 0.029 0.103278
0.029 0.030 0.137982
0.030 0.031 0.177024
0.031 0.032 0.219130
0.032 0.033 0.264252
0.033 0.034 0.310433
0.034 0.035 0.356742
0.035 0.036 0.402267
0.036 0.037 0.446491
0.037 0.038 0.486846
0.038 0.039 0.525357
0.039 0.040 0.562073
0.040 0.041 0.592805
0.041 0.042 0.619995
0.042 0.043 0.644103
0.043 0.044 0.662788
0.044 0.045 0.679007
0.045 0.046 0.688024
0.046 0.047 0.697934
0.047 0.048 0.705710
0.048 0.049 0.709234
0.049 0.050 0.707477
0.050 0.051 0.705725
0.051 0.052 0.703380
0.052 0.053 0.696274
0.053 0.054 0.686710
0.054 0.055 0.674771
0.055 0.056 0.659075
0.056 0.057 0.648677
0.057 0.058 0.766704
0.058 0.059 1.000000
0.059 0.060 0.854527
0.060 0.061 0.597992
0.061 0.062 0.580214
0.062 0.063 0.548346
0.063 0.064 0.526217
0.064 0.065 0.505703
0.065 0.066 0.484289
0.066 0.067 0.568905
0.067 0.068 0.553932
0.068 0.069 0.451358
0.069 0.070 0.406557
0.070 0.071 0.349298
0.071 0.072 0.333542
0.072 0.073 0.313283
0.073 0.074 0.299508
0.074 0.075 0.282795
0.075 0.076 0.267124
0.076 0.077 0.250869
0.077 0.078 0.236150
0.078 0.079 0.224572
0.079 0.080 0.212375
0.080 0.081 0.197556
0.081 0.082 0.178969
0.082 0.083 0.166005
0.083 0.084 0.153148
0.084 0.085 0.141232
0.085 0.086 0.130232
0.086 0.087 0.117819
0.087 0.088 0.105953
0.088 0.089 0.091957
0.089 0.090 0.082252
0.090 0.091 0.072320
0.091 0.092 0.062594
0.092 0.093 0.053697
0.093 0.094 0.043352
0.094 0.095 0.036809
0.095 0.096 0.030628
0.096 0.097 0.023326
0.097 0.098 0.014611
0.098 0.099 0.009766
0.099 0.100 0.005968
0.100 0.101 0.001911
0.101 0.102 0.000000
0.102 0.103 0.000000
0.103 0.104 0.000000
0.104 0.105 0.000000
0.105 0.106 0.000000
0.106 0.107 0.000000
0.107 0.108 0.000000
0.108 0.109 0.000000
0.109 0.110 0.000000
0.110 0.111 0.000000
0.111 0.112 0.000000
0.112 0.113 0.000000
0.113 0.114 0.000000
0.114 0.115 0.000000
0.115 0.116 0.000000
0.116 0.117 0.000000
0.117 0.118 0.000000
0.118 0.119 0.000000
0.119 0.120 0.000000
0.120 0.121 0.000000
0.121 0.122 0.000000
0.122 0.123 0.000000
0.123 0.124 0.000000
0.124 0.125 0.000000
0.125 0.126 0.000000
0.126 0.127 0.000000
0.127 0.128 0.000000
0.128 0.129 0.000000
0.129 0.130 0.000000
0.130 0.131 0.000000
0.131 0.132 0.000000
0.132 0.133 0.000000
0.133 0.134 0.000000
0.134 0.135 0.000000
0.135 0.136 0.000000
0.136 0.137 0.000000
0.137 0.138 0.000000
0.138 0.139 0.000000
0.139 0.140 0.000000
0.140 0.141 0.000000
0.141 0.142 0.000000
0.142 0.143 0.000000
0.143 0.144 0.000000
0.144 0.145 0.000000
0.145 0.146 0.000000
0.146 0.147 0.000000
0.147 0.148 0.000000
0.148 0.149 0.000000
0.149 0.150 0.000000
