1
0.000 0.001 0.000000
0.001 0.002 0.000000
0.002 0.003 0.000000
0.003 0.004 0.000000
0.004 0.005 0.000000
0.005 0.006 0.000000
0.006 0.007 0.000000
0.007 0.008 0.000000
0.008 0.009 0.000000
0.009 0.010 0.000000
0.010 0.011 0.000000
0.011 0.012 0.000000
0.012 0.013 0.000000
0.013 0.014 0.000000
0.014 0.015 0.000000
0.015 0.016 0.000000
0.016 0.017 0.000000
0.017 0.018 0.000000
0.018 0.019 0.000002
0.019 0.020 0.000012
0.020 0.021 0.000061
0.021 0.022 0.000230
0.022 0.023 0.000701
0.023 0.024 0.001795
0.024 0.025 0.003986
0.025 0.026 0.007855
0.026 0.027 0.013999
0.027 0.028 0.023074
0.028 0.029 0.035580
0.029 0.030 0.051500
0.030 0.031 0.071008
0.031 0.032 0.093846
0.032 0.033 0.119667
0.033 0.034 0.148000
0.034 0.035 0.178198
0.035 0.036 0.209321
0.036 0.037 0.240693
0.037 0.038 0.272151
0.038 0.039 0.302020
0.039 0.040 0.331117
0.040 0.041 0.358598
0.041 0.042 0.384278
0.042 0.043 0.408981
0.043 0.044 0.431310
0.044 0.045 0.451713
0.045 0.046 0.468453
0.046 0.047 0.481413
0.047 0.048 0.495150
0.048 0.049 0.506622
0.049 0.050 0.511812
0.050 0.051 0.515906
0.051 0.052 0.521499
0.052 0.053 0.523969
0.053 0.054 0.525740
0.054 0.055 0.524890
0.055 0.056 0.524885
0.056 0.057 0.524454
0.057 0.058 0.686580
0.058 0.059 1.000000
0.059 0.060 0.827836
0.060 0.061 0.510519
0.061 0.062 0.502848
0.062 0.063 0.478119
0.063 0.064 0.466160
0.064 0.065 0.452899
0.065 0.066 0.444826
0.066 0.067 0.569130
0.067 0.068 0.561454
0.068 0.069 0.443697
0.069 0.070 0.400891
0.070 0.071 0.333746
0.071 0.072 0.324034
0.072 0.073 0.312033
0.073 0.074 0.305635
0.074 0.075 0.297740
0.075 0.076 0.286137
0.076 0.077 0.275304
0.077 0.078 0.266187
0.078 0.079 0.261084
0.079 0.080 0.254269
0.080 0.081 0.244240
0.081 0.082 0.232927
0.082 0.083 0.222972
0.083 0.084 0.213251
0.084 0.085 0.204286
0.085 0.086 0.196262
0.086 0.087 0.184976
0.087 0.088 0.179160
0.088 0.089 0.172730
0.089 0.090 0.163618
0.090 0.091 0.154278
0.091 0.092 0.143087
0.092 0.093 0.135346
0.093 0.094 0.130444
0.094 0.095 0.122274
0.095 0.096 0.113453
0.096 0.097 0.106210
0.097 0.098 0.097539
0.098 0.099 0.088725
0.099 0.100 0.082179
0.100 0.101 0.078156
0.101 0.102 0.072297
0.102 0.103 0.064093
0.103 0.104 0.056796
0.104 0.105 0.053145
0.105 0.106 0.048447
0.106 0.107 0.043560
0.107 0.108 0.037668
0.108 0.109 0.032454
0.109 0.110 0.026092
0.110 0.111 0.022356
0.111 0.112 0.019357
0.112 0.113 0.015621
0.113 0.114 0.012357
0.114 0.115 0.008175
0.115 0.116 0.005855
0.116 0.117 0.003772
0.117 0.118 0.001005
0.118 0.119 0.000000
0.119 0.120 0.000000
0.120 0.121 0.000000
0.121 0.122 0.000000
0.122 0.123 0.000000
0.123 0.124 0.000000
0.124 0.125 0.000000
0.125 0.126 0.000000
0.126 0.127 0.000000
0.127 0.128 0.000000
0.128 0.129 0.000000
0.129 0.130 0.000000
0.130 0.131 0.000000
0.131 0.132 0.000000
0.132 0.133 0.000000
0.133 0.134 0.000000
0.134 0.135 0.000000
0.135 0.136 0.000000
0.136 0.137 0.000000
0.137 0.138 0.000000
0.138 0.139 0.000000
0.139 0.140 0.000000
0.140 0.141 0.000000
0.141 0.142 0.000000
0.142 0.143 0.000000
0.143 0.144 0.000000
0.144 0.145 0.000000
0.145 0.146 0.000000
0.146 0.147 0.000000
0.147 0.148 0.000000
0.148 0.149 0.000000
0.149 0.150 0.000000
