1
0.000 0.001 0.000000
0.001 0.002 0.000000
0.002 0.003 0.000000
0.003 0.004 0.000000
0.004 0.005 0.000000
0.005 0.006 0.000000
0.006 0.007 0.000000
0.007 0.008 0.000000
0.008 0.009 0.000000
0.009 0.010 0.000000
0.010 0.011 0.000000
0.011 0.012 0.000000
0.012 0.013 0.000000
0.013 0.014 0.000000
0.014 0.015 0.000000
0.015 0.016 0.000000
0.016 0.017 0.000000
0.017 0.018 0.000003
0.018 0.019 0.000016
0.019 0.020 0.000069
0.020 0.021 0.000238
0.021 0.022 0.000669
0.022 0.023 0.001604
0.023 0.024 0.003382
0.024 0.025 0.006396
0.025 0.026 0.011033
0.026 0.027 0.017665
0.027 0.028 0.026581
0.028 0.029 0.037879
0.029 0.030 0.051385
0.030 0.031 0.067264
0.031 0.032 0.084949
0.032 0.033 0.104234
0.033 0.034 0.124969
0.034 0.035 0.146220
0.035 0.036 0.167406
0.036 0.037 0.189046
0.037 0.038 0.211571
0.038 0.039 0.232394
0.039 0.040 0.251993
0.040 0.041 0.270863
0.041 0.042 0.288314
0.042 0.043 0.304642
0.043 0.044 0.319673
0.044 0.045 0.334226
0.045 0.046 0.345182
0.046 0.047 0.355362
0.047 0.048 0.366718
0.048 0.049 0.375063
0.049 0.050 0.380482
0.050 0.051 0.386551
0.051 0.052 0.392699
0.052 0.053 0.395081
0.053 0.054 0.396390
0.054 0.055 0.398274
0.055 0.056 0.400638
0.056 0.057 0.402141
0.057 0.058 0.607652
0.058 0.059 1.000000
0.059 0.060 0.793011
0.060 0.061 0.411113
0.061 0.062 0.408579
0.062 0.063 0.384381
0.063 0.064 0.381115
0.064 0.065 0.375998
0.065 0.066 0.370248
0.066 0.067 0.524501
0.067 0.068 0.520587
0.068 0.069 0.389712
0.069 0.070 0.349554
0.070 0.071 0.275469
0.071 0.072 0.272538
0.072 0.073 0.267854
0.073 0.074 0.263333
0.074 0.075 0.259810
0.075 0.076 0.256529
0.076 0.077 0.251274
0.077 0.078 0.247398
0.078 0.079 0.244016
0.079 0.080 0.240290
0.080 0.081 0.236226
0.081 0.082 0.230792
0.082 0.083 0.225122
0.083 0.084 0.220073
0.084 0.085 0.215826
0.085 0.086 0.211627
0.086 0.087 0.207104
0.087 0.088 0.204178
0.088 0.089 0.198867
0.089 0.090 0.192506
0.090 0.091 0.187783
0.091 0.092 0.180185
0.092 0.093 0.174654
0.093 0.094 0.172133
0.094 0.095 0.166984
0.095 0.096 0.162098
0.096 0.097 0.157637
0.097 0.098 0.151299
0.098 0.099 0.146199
0.099 0.100 0.141838
0.100 0.101 0.136861
0.101 0.102 0.131993
0.102 0.103 0.126731
0.103 0.104 0.122676
0.104 0.105 0.117822
0.105 0.106 0.111927
0.106 0.107 0.107101
0.107 0.108 0.101238
0.108 0.109 0.096561
0.109 0.110 0.092129
0.110 0.111 0.087357
0.111 0.112 0.083028
0.112 0.113 0.076905
0.113 0.114 0.071387
0.114 0.115 0.066984
0.115 0.116 0.062184
0.116 0.117 0.057065
0.117 0.118 0.052074
0.118 0.119 0.045278
0.119 0.120 0.041190
0.120 0.121 0.038978
0.121 0.122 0.034965
0.122 0.123 0.030641
0.123 0.124 0.026843
0.124 0.125 0.022073
0.125 0.126 0.018071
0.126 0.127 0.014689
0.127 0.128 0.011531
0.128 0.129 0.008368
0.129 0.130 0.005763
0.130 0.131 0.003379
0.131 0.132 0.001865
0.132 0.133 0.000336
0.133 0.134 0.000000
0.134 0.135 0.000000
0.135 0.136 0.000000
0.136 0.137 0.000000
0.137 0.138 0.000000
0.138 0.139 0.000000
0.139 0.140 0.000000
0.140 0.141 0.000000
0.141 0.142 0.000000
0.142 0.143 0.000000
0.143 0.144 0.000000
0.144 0.145 0.000000
0.145 0.146 0.000000
0.146 0.147 0.000000
0.147 0.148 0.000000
0.148 0.149 0.000000
0.149 0.150 0.000000
