1
0.000 0.001 0.000000
0.001 0.002 0.000000
0.002 0.003 0.000000
0.003 0.004 0.000000
0.004 0.005 0.000000
0.005 0.006 0.000000
0.006 0.007 0.000000
0.007 0.008 0.000000
0.008 0.009 0.000000
0.009 0.010 0.000000
0.010 0.011 0.000000
0.011 0.012 0.000000
0.012 0.013 0.000000
0.013 0.014 0.000000
0.014 0.015 0.000000
0.015 0.016 0.000000
0.016 0.017 0.000000
0.017 0.018 0.000004
0.018 0.019 0.000026
0.019 0.020 0.000121
0.020 0.021 0.000433
0.021 0.022 0.001248
0.022 0.023 0.003018
0.023 0.024 0.006353
0.024 0.025 0.011935
0.025 0.026 0.020379
0.026 0.027 0.032151
0.027 0.028 0.047679
0.028 0.029 0.067034
0.029 0.030 0.089632
0.030 0.031 0.115277
0.031 0.032 0.143266
0.032 0.033 0.172961
0.033 0.034 0.203894
0.034 0.035 0.235337
0.035 0.036 0.266097
0.036 0.037 0.296340
0.037 0.038 0.325654
0.038 0.039 0.352127
0.039 0.040 0.377366
0.040 0.041 0.400689
0.041 0.042 0.420984
0.042 0.043 0.439974
0.043 0.044 0.456400
0.044 0.045 0.471069
0.045 0.046 0.482357
0.046 0.047 0.490667
0.047 0.048 0.499803
0.048 0.049 0.506371
0.049 0.050 0.508255
0.050 0.051 0.509372
0.051 0.052 0.511294
0.052 0.053 0.511247
0.053 0.054 0.508404
0.054 0.055 0.503759
0.055 0.056 0.501413
0.056 0.057 0.498435
0.057 0.058 0.669408
0.058 0.059 1.000000
0.059 0.060 0.815752
0.060 0.061 0.481386
0.061 0.062 0.473122
0.062 0.063 0.446991
0.063 0.064 0.435921
0.064 0.065 0.424041
0.065 0.066 0.413262
0.066 0.067 0.540565
0.067 0.068 0.532803
0.068 0.069 0.414444
0.069 0.070 0.372783
0.070 0.071 0.305539
0.071 0.072 0.297443
0.072 0.073 0.287398
0.073 0.074 0.280982
0.074 0.075 0.273826
0.075 0.076 0.265370
0.076 0.077 0.254091
0.077 0.078 0.246443
0.078 0.079 0.241710
0.079 0.080 0.235696
0.080 0.081 0.227329
0.081 0.082 0.217851
0.082 0.083 0.209491
0.083 0.084 0.201661
0.084 0.085 0.194384
0.085 0.086 0.187718
0.086 0.087 0.178559
0.087 0.088 0.173877
0.088 0.089 0.168056
0.089 0.090 0.160167
0.090 0.091 0.152944
0.091 0.092 0.143275
0.092 0.093 0.136655
0.093 0.094 0.132974
0.094 0.095 0.126209
0.095 0.096 0.118977
0.096 0.097 0.113172
0.097 0.098 0.105878
0.098 0.099 0.099156
0.099 0.100 0.093774
0.100 0.101 0.089570
0.101 0.102 0.084585
0.102 0.103 0.077860
0.103 0.104 0.072628
0.104 0.105 0.067617
0.105 0.106 0.063172
0.106 0.107 0.058925
0.107 0.108 0.053674
0.108 0.109 0.049203
0.109 0.110 0.044409
0.110 0.111 0.039880
0.111 0.112 0.035623
0.112 0.113 0.031792
0.113 0.114 0.028593
0.114 0.115 0.025467
0.115 0.116 0.021798
0.116 0.117 0.018473
0.117 0.118 0.014434
0.118 0.119 0.010929
0.119 0.120 0.009085
0.120 0.121 0.008035
0.121 0.122 0.005343
0.122 0.123 0.004013
0.123 0.124 0.002622
0.124 0.125 0.000694
0.125 0.126 0.000000
0.126 0.127 0.000000
0.127 0.128 0.000000
0.128 0.129 0.000000
0.129 0.130 0.000000
0.130 0.131 0.000000
0.131 0.132 0.000000
0.132 0.133 0.000000
0.133 0.134 0.000000
0.134 0.135 0.000000
0.135 0.136 0.000000
0.136 0.137 0.000000
0.137 0.138 0.000000
0.138 0.139 0.000000
0.139 0.140 0.000000
0.140 0.141 0.000000
0.141 0.142 0.000000
0.142 0.143 0.000000
0.143 0.144 0.000000
0.144 0.145 0.000000
0.145 0.146 0.000000
0.146 0.147 0.000000
0.147 0.148 0.000000
0.148 0.149 0.000000
0.149 0.150 0.000000
