1
0.000 0.001 0.000000
0.001 0.002 0.000000
0.002 0.003 0.000000
0.003 0.004 0.000000
0.004 0.005 0.000000
0.005 0.006 0.000000
0.006 0.007 0.000000
0.007 0.008 0.000000
0.008 0.009 0.000000
0.009 0.010 0.000000
0.010 0.011 0.000000
0.011 0.012 0.000000
0.012 0.013 0.000000
0.013 0.014 0.000000
0.014 0.015 0.000000
0.015 0.016 0.000000
0.016 0.017 0.000000
0.017 0.018 0.000000
0.018 0.019 0.000000
0.019 0.020 0.000000
0.020 0.021 0.000000
0.021 0.022 0.000001
0.022 0.023 0.000005
0.023 0.024 0.000023
0.024 0.025 0.000080
0.025 0.026 0.000232
0.026 0.027 0.000579
0.027 0.028 0.001286
0.028 0.029 0.002582
0.029 0.030 0.004708
0.030 0.031 0.007992
0.031 0.032 0.012710
0.032 0.033 0.019127
0.033 0.034 0.027503
0.034 0.035 0.037919
0.035 0.036 0.050208
0.036 0.037 0.064652
0.037 0.038 0.081251
0.038 0.039 0.098904
0.039 0.040 0.117869
0.040 0.041 0.138261
0.041 0.042 0.159061
0.042 0.043 0.180719
0.043 0.044 0.202442
0.044 0.045 0.224404
0.045 0.046 0.245463
0.046 0.047 0.265201
0.047 0.048 0.286307
0.048 0.049 0.306466
0.049 0.050 0.323530
0.050 0.051 0.339330
0.051 0.052 0.355899
0.052 0.053 0.371307
0.053 0.054 0.383693
0.054 0.055 0.395166
0.055 0.056 0.407902
0.056 0.057 0.419371
0.057 0.058 0.617720
0.058 0.059 1.000000
0.059 0.060 0.819189
0.060 0.061 0.457839
0.061 0.062 0.462217
0.062 0.063 0.445202
0.063 0.064 0.446012
0.064 0.065 0.444459
0.065 0.066 0.444462
0.066 0.067 0.615962
0.067 0.068 0.617940
0.068 0.069 0.478308
0.069 0.070 0.435269
0.070 0.071 0.354303
0.071 0.072 0.351595
0.072 0.073 0.347216
0.073 0.074 0.345719
0.074 0.075 0.343299
0.075 0.076 0.340051
0.076 0.077 0.333403
0.077 0.078 0.328291
0.078 0.079 0.326660
0.079 0.080 0.322975
0.080 0.081 0.316218
0.081 0.082 0.308228
0.082 0.083 0.301308
0.083 0.084 0.294965
0.084 0.085 0.289318
0.085 0.086 0.284289
0.086 0.087 0.276510
0.087 0.088 0.272632
0.088 0.089 0.266836
0.089 0.090 0.257390
0.090 0.091 0.249195
0.091 0.092 0.236394
0.092 0.093 0.228518
0.093 0.094 0.225856
0.094 0.095 0.217784
0.095 0.096 0.209792
0.096 0.097 0.201397
0.097 0.098 0.190239
0.098 0.099 0.180391
0.099 0.100 0.172266
0.100 0.101 0.165473
0.101 0.102 0.157854
0.102 0.103 0.147187
0.103 0.104 0.139162
0.104 0.105 0.132319
0.105 0.106 0.123496
0.106 0.107 0.114775
0.107 0.108 0.104862
0.108 0.109 0.096411
0.109 0.110 0.086886
0.110 0.111 0.079231
0.111 0.112 0.072957
0.112 0.113 0.064051
0.113 0.114 0.057728
0.114 0.115 0.051603
0.115 0.116 0.043971
0.116 0.117 0.038305
0.117 0.118 0.032116
0.118 0.119 0.023667
0.119 0.120 0.019894
0.120 0.121 0.017335
0.121 0.122 0.013707
0.122 0.123 0.009486
0.123 0.124 0.006001
0.124 0.125 0.003689
0.125 0.126 0.000618
0.126 0.127 0.000000
0.127 0.128 0.000000
0.128 0.129 0.000000
0.129 0.130 0.000000
0.130 0.131 0.000000
0.131 0.132 0.000000
0.132 0.133 0.000000
0.133 0.134 0.000000
0.134 0.135 0.000000
0.135 0.136 0.000000
0.136 0.137 0.000000
0.137 0.138 0.000000
0.138 0.139 0.000000
0.139 0.140 0.000000
0.140 0.141 0.000000
0.141 0.142 0.000000
0.142 0.143 0.000000
0.143 0.144 0.000000
0.144 0.145 0.000000
0.145 0.146 0.000000
0.146 0.147 0.000000
0.147 0.148 0.000000
0.148 0.149 0.000000
0.149 0.150 0.000000
