1
0.000 0.001 0.000000
0.001 0.002 0.000000
0.002 0.003 0.000000
0.003 0.004 0.000000
0.004 0.005 0.000000
0.005 0.006 0.000000
0.006 0.007 0.000000
0.007 0.008 0.000000
0.008 0.009 0.000000
0.009 0.010 0.000000
0.010 0.011 0.000000
0.011 0.012 0.000000
0.012 0.013 0.000000
0.013 0.014 0.000000
0.014 0.015 0.000000
0.015 0.016 0.000000
0.016 0.017 0.000000
0.017 0.018 0.000000
0.018 0.019 0.000002
0.019 0.020 0.000013
0.020 0.021 0.000069
0.021 0.022 0.000278
0.022 0.023 0.000890
0.023 0.024 0.002380
0.024 0.025 0.005508
0.025 0.026 0.011219
0.026 0.027 0.020620
0.027 0.028 0.034909
0.028 0.029 0.055011
0.029 0.030 0.081639
0.030 0.031 0.115047
0.031 0.032 0.154155
0.032 0.033 0.199114
0.033 0.034 0.248947
0.034 0.035 0.302664
0.035 0.036 0.359111
0.036 0.037 0.415092
0.037 0.038 0.473548
0.038 0.039 0.531428
0.039 0.040 0.585360
0.040 0.041 0.637142
0.041 0.042 0.687227
0.042 0.043 0.732420
0.043 0.044 0.770468
0.044 0.045 0.807028
0.045 0.046 0.833739
0.046 0.047 0.858068
0.047 0.048 0.878177
0.048 0.049 0.889110
0.049 0.050 0.898677
0.050 0.051 0.905320
0.051 0.052 0.907006
0.052 0.053 0.903386
0.053 0.054 0.900439
0.054 0.055 0.890836
0.055 0.056 0.867598
0.056 0.057 0.843405
0.057 0.058 0.892357
0.058 0.059 1.000000
0.059 0.060 0.909216
0.060 0.061 0.752152
0.061 0.062 0.720906
0.062 0.063 0.686251
0.063 0.064 0.650103
0.064 0.065 0.610859
0.065 0.066 0.565468
0.066 0.067 0.576214
0.067 0.068 0.540724
0.068 0.069 0.448083
0.069 0.070 0.395354
0.070 0.071 0.344006
0.071 0.072 0.306151
0.072 0.073 0.267551
0.073 0.074 0.237701
0.074 0.075 0.204720
0.075 0.076 0.177912
0.076 0.077 0.148092
0.077 0.078 0.121489
0.078 0.079 0.090820
0.079 0.080 0.072072
0.080 0.081 0.053012
0.081 0.082 0.035804
0.082 0.083 0.018388
0.083 0.084 0.003443
0.084 0.085 0.000000
0.085 0.086 0.000000
0.086 0.087 0.000000
0.087 0.088 0.000000
0.088 0.089 0.000000
0.089 0.090 0.000000
0.090 0.091 0.000000
0.091 0.092 0.000000
0.092 0.093 0.000000
0.093 0.094 0.000000
0.094 0.095 0.000000
0.095 0.096 0.000000
0.096 0.097 0.000000
0.097 0.098 0.000000
0.098 0.099 0.000000
0.099 0.100 0.000000
0.100 0.101 0.000000
0.101 0.102 0.000000
0.102 0.103 0.000000
0.103 0.104 0.000000
0.104 0.105 0.000000
0.105 0.106 0.000000
0.106 0.107 0.000000
0.107 0.108 0.000000
0.108 0.109 0.000000
0.109 0.110 0.000000
0.110 0.111 0.000000
0.111 0.112 0.000000
0.112 0.113 0.000000
0.113 0.114 0.000000
0.114 0.115 0.000000
0.115 0.116 0.000000
0.116 0.117 0.000000
0.117 0.118 0.000000
0.118 0.119 0.000000
0.119 0.120 0.000000
0.120 0.121 0.000000
0.121 0.122 0.000000
0.122 0.123 0.000000
0.123 0.124 0.000000
0.124 0.125 0.000000
0.125 0.126 0.000000
0.126 0.127 0.000000
0.127 0.128 0.000000
0.128 0.129 0.000000
0.129 0.130 0.000000
0.130 0.131 0.000000
0.131 0.132 0.000000
0.132 0.133 0.000000
0.133 0.134 0.000000
0.134 0.135 0.000000
0.135 0.136 0.000000
0.136 0.137 0.000000
0.137 0.138 0.000000
0.138 0.139 0.000000
0.139 0.140 0.000000
0.140 0.141 0.000000
0.141 0.142 0.000000
0.142 0.143 0.000000
0.143 0.144 0.000000
0.144 0.145 0.000000
0.145 0.146 0.000000
0.146 0.147 0.000000
0.147 0.148 0.000000
0.148 0.149 0.000000
0.149 0.150 0.000000
