1
0.000 0.001 0.000000
0.001 0.002 0.000000
0.002 0.003 0.000000
0.003 0.004 0.000000
0.004 0.005 0.000000
0.005 0.006 0.000000
0.006 0.007 0.000000
0.007 0.008 0.000000
0.008 0.009 0.000000
0.009 0.010 0.000000
0.010 0.011 0.000000
0.011 0.012 0.000000
0.012 0.013 0.000000
0.013 0.014 0.000000
0.014 0.015 0.000005
0.015 0.016 0.000038
0.016 0.017 0.000198
0.017 0.018 0.000746
0.018 0.019 0.002188
0.019 0.020 0.005312
0.020 0.021 0.011098
0.021 0.022 0.020483
0.022 0.023 0.034209
0.023 0.024 0.052704
0.024 0.025 0.076083
0.025 0.026 0.103608
0.026 0.027 0.134716
0.027 0.028 0.169221
0.028 0.029 0.205736
0.029 0.030 0.242680
0.030 0.031 0.279455
0.031 0.032 0.315149
0.032 0.033 0.349628
0.033 0.034 0.382591
0.034 0.035 0.413221
0.035 0.036 0.440362
0.036 0.037 0.465208
0.037 0.038 0.487416
0.038 0.039 0.504655
0.039 0.040 0.520326
0.040 0.041 0.533647
0.041 0.042 0.543270
0.042 0.043 0.552336
0.043 0.044 0.558733
0.044 0.045 0.563905
0.045 0.046 0.566056
0.046 0.047 0.564345
0.047 0.048 0.564454
0.048 0.049 0.564031
0.049 0.050 0.558524
0.050 0.051 0.552033
0.051 0.052 0.548164
0.052 0.053 0.543572
0.053 0.054 0.535644
0.054 0.055 0.526744
0.055 0.056 0.520176
0.056 0.057 0.513366
0.057 0.058 0.679873
0.058 0.059 1.000000
0.059 0.060 0.812137
0.060 0.061 0.482919
0.061 0.062 0.472293
0.062 0.063 0.445450
0.063 0.064 0.432828
0.064 0.065 0.419974
0.065 0.066 0.409965
0.066 0.067 0.526230
0.067 0.068 0.516036
0.068 0.069 0.403786
0.069 0.070 0.362495
0.070 0.071 0.298950
0.071 0.072 0.289787
0.072 0.073 0.278995
0.073 0.074 0.272815
0.074 0.075 0.265507
0.075 0.076 0.256243
0.076 0.077 0.245126
0.077 0.078 0.235623
0.078 0.079 0.229816
0.079 0.080 0.222612
0.080 0.081 0.212712
0.081 0.082 0.201640
0.082 0.083 0.192587
0.083 0.084 0.183837
0.084 0.085 0.175882
0.085 0.086 0.168815
0.086 0.087 0.159824
0.087 0.088 0.152661
0.088 0.089 0.146515
0.089 0.090 0.138247
0.090 0.091 0.129953
0.091 0.092 0.120081
0.092 0.093 0.113134
0.093 0.094 0.108155
0.094 0.095 0.101923
0.095 0.096 0.095936
0.096 0.097 0.089131
0.097 0.098 0.081187
0.098 0.099 0.072957
0.099 0.100 0.067741
0.100 0.101 0.064410
0.101 0.102 0.059795
0.102 0.103 0.053323
0.103 0.104 0.047820
0.104 0.105 0.044648
0.105 0.106 0.040626
0.106 0.107 0.036481
0.107 0.108 0.031530
0.108 0.109 0.026755
0.109 0.110 0.022872
0.110 0.111 0.019300
0.111 0.112 0.015990
0.112 0.113 0.013208
0.113 0.114 0.010821
0.114 0.115 0.007931
0.115 0.116 0.005898
0.116 0.117 0.004091
0.117 0.118 0.001904
0.118 0.119 0.000439
0.119 0.120 0.000000
0.120 0.121 0.000000
0.121 0.122 0.000000
0.122 0.123 0.000000
0.123 0.124 0.000000
0.124 0.125 0.000000
0.125 0.126 0.000000
0.126 0.127 0.000000
0.127 0.128 0.000000
0.128 0.129 0.000000
0.129 0.130 0.000000
0.130 0.131 0.000000
0.131 0.132 0.000000
0.132 0.133 0.000000
0.133 0.134 0.000000
0.134 0.135 0.000000
0.135 0.136 0.000000
0.136 0.137 0.000000
0.137 0.138 0.000000
0.138 0.139 0.000000
0.139 0.140 0.000000
0.140 0.141 0.000000
0.141 0.142 0.000000
0.142 0.143 0.000000
0.143 0.144 0.000000
0.144 0.145 0.000000
0.145 0.146 0.000000
0.146 0.147 0.000000
0.147 0.148 0.000000
0.148 0.149 0.000000
0.149 0.150 0.000000
