1
0.000 0.001 0.000000
0.001 0.002 0.000000
0.002 0.003 0.000000
0.003 0.004 0.000000
0.004 0.005 0.000000
0.005 0.006 0.000000
0.006 0.007 0.000000
0.007 0.008 0.000000
0.008 0.009 0.000000
0.009 0.010 0.000000
0.010 0.011 0.000000
0.011 0.012 0.000005
0.012 0.013 0.000060
0.013 0.014 0.000436
0.014 0.015 0.002010
0.015 0.016 0.006612
0.016 0.017 0.016965
0.017 0.018 0.036034
0.018 0.019 0.066170
0.019 0.020 0.108754
0.020 0.021 0.163522
0.021 0.022 0.228707
0.022 0.023 0.301708
0.023 0.024 0.379903
0.024 0.025 0.460359
0.025 0.026 0.538787
0.026 0.027 0.613459
0.027 0.028 0.685063
0.028 0.029 0.750301
0.029 0.030 0.807428
0.030 0.031 0.857624
0.031 0.032 0.898667
0.032 0.033 0.933219
0.033 0.034 0.959888
0.034 0.035 0.979369
0.035 0.036 0.994312
0.036 0.037 1.000000
0.037 0.038 0.998753
0.038 0.039 0.995298
0.039 0.040 0.990570
0.040 0.041 0.978931
0.041 0.042 0.963034
0.042 0.043 0.949906
0.043 0.044 0.934040
0.044 0.045 0.915257
0.045 0.046 0.891145
0.046 0.047 0.866935
0.047 0.048 0.844041
0.048 0.049 0.818951
0.049 0.050 0.788766
0.050 0.051 0.761239
0.051 0.052 0.741069
0.052 0.053 0.717654
0.053 0.054 0.692714
0.054 0.055 0.667159
0.055 0.056 0.641655
0.056 0.057 0.617186
0.057 0.058 0.709968
0.058 0.059 0.902140
0.059 0.060 0.758057
0.060 0.061 0.527483
0.061 0.062 0.505605
0.062 0.063 0.472481
0.063 0.064 0.448930
0.064 0.065 0.427378
0.065 0.066 0.406944
0.066 0.067 0.468130
0.067 0.068 0.449242
0.068 0.069 0.360187
0.069 0.070 0.321947
0.070 0.071 0.274943
0.071 0.072 0.260970
0.072 0.073 0.243686
0.073 0.074 0.231442
0.074 0.075 0.218577
0.075 0.076 0.201570
0.076 0.077 0.188335
0.077 0.078 0.176382
0.078 0.079 0.166825
0.079 0.080 0.156994
0.080 0.081 0.145329
0.081 0.082 0.132069
0.082 0.083 0.118750
0.083 0.084 0.108951
0.084 0.085 0.099875
0.085 0.086 0.091519
0.086 0.087 0.082221
0.087 0.088 0.073348
0.088 0.089 0.062942
0.089 0.090 0.055825
0.090 0.091 0.048743
0.091 0.092 0.041771
0.092 0.093 0.035342
0.093 0.094 0.027872
0.094 0.095 0.023176
0.095 0.096 0.018744
0.096 0.097 0.013619
0.097 0.098 0.007577
0.098 0.099 0.004444
0.099 0.100 0.001117
0.100 0.101 0.000000
0.101 0.102 0.000000
0.102 0.103 0.000000
0.103 0.104 0.000000
0.104 0.105 0.000000
0.105 0.106 0.000000
0.106 0.107 0.000000
0.107 0.108 0.000000
0.108 0.109 0.000000
0.109 0.110 0.000000
0.110 0.111 0.000000
0.111 0.112 0.000000
0.112 0.113 0.000000
0.113 0.114 0.000000
0.114 0.115 0.000000
0.115 0.116 0.000000
0.116 0.117 0.000000
0.117 0.118 0.000000
0.118 0.119 0.000000
0.119 0.120 0.000000
0.120 0.121 0.000000
0.121 0.122 0.000000
0.122 0.123 0.000000
0.123 0.124 0.000000
0.124 0.125 0.000000
0.125 0.126 0.000000
0.126 0.127 0.000000
0.127 0.128 0.000000
0.128 0.129 0.000000
0.129 0.130 0.000000
0.130 0.131 0.000000
0.131 0.132 0.000000
0.132 0.133 0.000000
0.133 0.134 0.000000
0.134 0.135 0.000000
0.135 0.136 0.000000
0.136 0.137 0.000000
0.137 0.138 0.000000
0.138 0.139 0.000000
0.139 0.140 0.000000
0.140 0.141 0.000000
0.141 0.142 0.000000
0.142 0.143 0.000000
0.143 0.144 0.000000
0.144 0.145 0.000000
0.145 0.146 0.000000
0.146 0.147 0.000000
0.147 0.148 0.000000
0.148 0.149 0.000000
0.149 0.150 0.000000
