1
0.000 0.001 0.000000
0.001 0.002 0.000000
0.002 0.003 0.000000
0.003 0.004 0.000000
0.004 0.005 0.000000
0.005 0.006 0.000000
0.006 0.007 0.000000
0.007 0.008 0.000000
0.008 0.009 0.000000
0.009 0.010 0.000000
0.010 0.011 0.000000
0.011 0.012 0.000000
0.012 0.013 0.000000
0.013 0.014 0.000000
0.014 0.015 0.000000
0.015 0.016 0.000000
0.016 0.017 0.000001
0.017 0.018 0.000009
0.018 0.019 0.000056
0.019 0.020 0.000245
0.020 0.021 0.000838
0.021 0.022 0.002334
0.022 0.023 0.005501
0.023 0.024 0.011343
0.024 0.025 0.020950
0.025 0.026 0.035221
0.026 0.027 0.054832
0.027 0.028 0.080184
0.028 0.029 0.111061
0.029 0.030 0.147861
0.030 0.031 0.189155
0.031 0.032 0.233488
0.032 0.033 0.280739
0.033 0.034 0.328967
0.034 0.035 0.376916
0.035 0.036 0.424000
0.036 0.037 0.467950
0.037 0.038 0.508208
0.038 0.039 0.546094
0.039 0.040 0.582346
0.040 0.041 0.612001
0.041 0.042 0.635797
0.042 0.043 0.661294
0.043 0.044 0.682430
0.044 0.045 0.700385
0.045 0.046 0.711321
0.046 0.047 0.719772
0.047 0.048 0.727009
0.048 0.049 0.728748
0.049 0.050 0.723286
0.050 0.051 0.719524
0.051 0.052 0.717006
0.052 0.053 0.707944
0.053 0.054 0.693821
0.054 0.055 0.684097
0.055 0.056 0.672321
0.056 0.057 0.660381
0.057 0.058 0.773872
0.058 0.059 1.000000
0.059 0.060 0.856934
0.060 0.061 0.605499
0.061 0.062 0.586352
0.062 0.063 0.553129
0.063 0.064 0.529794
0.064 0.065 0.508154
0.065 0.066 0.485104
0.066 0.067 0.566619
0.067 0.068 0.551477
0.068 0.069 0.450593
0.069 0.070 0.405739
0.070 0.071 0.349433
0.071 0.072 0.333620
0.072 0.073 0.313109
0.073 0.074 0.298528
0.074 0.075 0.282892
0.075 0.076 0.261336
0.076 0.077 0.245620
0.077 0.078 0.231281
0.078 0.079 0.219793
0.079 0.080 0.207781
0.080 0.081 0.193109
0.081 0.082 0.176086
0.082 0.083 0.160366
0.083 0.084 0.143061
0.084 0.085 0.131951
0.085 0.086 0.121717
0.086 0.087 0.110041
0.087 0.088 0.098819
0.088 0.089 0.086355
0.089 0.090 0.074557
0.090 0.091 0.061665
0.091 0.092 0.053422
0.092 0.093 0.045818
0.093 0.094 0.038075
0.094 0.095 0.030023
0.095 0.096 0.020561
0.096 0.097 0.015306
0.097 0.098 0.009999
0.098 0.099 0.003453
0.099 0.100 0.001931
0.100 0.101 0.000000
0.101 0.102 0.000000
0.102 0.103 0.000000
0.103 0.104 0.000000
0.104 0.105 0.000000
0.105 0.106 0.000000
0.106 0.107 0.000000
0.107 0.108 0.000000
0.108 0.109 0.000000
0.109 0.110 0.000000
0.110 0.111 0.000000
0.111 0.112 0.000000
0.112 0.113 0.000000
0.113 0.114 0.000000
0.114 0.115 0.000000
0.115 0.116 0.000000
0.116 0.117 0.000000
0.117 0.118 0.000000
0.118 0.119 0.000000
0.119 0.120 0.000000
0.120 0.121 0.000000
0.121 0.122 0.000000
0.122 0.123 0.000000
0.123 0.124 0.000000
0.124 0.125 0.000000
0.125 0.126 0.000000
0.126 0.127 0.000000
0.127 0.128 0.000000
0.128 0.129 0.000000
0.129 0.130 0.000000
0.130 0.131 0.000000
0.131 0.132 0.000000
0.132 0.133 0.000000
0.133 0.134 0.000000
0.134 0.135 0.000000
0.135 0.136 0.000000
0.136 0.137 0.000000
0.137 0.138 0.000000
0.138 0.139 0.000000
0.139 0.140 0.000000
0.140 0.141 0.000000
0.141 0.142 0.000000
0.142 0.143 0.000000
0.143 0.144 0.000000
0.144 0.145 0.000000
0.145 0.146 0.000000
0.146 0.147 0.000000
0.147 0.148 0.000000
0.148 0.149 0.000000
0.149 0.150 0.000000
