1
0.000 0.001 0.000000
0.001 0.002 0.000000
0.002 0.003 0.000000
0.003 0.004 0.000000
0.004 0.005 0.000000
0.005 0.006 0.000000
0.006 0.007 0.000000
0.007 0.008 0.000000
0.008 0.009 0.000000
0.009 0.010 0.000000
0.010 0.011 0.000000
0.011 0.012 0.000000
0.012 0.013 0.000000
0.013 0.014 0.000000
0.014 0.015 0.000000
0.015 0.016 0.000000
0.016 0.017 0.000000
0.017 0.018 0.000000
0.018 0.019 0.000000
0.019 0.020 0.000004
0.020 0.021 0.000025
0.021 0.022 0.000112
0.022 0.023 0.000396
0.023 0.024 0.001158
0.024 0.025 0.002891
0.025 0.026 0.006307
0.026 0.027 0.012285
0.027 0.028 0.021862
0.028 0.029 0.036069
0.029 0.030 0.055608
0.030 0.031 0.081038
0.031 0.032 0.112074
0.032 0.033 0.149080
0.033 0.034 0.191254
0.034 0.035 0.237540
0.035 0.036 0.287085
0.036 0.037 0.337747
0.037 0.038 0.390701
0.038 0.039 0.444686
0.039 0.040 0.497475
0.040 0.041 0.547318
0.041 0.042 0.595447
0.042 0.043 0.639967
0.043 0.044 0.680756
0.044 0.045 0.718587
0.045 0.046 0.746407
0.046 0.047 0.773378
0.047 0.048 0.795589
0.048 0.049 0.809403
0.049 0.050 0.819776
0.050 0.051 0.828307
0.051 0.052 0.833197
0.052 0.053 0.829027
0.053 0.054 0.823797
0.054 0.055 0.814638
0.055 0.056 0.798231
0.056 0.057 0.777842
0.057 0.058 0.848588
0.058 0.059 1.000000
0.059 0.060 0.893400
0.060 0.061 0.700791
0.061 0.062 0.675930
0.062 0.063 0.640409
0.063 0.064 0.611449
0.064 0.065 0.581156
0.065 0.066 0.544462
0.066 0.067 0.591246
0.067 0.068 0.568146
0.068 0.069 0.474179
0.069 0.070 0.421742
0.070 0.071 0.363612
0.071 0.072 0.342107
0.072 0.073 0.313288
0.073 0.074 0.286969
0.074 0.075 0.257449
0.075 0.076 0.235709
0.076 0.077 0.214607
0.077 0.078 0.190359
0.078 0.079 0.163315
0.079 0.080 0.146046
0.080 0.081 0.127836
0.081 0.082 0.105046
0.082 0.083 0.083498
0.083 0.084 0.070953
0.084 0.085 0.056019
0.085 0.086 0.037905
0.086 0.087 0.025937
0.087 0.088 0.011955
0.088 0.089 0.003044
0.089 0.090 0.000000
0.090 0.091 0.000000
0.091 0.092 0.000000
0.092 0.093 0.000000
0.093 0.094 0.000000
0.094 0.095 0.000000
0.095 0.096 0.000000
0.096 0.097 0.000000
0.097 0.098 0.000000
0.098 0.099 0.000000
0.099 0.100 0.000000
0.100 0.101 0.000000
0.101 0.102 0.000000
0.102 0.103 0.000000
0.103 0.104 0.000000
0.104 0.105 0.000000
0.105 0.106 0.000000
0.106 0.107 0.000000
0.107 0.108 0.000000
0.108 0.109 0.000000
0.109 0.110 0.000000
0.110 0.111 0.000000
0.111 0.112 0.000000
0.112 0.113 0.000000
0.113 0.114 0.000000
0.114 0.115 0.000000
0.115 0.116 0.000000
0.116 0.117 0.000000
0.117 0.118 0.000000
0.118 0.119 0.000000
0.119 0.120 0.000000
0.120 0.121 0.000000
0.121 0.122 0.000000
0.122 0.123 0.000000
0.123 0.124 0.000000
0.124 0.125 0.000000
0.125 0.126 0.000000
0.126 0.127 0.000000
0.127 0.128 0.000000
0.128 0.129 0.000000
0.129 0.130 0.000000
0.130 0.131 0.000000
0.131 0.132 0.000000
0.132 0.133 0.000000
0.133 0.134 0.000000
0.134 0.135 0.000000
0.135 0.136 0.000000
0.136 0.137 0.000000
0.137 0.138 0.000000
0.138 0.139 0.000000
0.139 0.140 0.000000
0.140 0.141 0.000000
0.141 0.142 0.000000
0.142 0.143 0.000000
0.143 0.144 0.000000
0.144 0.145 0.000000
0.145 0.146 0.000000
0.146 0.147 0.000000
0.147 0.148 0.000000
0.148 0.149 0.000000
0.149 0.150 0.000000
