1
0.000 0.001 0.000000
0.001 0.002 0.000000
0.002 0.003 0.000000
0.003 0.004 0.000000
0.004 0.005 0.000000
0.005 0.006 0.000000
0.006 0.007 0.000000
0.007 0.008 0.000000
0.008 0.009 0.000000
0.009 0.010 0.000000
0.010 0.011 0.000000
0.011 0.012 0.000000
0.012 0.013 0.000000
0.013 0.014 0.000000
0.014 0.015 0.000000
0.015 0.016 0.000001
0.016 0.017 0.000010
0.017 0.018 0.000063
0.018 0.019 0.000276
0.019 0.020 0.000919
0.020 0.021 0.002484
0.021 0.022 0.005651
0.022 0.023 0.011215
0.023 0.024 0.019963
0.024 0.025 0.032483
0.025 0.026 0.049055
0.026 0.027 0.069590
0.027 0.028 0.094138
0.028 0.029 0.122107
0.029 0.030 0.152158
0.030 0.031 0.183903
0.031 0.032 0.216465
0.032 0.033 0.249360
0.033 0.034 0.281899
0.034 0.035 0.313116
0.035 0.036 0.342216
0.036 0.037 0.369853
0.037 0.038 0.396194
0.038 0.039 0.418501
0.039 0.040 0.438412
0.040 0.041 0.456442
0.041 0.042 0.471638
0.042 0.043 0.485263
0.043 0.044 0.496109
0.044 0.045 0.505636
0.045 0.046 0.511756
0.046 0.047 0.515125
0.047 0.048 0.519770
0.048 0.049 0.522374
0.049 0.050 0.520739
0.050 0.051 0.518456
0.051 0.052 0.517523
0.052 0.053 0.514807
0.053 0.054 0.509654
0.054 0.055 0.503774
0.055 0.056 0.499196
0.056 0.057 0.493833
0.057 0.058 0.666902
0.058 0.059 1.000000
0.059 0.060 0.810242
0.060 0.061 0.472094
0.061 0.062 0.462956
0.062 0.063 0.436338
0.063 0.064 0.425347
0.064 0.065 0.413479
0.065 0.066 0.403344
0.066 0.067 0.526905
0.067 0.068 0.517465
0.068 0.069 0.399940
0.069 0.070 0.358793
0.070 0.071 0.292829
0.071 0.072 0.284777
0.072 0.073 0.274925
0.073 0.074 0.268395
0.074 0.075 0.261313
0.075 0.076 0.253151
0.076 0.077 0.243099
0.077 0.078 0.233767
0.078 0.079 0.228979
0.079 0.080 0.223044
0.080 0.081 0.215011
0.081 0.082 0.205973
0.082 0.083 0.197946
0.083 0.084 0.190448
0.084 0.085 0.183529
0.085 0.086 0.177184
0.086 0.087 0.168682
0.087 0.088 0.164101
0.088 0.089 0.158391
0.089 0.090 0.150848
0.090 0.091 0.144019
0.091 0.092 0.134899
0.092 0.093 0.128576
0.093 0.094 0.125003
0.094 0.095 0.118113
0.095 0.096 0.112862
0.096 0.097 0.107271
0.097 0.098 0.100295
0.098 0.099 0.093912
0.099 0.100 0.088757
0.100 0.101 0.084610
0.101 0.102 0.079781
0.102 0.103 0.073021
0.103 0.104 0.068950
0.104 0.105 0.065463
0.105 0.106 0.061036
0.106 0.107 0.056834
0.107 0.108 0.051702
0.108 0.109 0.047317
0.109 0.110 0.042277
0.110 0.111 0.038704
0.111 0.112 0.035791
0.112 0.113 0.031852
0.113 0.114 0.028512
0.114 0.115 0.025287
0.115 0.116 0.021184
0.116 0.117 0.018542
0.117 0.118 0.015671
0.118 0.119 0.011907
0.119 0.120 0.009540
0.120 0.121 0.008865
0.121 0.122 0.007164
0.122 0.123 0.005403
0.123 0.124 0.003180
0.124 0.125 0.002005
0.125 0.126 0.000519
0.126 0.127 0.000000
0.127 0.128 0.000000
0.128 0.129 0.000000
0.129 0.130 0.000000
0.130 0.131 0.000000
0.131 0.132 0.000000
0.132 0.133 0.000000
0.133 0.134 0.000000
0.134 0.135 0.000000
0.135 0.136 0.000000
0.136 0.137 0.000000
0.137 0.138 0.000000
0.138 0.139 0.000000
0.139 0.140 0.000000
0.140 0.141 0.000000
0.141 0.142 0.000000
0.142 0.143 0.000000
0.143 0.144 0.000000
0.144 0.145 0.000000
0.145 0.146 0.000000
0.146 0.147 0.000000
0.147 0.148 0.000000
0.148 0.149 0.000000
0.149 0.150 0.000000
