1
0.000 0.001 0.000000
0.001 0.002 0.000000
0.002 0.003 0.000000
0.003 0.004 0.000000
0.004 0.005 0.000000
0.005 0.006 0.000000
0.006 0.007 0.000000
0.007 0.008 0.000000
0.008 0.009 0.000000
0.009 0.010 0.000000
0.010 0.011 0.000000
0.011 0.012 0.000000
0.012 0.013 0.000000
0.013 0.014 0.000000
0.014 0.015 0.000000
0.015 0.016 0.000000
0.016 0.017 0.000000
0.017 0.018 0.000000
0.018 0.019 0.000000
0.019 0.020 0.000000
0.020 0.021 0.000002
0.021 0.022 0.000009
0.022 0.023 0.000036
0.023 0.024 0.000122
0.024 0.025 0.000345
0.025 0.026 0.000840
0.026 0.027 0.001807
0.027 0.028 0.003524
0.028 0.029 0.006304
0.029 0.030 0.010419
0.030 0.031 0.016213
0.031 0.032 0.023884
0.032 0.033 0.033609
0.033 0.034 0.045425
0.034 0.035 0.059221
0.035 0.036 0.074833
0.036 0.037 0.092242
0.037 0.038 0.111275
0.038 0.039 0.130963
0.039 0.040 0.151356
0.040 0.041 0.172214
0.041 0.042 0.193085
0.042 0.043 0.214282
0.043 0.044 0.234732
0.044 0.045 0.255159
0.045 0.046 0.273777
0.046 0.047 0.291318
0.047 0.048 0.309732
0.048 0.049 0.326104
0.049 0.050 0.339551
0.050 0.051 0.352874
0.051 0.052 0.366409
0.052 0.053 0.377034
0.053 0.054 0.385835
0.054 0.055 0.394115
0.055 0.056 0.402606
0.056 0.057 0.410757
0.057 0.058 0.612610
0.058 0.059 1.000000
0.059 0.060 0.809183
0.060 0.061 0.438626
0.061 0.062 0.440446
0.062 0.063 0.420040
0.063 0.064 0.419339
0.064 0.065 0.417289
0.065 0.066 0.414665
0.066 0.067 0.580833
0.067 0.068 0.580368
0.068 0.069 0.441992
0.069 0.070 0.400149
0.070 0.071 0.321279
0.071 0.072 0.318604
0.072 0.073 0.313671
0.073 0.074 0.310552
0.074 0.075 0.307990
0.075 0.076 0.304120
0.076 0.077 0.297795
0.077 0.078 0.293427
0.078 0.079 0.290357
0.079 0.080 0.286590
0.080 0.081 0.281861
0.081 0.082 0.275284
0.082 0.083 0.268241
0.083 0.084 0.261423
0.084 0.085 0.255800
0.085 0.086 0.250572
0.086 0.087 0.244808
0.087 0.088 0.240376
0.088 0.089 0.233789
0.089 0.090 0.225843
0.090 0.091 0.218648
0.091 0.092 0.209097
0.092 0.093 0.201511
0.093 0.094 0.197447
0.094 0.095 0.190663
0.095 0.096 0.184396
0.096 0.097 0.178007
0.097 0.098 0.169608
0.098 0.099 0.161614
0.099 0.100 0.155208
0.100 0.101 0.150397
0.101 0.102 0.144538
0.102 0.103 0.138094
0.103 0.104 0.132910
0.104 0.105 0.127084
0.105 0.106 0.120107
0.106 0.107 0.113622
0.107 0.108 0.107399
0.108 0.109 0.102480
0.109 0.110 0.097918
0.110 0.111 0.092784
0.111 0.112 0.087922
0.112 0.113 0.080998
0.113 0.114 0.075620
0.114 0.115 0.071560
0.115 0.116 0.067296
0.116 0.117 0.062340
0.117 0.118 0.058044
0.118 0.119 0.052609
0.119 0.120 0.048059
0.120 0.121 0.045830
0.121 0.122 0.042513
0.122 0.123 0.039218
0.123 0.124 0.035741
0.124 0.125 0.031146
0.125 0.126 0.027625
0.126 0.127 0.024883
0.127 0.128 0.021462
0.128 0.129 0.018491
0.129 0.130 0.015196
0.130 0.131 0.012595
0.131 0.132 0.011044
0.132 0.133 0.008903
0.133 0.134 0.006073
0.134 0.135 0.004384
0.135 0.136 0.002525
0.136 0.137 0.001628
0.137 0.138 0.000410
0.138 0.139 0.000000
0.139 0.140 0.000000
0.140 0.141 0.000000
0.141 0.142 0.000000
0.142 0.143 0.000000
0.143 0.144 0.000000
0.144 0.145 0.000000
0.145 0.146 0.000000
0.146 0.147 0.000000
0.147 0.148 0.000000
0.148 0.149 0.000000
0.149 0.150 0.000000
