1
0.000 0.001 0.000000
0.001 0.002 0.000000
0.002 0.003 0.000000
0.003 0.004 0.000000
0.004 0.005 0.000000
0.005 0.006 0.000000
0.006 0.007 0.000000
0.007 0.008 0.000000
0.008 0.009 0.000000
0.009 0.010 0.000000
0.010 0.011 0.000000
0.011 0.012 0.000000
0.012 0.013 0.000000
0.013 0.014 0.000000
0.014 0.015 0.000000
0.015 0.016 0.000000
0.016 0.017 0.000000
0.017 0.018 0.000001
0.018 0.019 0.000011
0.019 0.020 0.000067
0.020 0.021 0.000300
0.021 0.022 0.001029
0.022 0.023 0.002902
0.023 0.024 0.006938
0.024 0.025 0.014489
0.025 0.026 0.027034
0.026 0.027 0.045880
0.027 0.028 0.072252
0.028 0.029 0.106787
0.029 0.030 0.149350
0.030 0.031 0.198900
0.031 0.032 0.253398
0.032 0.033 0.312781
0.033 0.034 0.373746
0.034 0.035 0.438908
0.035 0.036 0.503782
0.036 0.037 0.566164
0.037 0.038 0.626935
0.038 0.039 0.684808
0.039 0.040 0.737142
0.040 0.041 0.782205
0.041 0.042 0.823208
0.042 0.043 0.856313
0.043 0.044 0.881618
0.044 0.045 0.901644
0.045 0.046 0.918577
0.046 0.047 0.933580
0.047 0.048 0.942203
0.048 0.049 0.940903
0.049 0.050 0.938637
0.050 0.051 0.934484
0.051 0.052 0.923479
0.052 0.053 0.905144
0.053 0.054 0.888587
0.054 0.055 0.867962
0.055 0.056 0.831691
0.056 0.057 0.805206
0.057 0.058 0.865400
0.058 0.059 1.000000
0.059 0.060 0.893900
0.060 0.061 0.710655
0.061 0.062 0.678240
0.062 0.063 0.638479
0.063 0.064 0.603076
0.064 0.065 0.562715
0.065 0.066 0.529294
0.066 0.067 0.564678
0.067 0.068 0.539081
0.068 0.069 0.450560
0.069 0.070 0.399273
0.070 0.071 0.346934
0.071 0.072 0.318929
0.072 0.073 0.280117
0.073 0.074 0.256631
0.074 0.075 0.232918
0.075 0.076 0.209797
0.076 0.077 0.187046
0.077 0.078 0.160809
0.078 0.079 0.130141
0.079 0.080 0.114234
0.080 0.081 0.098405
0.081 0.082 0.077992
0.082 0.083 0.060707
0.083 0.084 0.041579
0.084 0.085 0.031279
0.085 0.086 0.020375
0.086 0.087 0.005426
0.087 0.088 0.000000
0.088 0.089 0.000000
0.089 0.090 0.000000
0.090 0.091 0.000000
0.091 0.092 0.000000
0.092 0.093 0.000000
0.093 0.094 0.000000
0.094 0.095 0.000000
0.095 0.096 0.000000
0.096 0.097 0.000000
0.097 0.098 0.000000
0.098 0.099 0.000000
0.099 0.100 0.000000
0.100 0.101 0.000000
0.101 0.102 0.000000
0.102 0.103 0.000000
0.103 0.104 0.000000
0.104 0.105 0.000000
0.105 0.106 0.000000
0.106 0.107 0.000000
0.107 0.108 0.000000
0.108 0.109 0.000000
0.109 0.110 0.000000
0.110 0.111 0.000000
0.111 0.112 0.000000
0.112 0.113 0.000000
0.113 0.114 0.000000
0.114 0.115 0.000000
0.115 0.116 0.000000
0.116 0.117 0.000000
0.117 0.118 0.000000
0.118 0.119 0.000000
0.119 0.120 0.000000
0.120 0.121 0.000000
0.121 0.122 0.000000
0.122 0.123 0.000000
0.123 0.124 0.000000
0.124 0.125 0.000000
0.125 0.126 0.000000
0.126 0.127 0.000000
0.127 0.128 0.000000
0.128 0.129 0.000000
0.129 0.130 0.000000
0.130 0.131 0.000000
0.131 0.132 0.000000
0.132 0.133 0.000000
0.133 0.134 0.000000
0.134 0.135 0.000000
0.135 0.136 0.000000
0.136 0.137 0.000000
0.137 0.138 0.000000
0.138 0.139 0.000000
0.139 0.140 0.000000
0.140 0.141 0.000000
0.141 0.142 0.000000
0.142 0.143 0.000000
0.143 0.144 0.000000
0.144 0.145 0.000000
0.145 0.146 0.000000
0.146 0.147 0.000000
0.147 0.148 0.000000
0.148 0.149 0.000000
0.149 0.150 0.000000
