1
0.000 0.001 0.000000
0.001 0.002 0.000000
0.002 0.003 0.000000
0.003 0.004 0.000000
0.004 0.005 0.000000
0.005 0.006 0.000000
0.006 0.007 0.000000
0.007 0.008 0.000000
0.008 0.009 0.000000
0.009 0.010 0.000000
0.010 0.011 0.000000
0.011 0.012 0.000000
0.012 0.013 0.000000
0.013 0.014 0.000000
0.014 0.015 0.000000
0.015 0.016 0.000000
0.016 0.017 0.000002
0.017 0.018 0.000015
0.018 0.019 0.000072
0.019 0.020 0.000273
0.020 0.021 0.000828
0.021 0.022 0.002100
0.022 0.023 0.004603
0.023 0.024 0.008949
0.024 0.025 0.015783
0.025 0.026 0.025591
0.026 0.027 0.038663
0.027 0.028 0.055436
0.028 0.029 0.075859
0.029 0.030 0.099053
0.030 0.031 0.124876
0.031 0.032 0.152980
0.032 0.033 0.182575
0.033 0.034 0.212836
0.034 0.035 0.243522
0.035 0.036 0.274314
0.036 0.037 0.304467
0.037 0.038 0.331701
0.038 0.039 0.356191
0.039 0.040 0.380567
0.040 0.041 0.403003
0.041 0.042 0.422495
0.042 0.043 0.441528
0.043 0.044 0.457042
0.044 0.045 0.471378
0.045 0.046 0.483854
0.046 0.047 0.491041
0.047 0.048 0.499859
0.048 0.049 0.508587
0.049 0.050 0.510803
0.050 0.051 0.511469
0.051 0.052 0.514695
0.052 0.053 0.517787
0.053 0.054 0.516280
0.054 0.055 0.512296
0.055 0.056 0.511112
0.056 0.057 0.510640
0.057 0.058 0.678706
0.058 0.059 1.000000
0.059 0.060 0.818634
0.060 0.061 0.492895
0.061 0.062 0.485712
0.062 0.063 0.461924
0.063 0.064 0.450797
0.064 0.065 0.440096
0.065 0.066 0.432816
0.066 0.067 0.555606
0.067 0.068 0.546978
0.068 0.069 0.431285
0.069 0.070 0.389672
0.070 0.071 0.324336
0.071 0.072 0.315170
0.072 0.073 0.304189
0.073 0.074 0.300209
0.074 0.075 0.294538
0.075 0.076 0.284847
0.076 0.077 0.272814
0.077 0.078 0.263388
0.078 0.079 0.258842
0.079 0.080 0.252180
0.080 0.081 0.242109
0.081 0.082 0.231137
0.082 0.083 0.220922
0.083 0.084 0.210314
0.084 0.085 0.201339
0.085 0.086 0.193712
0.086 0.087 0.184010
0.087 0.088 0.176621
0.088 0.089 0.168947
0.089 0.090 0.158549
0.090 0.091 0.147035
0.091 0.092 0.134896
0.092 0.093 0.125716
0.093 0.094 0.119616
0.094 0.095 0.110756
0.095 0.096 0.101793
0.096 0.097 0.092842
0.097 0.098 0.082731
0.098 0.099 0.071449
0.099 0.100 0.064620
0.100 0.101 0.061140
0.101 0.102 0.055035
0.102 0.103 0.046218
0.103 0.104 0.040259
0.104 0.105 0.035320
0.105 0.106 0.030822
0.106 0.107 0.026025
0.107 0.108 0.020058
0.108 0.109 0.015962
0.109 0.110 0.011233
0.110 0.111 0.008066
0.111 0.112 0.004909
0.112 0.113 0.002309
0.113 0.114 0.000641
0.114 0.115 0.000000
0.115 0.116 0.000000
0.116 0.117 0.000000
0.117 0.118 0.000000
0.118 0.119 0.000000
0.119 0.120 0.000000
0.120 0.121 0.000000
0.121 0.122 0.000000
0.122 0.123 0.000000
0.123 0.124 0.000000
0.124 0.125 0.000000
0.125 0.126 0.000000
0.126 0.127 0.000000
0.127 0.128 0.000000
0.128 0.129 0.000000
0.129 0.130 0.000000
0.130 0.131 0.000000
0.131 0.132 0.000000
0.132 0.133 0.000000
0.133 0.134 0.000000
0.134 0.135 0.000000
0.135 0.136 0.000000
0.136 0.137 0.000000
0.137 0.138 0.000000
0.138 0.139 0.000000
0.139 0.140 0.000000
0.140 0.141 0.000000
0.141 0.142 0.000000
0.142 0.143 0.000000
0.143 0.144 0.000000
0.144 0.145 0.000000
0.145 0.146 0.000000
0.146 0.147 0.000000
0.147 0.148 0.000000
0.148 0.149 0.000000
0.149 0.150 0.000000
