1
0.000 0.001 0.000000
0.001 0.002 0.000000
0.002 0.003 0.000000
0.003 0.004 0.000000
0.004 0.005 0.000000
0.005 0.006 0.000000
0.006 0.007 0.000000
0.007 0.008 0.000000
0.008 0.009 0.000000
0.009 0.010 0.000000
0.010 0.011 0.000000
0.011 0.012 0.000000
0.012 0.013 0.000000
0.013 0.014 0.000002
0.014 0.015 0.000025
0.015 0.016 0.000157
0.016 0.017 0.000675
0.017 0.018 0.002165
0.018 0.019 0.005545
0.019 0.020 0.011929
0.020 0.021 0.022432
0.021 0.022 0.037747
0.022 0.023 0.058093
0.023 0.024 0.083518
0.024 0.025 0.113454
0.025 0.026 0.146563
0.026 0.027 0.182040
0.027 0.028 0.219242
0.028 0.029 0.256666
0.029 0.030 0.292815
0.030 0.031 0.327754
0.031 0.032 0.360575
0.032 0.033 0.391261
0.033 0.034 0.419456
0.034 0.035 0.443955
0.035 0.036 0.464917
0.036 0.037 0.483534
0.037 0.038 0.500323
0.038 0.039 0.512888
0.039 0.040 0.522683
0.040 0.041 0.530137
0.041 0.042 0.535227
0.042 0.043 0.538922
0.043 0.044 0.540487
0.044 0.045 0.541245
0.045 0.046 0.538150
0.046 0.047 0.534130
0.047 0.048 0.532332
0.048 0.049 0.527441
0.049 0.050 0.518697
0.050 0.051 0.511663
0.051 0.052 0.505957
0.052 0.053 0.496745
0.053 0.054 0.487855
0.054 0.055 0.478781
0.055 0.056 0.470864
0.056 0.057 0.463435
0.057 0.058 0.647803
0.058 0.059 1.000000
0.059 0.060 0.794619
0.060 0.061 0.436140
0.061 0.062 0.426193
0.062 0.063 0.397425
0.063 0.064 0.386588
0.064 0.065 0.375271
0.065 0.066 0.363745
0.066 0.067 0.491447
0.067 0.068 0.482549
0.068 0.069 0.364922
0.069 0.070 0.325660
0.070 0.071 0.259937
0.071 0.072 0.253506
0.072 0.073 0.245305
0.073 0.074 0.239043
0.074 0.075 0.233309
0.075 0.076 0.226845
0.076 0.077 0.218846
0.077 0.078 0.212272
0.078 0.079 0.206506
0.079 0.080 0.201810
0.080 0.081 0.196387
0.081 0.082 0.189846
0.082 0.083 0.183325
0.083 0.084 0.177198
0.084 0.085 0.171896
0.085 0.086 0.166954
0.086 0.087 0.161578
0.087 0.088 0.157325
0.088 0.089 0.151676
0.089 0.090 0.145229
0.090 0.091 0.139554
0.091 0.092 0.131791
0.092 0.093 0.126909
0.093 0.094 0.124008
0.094 0.095 0.119318
0.095 0.096 0.114967
0.096 0.097 0.110589
0.097 0.098 0.104981
0.098 0.099 0.099724
0.099 0.100 0.095680
0.100 0.101 0.092026
0.101 0.102 0.087723
0.102 0.103 0.082652
0.103 0.104 0.079545
0.104 0.105 0.076096
0.105 0.106 0.071979
0.106 0.107 0.068452
0.107 0.108 0.064281
0.108 0.109 0.060918
0.109 0.110 0.057742
0.110 0.111 0.054306
0.111 0.112 0.051126
0.112 0.113 0.046596
0.113 0.114 0.043342
0.114 0.115 0.040834
0.115 0.116 0.038192
0.116 0.117 0.035215
0.117 0.118 0.032553
0.118 0.119 0.029148
0.119 0.120 0.026639
0.120 0.121 0.024732
0.121 0.122 0.022928
0.122 0.123 0.021139
0.123 0.124 0.019252
0.124 0.125 0.016930
0.125 0.126 0.014604
0.126 0.127 0.012766
0.127 0.128 0.010286
0.128 0.129 0.008907
0.129 0.130 0.007523
0.130 0.131 0.005968
0.131 0.132 0.004968
0.132 0.133 0.003379
0.133 0.134 0.002475
0.134 0.135 0.001640
0.135 0.136 0.000616
0.136 0.137 0.000369
0.137 0.138 0.000000
0.138 0.139 0.000000
0.139 0.140 0.000000
0.140 0.141 0.000000
0.141 0.142 0.000000
0.142 0.143 0.000000
0.143 0.144 0.000000
0.144 0.145 0.000000
0.145 0.146 0.000000
0.146 0.147 0.000000
0.147 0.148 0.000000
0.148 0.149 0.000000
0.149 0.150 0.000000
