1
0.000 0.001 0.000000
0.001 0.002 0.000000
0.002 0.003 0.000000
0.003 0.004 0.000000
0.004 0.005 0.000000
0.005 0.006 0.000000
0.006 0.007 0.000000
0.007 0.008 0.000000
0.008 0.009 0.000000
0.009 0.010 0.000000
0.010 0.011 0.000000
0.011 0.012 0.000000
0.012 0.013 0.000000
0.013 0.014 0.000000
0.014 0.015 0.000006
0.015 0.016 0.000043
0.016 0.017 0.000215
0.017 0.018 0.000777
0.018 0.019 0.002195
0.019 0.020 0.005132
0.020 0.021 0.010360
0.021 0.022 0.018508
0.022 0.023 0.030059
0.023 0.024 0.045311
0.024 0.025 0.064063
0.025 0.026 0.085851
0.026 0.027 0.110384
0.027 0.028 0.136846
0.028 0.029 0.164381
0.029 0.030 0.192155
0.030 0.031 0.219880
0.031 0.032 0.246565
0.032 0.033 0.272299
0.033 0.034 0.296961
0.034 0.035 0.319039
0.035 0.036 0.338363
0.036 0.037 0.356553
0.037 0.038 0.374753
0.038 0.039 0.389021
0.039 0.040 0.400190
0.040 0.041 0.410260
0.041 0.042 0.418733
0.042 0.043 0.425473
0.043 0.044 0.430285
0.044 0.045 0.434963
0.045 0.046 0.436206
0.046 0.047 0.436683
0.047 0.048 0.439155
0.048 0.049 0.438624
0.049 0.050 0.435180
0.050 0.051 0.433363
0.051 0.052 0.432006
0.052 0.053 0.426939
0.053 0.054 0.421560
0.054 0.055 0.417147
0.055 0.056 0.413722
0.056 0.057 0.409841
0.057 0.058 0.613452
0.058 0.059 1.000000
0.059 0.060 0.783793
0.060 0.061 0.400823
0.061 0.062 0.394687
0.062 0.063 0.367862
0.063 0.064 0.361759
0.064 0.065 0.354236
0.065 0.066 0.346327
0.066 0.067 0.488053
0.067 0.068 0.481347
0.068 0.069 0.357623
0.069 0.070 0.318857
0.070 0.071 0.249554
0.071 0.072 0.245681
0.072 0.073 0.240304
0.073 0.074 0.235138
0.074 0.075 0.231051
0.075 0.076 0.227222
0.076 0.077 0.221727
0.077 0.078 0.217586
0.078 0.079 0.213822
0.079 0.080 0.209889
0.080 0.081 0.205844
0.081 0.082 0.200597
0.082 0.083 0.195131
0.083 0.084 0.190226
0.084 0.085 0.186087
0.085 0.086 0.182045
0.086 0.087 0.177868
0.087 0.088 0.174947
0.088 0.089 0.170043
0.089 0.090 0.164365
0.090 0.091 0.160063
0.091 0.092 0.153455
0.092 0.093 0.148524
0.093 0.094 0.146058
0.094 0.095 0.141507
0.095 0.096 0.137226
0.096 0.097 0.133333
0.097 0.098 0.127911
0.098 0.099 0.123452
0.099 0.100 0.119703
0.100 0.101 0.115471
0.101 0.102 0.111263
0.102 0.103 0.106843
0.103 0.104 0.103396
0.104 0.105 0.099228
0.105 0.106 0.094222
0.106 0.107 0.090141
0.107 0.108 0.085245
0.108 0.109 0.081355
0.109 0.110 0.077723
0.110 0.111 0.073759
0.111 0.112 0.070118
0.112 0.113 0.065022
0.113 0.114 0.060392
0.114 0.115 0.056750
0.115 0.116 0.052836
0.116 0.117 0.048584
0.117 0.118 0.044542
0.118 0.119 0.039108
0.119 0.120 0.035680
0.120 0.121 0.033741
0.121 0.122 0.030455
0.122 0.123 0.026930
0.123 0.124 0.023843
0.124 0.125 0.019944
0.125 0.126 0.016667
0.126 0.127 0.013916
0.127 0.128 0.011295
0.128 0.129 0.008734
0.129 0.130 0.006778
0.130 0.131 0.004421
0.131 0.132 0.002942
0.132 0.133 0.001547
0.133 0.134 0.000259
0.134 0.135 0.000000
0.135 0.136 0.000000
0.136 0.137 0.000000
0.137 0.138 0.000000
0.138 0.139 0.000000
0.139 0.140 0.000000
0.140 0.141 0.000000
0.141 0.142 0.000000
0.142 0.143 0.000000
0.143 0.144 0.000000
0.144 0.145 0.000000
0.145 0.146 0.000000
0.146 0.147 0.000000
0.147 0.148 0.000000
0.148 0.149 0.000000
0.149 0.150 0.000000
