1
0.000 0.001 0.000000
0.001 0.002 0.000000
0.002 0.003 0.000000
0.003 0.004 0.000000
0.004 0.005 0.000000
0.005 0.006 0.000000
0.006 0.007 0.000000
0.007 0.008 0.000000
0.008 0.009 0.000000
0.009 0.010 0.000000
0.010 0.011 0.000000
0.011 0.012 0.000000
0.012 0.013 0.000000
0.013 0.014 0.000000
0.014 0.015 0.000000
0.015 0.016 0.000001
0.016 0.017 0.000008
0.017 0.018 0.000048
0.018 0.019 0.000208
0.019 0.020 0.000696
0.020 0.021 0.001902
0.021 0.022 0.004395
0.022 0.023 0.008878
0.023 0.024 0.016080
0.024 0.025 0.026638
0.025 0.026 0.040844
0.026 0.027 0.058833
0.027 0.028 0.080756
0.028 0.029 0.106215
0.029 0.030 0.134182
0.030 0.031 0.164117
0.031 0.032 0.195461
0.032 0.033 0.227488
0.033 0.034 0.259515
0.034 0.035 0.291062
0.035 0.036 0.321096
0.036 0.037 0.349910
0.037 0.038 0.376580
0.038 0.039 0.399494
0.039 0.040 0.421397
0.040 0.041 0.441112
0.041 0.042 0.457611
0.042 0.043 0.473322
0.043 0.044 0.486268
0.044 0.045 0.497868
0.045 0.046 0.506390
0.046 0.047 0.511024
0.047 0.048 0.516941
0.048 0.049 0.522022
0.049 0.050 0.521900
0.050 0.051 0.520418
0.051 0.052 0.521083
0.052 0.053 0.520740
0.053 0.054 0.516783
0.054 0.055 0.511638
0.055 0.056 0.508576
0.056 0.057 0.504982
0.057 0.058 0.674178
0.058 0.059 1.000000
0.059 0.060 0.815447
0.060 0.061 0.484959
0.061 0.062 0.476405
0.062 0.063 0.450977
0.063 0.064 0.439930
0.064 0.065 0.428481
0.065 0.066 0.419830
0.066 0.067 0.542104
0.067 0.068 0.533317
0.068 0.069 0.417985
0.069 0.070 0.376231
0.070 0.071 0.310734
0.071 0.072 0.302108
0.072 0.073 0.291777
0.073 0.074 0.286093
0.074 0.075 0.279174
0.075 0.076 0.270189
0.076 0.077 0.259169
0.077 0.078 0.249826
0.078 0.079 0.244357
0.079 0.080 0.237320
0.080 0.081 0.227345
0.081 0.082 0.216382
0.082 0.083 0.206699
0.083 0.084 0.197030
0.084 0.085 0.189000
0.085 0.086 0.181900
0.086 0.087 0.172680
0.087 0.088 0.165949
0.088 0.089 0.158227
0.089 0.090 0.149677
0.090 0.091 0.141044
0.091 0.092 0.130689
0.092 0.093 0.123503
0.093 0.094 0.118987
0.094 0.095 0.111014
0.095 0.096 0.104781
0.096 0.097 0.097676
0.097 0.098 0.089300
0.098 0.099 0.081032
0.099 0.100 0.074313
0.100 0.101 0.070793
0.101 0.102 0.065960
0.102 0.103 0.059087
0.103 0.104 0.053696
0.104 0.105 0.049104
0.105 0.106 0.044848
0.106 0.107 0.040469
0.107 0.108 0.035199
0.108 0.109 0.030130
0.109 0.110 0.025977
0.110 0.111 0.022173
0.111 0.112 0.019095
0.112 0.113 0.014899
0.113 0.114 0.012375
0.114 0.115 0.009721
0.115 0.116 0.006316
0.116 0.117 0.004382
0.117 0.118 0.002040
0.118 0.119 0.000471
0.119 0.120 0.000000
0.120 0.121 0.000000
0.121 0.122 0.000000
0.122 0.123 0.000000
0.123 0.124 0.000000
0.124 0.125 0.000000
0.125 0.126 0.000000
0.126 0.127 0.000000
0.127 0.128 0.000000
0.128 0.129 0.000000
0.129 0.130 0.000000
0.130 0.131 0.000000
0.131 0.132 0.000000
0.132 0.133 0.000000
0.133 0.134 0.000000
0.134 0.135 0.000000
0.135 0.136 0.000000
0.136 0.137 0.000000
0.137 0.138 0.000000
0.138 0.139 0.000000
0.139 0.140 0.000000
0.140 0.141 0.000000
0.141 0.142 0.000000
0.142 0.143 0.000000
0.143 0.144 0.000000
0.144 0.145 0.000000
0.145 0.146 0.000000
0.146 0.147 0.000000
0.147 0.148 0.000000
0.148 0.149 0.000000
0.149 0.150 0.000000
