1
0.000 0.001 0.000000
0.001 0.002 0.000000
0.002 0.003 0.000000
0.003 0.004 0.000000
0.004 0.005 0.000000
0.005 0.006 0.000000
0.006 0.007 0.000000
0.007 0.008 0.000000
0.008 0.009 0.000000
0.009 0.010 0.000000
0.010 0.011 0.000000
0.011 0.012 0.000000
0.012 0.013 0.000000
0.013 0.014 0.000000
0.014 0.015 0.000000
0.015 0.016 0.000000
0.016 0.017 0.000000
0.017 0.018 0.000000
0.018 0.019 0.000000
0.019 0.020 0.000000
0.020 0.021 0.000001
0.021 0.022 0.000005
0.022 0.023 0.000025
0.023 0.024 0.000095
0.024 0.025 0.000299
0.025 0.026 0.000799
0.026 0.027 0.001852
0.027 0.028 0.003844
0.028 0.029 0.007268
0.029 0.030 0.012599
0.030 0.031 0.020328
0.031 0.032 0.030885
0.032 0.033 0.044718
0.033 0.034 0.061834
0.034 0.035 0.082224
0.035 0.036 0.106033
0.036 0.037 0.132430
0.037 0.038 0.160524
0.038 0.039 0.190772
0.039 0.040 0.223152
0.040 0.041 0.255520
0.041 0.042 0.288065
0.042 0.043 0.321233
0.043 0.044 0.352705
0.044 0.045 0.383756
0.045 0.046 0.412635
0.046 0.047 0.438796
0.047 0.048 0.464410
0.048 0.049 0.488102
0.049 0.050 0.506773
0.050 0.051 0.524455
0.051 0.052 0.542532
0.052 0.053 0.557053
0.053 0.054 0.567971
0.054 0.055 0.575870
0.055 0.056 0.582094
0.056 0.057 0.587789
0.057 0.058 0.729180
0.058 0.059 1.000000
0.059 0.060 0.860865
0.060 0.061 0.591487
0.061 0.062 0.585885
0.062 0.063 0.564305
0.063 0.064 0.552294
0.064 0.065 0.540845
0.065 0.066 0.530178
0.066 0.067 0.639612
0.067 0.068 0.630586
0.068 0.069 0.514760
0.069 0.070 0.468364
0.070 0.071 0.402812
0.071 0.072 0.388793
0.072 0.073 0.368686
0.073 0.074 0.360446
0.074 0.075 0.350323
0.075 0.076 0.334437
0.076 0.077 0.316693
0.077 0.078 0.301086
0.078 0.079 0.288787
0.079 0.080 0.278570
0.080 0.081 0.264550
0.081 0.082 0.247916
0.082 0.083 0.232116
0.083 0.084 0.215818
0.084 0.085 0.199605
0.085 0.086 0.188507
0.086 0.087 0.175447
0.087 0.088 0.163433
0.088 0.089 0.150711
0.089 0.090 0.135616
0.090 0.091 0.122114
0.091 0.092 0.109392
0.092 0.093 0.098566
0.093 0.094 0.087131
0.094 0.095 0.077834
0.095 0.096 0.069077
0.096 0.097 0.058191
0.097 0.098 0.045607
0.098 0.099 0.035250
0.099 0.100 0.027942
0.100 0.101 0.022772
0.101 0.102 0.017835
0.102 0.103 0.011988
0.103 0.104 0.005553
0.104 0.105 0.001605
0.105 0.106 0.000000
0.106 0.107 0.000000
0.107 0.108 0.000000
0.108 0.109 0.000000
0.109 0.110 0.000000
0.110 0.111 0.000000
0.111 0.112 0.000000
0.112 0.113 0.000000
0.113 0.114 0.000000
0.114 0.115 0.000000
0.115 0.116 0.000000
0.116 0.117 0.000000
0.117 0.118 0.000000
0.118 0.119 0.000000
0.119 0.120 0.000000
0.120 0.121 0.000000
0.121 0.122 0.000000
0.122 0.123 0.000000
0.123 0.124 0.000000
0.124 0.125 0.000000
0.125 0.126 0.000000
0.126 0.127 0.000000
0.127 0.128 0.000000
0.128 0.129 0.000000
0.129 0.130 0.000000
0.130 0.131 0.000000
0.131 0.132 0.000000
0.132 0.133 0.000000
0.133 0.134 0.000000
0.134 0.135 0.000000
0.135 0.136 0.000000
0.136 0.137 0.000000
0.137 0.138 0.000000
0.138 0.139 0.000000
0.139 0.140 0.000000
0.140 0.141 0.000000
0.141 0.142 0.000000
0.142 0.143 0.000000
0.143 0.144 0.000000
0.144 0.145 0.000000
0.145 0.146 0.000000
0.146 0.147 0.000000
0.147 0.148 0.000000
0.148 0.149 0.000000
0.149 0.150 0.000000
