1
0.000 0.001 0.000000
0.001 0.002 0.000000
0.002 0.003 0.000000
0.003 0.004 0.000000
0.004 0.005 0.000000
0.005 0.006 0.000000
0.006 0.007 0.000000
0.007 0.008 0.000000
0.008 0.009 0.000000
0.009 0.010 0.000000
0.010 0.011 0.000000
0.011 0.012 0.000000
0.012 0.013 0.000000
0.013 0.014 0.000000
0.014 0.015 0.000000
0.015 0.016 0.000000
0.016 0.017 0.000000
0.017 0.018 0.000000
0.018 0.019 0.000001
0.019 0.020 0.000007
0.020 0.021 0.000033
0.021 0.022 0.000124
0.022 0.023 0.000376
0.023 0.024 0.000968
0.024 0.025 0.002166
0.025 0.026 0.004315
0.026 0.027 0.007786
0.027 0.028 0.013002
0.028 0.029 0.020314
0.029 0.030 0.029775
0.030 0.031 0.041708
0.031 0.032 0.055921
0.032 0.033 0.072275
0.033 0.034 0.090783
0.034 0.035 0.110794
0.035 0.036 0.131445
0.036 0.037 0.153414
0.037 0.038 0.176485
0.038 0.039 0.198494
0.039 0.040 0.220518
0.040 0.041 0.242189
0.041 0.042 0.261866
0.042 0.043 0.281668
0.043 0.044 0.300403
0.044 0.045 0.318054
0.045 0.046 0.333584
0.046 0.047 0.347035
0.047 0.048 0.361619
0.048 0.049 0.374349
0.049 0.050 0.383586
0.050 0.051 0.391312
0.051 0.052 0.399774
0.052 0.053 0.406721
0.053 0.054 0.410805
0.054 0.055 0.414707
0.055 0.056 0.420170
0.056 0.057 0.423700
0.057 0.058 0.621320
0.058 0.059 1.000000
0.059 0.060 0.804225
0.060 0.061 0.437123
0.061 0.062 0.435643
0.062 0.063 0.413638
0.063 0.064 0.410187
0.064 0.065 0.404374
0.065 0.066 0.400211
0.066 0.067 0.554421
0.067 0.068 0.551641
0.068 0.069 0.421364
0.069 0.070 0.379792
0.070 0.071 0.304990
0.071 0.072 0.301046
0.072 0.073 0.295996
0.073 0.074 0.292311
0.074 0.075 0.288125
0.075 0.076 0.284425
0.076 0.077 0.278063
0.077 0.078 0.272714
0.078 0.079 0.270079
0.079 0.080 0.265858
0.080 0.081 0.259219
0.081 0.082 0.251819
0.082 0.083 0.245700
0.083 0.084 0.240542
0.084 0.085 0.235609
0.085 0.086 0.231053
0.086 0.087 0.224143
0.087 0.088 0.220735
0.088 0.089 0.215504
0.089 0.090 0.207648
0.090 0.091 0.201743
0.091 0.092 0.191230
0.092 0.093 0.184844
0.093 0.094 0.183047
0.094 0.095 0.176694
0.095 0.096 0.170319
0.096 0.097 0.164125
0.097 0.098 0.155697
0.098 0.099 0.149109
0.099 0.100 0.142979
0.100 0.101 0.136902
0.101 0.102 0.131208
0.102 0.103 0.123293
0.103 0.104 0.117523
0.104 0.105 0.112497
0.105 0.106 0.105949
0.106 0.107 0.099854
0.107 0.108 0.092102
0.108 0.109 0.085623
0.109 0.110 0.078505
0.110 0.111 0.071882
0.111 0.112 0.066618
0.112 0.113 0.059356
0.113 0.114 0.053407
0.114 0.115 0.047456
0.115 0.116 0.040317
0.116 0.117 0.034029
0.117 0.118 0.027089
0.118 0.119 0.018363
0.119 0.120 0.012853
0.120 0.121 0.009210
0.121 0.122 0.004602
0.122 0.123 0.000481
0.123 0.124 0.000000
0.124 0.125 0.000000
0.125 0.126 0.000000
0.126 0.127 0.000000
0.127 0.128 0.000000
0.128 0.129 0.000000
0.129 0.130 0.000000
0.130 0.131 0.000000
0.131 0.132 0.000000
0.132 0.133 0.000000
0.133 0.134 0.000000
0.134 0.135 0.000000
0.135 0.136 0.000000
0.136 0.137 0.000000
0.137 0.138 0.000000
0.138 0.139 0.000000
0.139 0.140 0.000000
0.140 0.141 0.000000
0.141 0.142 0.000000
0.142 0.143 0.000000
0.143 0.144 0.000000
0.144 0.145 0.000000
0.145 0.146 0.000000
0.146 0.147 0.000000
0.147 0.148 0.000000
0.148 0.149 0.000000
0.149 0.150 0.000000
