1
0.000 0.001 0.000000
0.001 0.002 0.000000
0.002 0.003 0.000000
0.003 0.004 0.000000
0.004 0.005 0.000000
0.005 0.006 0.000000
0.006 0.007 0.000000
0.007 0.008 0.000000
0.008 0.009 0.000000
0.009 0.010 0.000000
0.010 0.011 0.000000
0.011 0.012 0.000000
0.012 0.013 0.000000
0.013 0.014 0.000000
0.014 0.015 0.000000
0.015 0.016 0.000000
0.016 0.017 0.000002
0.017 0.018 0.000012
0.018 0.019 0.000067
0.019 0.020 0.000268
0.020 0.021 0.000843
0.021 0.022 0.002183
0.022 0.023 0.004830
0.023 0.024 0.009437
0.024 0.025 0.016650
0.025 0.026 0.026953
0.026 0.027 0.040656
0.027 0.028 0.058022
0.028 0.029 0.078929
0.029 0.030 0.102494
0.030 0.031 0.128425
0.031 0.032 0.156208
0.032 0.033 0.185213
0.033 0.034 0.214993
0.034 0.035 0.244652
0.035 0.036 0.273250
0.036 0.037 0.301319
0.037 0.038 0.327773
0.038 0.039 0.351075
0.039 0.040 0.373622
0.040 0.041 0.394216
0.041 0.042 0.411717
0.042 0.043 0.428588
0.043 0.044 0.442795
0.044 0.045 0.455695
0.045 0.046 0.466066
0.046 0.047 0.472594
0.047 0.048 0.480449
0.048 0.049 0.487282
0.049 0.050 0.489038
0.050 0.051 0.489493
0.051 0.052 0.491796
0.052 0.053 0.493002
0.053 0.054 0.490738
0.054 0.055 0.487402
0.055 0.056 0.486305
0.056 0.057 0.484444
0.057 0.058 0.661199
0.058 0.059 1.000000
0.059 0.060 0.811294
0.060 0.061 0.471397
0.061 0.062 0.464497
0.062 0.063 0.439764
0.063 0.064 0.430321
0.064 0.065 0.420243
0.065 0.066 0.412851
0.066 0.067 0.542018
0.067 0.068 0.534531
0.068 0.069 0.416159
0.069 0.070 0.374741
0.070 0.071 0.307555
0.071 0.072 0.300069
0.072 0.073 0.291055
0.073 0.074 0.286117
0.074 0.075 0.280114
0.075 0.076 0.272374
0.076 0.077 0.262449
0.077 0.078 0.254263
0.078 0.079 0.249779
0.079 0.080 0.243596
0.080 0.081 0.234552
0.081 0.082 0.224633
0.082 0.083 0.215884
0.083 0.084 0.207486
0.084 0.085 0.199883
0.085 0.086 0.193139
0.086 0.087 0.184272
0.087 0.088 0.177787
0.088 0.089 0.171196
0.089 0.090 0.162267
0.090 0.091 0.153682
0.091 0.092 0.142839
0.092 0.093 0.134824
0.093 0.094 0.131216
0.094 0.095 0.124408
0.095 0.096 0.117810
0.096 0.097 0.110482
0.097 0.098 0.101719
0.098 0.099 0.092976
0.099 0.100 0.087163
0.100 0.101 0.083033
0.101 0.102 0.077791
0.102 0.103 0.070537
0.103 0.104 0.064462
0.104 0.105 0.060668
0.105 0.106 0.055833
0.106 0.107 0.051007
0.107 0.108 0.044762
0.108 0.109 0.040501
0.109 0.110 0.035841
0.110 0.111 0.031526
0.111 0.112 0.027628
0.112 0.113 0.023952
0.113 0.114 0.020881
0.114 0.115 0.017729
0.115 0.116 0.013691
0.116 0.117 0.011166
0.117 0.118 0.008441
0.118 0.119 0.004905
0.119 0.120 0.003426
0.120 0.121 0.001957
0.121 0.122 0.000541
0.122 0.123 0.000000
0.123 0.124 0.000000
0.124 0.125 0.000000
0.125 0.126 0.000000
0.126 0.127 0.000000
0.127 0.128 0.000000
0.128 0.129 0.000000
0.129 0.130 0.000000
0.130 0.131 0.000000
0.131 0.132 0.000000
0.132 0.133 0.000000
0.133 0.134 0.000000
0.134 0.135 0.000000
0.135 0.136 0.000000
0.136 0.137 0.000000
0.137 0.138 0.000000
0.138 0.139 0.000000
0.139 0.140 0.000000
0.140 0.141 0.000000
0.141 0.142 0.000000
0.142 0.143 0.000000
0.143 0.144 0.000000
0.144 0.145 0.000000
0.145 0.146 0.000000
0.146 0.147 0.000000
0.147 0.148 0.000000
0.148 0.149 0.000000
0.149 0.150 0.000000
