1
0.000 0.001 0.000000
0.001 0.002 0.000000
0.002 0.003 0.000000
0.003 0.004 0.000000
0.004 0.005 0.000000
0.005 0.006 0.000000
0.006 0.007 0.000000
0.007 0.008 0.000000
0.008 0.009 0.000000
0.009 0.010 0.000000
0.010 0.011 0.000000
0.011 0.012 0.000000
0.012 0.013 0.000000
0.013 0.014 0.000000
0.014 0.015 0.000001
0.015 0.016 0.000015
0.016 0.017 0.000100
0.017 0.018 0.000455
0.018 0.019 0.001552
0.019 0.020 0.004240
0.020 0.021 0.009751
0.021 0.022 0.019456
0.022 0.023 0.034634
0.023 0.024 0.056220
0.024 0.025 0.084735
0.025 0.026 0.119679
0.026 0.027 0.160360
0.027 0.028 0.206375
0.028 0.029 0.256084
0.029 0.030 0.308186
0.030 0.031 0.360193
0.031 0.032 0.410404
0.032 0.033 0.461176
0.033 0.034 0.508564
0.034 0.035 0.551017
0.035 0.036 0.591394
0.036 0.037 0.626134
0.037 0.038 0.655611
0.038 0.039 0.683413
0.039 0.040 0.708854
0.040 0.041 0.726607
0.041 0.042 0.741692
0.042 0.043 0.754025
0.043 0.044 0.762188
0.044 0.045 0.768979
0.045 0.046 0.769265
0.046 0.047 0.768272
0.047 0.048 0.764824
0.048 0.049 0.758296
0.049 0.050 0.748771
0.050 0.051 0.740560
0.051 0.052 0.733821
0.052 0.053 0.720230
0.053 0.054 0.705979
0.054 0.055 0.692707
0.055 0.056 0.676432
0.056 0.057 0.658493
0.057 0.058 0.771583
0.058 0.059 1.000000
0.059 0.060 0.854193
0.060 0.061 0.600559
0.061 0.062 0.579947
0.062 0.063 0.546841
0.063 0.064 0.525886
0.064 0.065 0.505778
0.065 0.066 0.485844
0.066 0.067 0.561781
0.067 0.068 0.544921
0.068 0.069 0.445885
0.069 0.070 0.399990
0.070 0.071 0.344345
0.071 0.072 0.328569
0.072 0.073 0.308155
0.073 0.074 0.292038
0.074 0.075 0.275266
0.075 0.076 0.255444
0.076 0.077 0.237457
0.077 0.078 0.220218
0.078 0.079 0.204619
0.079 0.080 0.191821
0.080 0.081 0.176509
0.081 0.082 0.158975
0.082 0.083 0.142261
0.083 0.084 0.129208
0.084 0.085 0.116277
0.085 0.086 0.102920
0.086 0.087 0.091123
0.087 0.088 0.079722
0.088 0.089 0.066190
0.089 0.090 0.056510
0.090 0.091 0.048040
0.091 0.092 0.037837
0.092 0.093 0.030573
0.093 0.094 0.022231
0.094 0.095 0.016375
0.095 0.096 0.009830
0.096 0.097 0.004595
0.097 0.098 0.001183
0.098 0.099 0.000000
0.099 0.100 0.000000
0.100 0.101 0.000000
0.101 0.102 0.000000
0.102 0.103 0.000000
0.103 0.104 0.000000
0.104 0.105 0.000000
0.105 0.106 0.000000
0.106 0.107 0.000000
0.107 0.108 0.000000
0.108 0.109 0.000000
0.109 0.110 0.000000
0.110 0.111 0.000000
0.111 0.112 0.000000
0.112 0.113 0.000000
0.113 0.114 0.000000
0.114 0.115 0.000000
0.115 0.116 0.000000
0.116 0.117 0.000000
0.117 0.118 0.000000
0.118 0.119 0.000000
0.119 0.120 0.000000
0.120 0.121 0.000000
0.121 0.122 0.000000
0.122 0.123 0.000000
0.123 0.124 0.000000
0.124 0.125 0.000000
0.125 0.126 0.000000
0.126 0.127 0.000000
0.127 0.128 0.000000
0.128 0.129 0.000000
0.129 0.130 0.000000
0.130 0.131 0.000000
0.131 0.132 0.000000
0.132 0.133 0.000000
0.133 0.134 0.000000
0.134 0.135 0.000000
0.135 0.136 0.000000
0.136 0.137 0.000000
0.137 0.138 0.000000
0.138 0.139 0.000000
0.139 0.140 0.000000
0.140 0.141 0.000000
0.141 0.142 0.000000
0.142 0.143 0.000000
0.143 0.144 0.000000
0.144 0.145 0.000000
0.145 0.146 0.000000
0.146 0.147 0.000000
0.147 0.148 0.000000
0.148 0.149 0.000000
0.149 0.150 0.000000
