1
0.000 0.001 0.000000
0.001 0.002 0.000000
0.002 0.003 0.000000
0.003 0.004 0.000000
0.004 0.005 0.000000
0.005 0.006 0.000000
0.006 0.007 0.000000
0.007 0.008 0.000000
0.008 0.009 0.000000
0.009 0.010 0.000000
0.010 0.011 0.000000
0.011 0.012 0.000000
0.012 0.013 0.000000
0.013 0.014 0.000000
0.014 0.015 0.000000
0.015 0.016 0.000000
0.016 0.017 0.000000
0.017 0.018 0.000000
0.018 0.019 0.000000
0.019 0.020 0.000000
0.020 0.021 0.000002
0.021 0.022 0.000011
0.022 0.023 0.000044
0.023 0.024 0.000149
0.024 0.025 0.000418
0.025 0.026 0.001012
0.026 0.027 0.002163
0.027 0.028 0.004191
0.028 0.029 0.007460
0.029 0.030 0.012249
0.030 0.031 0.018949
0.031 0.032 0.027794
0.032 0.033 0.038904
0.033 0.034 0.052377
0.034 0.035 0.068087
0.035 0.036 0.085692
0.036 0.037 0.105253
0.037 0.038 0.126427
0.038 0.039 0.148073
0.039 0.040 0.170607
0.040 0.041 0.193720
0.041 0.042 0.216267
0.042 0.043 0.239314
0.043 0.044 0.261643
0.044 0.045 0.283502
0.045 0.046 0.303822
0.046 0.047 0.321980
0.047 0.048 0.341232
0.048 0.049 0.359270
0.049 0.050 0.373295
0.050 0.051 0.386038
0.051 0.052 0.399729
0.052 0.053 0.411910
0.053 0.054 0.420743
0.054 0.055 0.428371
0.055 0.056 0.437355
0.056 0.057 0.445384
0.057 0.058 0.635328
0.058 0.059 1.000000
0.059 0.060 0.818750
0.060 0.061 0.468087
0.061 0.062 0.468852
0.062 0.063 0.449426
0.063 0.064 0.446618
0.064 0.065 0.442297
0.065 0.066 0.439781
0.066 0.067 0.595500
0.067 0.068 0.593945
0.068 0.069 0.461919
0.069 0.070 0.419294
0.070 0.071 0.343535
0.071 0.072 0.338854
0.072 0.073 0.332283
0.073 0.074 0.329525
0.074 0.075 0.325768
0.075 0.076 0.320211
0.076 0.077 0.311748
0.077 0.078 0.305164
0.078 0.079 0.302239
0.079 0.080 0.297335
0.080 0.081 0.289397
0.081 0.082 0.280251
0.082 0.083 0.271970
0.083 0.084 0.263976
0.084 0.085 0.256971
0.085 0.086 0.250756
0.086 0.087 0.242180
0.087 0.088 0.236745
0.088 0.089 0.229715
0.089 0.090 0.219732
0.090 0.091 0.210422
0.091 0.092 0.197868
0.092 0.093 0.189081
0.093 0.094 0.185096
0.094 0.095 0.176874
0.095 0.096 0.168855
0.096 0.097 0.160126
0.097 0.098 0.149272
0.098 0.099 0.138819
0.099 0.100 0.131654
0.100 0.101 0.125993
0.101 0.102 0.119263
0.102 0.103 0.110180
0.103 0.104 0.102650
0.104 0.105 0.097463
0.105 0.106 0.090826
0.106 0.107 0.084475
0.107 0.108 0.076206
0.108 0.109 0.070509
0.109 0.110 0.064372
0.110 0.111 0.058553
0.111 0.112 0.053772
0.112 0.113 0.046940
0.113 0.114 0.042354
0.114 0.115 0.037929
0.115 0.116 0.032746
0.116 0.117 0.027557
0.117 0.118 0.023326
0.118 0.119 0.017723
0.119 0.120 0.014337
0.120 0.121 0.013194
0.121 0.122 0.010428
0.122 0.123 0.007115
0.123 0.124 0.005008
0.124 0.125 0.002327
0.125 0.126 0.000603
0.126 0.127 0.000000
0.127 0.128 0.000000
0.128 0.129 0.000000
0.129 0.130 0.000000
0.130 0.131 0.000000
0.131 0.132 0.000000
0.132 0.133 0.000000
0.133 0.134 0.000000
0.134 0.135 0.000000
0.135 0.136 0.000000
0.136 0.137 0.000000
0.137 0.138 0.000000
0.138 0.139 0.000000
0.139 0.140 0.000000
0.140 0.141 0.000000
0.141 0.142 0.000000
0.142 0.143 0.000000
0.143 0.144 0.000000
0.144 0.145 0.000000
0.145 0.146 0.000000
0.146 0.147 0.000000
0.147 0.148 0.000000
0.148 0.149 0.000000
0.149 0.150 0.000000
