1
0.000 0.001 0.000000
0.001 0.002 0.000000
0.002 0.003 0.000000
0.003 0.004 0.000000
0.004 0.005 0.000000
0.005 0.006 0.000000
0.006 0.007 0.000000
0.007 0.008 0.000001
0.008 0.009 0.000000
0.009 0.010 0.000000
0.010 0.011 0.000000
0.011 0.012 0.000000
0.012 0.013 0.000000
0.013 0.014 0.000006
0.014 0.015 0.000047
0.015 0.016 0.000252
0.016 0.017 0.000950
0.017 0.018 0.002781
0.018 0.019 0.006659
0.019 0.020 0.013718
0.020 0.021 0.025027
0.021 0.022 0.041287
0.022 0.023 0.062783
0.023 0.024 0.089436
0.024 0.025 0.120709
0.025 0.026 0.155242
0.026 0.027 0.192067
0.027 0.028 0.231156
0.028 0.029 0.270044
0.029 0.030 0.307148
0.030 0.031 0.344355
0.031 0.032 0.377882
0.032 0.033 0.411016
0.033 0.034 0.441306
0.034 0.035 0.468218
0.035 0.036 0.491397
0.036 0.037 0.511602
0.037 0.038 0.530647
0.038 0.039 0.544136
0.039 0.040 0.554709
0.040 0.041 0.563669
0.041 0.042 0.568676
0.042 0.043 0.572176
0.043 0.044 0.574086
0.044 0.045 0.574759
0.045 0.046 0.571096
0.046 0.047 0.565917
0.047 0.048 0.562746
0.048 0.049 0.556564
0.049 0.050 0.545905
0.050 0.051 0.538843
0.051 0.052 0.533189
0.052 0.053 0.525483
0.053 0.054 0.516014
0.054 0.055 0.505841
0.055 0.056 0.497475
0.056 0.057 0.489446
0.057 0.058 0.664136
0.058 0.059 1.000000
0.059 0.060 0.802054
0.060 0.061 0.456628
0.061 0.062 0.445440
0.062 0.063 0.416690
0.063 0.064 0.404067
0.064 0.065 0.390888
0.065 0.066 0.378431
0.066 0.067 0.500385
0.067 0.068 0.491014
0.068 0.069 0.376832
0.069 0.070 0.336989
0.070 0.071 0.272608
0.071 0.072 0.265164
0.072 0.073 0.256033
0.073 0.074 0.249695
0.074 0.075 0.243191
0.075 0.076 0.235846
0.076 0.077 0.226799
0.077 0.078 0.219003
0.078 0.079 0.213327
0.079 0.080 0.206990
0.080 0.081 0.199254
0.081 0.082 0.189796
0.082 0.083 0.183002
0.083 0.084 0.176604
0.084 0.085 0.170986
0.085 0.086 0.165872
0.086 0.087 0.159593
0.087 0.088 0.155222
0.088 0.089 0.149562
0.089 0.090 0.142512
0.090 0.091 0.136303
0.091 0.092 0.128028
0.092 0.093 0.122092
0.093 0.094 0.118601
0.094 0.095 0.112701
0.095 0.096 0.106385
0.096 0.097 0.101725
0.097 0.098 0.095786
0.098 0.099 0.090469
0.099 0.100 0.086167
0.100 0.101 0.082487
0.101 0.102 0.078354
0.102 0.103 0.073106
0.103 0.104 0.069024
0.104 0.105 0.065250
0.105 0.106 0.060613
0.106 0.107 0.055780
0.107 0.108 0.051809
0.108 0.109 0.048523
0.109 0.110 0.045119
0.110 0.111 0.041800
0.111 0.112 0.039014
0.112 0.113 0.035214
0.113 0.114 0.031932
0.114 0.115 0.028939
0.115 0.116 0.025558
0.116 0.117 0.021853
0.117 0.118 0.019414
0.118 0.119 0.016031
0.119 0.120 0.014261
0.120 0.121 0.013441
0.121 0.122 0.011439
0.122 0.123 0.009384
0.123 0.124 0.006768
0.124 0.125 0.005312
0.125 0.126 0.003883
0.126 0.127 0.002692
0.127 0.128 0.001016
0.128 0.129 0.000595
0.129 0.130 0.000000
0.130 0.131 0.000000
0.131 0.132 0.000000
0.132 0.133 0.000000
0.133 0.134 0.000000
0.134 0.135 0.000000
0.135 0.136 0.000000
0.136 0.137 0.000000
0.137 0.138 0.000000
0.138 0.139 0.000000
0.139 0.140 0.000000
0.140 0.141 0.000000
0.141 0.142 0.000000
0.142 0.143 0.000000
0.143 0.144 0.000000
0.144 0.145 0.000000
0.145 0.146 0.000000
0.146 0.147 0.000000
0.147 0.148 0.000000
0.148 0.149 0.000000
0.149 0.150 0.000000
