1
0.000 0.001 0.000000
0.001 0.002 0.000000
0.002 0.003 0.000000
0.003 0.004 0.000000
0.004 0.005 0.000000
0.005 0.006 0.000000
0.006 0.007 0.000000
0.007 0.008 0.000000
0.008 0.009 0.000000
0.009 0.010 0.000000
0.010 0.011 0.000000
0.011 0.012 0.000000
0.012 0.013 0.000000
0.013 0.014 0.000000
0.014 0.015 0.000000
0.015 0.016 0.000000
0.016 0.017 0.000000
0.017 0.018 0.000001
0.018 0.019 0.000006
0.019 0.020 0.000034
0.020 0.021 0.000150
0.021 0.022 0.000520
0.022 0.023 0.001471
0.023 0.024 0.003538
0.024 0.025 0.007458
0.025 0.026 0.014045
0.026 0.027 0.024110
0.027 0.028 0.038441
0.028 0.029 0.057600
0.029 0.030 0.081624
0.030 0.031 0.110145
0.031 0.032 0.142595
0.032 0.033 0.179064
0.033 0.034 0.218109
0.034 0.035 0.258723
0.035 0.036 0.300895
0.036 0.037 0.342269
0.037 0.038 0.382217
0.038 0.039 0.421828
0.039 0.040 0.460716
0.040 0.041 0.495390
0.041 0.042 0.527933
0.042 0.043 0.558487
0.043 0.044 0.584910
0.044 0.045 0.609065
0.045 0.046 0.627620
0.046 0.047 0.643739
0.047 0.048 0.657412
0.048 0.049 0.667294
0.049 0.050 0.672564
0.050 0.051 0.677676
0.051 0.052 0.682802
0.052 0.053 0.681738
0.053 0.054 0.678572
0.054 0.055 0.674288
0.055 0.056 0.666555
0.056 0.057 0.656866
0.057 0.058 0.772102
0.058 0.059 1.000000
0.059 0.060 0.863700
0.060 0.061 0.617896
0.061 0.062 0.601341
0.062 0.063 0.570866
0.063 0.064 0.550685
0.064 0.065 0.531415
0.065 0.066 0.511892
0.066 0.067 0.591949
0.067 0.068 0.573954
0.068 0.069 0.470201
0.069 0.070 0.423239
0.070 0.071 0.365130
0.071 0.072 0.347838
0.072 0.073 0.324217
0.073 0.074 0.309847
0.074 0.075 0.294452
0.075 0.076 0.275561
0.076 0.077 0.255015
0.077 0.078 0.239550
0.078 0.079 0.226790
0.079 0.080 0.213599
0.080 0.081 0.197656
0.081 0.082 0.177907
0.082 0.083 0.163258
0.083 0.084 0.149149
0.084 0.085 0.135384
0.085 0.086 0.121023
0.086 0.087 0.108880
0.087 0.088 0.097132
0.088 0.089 0.084023
0.089 0.090 0.070905
0.090 0.091 0.061516
0.091 0.092 0.051743
0.092 0.093 0.041330
0.093 0.094 0.034093
0.094 0.095 0.026605
0.095 0.096 0.018242
0.096 0.097 0.012476
0.097 0.098 0.005668
0.098 0.099 0.001406
0.099 0.100 0.000000
0.100 0.101 0.000000
0.101 0.102 0.000000
0.102 0.103 0.000000
0.103 0.104 0.000000
0.104 0.105 0.000000
0.105 0.106 0.000000
0.106 0.107 0.000000
0.107 0.108 0.000000
0.108 0.109 0.000000
0.109 0.110 0.000000
0.110 0.111 0.000000
0.111 0.112 0.000000
0.112 0.113 0.000000
0.113 0.114 0.000000
0.114 0.115 0.000000
0.115 0.116 0.000000
0.116 0.117 0.000000
0.117 0.118 0.000000
0.118 0.119 0.000000
0.119 0.120 0.000000
0.120 0.121 0.000000
0.121 0.122 0.000000
0.122 0.123 0.000000
0.123 0.124 0.000000
0.124 0.125 0.000000
0.125 0.126 0.000000
0.126 0.127 0.000000
0.127 0.128 0.000000
0.128 0.129 0.000000
0.129 0.130 0.000000
0.130 0.131 0.000000
0.131 0.132 0.000000
0.132 0.133 0.000000
0.133 0.134 0.000000
0.134 0.135 0.000000
0.135 0.136 0.000000
0.136 0.137 0.000000
0.137 0.138 0.000000
0.138 0.139 0.000000
0.139 0.140 0.000000
0.140 0.141 0.000000
0.141 0.142 0.000000
0.142 0.143 0.000000
0.143 0.144 0.000000
0.144 0.145 0.000000
0.145 0.146 0.000000
0.146 0.147 0.000000
0.147 0.148 0.000000
0.148 0.149 0.000000
0.149 0.150 0.000000
