1
0.000 0.001 0.000000
0.001 0.002 0.000000
0.002 0.003 0.000000
0.003 0.004 0.000000
0.004 0.005 0.000000
0.005 0.006 0.000000
0.006 0.007 0.000000
0.007 0.008 0.000000
0.008 0.009 0.000000
0.009 0.010 0.000000
0.010 0.011 0.000000
0.011 0.012 0.000000
0.012 0.013 0.000000
0.013 0.014 0.000000
0.014 0.015 0.000000
0.015 0.016 0.000000
0.016 0.017 0.000000
0.017 0.018 0.000000
0.018 0.019 0.000000
0.019 0.020 0.000003
0.020 0.021 0.000017
0.021 0.022 0.000081
0.022 0.023 0.000296
0.023 0.024 0.000881
0.024 0.025 0.002231
0.025 0.026 0.004921
0.026 0.027 0.009741
0.027 0.028 0.017574
0.028 0.029 0.029340
0.029 0.030 0.045526
0.030 0.031 0.066817
0.031 0.032 0.093185
0.032 0.033 0.124750
0.033 0.034 0.160470
0.034 0.035 0.199679
0.035 0.036 0.242189
0.036 0.037 0.285224
0.037 0.038 0.328545
0.038 0.039 0.375222
0.039 0.040 0.421899
0.040 0.041 0.465788
0.041 0.042 0.507365
0.042 0.043 0.547074
0.043 0.044 0.584413
0.044 0.045 0.617656
0.045 0.046 0.642315
0.046 0.047 0.665535
0.047 0.048 0.684544
0.048 0.049 0.697916
0.049 0.050 0.705055
0.050 0.051 0.716564
0.051 0.052 0.726697
0.052 0.053 0.728119
0.053 0.054 0.727415
0.054 0.055 0.726259
0.055 0.056 0.717733
0.056 0.057 0.704057
0.057 0.058 0.801363
0.058 0.059 1.000000
0.059 0.060 0.879416
0.060 0.061 0.654785
0.061 0.062 0.638098
0.062 0.063 0.607136
0.063 0.064 0.587109
0.064 0.065 0.566825
0.065 0.066 0.544155
0.066 0.067 0.615171
0.067 0.068 0.596949
0.068 0.069 0.493561
0.069 0.070 0.442071
0.070 0.071 0.379283
0.071 0.072 0.364353
0.072 0.073 0.343180
0.073 0.074 0.323751
0.074 0.075 0.303485
0.075 0.076 0.282064
0.076 0.077 0.261212
0.077 0.078 0.239313
0.078 0.079 0.216602
0.079 0.080 0.202294
0.080 0.081 0.184720
0.081 0.082 0.164169
0.082 0.083 0.146433
0.083 0.084 0.130715
0.084 0.085 0.113396
0.085 0.086 0.092991
0.086 0.087 0.079185
0.087 0.088 0.065677
0.088 0.089 0.050165
0.089 0.090 0.037027
0.090 0.091 0.024289
0.091 0.092 0.016737
0.092 0.093 0.006460
0.093 0.094 0.003899
0.094 0.095 0.000000
0.095 0.096 0.000000
0.096 0.097 0.000000
0.097 0.098 0.000000
0.098 0.099 0.000000
0.099 0.100 0.000000
0.100 0.101 0.000000
0.101 0.102 0.000000
0.102 0.103 0.000000
0.103 0.104 0.000000
0.104 0.105 0.000000
0.105 0.106 0.000000
0.106 0.107 0.000000
0.107 0.108 0.000000
0.108 0.109 0.000000
0.109 0.110 0.000000
0.110 0.111 0.000000
0.111 0.112 0.000000
0.112 0.113 0.000000
0.113 0.114 0.000000
0.114 0.115 0.000000
0.115 0.116 0.000000
0.116 0.117 0.000000
0.117 0.118 0.000000
0.118 0.119 0.000000
0.119 0.120 0.000000
0.120 0.121 0.000000
0.121 0.122 0.000000
0.122 0.123 0.000000
0.123 0.124 0.000000
0.124 0.125 0.000000
0.125 0.126 0.000000
0.126 0.127 0.000000
0.127 0.128 0.000000
0.128 0.129 0.000000
0.129 0.130 0.000000
0.130 0.131 0.000000
0.131 0.132 0.000000
0.132 0.133 0.000000
0.133 0.134 0.000000
0.134 0.135 0.000000
0.135 0.136 0.000000
0.136 0.137 0.000000
0.137 0.138 0.000000
0.138 0.139 0.000000
0.139 0.140 0.000000
0.140 0.141 0.000000
0.141 0.142 0.000000
0.142 0.143 0.000000
0.143 0.144 0.000000
0.144 0.145 0.000000
0.145 0.146 0.000000
0.146 0.147 0.000000
0.147 0.148 0.000000
0.148 0.149 0.000000
0.149 0.150 0.000000
