1
0.000 0.001 0.000000
0.001 0.002 0.000000
0.002 0.003 0.000000
0.003 0.004 0.000000
0.004 0.005 0.000000
0.005 0.006 0.000000
0.006 0.007 0.000000
0.007 0.008 0.000000
0.008 0.009 0.000000
0.009 0.010 0.000000
0.010 0.011 0.000000
0.011 0.012 0.000000
0.012 0.013 0.000000
0.013 0.014 0.000000
0.014 0.015 0.000000
0.015 0.016 0.000000
0.016 0.017 0.000000
0.017 0.018 0.000000
0.018 0.019 0.000000
0.019 0.020 0.000000
0.020 0.021 0.000000
0.021 0.022 0.000001
0.022 0.023 0.000004
0.023 0.024 0.000018
0.024 0.025 0.000069
0.025 0.026 0.000214
0.026 0.027 0.000566
0.027 0.028 0.001320
0.028 0.029 0.002763
0.029 0.030 0.005223
0.030 0.031 0.009130
0.031 0.032 0.014890
0.032 0.033 0.022883
0.033 0.034 0.033388
0.034 0.035 0.046674
0.035 0.036 0.062796
0.036 0.037 0.081559
0.037 0.038 0.102840
0.038 0.039 0.126053
0.039 0.040 0.151157
0.040 0.041 0.177834
0.041 0.042 0.205209
0.042 0.043 0.233538
0.043 0.044 0.261617
0.044 0.045 0.289687
0.045 0.046 0.316505
0.046 0.047 0.340898
0.047 0.048 0.366458
0.048 0.049 0.390971
0.049 0.050 0.411587
0.050 0.051 0.430096
0.051 0.052 0.448822
0.052 0.053 0.466395
0.053 0.054 0.479939
0.054 0.055 0.490368
0.055 0.056 0.500820
0.056 0.057 0.510743
0.057 0.058 0.676305
0.058 0.059 1.000000
0.059 0.060 0.845652
0.060 0.061 0.535563
0.061 0.062 0.536671
0.062 0.063 0.519222
0.063 0.064 0.514034
0.064 0.065 0.507838
0.065 0.066 0.503559
0.066 0.067 0.646214
0.067 0.068 0.642694
0.068 0.069 0.512113
0.069 0.070 0.467914
0.070 0.071 0.394272
0.071 0.072 0.386590
0.072 0.073 0.375728
0.073 0.074 0.371604
0.074 0.075 0.365376
0.075 0.076 0.355397
0.076 0.077 0.342203
0.077 0.078 0.330723
0.078 0.079 0.323162
0.079 0.080 0.316756
0.080 0.081 0.306035
0.081 0.082 0.293555
0.082 0.083 0.282470
0.083 0.084 0.271365
0.084 0.085 0.261216
0.085 0.086 0.252214
0.086 0.087 0.240083
0.087 0.088 0.229986
0.088 0.089 0.222765
0.089 0.090 0.211781
0.090 0.091 0.199982
0.091 0.092 0.186056
0.092 0.093 0.176539
0.093 0.094 0.170553
0.094 0.095 0.160272
0.095 0.096 0.150274
0.096 0.097 0.137441
0.097 0.098 0.126173
0.098 0.099 0.114440
0.099 0.100 0.105889
0.100 0.101 0.100950
0.101 0.102 0.093263
0.102 0.103 0.082311
0.103 0.104 0.072511
0.104 0.105 0.067703
0.105 0.106 0.061469
0.106 0.107 0.054877
0.107 0.108 0.046930
0.108 0.109 0.039836
0.109 0.110 0.031174
0.110 0.111 0.026066
0.111 0.112 0.021901
0.112 0.113 0.016825
0.113 0.114 0.011250
0.114 0.115 0.008446
0.115 0.116 0.005289
0.116 0.117 0.001429
0.117 0.118 0.000000
0.118 0.119 0.000000
0.119 0.120 0.000000
0.120 0.121 0.000000
0.121 0.122 0.000000
0.122 0.123 0.000000
0.123 0.124 0.000000
0.124 0.125 0.000000
0.125 0.126 0.000000
0.126 0.127 0.000000
0.127 0.128 0.000000
0.128 0.129 0.000000
0.129 0.130 0.000000
0.130 0.131 0.000000
0.131 0.132 0.000000
0.132 0.133 0.000000
0.133 0.134 0.000000
0.134 0.135 0.000000
0.135 0.136 0.000000
0.136 0.137 0.000000
0.137 0.138 0.000000
0.138 0.139 0.000000
0.139 0.140 0.000000
0.140 0.141 0.000000
0.141 0.142 0.000000
0.142 0.143 0.000000
0.143 0.144 0.000000
0.144 0.145 0.000000
0.145 0.146 0.000000
0.146 0.147 0.000000
0.147 0.148 0.000000
0.148 0.149 0.000000
0.149 0.150 0.000000
