1
0.000 0.001 0.000000
0.001 0.002 0.000000
0.002 0.003 0.000000
0.003 0.004 0.000000
0.004 0.005 0.000000
0.005 0.006 0.000000
0.006 0.007 0.000000
0.007 0.008 0.000000
0.008 0.009 0.000000
0.009 0.010 0.000000
0.010 0.011 0.000000
0.011 0.012 0.000000
0.012 0.013 0.000000
0.013 0.014 0.000000
0.014 0.015 0.000000
0.015 0.016 0.000000
0.016 0.017 0.000000
0.017 0.018 0.000001
0.018 0.019 0.000010
0.019 0.020 0.000050
0.020 0.021 0.000192
0.021 0.022 0.000597
0.022 0.023 0.001554
0.023 0.024 0.003494
0.024 0.025 0.006986
0.025 0.026 0.012605
0.026 0.027 0.020883
0.027 0.028 0.032455
0.028 0.029 0.047646
0.029 0.030 0.066240
0.030 0.031 0.088045
0.031 0.032 0.112981
0.032 0.033 0.140932
0.033 0.034 0.170539
0.034 0.035 0.201428
0.035 0.036 0.234244
0.036 0.037 0.266830
0.037 0.038 0.296244
0.038 0.039 0.325551
0.039 0.040 0.356029
0.040 0.041 0.382977
0.041 0.042 0.407535
0.042 0.043 0.432231
0.043 0.044 0.453104
0.044 0.045 0.472570
0.045 0.046 0.490256
0.046 0.047 0.502837
0.047 0.048 0.515877
0.048 0.049 0.528371
0.049 0.050 0.533809
0.050 0.051 0.538811
0.051 0.052 0.546198
0.052 0.053 0.551309
0.053 0.054 0.551907
0.054 0.055 0.549942
0.055 0.056 0.549829
0.056 0.057 0.550796
0.057 0.058 0.705112
0.058 0.059 1.000000
0.059 0.060 0.834465
0.060 0.061 0.534208
0.061 0.062 0.526501
0.062 0.063 0.502451
0.063 0.064 0.489884
0.064 0.065 0.479156
0.065 0.066 0.471299
0.066 0.067 0.585737
0.067 0.068 0.576324
0.068 0.069 0.463016
0.069 0.070 0.420264
0.070 0.071 0.357172
0.071 0.072 0.346616
0.072 0.073 0.332927
0.073 0.074 0.327679
0.074 0.075 0.320682
0.075 0.076 0.307442
0.076 0.077 0.292418
0.077 0.078 0.280898
0.078 0.079 0.274570
0.079 0.080 0.265979
0.080 0.081 0.253656
0.081 0.082 0.239836
0.082 0.083 0.226225
0.083 0.084 0.211715
0.084 0.085 0.199514
0.085 0.086 0.188932
0.086 0.087 0.176702
0.087 0.088 0.165615
0.088 0.089 0.153829
0.089 0.090 0.140578
0.090 0.091 0.125787
0.091 0.092 0.111520
0.092 0.093 0.100267
0.093 0.094 0.088937
0.094 0.095 0.078357
0.095 0.096 0.067703
0.096 0.097 0.057007
0.097 0.098 0.045146
0.098 0.099 0.034196
0.099 0.100 0.025828
0.100 0.101 0.021568
0.101 0.102 0.016393
0.102 0.103 0.009800
0.103 0.104 0.004879
0.104 0.105 0.000911
0.105 0.106 0.000000
0.106 0.107 0.000000
0.107 0.108 0.000000
0.108 0.109 0.000000
0.109 0.110 0.000000
0.110 0.111 0.000000
0.111 0.112 0.000000
0.112 0.113 0.000000
0.113 0.114 0.000000
0.114 0.115 0.000000
0.115 0.116 0.000000
0.116 0.117 0.000000
0.117 0.118 0.000000
0.118 0.119 0.000000
0.119 0.120 0.000000
0.120 0.121 0.000000
0.121 0.122 0.000000
0.122 0.123 0.000000
0.123 0.124 0.000000
0.124 0.125 0.000000
0.125 0.126 0.000000
0.126 0.127 0.000000
0.127 0.128 0.000000
0.128 0.129 0.000000
0.129 0.130 0.000000
0.130 0.131 0.000000
0.131 0.132 0.000000
0.132 0.133 0.000000
0.133 0.134 0.000000
0.134 0.135 0.000000
0.135 0.136 0.000000
0.136 0.137 0.000000
0.137 0.138 0.000000
0.138 0.139 0.000000
0.139 0.140 0.000000
0.140 0.141 0.000000
0.141 0.142 0.000000
0.142 0.143 0.000000
0.143 0.144 0.000000
0.144 0.145 0.000000
0.145 0.146 0.000000
0.146 0.147 0.000000
0.147 0.148 0.000000
0.148 0.149 0.000000
0.149 0.150 0.000000
