1
0.000 0.001 0.000000
0.001 0.002 0.000000
0.002 0.003 0.000000
0.003 0.004 0.000000
0.004 0.005 0.000000
0.005 0.006 0.000000
0.006 0.007 0.000000
0.007 0.008 0.000000
0.008 0.009 0.000000
0.009 0.010 0.000000
0.010 0.011 0.000000
0.011 0.012 0.000000
0.012 0.013 0.000000
0.013 0.014 0.000000
0.014 0.015 0.000000
0.015 0.016 0.000003
0.016 0.017 0.000028
0.017 0.018 0.000146
0.018 0.019 0.000557
0.019 0.020 0.001665
0.020 0.021 0.004105
0.021 0.022 0.008659
0.022 0.023 0.016123
0.023 0.024 0.027210
0.024 0.025 0.042369
0.025 0.026 0.061528
0.026 0.027 0.084428
0.027 0.028 0.111003
0.028 0.029 0.140152
0.029 0.030 0.170571
0.030 0.031 0.202318
0.031 0.032 0.233828
0.032 0.033 0.264153
0.033 0.034 0.295171
0.034 0.035 0.324503
0.035 0.036 0.351533
0.036 0.037 0.376720
0.037 0.038 0.400187
0.038 0.039 0.419813
0.039 0.040 0.437091
0.040 0.041 0.452295
0.041 0.042 0.464862
0.042 0.043 0.475770
0.043 0.044 0.484066
0.044 0.045 0.490876
0.045 0.046 0.493898
0.046 0.047 0.495368
0.047 0.048 0.498446
0.048 0.049 0.497988
0.049 0.050 0.492874
0.050 0.051 0.489501
0.051 0.052 0.486881
0.052 0.053 0.482778
0.053 0.054 0.477372
0.054 0.055 0.471711
0.055 0.056 0.467115
0.056 0.057 0.462389
0.057 0.058 0.646791
0.058 0.059 1.000000
0.059 0.060 0.799915
0.060 0.061 0.444011
0.061 0.062 0.435769
0.062 0.063 0.408131
0.063 0.064 0.398394
0.064 0.065 0.388087
0.065 0.066 0.378229
0.066 0.067 0.508770
0.067 0.068 0.499836
0.068 0.069 0.378304
0.069 0.070 0.338770
0.070 0.071 0.271625
0.071 0.072 0.265914
0.072 0.073 0.258353
0.073 0.074 0.252626
0.074 0.075 0.247313
0.075 0.076 0.241260
0.076 0.077 0.233521
0.077 0.078 0.227226
0.078 0.079 0.222176
0.079 0.080 0.216819
0.080 0.081 0.210690
0.081 0.082 0.203105
0.082 0.083 0.195702
0.083 0.084 0.188716
0.084 0.085 0.182520
0.085 0.086 0.175995
0.086 0.087 0.170941
0.087 0.088 0.167203
0.088 0.089 0.162005
0.089 0.090 0.155664
0.090 0.091 0.149962
0.091 0.092 0.142573
0.092 0.093 0.137050
0.093 0.094 0.133726
0.094 0.095 0.128354
0.095 0.096 0.123307
0.096 0.097 0.118162
0.097 0.098 0.111675
0.098 0.099 0.105761
0.099 0.100 0.100610
0.100 0.101 0.097080
0.101 0.102 0.093131
0.102 0.103 0.088625
0.103 0.104 0.085097
0.104 0.105 0.081319
0.105 0.106 0.076748
0.106 0.107 0.072783
0.107 0.108 0.068068
0.108 0.109 0.064212
0.109 0.110 0.060518
0.110 0.111 0.056598
0.111 0.112 0.052531
0.112 0.113 0.048748
0.113 0.114 0.045290
0.114 0.115 0.042579
0.115 0.116 0.039683
0.116 0.117 0.036496
0.117 0.118 0.033540
0.118 0.119 0.029668
0.119 0.120 0.027033
0.120 0.121 0.025467
0.121 0.122 0.022392
0.122 0.123 0.020618
0.123 0.124 0.018736
0.124 0.125 0.016394
0.125 0.126 0.014044
0.126 0.127 0.012236
0.127 0.128 0.010061
0.128 0.129 0.008092
0.129 0.130 0.005779
0.130 0.131 0.004469
0.131 0.132 0.003616
0.132 0.133 0.002517
0.133 0.134 0.000920
0.134 0.135 0.000535
0.135 0.136 0.000000
0.136 0.137 0.000000
0.137 0.138 0.000000
0.138 0.139 0.000000
0.139 0.140 0.000000
0.140 0.141 0.000000
0.141 0.142 0.000000
0.142 0.143 0.000000
0.143 0.144 0.000000
0.144 0.145 0.000000
0.145 0.146 0.000000
0.146 0.147 0.000000
0.147 0.148 0.000000
0.148 0.149 0.000000
0.149 0.150 0.000000
