1
0.000 0.001 0.000000
0.001 0.002 0.000000
0.002 0.003 0.000000
0.003 0.004 0.000000
0.004 0.005 0.000000
0.005 0.006 0.000000
0.006 0.007 0.000000
0.007 0.008 0.000000
0.008 0.009 0.000000
0.009 0.010 0.000000
0.010 0.011 0.000000
0.011 0.012 0.000000
0.012 0.013 0.000000
0.013 0.014 0.000001
0.014 0.015 0.000011
0.015 0.016 0.000076
0.016 0.017 0.000359
0.017 0.018 0.001258
0.018 0.019 0.003473
0.019 0.020 0.008031
0.020 0.021 0.016109
0.021 0.022 0.028748
0.022 0.023 0.046632
0.023 0.024 0.070088
0.024 0.025 0.099119
0.025 0.026 0.132748
0.026 0.027 0.169755
0.027 0.028 0.210172
0.028 0.029 0.252612
0.029 0.030 0.294701
0.030 0.031 0.336471
0.031 0.032 0.376497
0.032 0.033 0.414162
0.033 0.034 0.449158
0.034 0.035 0.481464
0.035 0.036 0.510229
0.036 0.037 0.535901
0.037 0.038 0.557553
0.038 0.039 0.573868
0.039 0.040 0.588356
0.040 0.041 0.599882
0.041 0.042 0.607461
0.042 0.043 0.614200
0.043 0.044 0.617810
0.044 0.045 0.619563
0.045 0.046 0.618031
0.046 0.047 0.612445
0.047 0.048 0.610142
0.048 0.049 0.606538
0.049 0.050 0.598049
0.050 0.051 0.588318
0.051 0.052 0.580917
0.052 0.053 0.573143
0.053 0.054 0.561904
0.054 0.055 0.549234
0.055 0.056 0.538746
0.056 0.057 0.528440
0.057 0.058 0.688862
0.058 0.059 1.000000
0.059 0.060 0.813307
0.060 0.061 0.486815
0.061 0.062 0.474791
0.062 0.063 0.446511
0.063 0.064 0.432237
0.064 0.065 0.417704
0.065 0.066 0.405584
0.066 0.067 0.518068
0.067 0.068 0.506097
0.068 0.069 0.393669
0.069 0.070 0.350923
0.070 0.071 0.288349
0.071 0.072 0.279273
0.072 0.073 0.268539
0.073 0.074 0.262049
0.074 0.075 0.254631
0.075 0.076 0.245656
0.076 0.077 0.234867
0.077 0.078 0.225415
0.078 0.079 0.219271
0.079 0.080 0.211953
0.080 0.081 0.201565
0.081 0.082 0.192475
0.082 0.083 0.184453
0.083 0.084 0.176788
0.084 0.085 0.169840
0.085 0.086 0.163667
0.086 0.087 0.155677
0.087 0.088 0.149957
0.088 0.089 0.143605
0.089 0.090 0.135303
0.090 0.091 0.126655
0.091 0.092 0.118049
0.092 0.093 0.112270
0.093 0.094 0.108995
0.094 0.095 0.103059
0.095 0.096 0.097337
0.096 0.097 0.090965
0.097 0.098 0.083429
0.098 0.099 0.076234
0.099 0.100 0.070077
0.100 0.101 0.066822
0.101 0.102 0.062717
0.102 0.103 0.056918
0.103 0.104 0.052436
0.104 0.105 0.048925
0.105 0.106 0.044525
0.106 0.107 0.039539
0.107 0.108 0.035416
0.108 0.109 0.031867
0.109 0.110 0.027989
0.110 0.111 0.024414
0.111 0.112 0.021514
0.112 0.113 0.017385
0.113 0.114 0.015202
0.114 0.115 0.012951
0.115 0.116 0.010312
0.116 0.117 0.007979
0.117 0.118 0.005066
0.118 0.119 0.003219
0.119 0.120 0.002064
0.120 0.121 0.000683
0.121 0.122 0.000000
0.122 0.123 0.000000
0.123 0.124 0.000000
0.124 0.125 0.000000
0.125 0.126 0.000000
0.126 0.127 0.000000
0.127 0.128 0.000000
0.128 0.129 0.000000
0.129 0.130 0.000000
0.130 0.131 0.000000
0.131 0.132 0.000000
0.132 0.133 0.000000
0.133 0.134 0.000000
0.134 0.135 0.000000
0.135 0.136 0.000000
0.136 0.137 0.000000
0.137 0.138 0.000000
0.138 0.139 0.000000
0.139 0.140 0.000000
0.140 0.141 0.000000
0.141 0.142 0.000000
0.142 0.143 0.000000
0.143 0.144 0.000000
0.144 0.145 0.000000
0.145 0.146 0.000000
0.146 0.147 0.000000
0.147 0.148 0.000000
0.148 0.149 0.000000
0.149 0.150 0.000000
