1
0.000 0.001 0.000000
0.001 0.002 0.000000
0.002 0.003 0.000000
0.003 0.004 0.000000
0.004 0.005 0.000000
0.005 0.006 0.000000
0.006 0.007 0.000000
0.007 0.008 0.000000
0.008 0.009 0.000000
0.009 0.010 0.000000
0.010 0.011 0.000000
0.011 0.012 0.000000
0.012 0.013 0.000000
0.013 0.014 0.000000
0.014 0.015 0.000000
0.015 0.016 0.000005
0.016 0.017 0.000038
0.017 0.018 0.000200
0.018 0.019 0.000771
0.019 0.020 0.002323
0.020 0.021 0.005792
0.021 0.022 0.012356
0.022 0.023 0.023313
0.023 0.024 0.039715
0.024 0.025 0.062303
0.025 0.026 0.091260
0.026 0.027 0.126233
0.027 0.028 0.166703
0.028 0.029 0.211577
0.029 0.030 0.259875
0.030 0.031 0.309185
0.031 0.032 0.357483
0.032 0.033 0.408290
0.033 0.034 0.456796
0.034 0.035 0.499986
0.035 0.036 0.540980
0.036 0.037 0.577047
0.037 0.038 0.609148
0.038 0.039 0.640330
0.039 0.040 0.669643
0.040 0.041 0.690483
0.041 0.042 0.708847
0.042 0.043 0.723525
0.043 0.044 0.736492
0.044 0.045 0.746855
0.045 0.046 0.748520
0.046 0.047 0.752145
0.047 0.048 0.751098
0.048 0.049 0.745787
0.049 0.050 0.738644
0.050 0.051 0.733721
0.051 0.052 0.729900
0.052 0.053 0.715383
0.053 0.054 0.700754
0.054 0.055 0.690556
0.055 0.056 0.676887
0.056 0.057 0.658234
0.057 0.058 0.770278
0.058 0.059 1.000000
0.059 0.060 0.859365
0.060 0.061 0.610293
0.061 0.062 0.589308
0.062 0.063 0.553452
0.063 0.064 0.533617
0.064 0.065 0.514629
0.065 0.066 0.495573
0.066 0.067 0.573788
0.067 0.068 0.559057
0.068 0.069 0.460352
0.069 0.070 0.413469
0.070 0.071 0.357772
0.071 0.072 0.344587
0.072 0.073 0.326609
0.073 0.074 0.308385
0.074 0.075 0.289805
0.075 0.076 0.271051
0.076 0.077 0.253487
0.077 0.078 0.235791
0.078 0.079 0.219953
0.079 0.080 0.204165
0.080 0.081 0.185304
0.081 0.082 0.163708
0.082 0.083 0.145191
0.083 0.084 0.128413
0.084 0.085 0.111674
0.085 0.086 0.093954
0.086 0.087 0.076359
0.087 0.088 0.062128
0.088 0.089 0.045524
0.089 0.090 0.033087
0.090 0.091 0.024691
0.091 0.092 0.016976
0.092 0.093 0.007444
0.093 0.094 0.001307
0.094 0.095 0.000000
0.095 0.096 0.000000
0.096 0.097 0.000000
0.097 0.098 0.000000
0.098 0.099 0.000000
0.099 0.100 0.000000
0.100 0.101 0.000000
0.101 0.102 0.000000
0.102 0.103 0.000000
0.103 0.104 0.000000
0.104 0.105 0.000000
0.105 0.106 0.000000
0.106 0.107 0.000000
0.107 0.108 0.000000
0.108 0.109 0.000000
0.109 0.110 0.000000
0.110 0.111 0.000000
0.111 0.112 0.000000
0.112 0.113 0.000000
0.113 0.114 0.000000
0.114 0.115 0.000000
0.115 0.116 0.000000
0.116 0.117 0.000000
0.117 0.118 0.000000
0.118 0.119 0.000000
0.119 0.120 0.000000
0.120 0.121 0.000000
0.121 0.122 0.000000
0.122 0.123 0.000000
0.123 0.124 0.000000
0.124 0.125 0.000000
0.125 0.126 0.000000
0.126 0.127 0.000000
0.127 0.128 0.000000
0.128 0.129 0.000000
0.129 0.130 0.000000
0.130 0.131 0.000000
0.131 0.132 0.000000
0.132 0.133 0.000000
0.133 0.134 0.000000
0.134 0.135 0.000000
0.135 0.136 0.000000
0.136 0.137 0.000000
0.137 0.138 0.000000
0.138 0.139 0.000000
0.139 0.140 0.000000
0.140 0.141 0.000000
0.141 0.142 0.000000
0.142 0.143 0.000000
0.143 0.144 0.000000
0.144 0.145 0.000000
0.145 0.146 0.000000
0.146 0.147 0.000000
0.147 0.148 0.000000
0.148 0.149 0.000000
0.149 0.150 0.000000
