1
0.000 0.001 0.000000
0.001 0.002 0.000000
0.002 0.003 0.000000
0.003 0.004 0.000000
0.004 0.005 0.000000
0.005 0.006 0.000000
0.006 0.007 0.000000
0.007 0.008 0.000000
0.008 0.009 0.000000
0.009 0.010 0.000000
0.010 0.011 0.000000
0.011 0.012 0.000000
0.012 0.013 0.000000
0.013 0.014 0.000000
0.014 0.015 0.000000
0.015 0.016 0.000000
0.016 0.017 0.000000
0.017 0.018 0.000000
0.018 0.019 0.000000
0.019 0.020 0.000000
0.020 0.021 0.000000
0.021 0.022 0.000002
0.022 0.023 0.000012
0.023 0.024 0.000047
0.024 0.025 0.000153
0.025 0.026 0.000420
0.026 0.027 0.000996
0.027 0.028 0.002117
0.028 0.029 0.004092
0.029 0.030 0.007217
0.030 0.031 0.011874
0.031 0.032 0.018417
0.032 0.033 0.027043
0.033 0.034 0.037988
0.034 0.035 0.051405
0.035 0.036 0.067140
0.036 0.037 0.085338
0.037 0.038 0.105123
0.038 0.039 0.125711
0.039 0.040 0.148027
0.040 0.041 0.171720
0.041 0.042 0.195485
0.042 0.043 0.220198
0.043 0.044 0.244063
0.044 0.045 0.268154
0.045 0.046 0.291855
0.046 0.047 0.312104
0.047 0.048 0.333966
0.048 0.049 0.356129
0.049 0.050 0.373302
0.050 0.051 0.388251
0.051 0.052 0.404870
0.052 0.053 0.422211
0.053 0.054 0.434891
0.054 0.055 0.444300
0.055 0.056 0.455991
0.056 0.057 0.468261
0.057 0.058 0.650780
0.058 0.059 1.000000
0.059 0.060 0.829646
0.060 0.061 0.494380
0.061 0.062 0.497149
0.062 0.063 0.481525
0.063 0.064 0.478370
0.064 0.065 0.474447
0.065 0.066 0.474116
0.066 0.067 0.627359
0.067 0.068 0.626227
0.068 0.069 0.495956
0.069 0.070 0.452971
0.070 0.071 0.377758
0.071 0.072 0.371167
0.072 0.073 0.362688
0.073 0.074 0.362761
0.074 0.075 0.360385
0.075 0.076 0.353202
0.076 0.077 0.342135
0.077 0.078 0.333917
0.078 0.079 0.331804
0.079 0.080 0.326803
0.080 0.081 0.317364
0.081 0.082 0.306697
0.082 0.083 0.296899
0.083 0.084 0.286309
0.084 0.085 0.277666
0.085 0.086 0.270685
0.086 0.087 0.260597
0.087 0.088 0.254154
0.088 0.089 0.247831
0.089 0.090 0.236278
0.090 0.091 0.222401
0.091 0.092 0.207358
0.092 0.093 0.197581
0.093 0.094 0.191846
0.094 0.095 0.181259
0.095 0.096 0.171158
0.096 0.097 0.158600
0.097 0.098 0.143865
0.098 0.099 0.127534
0.099 0.100 0.116394
0.100 0.101 0.111179
0.101 0.102 0.101267
0.102 0.103 0.087028
0.103 0.104 0.075150
0.104 0.105 0.067024
0.105 0.106 0.056359
0.106 0.107 0.046210
0.107 0.108 0.036570
0.108 0.109 0.027155
0.109 0.110 0.018616
0.110 0.111 0.011631
0.111 0.112 0.006462
0.112 0.113 0.000828
0.113 0.114 0.000000
0.114 0.115 0.000000
0.115 0.116 0.000000
0.116 0.117 0.000000
0.117 0.118 0.000000
0.118 0.119 0.000000
0.119 0.120 0.000000
0.120 0.121 0.000000
0.121 0.122 0.000000
0.122 0.123 0.000000
0.123 0.124 0.000000
0.124 0.125 0.000000
0.125 0.126 0.000000
0.126 0.127 0.000000
0.127 0.128 0.000000
0.128 0.129 0.000000
0.129 0.130 0.000000
0.130 0.131 0.000000
0.131 0.132 0.000000
0.132 0.133 0.000000
0.133 0.134 0.000000
0.134 0.135 0.000000
0.135 0.136 0.000000
0.136 0.137 0.000000
0.137 0.138 0.000000
0.138 0.139 0.000000
0.139 0.140 0.000000
0.140 0.141 0.000000
0.141 0.142 0.000000
0.142 0.143 0.000000
0.143 0.144 0.000000
0.144 0.145 0.000000
0.145 0.146 0.000000
0.146 0.147 0.000000
0.147 0.148 0.000000
0.148 0.149 0.000000
0.149 0.150 0.000000
