1
0.000 0.001 0.000000
0.001 0.002 0.000000
0.002 0.003 0.000000
0.003 0.004 0.000000
0.004 0.005 0.000000
0.005 0.006 0.000000
0.006 0.007 0.000000
0.007 0.008 0.000000
0.008 0.009 0.000000
0.009 0.010 0.000000
0.010 0.011 0.000000
0.011 0.012 0.000000
0.012 0.013 0.000000
0.013 0.014 0.000000
0.014 0.015 0.000000
0.015 0.016 0.000000
0.016 0.017 0.000000
0.017 0.018 0.000000
0.018 0.019 0.000000
0.019 0.020 0.000000
0.020 0.021 0.000000
0.021 0.022 0.000001
0.022 0.023 0.000004
0.023 0.024 0.000019
0.024 0.025 0.000069
0.025 0.026 0.000211
0.026 0.027 0.000550
0.027 0.028 0.001264
0.028 0.029 0.002614
0.029 0.030 0.004890
0.030 0.031 0.008454
0.031 0.032 0.013696
0.032 0.033 0.020925
0.033 0.034 0.030389
0.034 0.035 0.042330
0.035 0.036 0.056887
0.036 0.037 0.073995
0.037 0.038 0.092814
0.038 0.039 0.113227
0.039 0.040 0.135863
0.040 0.041 0.159851
0.041 0.042 0.184320
0.042 0.043 0.210281
0.043 0.044 0.235491
0.044 0.045 0.261169
0.045 0.046 0.287116
0.046 0.047 0.309599
0.047 0.048 0.333595
0.048 0.049 0.358100
0.049 0.050 0.377314
0.050 0.051 0.394946
0.051 0.052 0.414354
0.052 0.053 0.434037
0.053 0.054 0.449125
0.054 0.055 0.460309
0.055 0.056 0.473587
0.056 0.057 0.488307
0.057 0.058 0.664404
0.058 0.059 1.000000
0.059 0.060 0.839070
0.060 0.061 0.518112
0.061 0.062 0.521858
0.062 0.063 0.507609
0.063 0.064 0.504267
0.064 0.065 0.501211
0.065 0.066 0.501707
0.066 0.067 0.651591
0.067 0.068 0.650622
0.068 0.069 0.521397
0.069 0.070 0.478148
0.070 0.071 0.404180
0.071 0.072 0.396766
0.072 0.073 0.386545
0.073 0.074 0.387137
0.074 0.075 0.385081
0.075 0.076 0.375745
0.076 0.077 0.362503
0.077 0.078 0.353164
0.078 0.079 0.350436
0.079 0.080 0.344632
0.080 0.081 0.334202
0.081 0.082 0.321960
0.082 0.083 0.309855
0.083 0.084 0.296084
0.084 0.085 0.285216
0.085 0.086 0.276430
0.086 0.087 0.264983
0.087 0.088 0.256258
0.088 0.089 0.247759
0.089 0.090 0.234190
0.090 0.091 0.216856
0.091 0.092 0.200404
0.092 0.093 0.188506
0.093 0.094 0.179332
0.094 0.095 0.166323
0.095 0.096 0.154055
0.096 0.097 0.138378
0.097 0.098 0.120928
0.098 0.099 0.100762
0.099 0.100 0.087806
0.100 0.101 0.080874
0.101 0.102 0.070240
0.102 0.103 0.055494
0.103 0.104 0.044119
0.104 0.105 0.036990
0.105 0.106 0.027665
0.106 0.107 0.019260
0.107 0.108 0.011696
0.108 0.109 0.005966
0.109 0.110 0.001025
0.110 0.111 0.000000
0.111 0.112 0.000000
0.112 0.113 0.000000
0.113 0.114 0.000000
0.114 0.115 0.000000
0.115 0.116 0.000000
0.116 0.117 0.000000
0.117 0.118 0.000000
0.118 0.119 0.000000
0.119 0.120 0.000000
0.120 0.121 0.000000
0.121 0.122 0.000000
0.122 0.123 0.000000
0.123 0.124 0.000000
0.124 0.125 0.000000
0.125 0.126 0.000000
0.126 0.127 0.000000
0.127 0.128 0.000000
0.128 0.129 0.000000
0.129 0.130 0.000000
0.130 0.131 0.000000
0.131 0.132 0.000000
0.132 0.133 0.000000
0.133 0.134 0.000000
0.134 0.135 0.000000
0.135 0.136 0.000000
0.136 0.137 0.000000
0.137 0.138 0.000000
0.138 0.139 0.000000
0.139 0.140 0.000000
0.140 0.141 0.000000
0.141 0.142 0.000000
0.142 0.143 0.000000
0.143 0.144 0.000000
0.144 0.145 0.000000
0.145 0.146 0.000000
0.146 0.147 0.000000
0.147 0.148 0.000000
0.148 0.149 0.000000
0.149 0.150 0.000000
