1
0.000 0.001 0.000000
0.001 0.002 0.000000
0.002 0.003 0.000000
0.003 0.004 0.000000
0.004 0.005 0.000000
0.005 0.006 0.000000
0.006 0.007 0.000000
0.007 0.008 0.000000
0.008 0.009 0.000000
0.009 0.010 0.000000
0.010 0.011 0.000000
0.011 0.012 0.000000
0.012 0.013 0.000000
0.013 0.014 0.000000
0.014 0.015 0.000000
0.015 0.016 0.000000
0.016 0.017 0.000005
0.017 0.018 0.000035
0.018 0.019 0.000169
0.019 0.020 0.000614
0.020 0.021 0.001799
0.021 0.022 0.004404
0.022 0.023 0.009308
0.023 0.024 0.017506
0.024 0.025 0.029939
0.025 0.026 0.047087
0.026 0.027 0.069377
0.027 0.028 0.097066
0.028 0.029 0.129544
0.029 0.030 0.166069
0.030 0.031 0.205324
0.031 0.032 0.245728
0.032 0.033 0.289847
0.033 0.034 0.333792
0.034 0.035 0.374361
0.035 0.036 0.414680
0.036 0.037 0.452135
0.037 0.038 0.485303
0.038 0.039 0.518020
0.039 0.040 0.550775
0.040 0.041 0.575844
0.041 0.042 0.598304
0.042 0.043 0.618536
0.043 0.044 0.637092
0.044 0.045 0.652151
0.045 0.046 0.660081
0.046 0.047 0.668939
0.047 0.048 0.673884
0.048 0.049 0.675467
0.049 0.050 0.673143
0.050 0.051 0.672909
0.051 0.052 0.674204
0.052 0.053 0.665239
0.053 0.054 0.654624
0.054 0.055 0.648389
0.055 0.056 0.640675
0.056 0.057 0.627778
0.057 0.058 0.751663
0.058 0.059 1.000000
0.059 0.060 0.854105
0.060 0.061 0.593417
0.061 0.062 0.576254
0.062 0.063 0.541477
0.063 0.064 0.523698
0.064 0.065 0.507856
0.065 0.066 0.492801
0.066 0.067 0.582486
0.067 0.068 0.569994
0.068 0.069 0.466553
0.069 0.070 0.420659
0.070 0.071 0.363655
0.071 0.072 0.352467
0.072 0.073 0.336948
0.073 0.074 0.321537
0.074 0.075 0.305473
0.075 0.076 0.287995
0.076 0.077 0.271596
0.077 0.078 0.256392
0.078 0.079 0.244485
0.079 0.080 0.230765
0.080 0.081 0.212598
0.081 0.082 0.192860
0.082 0.083 0.175571
0.083 0.084 0.160125
0.084 0.085 0.144030
0.085 0.086 0.128418
0.086 0.087 0.110177
0.087 0.088 0.092468
0.088 0.089 0.071710
0.089 0.090 0.054640
0.090 0.091 0.042084
0.091 0.092 0.025767
0.092 0.093 0.001249
0.093 0.094 0.000000
0.094 0.095 0.000000
0.095 0.096 0.000000
0.096 0.097 0.000000
0.097 0.098 0.000000
0.098 0.099 0.000000
0.099 0.100 0.000000
0.100 0.101 0.000000
0.101 0.102 0.000000
0.102 0.103 0.000000
0.103 0.104 0.000000
0.104 0.105 0.000000
0.105 0.106 0.000000
0.106 0.107 0.000000
0.107 0.108 0.000000
0.108 0.109 0.000000
0.109 0.110 0.000000
0.110 0.111 0.000000
0.111 0.112 0.000000
0.112 0.113 0.000000
0.113 0.114 0.000000
0.114 0.115 0.000000
0.115 0.116 0.000000
0.116 0.117 0.000000
0.117 0.118 0.000000
0.118 0.119 0.000000
0.119 0.120 0.000000
0.120 0.121 0.000000
0.121 0.122 0.000000
0.122 0.123 0.000000
0.123 0.124 0.000000
0.124 0.125 0.000000
0.125 0.126 0.000000
0.126 0.127 0.000000
0.127 0.128 0.000000
0.128 0.129 0.000000
0.129 0.130 0.000000
0.130 0.131 0.000000
0.131 0.132 0.000000
0.132 0.133 0.000000
0.133 0.134 0.000000
0.134 0.135 0.000000
0.135 0.136 0.000000
0.136 0.137 0.000000
0.137 0.138 0.000000
0.138 0.139 0.000000
0.139 0.140 0.000000
0.140 0.141 0.000000
0.141 0.142 0.000000
0.142 0.143 0.000000
0.143 0.144 0.000000
0.144 0.145 0.000000
0.145 0.146 0.000000
0.146 0.147 0.000000
0.147 0.148 0.000000
0.148 0.149 0.000000
0.149 0.150 0.000000
