1
0.000 0.001 0.000000
0.001 0.002 0.000000
0.002 0.003 0.000000
0.003 0.004 0.000000
0.004 0.005 0.000000
0.005 0.006 0.000000
0.006 0.007 0.000000
0.007 0.008 0.000000
0.008 0.009 0.000000
0.009 0.010 0.000000
0.010 0.011 0.000000
0.011 0.012 0.000000
0.012 0.013 0.000000
0.013 0.014 0.000000
0.014 0.015 0.000000
0.015 0.016 0.000000
0.016 0.017 0.000000
0.017 0.018 0.000001
0.018 0.019 0.000010
0.019 0.020 0.000048
0.020 0.021 0.000177
0.021 0.022 0.000530
0.022 0.023 0.001337
0.023 0.024 0.002932
0.024 0.025 0.005732
0.025 0.026 0.010159
0.026 0.027 0.016615
0.027 0.028 0.025498
0.028 0.029 0.036977
0.029 0.030 0.050821
0.030 0.031 0.067174
0.031 0.032 0.085685
0.032 0.033 0.105991
0.033 0.034 0.127831
0.034 0.035 0.150607
0.035 0.036 0.173557
0.036 0.037 0.196955
0.037 0.038 0.220863
0.038 0.039 0.243062
0.039 0.040 0.264142
0.040 0.041 0.284524
0.041 0.042 0.303405
0.042 0.043 0.321376
0.043 0.044 0.337428
0.044 0.045 0.352803
0.045 0.046 0.365489
0.046 0.047 0.376003
0.047 0.048 0.387857
0.048 0.049 0.397669
0.049 0.050 0.403441
0.050 0.051 0.409195
0.051 0.052 0.415592
0.052 0.053 0.419349
0.053 0.054 0.421075
0.054 0.055 0.422342
0.055 0.056 0.424688
0.056 0.057 0.426683
0.057 0.058 0.624076
0.058 0.059 1.000000
0.059 0.060 0.799771
0.060 0.061 0.431583
0.061 0.062 0.428582
0.062 0.063 0.405109
0.063 0.064 0.400320
0.064 0.065 0.394260
0.065 0.066 0.388644
0.066 0.067 0.537018
0.067 0.068 0.532401
0.068 0.069 0.404270
0.069 0.070 0.363685
0.070 0.071 0.291121
0.071 0.072 0.286718
0.072 0.073 0.280567
0.073 0.074 0.276550
0.074 0.075 0.272797
0.075 0.076 0.268054
0.076 0.077 0.261114
0.077 0.078 0.255932
0.078 0.079 0.252448
0.079 0.080 0.248137
0.080 0.081 0.242678
0.081 0.082 0.235925
0.082 0.083 0.229159
0.083 0.084 0.222685
0.084 0.085 0.217277
0.085 0.086 0.212302
0.086 0.087 0.206531
0.087 0.088 0.202550
0.088 0.089 0.196822
0.089 0.090 0.189450
0.090 0.091 0.182824
0.091 0.092 0.173973
0.092 0.093 0.167580
0.093 0.094 0.164059
0.094 0.095 0.157798
0.095 0.096 0.151873
0.096 0.097 0.145784
0.097 0.098 0.137785
0.098 0.099 0.130944
0.099 0.100 0.125620
0.100 0.101 0.120902
0.101 0.102 0.115388
0.102 0.103 0.108937
0.103 0.104 0.103473
0.104 0.105 0.098821
0.105 0.106 0.093142
0.106 0.107 0.088159
0.107 0.108 0.082204
0.108 0.109 0.076956
0.109 0.110 0.072825
0.110 0.111 0.068486
0.111 0.112 0.064596
0.112 0.113 0.059280
0.113 0.114 0.054449
0.114 0.115 0.050107
0.115 0.116 0.046428
0.116 0.117 0.042468
0.117 0.118 0.038720
0.118 0.119 0.033591
0.119 0.120 0.030864
0.120 0.121 0.029449
0.121 0.122 0.026724
0.122 0.123 0.023972
0.123 0.124 0.020762
0.124 0.125 0.017908
0.125 0.126 0.015053
0.126 0.127 0.012830
0.127 0.128 0.009939
0.128 0.129 0.008087
0.129 0.130 0.006279
0.130 0.131 0.004012
0.131 0.132 0.002988
0.132 0.133 0.001456
0.133 0.134 0.000379
0.134 0.135 0.000000
0.135 0.136 0.000000
0.136 0.137 0.000000
0.137 0.138 0.000000
0.138 0.139 0.000000
0.139 0.140 0.000000
0.140 0.141 0.000000
0.141 0.142 0.000000
0.142 0.143 0.000000
0.143 0.144 0.000000
0.144 0.145 0.000000
0.145 0.146 0.000000
0.146 0.147 0.000000
0.147 0.148 0.000000
0.148 0.149 0.000000
0.149 0.150 0.000000
