1
0.000 0.001 0.000000
0.001 0.002 0.000000
0.002 0.003 0.000000
0.003 0.004 0.000000
0.004 0.005 0.000000
0.005 0.006 0.000000
0.006 0.007 0.000000
0.007 0.008 0.000003
0.008 0.009 0.000005
0.009 0.010 0.000099
0.010 0.011 0.000760
0.011 0.012 0.003511
0.012 0.013 0.011614
0.013 0.014 0.031477
0.014 0.015 0.067786
0.015 0.016 0.122520
0.016 0.017 0.194706
0.017 0.018 0.280451
0.018 0.019 0.374685
0.019 0.020 0.471445
0.020 0.021 0.565833
0.021 0.022 0.654783
0.022 0.023 0.733871
0.023 0.024 0.801151
0.024 0.025 0.858070
0.025 0.026 0.902269
0.026 0.027 0.933530
0.027 0.028 0.963778
0.028 0.029 0.982973
0.029 0.030 0.994406
0.030 0.031 1.000000
0.031 0.032 0.995681
0.032 0.033 0.986249
0.033 0.034 0.970930
0.034 0.035 0.953271
0.035 0.036 0.931870
0.036 0.037 0.903310
0.037 0.038 0.876188
0.038 0.039 0.854339
0.039 0.040 0.828748
0.040 0.041 0.803224
0.041 0.042 0.777729
0.042 0.043 0.749595
0.043 0.044 0.721340
0.044 0.045 0.693795
0.045 0.046 0.661969
0.046 0.047 0.633749
0.047 0.048 0.604344
0.048 0.049 0.570599
0.049 0.050 0.546078
0.050 0.051 0.522822
0.051 0.052 0.498989
0.052 0.053 0.474082
0.053 0.054 0.451418
0.054 0.055 0.427981
0.055 0.056 0.401629
0.056 0.057 0.376903
0.057 0.058 0.390231
0.058 0.059 0.441317
0.059 0.060 0.386837
0.060 0.061 0.302532
0.061 0.062 0.284095
0.062 0.063 0.263346
0.063 0.064 0.245284
0.064 0.065 0.227425
0.065 0.066 0.208890
0.066 0.067 0.215340
0.067 0.068 0.203310
0.068 0.069 0.168332
0.069 0.070 0.147759
0.070 0.071 0.127295
0.071 0.072 0.116261
0.072 0.073 0.102876
0.073 0.074 0.090083
0.074 0.075 0.081218
0.075 0.076 0.072807
0.076 0.077 0.064696
0.077 0.078 0.055503
0.078 0.079 0.046059
0.079 0.080 0.037137
0.080 0.081 0.031762
0.081 0.082 0.025006
0.082 0.083 0.019337
0.083 0.084 0.013162
0.084 0.085 0.009843
0.085 0.086 0.006374
0.086 0.087 0.001688
0.087 0.088 0.000000
0.088 0.089 0.000000
0.089 0.090 0.000000
0.090 0.091 0.000000
0.091 0.092 0.000000
0.092 0.093 0.000000
0.093 0.094 0.000000
0.094 0.095 0.000000
0.095 0.096 0.000000
0.096 0.097 0.000000
0.097 0.098 0.000000
0.098 0.099 0.000000
0.099 0.100 0.000000
0.100 0.101 0.000000
0.101 0.102 0.000000
0.102 0.103 0.000000
0.103 0.104 0.000000
0.104 0.105 0.000000
0.105 0.106 0.000000
0.106 0.107 0.000000
0.107 0.108 0.000000
0.108 0.109 0.000000
0.109 0.110 0.000000
0.110 0.111 0.000000
0.111 0.112 0.000000
0.112 0.113 0.000000
0.113 0.114 0.000000
0.114 0.115 0.000000
0.115 0.116 0.000000
0.116 0.117 0.000000
0.117 0.118 0.000000
0.118 0.119 0.000000
0.119 0.120 0.000000
0.120 0.121 0.000000
0.121 0.122 0.000000
0.122 0.123 0.000000
0.123 0.124 0.000000
0.124 0.125 0.000000
0.125 0.126 0.000000
0.126 0.127 0.000000
0.127 0.128 0.000000
0.128 0.129 0.000000
0.129 0.130 0.000000
0.130 0.131 0.000000
0.131 0.132 0.000000
0.132 0.133 0.000000
0.133 0.134 0.000000
0.134 0.135 0.000000
0.135 0.136 0.000000
0.136 0.137 0.000000
0.137 0.138 0.000000
0.138 0.139 0.000000
0.139 0.140 0.000000
0.140 0.141 0.000000
0.141 0.142 0.000000
0.142 0.143 0.000000
0.143 0.144 0.000000
0.144 0.145 0.000000
0.145 0.146 0.000000
0.146 0.147 0.000000
0.147 0.148 0.000000
0.148 0.149 0.000000
0.149 0.150 0.000000
