1
0.000 0.001 0.000000
0.001 0.002 0.000000
0.002 0.003 0.000000
0.003 0.004 0.000000
0.004 0.005 0.000000
0.005 0.006 0.000000
0.006 0.007 0.000000
0.007 0.008 0.000000
0.008 0.009 0.000000
0.009 0.010 0.000000
0.010 0.011 0.000000
0.011 0.012 0.000000
0.012 0.013 0.000000
0.013 0.014 0.000000
0.014 0.015 0.000000
0.015 0.016 0.000000
0.016 0.017 0.000000
0.017 0.018 0.000000
0.018 0.019 0.000004
0.019 0.020 0.000027
0.020 0.021 0.000121
0.021 0.022 0.000429
0.022 0.023 0.001240
0.023 0.024 0.003041
0.024 0.025 0.006534
0.025 0.026 0.012532
0.026 0.027 0.021866
0.027 0.028 0.035413
0.028 0.029 0.053772
0.029 0.030 0.077024
0.030 0.031 0.105215
0.031 0.032 0.137719
0.032 0.033 0.174431
0.033 0.034 0.214068
0.034 0.035 0.255999
0.035 0.036 0.299781
0.036 0.037 0.342954
0.037 0.038 0.384904
0.038 0.039 0.426276
0.039 0.040 0.466848
0.040 0.041 0.503727
0.041 0.042 0.537864
0.042 0.043 0.569451
0.043 0.044 0.597044
0.044 0.045 0.621589
0.045 0.046 0.640428
0.046 0.047 0.656518
0.047 0.048 0.669612
0.048 0.049 0.678277
0.049 0.050 0.681431
0.050 0.051 0.685808
0.051 0.052 0.689325
0.052 0.053 0.687526
0.053 0.054 0.682813
0.054 0.055 0.675287
0.055 0.056 0.665264
0.056 0.057 0.654985
0.057 0.058 0.767944
0.058 0.059 1.000000
0.059 0.060 0.860746
0.060 0.061 0.610004
0.061 0.062 0.593740
0.062 0.063 0.562724
0.063 0.064 0.541557
0.064 0.065 0.521849
0.065 0.066 0.500905
0.066 0.067 0.586752
0.067 0.068 0.572114
0.068 0.069 0.467719
0.069 0.070 0.421689
0.070 0.071 0.363157
0.071 0.072 0.346920
0.072 0.073 0.324361
0.073 0.074 0.312190
0.074 0.075 0.298889
0.075 0.076 0.281719
0.076 0.077 0.264019
0.077 0.078 0.247605
0.078 0.079 0.234391
0.079 0.080 0.219211
0.080 0.081 0.205142
0.081 0.082 0.188888
0.082 0.083 0.173855
0.083 0.084 0.159152
0.084 0.085 0.145045
0.085 0.086 0.130169
0.086 0.087 0.118372
0.087 0.088 0.107030
0.088 0.089 0.094375
0.089 0.090 0.082257
0.090 0.091 0.069195
0.091 0.092 0.059907
0.092 0.093 0.051327
0.093 0.094 0.042597
0.094 0.095 0.032130
0.095 0.096 0.026070
0.096 0.097 0.019002
0.097 0.098 0.010604
0.098 0.099 0.006238
0.099 0.100 0.001572
0.100 0.101 0.000000
0.101 0.102 0.000000
0.102 0.103 0.000000
0.103 0.104 0.000000
0.104 0.105 0.000000
0.105 0.106 0.000000
0.106 0.107 0.000000
0.107 0.108 0.000000
0.108 0.109 0.000000
0.109 0.110 0.000000
0.110 0.111 0.000000
0.111 0.112 0.000000
0.112 0.113 0.000000
0.113 0.114 0.000000
0.114 0.115 0.000000
0.115 0.116 0.000000
0.116 0.117 0.000000
0.117 0.118 0.000000
0.118 0.119 0.000000
0.119 0.120 0.000000
0.120 0.121 0.000000
0.121 0.122 0.000000
0.122 0.123 0.000000
0.123 0.124 0.000000
0.124 0.125 0.000000
0.125 0.126 0.000000
0.126 0.127 0.000000
0.127 0.128 0.000000
0.128 0.129 0.000000
0.129 0.130 0.000000
0.130 0.131 0.000000
0.131 0.132 0.000000
0.132 0.133 0.000000
0.133 0.134 0.000000
0.134 0.135 0.000000
0.135 0.136 0.000000
0.136 0.137 0.000000
0.137 0.138 0.000000
0.138 0.139 0.000000
0.139 0.140 0.000000
0.140 0.141 0.000000
0.141 0.142 0.000000
0.142 0.143 0.000000
0.143 0.144 0.000000
0.144 0.145 0.000000
0.145 0.146 0.000000
0.146 0.147 0.000000
0.147 0.148 0.000000
0.148 0.149 0.000000
0.149 0.150 0.000000
