1
0.000 0.001 0.000000
0.001 0.002 0.000000
0.002 0.003 0.000000
0.003 0.004 0.000000
0.004 0.005 0.000000
0.005 0.006 0.000000
0.006 0.007 0.000000
0.007 0.008 0.000000
0.008 0.009 0.000000
0.009 0.010 0.000000
0.010 0.011 0.000000
0.011 0.012 0.000000
0.012 0.013 0.000000
0.013 0.014 0.000000
0.014 0.015 0.000000
0.015 0.016 0.000000
0.016 0.017 0.000000
0.017 0.018 0.000000
0.018 0.019 0.000004
0.019 0.020 0.000024
0.020 0.021 0.000105
0.021 0.022 0.000354
0.022 0.023 0.000983
0.023 0.024 0.002328
0.024 0.025 0.004842
0.025 0.026 0.009036
0.026 0.027 0.015388
0.027 0.028 0.024367
0.028 0.029 0.036537
0.029 0.030 0.051682
0.030 0.031 0.069937
0.031 0.032 0.090951
0.032 0.033 0.114487
0.033 0.034 0.139891
0.034 0.035 0.166403
0.035 0.036 0.193613
0.036 0.037 0.221415
0.037 0.038 0.249132
0.038 0.039 0.275446
0.039 0.040 0.300973
0.040 0.041 0.324739
0.041 0.042 0.346514
0.042 0.043 0.366958
0.043 0.044 0.384885
0.044 0.045 0.402285
0.045 0.046 0.415342
0.046 0.047 0.427752
0.047 0.048 0.440699
0.048 0.049 0.451199
0.049 0.050 0.458048
0.050 0.051 0.463939
0.051 0.052 0.469887
0.052 0.053 0.473203
0.053 0.054 0.474668
0.054 0.055 0.475005
0.055 0.056 0.475086
0.056 0.057 0.474261
0.057 0.058 0.653924
0.058 0.059 1.000000
0.059 0.060 0.813230
0.060 0.061 0.468131
0.061 0.062 0.461824
0.062 0.063 0.436048
0.063 0.064 0.429517
0.064 0.065 0.421504
0.065 0.066 0.414355
0.066 0.067 0.551876
0.067 0.068 0.546073
0.068 0.069 0.422632
0.069 0.070 0.380854
0.070 0.071 0.310517
0.071 0.072 0.303900
0.072 0.073 0.295102
0.073 0.074 0.289358
0.074 0.075 0.283272
0.075 0.076 0.276022
0.076 0.077 0.266597
0.077 0.078 0.258521
0.078 0.079 0.252926
0.079 0.080 0.245503
0.080 0.081 0.238505
0.081 0.082 0.230418
0.082 0.083 0.222944
0.083 0.084 0.215908
0.084 0.085 0.209661
0.085 0.086 0.203945
0.086 0.087 0.196678
0.087 0.088 0.191676
0.088 0.089 0.184991
0.089 0.090 0.176579
0.090 0.091 0.169264
0.091 0.092 0.159195
0.092 0.093 0.151957
0.093 0.094 0.146939
0.094 0.095 0.141250
0.095 0.096 0.135746
0.096 0.097 0.129981
0.097 0.098 0.122551
0.098 0.099 0.115817
0.099 0.100 0.110426
0.100 0.101 0.105878
0.101 0.102 0.100631
0.102 0.103 0.093939
0.103 0.104 0.088707
0.104 0.105 0.083831
0.105 0.106 0.077087
0.106 0.107 0.072937
0.107 0.108 0.067783
0.108 0.109 0.063511
0.109 0.110 0.059065
0.110 0.111 0.054713
0.111 0.112 0.051047
0.112 0.113 0.046039
0.113 0.114 0.041673
0.114 0.115 0.037685
0.115 0.116 0.032571
0.116 0.117 0.029497
0.117 0.118 0.026240
0.118 0.119 0.021696
0.119 0.120 0.019327
0.120 0.121 0.018239
0.121 0.122 0.015541
0.122 0.123 0.012763
0.123 0.124 0.009216
0.124 0.125 0.007242
0.125 0.126 0.005299
0.126 0.127 0.003678
0.127 0.128 0.001389
0.128 0.129 0.000814
0.129 0.130 0.000000
0.130 0.131 0.000000
0.131 0.132 0.000000
0.132 0.133 0.000000
0.133 0.134 0.000000
0.134 0.135 0.000000
0.135 0.136 0.000000
0.136 0.137 0.000000
0.137 0.138 0.000000
0.138 0.139 0.000000
0.139 0.140 0.000000
0.140 0.141 0.000000
0.141 0.142 0.000000
0.142 0.143 0.000000
0.143 0.144 0.000000
0.144 0.145 0.000000
0.145 0.146 0.000000
0.146 0.147 0.000000
0.147 0.148 0.000000
0.148 0.149 0.000000
0.149 0.150 0.000000
