1
0.000 0.001 0.000000
0.001 0.002 0.000000
0.002 0.003 0.000000
0.003 0.004 0.000000
0.004 0.005 0.000000
0.005 0.006 0.000000
0.006 0.007 0.000000
0.007 0.008 0.000000
0.008 0.009 0.000000
0.009 0.010 0.000000
0.010 0.011 0.000000
0.011 0.012 0.000000
0.012 0.013 0.000000
0.013 0.014 0.000000
0.014 0.015 0.000000
0.015 0.016 0.000000
0.016 0.017 0.000000
0.017 0.018 0.000000
0.018 0.019 0.000001
0.019 0.020 0.000004
0.020 0.021 0.000020
0.021 0.022 0.000079
0.022 0.023 0.000247
0.023 0.024 0.000657
0.024 0.025 0.001514
0.025 0.026 0.003097
0.026 0.027 0.005741
0.027 0.028 0.009831
0.028 0.029 0.015711
0.029 0.030 0.023515
0.030 0.031 0.033564
0.031 0.032 0.045812
0.032 0.033 0.060168
0.033 0.034 0.076656
0.034 0.035 0.094880
0.035 0.036 0.114051
0.036 0.037 0.134647
0.037 0.038 0.156711
0.038 0.039 0.177917
0.039 0.040 0.199114
0.040 0.041 0.220480
0.041 0.042 0.240870
0.042 0.043 0.260852
0.043 0.044 0.279858
0.044 0.045 0.298712
0.045 0.046 0.314583
0.046 0.047 0.328872
0.047 0.048 0.344539
0.048 0.049 0.357977
0.049 0.050 0.368119
0.050 0.051 0.377573
0.051 0.052 0.387540
0.052 0.053 0.395193
0.053 0.054 0.400471
0.054 0.055 0.405473
0.055 0.056 0.411483
0.056 0.057 0.416402
0.057 0.058 0.616183
0.058 0.059 1.000000
0.059 0.060 0.804473
0.060 0.061 0.433581
0.061 0.062 0.433023
0.062 0.063 0.411353
0.063 0.064 0.408804
0.064 0.065 0.404232
0.065 0.066 0.400269
0.066 0.067 0.558218
0.067 0.068 0.555826
0.068 0.069 0.422964
0.069 0.070 0.381540
0.070 0.071 0.305595
0.071 0.072 0.302142
0.072 0.073 0.297079
0.073 0.074 0.293596
0.074 0.075 0.290156
0.075 0.076 0.286447
0.076 0.077 0.280209
0.077 0.078 0.275397
0.078 0.079 0.272551
0.079 0.080 0.268582
0.080 0.081 0.263008
0.081 0.082 0.256257
0.082 0.083 0.249914
0.083 0.084 0.244168
0.084 0.085 0.239179
0.085 0.086 0.234512
0.086 0.087 0.228444
0.087 0.088 0.225000
0.088 0.089 0.219523
0.089 0.090 0.211861
0.090 0.091 0.205574
0.091 0.092 0.195827
0.092 0.093 0.189365
0.093 0.094 0.186778
0.094 0.095 0.180452
0.095 0.096 0.174313
0.096 0.097 0.168201
0.097 0.098 0.159934
0.098 0.099 0.152876
0.099 0.100 0.146994
0.100 0.101 0.141447
0.101 0.102 0.135580
0.102 0.103 0.128141
0.103 0.104 0.122504
0.104 0.105 0.117031
0.105 0.106 0.110176
0.106 0.107 0.104008
0.107 0.108 0.096452
0.108 0.109 0.089972
0.109 0.110 0.083889
0.110 0.111 0.077840
0.111 0.112 0.072648
0.112 0.113 0.065281
0.113 0.114 0.059710
0.114 0.115 0.054804
0.115 0.116 0.048970
0.116 0.117 0.044173
0.117 0.118 0.039263
0.118 0.119 0.032452
0.119 0.120 0.029189
0.120 0.121 0.027610
0.121 0.122 0.023712
0.122 0.123 0.020690
0.123 0.124 0.017486
0.124 0.125 0.013462
0.125 0.126 0.010428
0.126 0.127 0.007672
0.127 0.128 0.005554
0.128 0.129 0.003218
0.129 0.130 0.001559
0.130 0.131 0.000393
0.131 0.132 0.000000
0.132 0.133 0.000000
0.133 0.134 0.000000
0.134 0.135 0.000000
0.135 0.136 0.000000
0.136 0.137 0.000000
0.137 0.138 0.000000
0.138 0.139 0.000000
0.139 0.140 0.000000
0.140 0.141 0.000000
0.141 0.142 0.000000
0.142 0.143 0.000000
0.143 0.144 0.000000
0.144 0.145 0.000000
0.145 0.146 0.000000
0.146 0.147 0.000000
0.147 0.148 0.000000
0.148 0.149 0.000000
0.149 0.150 0.000000
