1
0.000 0.001 0.000000
0.001 0.002 0.000000
0.002 0.003 0.000000
0.003 0.004 0.000000
0.004 0.005 0.000000
0.005 0.006 0.000000
0.006 0.007 0.000000
0.007 0.008 0.000000
0.008 0.009 0.000000
0.009 0.010 0.000000
0.010 0.011 0.000000
0.011 0.012 0.000000
0.012 0.013 0.000000
0.013 0.014 0.000000
0.014 0.015 0.000000
0.015 0.016 0.000000
0.016 0.017 0.000001
0.017 0.018 0.000006
0.018 0.019 0.000034
0.019 0.020 0.000146
0.020 0.021 0.000488
0.021 0.022 0.001339
0.022 0.023 0.003120
0.023 0.024 0.006371
0.024 0.025 0.011700
0.025 0.026 0.019616
0.026 0.027 0.030460
0.027 0.028 0.044713
0.028 0.029 0.062414
0.029 0.030 0.082789
0.030 0.031 0.105855
0.031 0.032 0.131300
0.032 0.033 0.158205
0.033 0.034 0.186238
0.034 0.035 0.214980
0.035 0.036 0.243589
0.036 0.037 0.271972
0.037 0.038 0.298634
0.038 0.039 0.322196
0.039 0.040 0.345178
0.040 0.041 0.367238
0.041 0.042 0.386638
0.042 0.043 0.405381
0.043 0.044 0.420790
0.044 0.045 0.435349
0.045 0.046 0.448180
0.046 0.047 0.455732
0.047 0.048 0.465332
0.048 0.049 0.474930
0.049 0.050 0.478365
0.050 0.051 0.479667
0.051 0.052 0.483308
0.052 0.053 0.487736
0.053 0.054 0.487599
0.054 0.055 0.484763
0.055 0.056 0.485028
0.056 0.057 0.485821
0.057 0.058 0.662672
0.058 0.059 1.000000
0.059 0.060 0.812450
0.060 0.061 0.473773
0.061 0.062 0.468208
0.062 0.063 0.445588
0.063 0.064 0.436175
0.064 0.065 0.426454
0.065 0.066 0.420345
0.066 0.067 0.550705
0.067 0.068 0.543359
0.068 0.069 0.424681
0.069 0.070 0.383455
0.070 0.071 0.315925
0.071 0.072 0.307741
0.072 0.073 0.298256
0.073 0.074 0.295296
0.074 0.075 0.290657
0.075 0.076 0.282809
0.076 0.077 0.272194
0.077 0.078 0.263899
0.078 0.079 0.260367
0.079 0.080 0.254739
0.080 0.081 0.245838
0.081 0.082 0.236181
0.082 0.083 0.227452
0.083 0.084 0.218458
0.084 0.085 0.210892
0.085 0.086 0.204590
0.086 0.087 0.196012
0.087 0.088 0.190296
0.088 0.089 0.184468
0.089 0.090 0.175155
0.090 0.091 0.164752
0.091 0.092 0.153117
0.092 0.093 0.145381
0.093 0.094 0.140745
0.094 0.095 0.132593
0.095 0.096 0.124807
0.096 0.097 0.115562
0.097 0.098 0.104810
0.098 0.099 0.093529
0.099 0.100 0.085200
0.100 0.101 0.080902
0.101 0.102 0.074032
0.102 0.103 0.064005
0.103 0.104 0.057098
0.104 0.105 0.051527
0.105 0.106 0.046011
0.106 0.107 0.040179
0.107 0.108 0.032916
0.108 0.109 0.027602
0.109 0.110 0.021510
0.110 0.111 0.017008
0.111 0.112 0.012851
0.112 0.113 0.008878
0.113 0.114 0.006368
0.114 0.115 0.003337
0.115 0.116 0.000562
0.116 0.117 0.000000
0.117 0.118 0.000000
0.118 0.119 0.000000
0.119 0.120 0.000000
0.120 0.121 0.000000
0.121 0.122 0.000000
0.122 0.123 0.000000
0.123 0.124 0.000000
0.124 0.125 0.000000
0.125 0.126 0.000000
0.126 0.127 0.000000
0.127 0.128 0.000000
0.128 0.129 0.000000
0.129 0.130 0.000000
0.130 0.131 0.000000
0.131 0.132 0.000000
0.132 0.133 0.000000
0.133 0.134 0.000000
0.134 0.135 0.000000
0.135 0.136 0.000000
0.136 0.137 0.000000
0.137 0.138 0.000000
0.138 0.139 0.000000
0.139 0.140 0.000000
0.140 0.141 0.000000
0.141 0.142 0.000000
0.142 0.143 0.000000
0.143 0.144 0.000000
0.144 0.145 0.000000
0.145 0.146 0.000000
0.146 0.147 0.000000
0.147 0.148 0.000000
0.148 0.149 0.000000
0.149 0.150 0.000000
