1
0.000 0.001 0.000000
0.001 0.002 0.000000
0.002 0.003 0.000000
0.003 0.004 0.000000
0.004 0.005 0.000000
0.005 0.006 0.000000
0.006 0.007 0.000000
0.007 0.008 0.000000
0.008 0.009 0.000000
0.009 0.010 0.000000
0.010 0.011 0.000000
0.011 0.012 0.000000
0.012 0.013 0.000000
0.013 0.014 0.000000
0.014 0.015 0.000000
0.015 0.016 0.000000
0.016 0.017 0.000000
0.017 0.018 0.000000
0.018 0.019 0.000000
0.019 0.020 0.000000
0.020 0.021 0.000002
0.021 0.022 0.000013
0.022 0.023 0.000053
0.023 0.024 0.000175
0.024 0.025 0.000490
0.025 0.026 0.001178
0.026 0.027 0.002505
0.027 0.028 0.004835
0.028 0.029 0.008580
0.029 0.030 0.014072
0.030 0.031 0.021740
0.031 0.032 0.031778
0.032 0.033 0.044385
0.033 0.034 0.059595
0.034 0.035 0.077303
0.035 0.036 0.097132
0.036 0.037 0.118984
0.037 0.038 0.142744
0.038 0.039 0.167071
0.039 0.040 0.192117
0.040 0.041 0.217713
0.041 0.042 0.242903
0.042 0.043 0.267975
0.043 0.044 0.292279
0.044 0.045 0.316164
0.045 0.046 0.337496
0.046 0.047 0.357145
0.047 0.048 0.377370
0.048 0.049 0.395412
0.049 0.050 0.409716
0.050 0.051 0.422747
0.051 0.052 0.436032
0.052 0.053 0.447072
0.053 0.054 0.454959
0.054 0.055 0.461385
0.055 0.056 0.468045
0.056 0.057 0.473672
0.057 0.058 0.653126
0.058 0.059 1.000000
0.059 0.060 0.825395
0.060 0.061 0.488852
0.061 0.062 0.487406
0.062 0.063 0.466272
0.063 0.064 0.460983
0.064 0.065 0.454222
0.065 0.066 0.448461
0.066 0.067 0.594422
0.067 0.068 0.590142
0.068 0.069 0.459437
0.069 0.070 0.416632
0.070 0.071 0.342906
0.071 0.072 0.337086
0.072 0.073 0.328790
0.073 0.074 0.323990
0.074 0.075 0.318384
0.075 0.076 0.311243
0.076 0.077 0.301538
0.077 0.078 0.293176
0.078 0.079 0.287908
0.079 0.080 0.280502
0.080 0.081 0.272509
0.081 0.082 0.263187
0.082 0.083 0.254752
0.083 0.084 0.246790
0.084 0.085 0.239557
0.085 0.086 0.232919
0.086 0.087 0.224159
0.087 0.088 0.218166
0.088 0.089 0.210604
0.089 0.090 0.200015
0.090 0.091 0.192101
0.091 0.092 0.181293
0.092 0.093 0.174015
0.093 0.094 0.170315
0.094 0.095 0.162858
0.095 0.096 0.155595
0.096 0.097 0.147789
0.097 0.098 0.138043
0.098 0.099 0.128621
0.099 0.100 0.122615
0.100 0.101 0.117650
0.101 0.102 0.111947
0.102 0.103 0.104257
0.103 0.104 0.098359
0.104 0.105 0.093159
0.105 0.106 0.086593
0.106 0.107 0.079687
0.107 0.108 0.073530
0.108 0.109 0.068363
0.109 0.110 0.062862
0.110 0.111 0.057586
0.111 0.112 0.053211
0.112 0.113 0.047321
0.113 0.114 0.041598
0.114 0.115 0.037946
0.115 0.116 0.033658
0.116 0.117 0.029671
0.117 0.118 0.025364
0.118 0.119 0.019685
0.119 0.120 0.016083
0.120 0.121 0.015089
0.121 0.122 0.012532
0.122 0.123 0.009887
0.123 0.124 0.006521
0.124 0.125 0.004694
0.125 0.126 0.002911
0.126 0.127 0.000802
0.127 0.128 0.000000
0.128 0.129 0.000000
0.129 0.130 0.000000
0.130 0.131 0.000000
0.131 0.132 0.000000
0.132 0.133 0.000000
0.133 0.134 0.000000
0.134 0.135 0.000000
0.135 0.136 0.000000
0.136 0.137 0.000000
0.137 0.138 0.000000
0.138 0.139 0.000000
0.139 0.140 0.000000
0.140 0.141 0.000000
0.141 0.142 0.000000
0.142 0.143 0.000000
0.143 0.144 0.000000
0.144 0.145 0.000000
0.145 0.146 0.000000
0.146 0.147 0.000000
0.147 0.148 0.000000
0.148 0.149 0.000000
0.149 0.150 0.000000
