1
0.000 0.001 0.000000
0.001 0.002 0.000000
0.002 0.003 0.000000
0.003 0.004 0.000000
0.004 0.005 0.000000
0.005 0.006 0.000000
0.006 0.007 0.000000
0.007 0.008 0.000000
0.008 0.009 0.000000
0.009 0.010 0.000000
0.010 0.011 0.000000
0.011 0.012 0.000000
0.012 0.013 0.000000
0.013 0.014 0.000000
0.014 0.015 0.000003
0.015 0.016 0.000027
0.016 0.017 0.000170
0.017 0.018 0.000736
0.018 0.019 0.002390
0.019 0.020 0.006252
0.020 0.021 0.013807
0.021 0.022 0.026537
0.022 0.023 0.045631
0.023 0.024 0.071938
0.024 0.025 0.105475
0.025 0.026 0.145257
0.026 0.027 0.190324
0.027 0.028 0.239907
0.028 0.029 0.292635
0.029 0.030 0.346568
0.030 0.031 0.398712
0.031 0.032 0.448920
0.032 0.033 0.498329
0.033 0.034 0.543344
0.034 0.035 0.583843
0.035 0.036 0.622248
0.036 0.037 0.654298
0.037 0.038 0.679644
0.038 0.039 0.702931
0.039 0.040 0.724148
0.040 0.041 0.738409
0.041 0.042 0.749613
0.042 0.043 0.759251
0.043 0.044 0.763534
0.044 0.045 0.766582
0.045 0.046 0.765224
0.046 0.047 0.760459
0.047 0.048 0.755235
0.048 0.049 0.748205
0.049 0.050 0.736568
0.050 0.051 0.725796
0.051 0.052 0.717060
0.052 0.053 0.704378
0.053 0.054 0.690109
0.054 0.055 0.674845
0.055 0.056 0.658381
0.056 0.057 0.642047
0.057 0.058 0.761938
0.058 0.059 1.000000
0.059 0.060 0.845092
0.060 0.061 0.579780
0.061 0.062 0.560456
0.062 0.063 0.528568
0.063 0.064 0.507212
0.064 0.065 0.487224
0.065 0.066 0.468301
0.066 0.067 0.547912
0.067 0.068 0.530420
0.068 0.069 0.429163
0.069 0.070 0.384378
0.070 0.071 0.327217
0.071 0.072 0.311877
0.072 0.073 0.292628
0.073 0.074 0.279884
0.074 0.075 0.266201
0.075 0.076 0.247636
0.076 0.077 0.231608
0.077 0.078 0.217241
0.078 0.079 0.206038
0.079 0.080 0.193480
0.080 0.081 0.181085
0.081 0.082 0.166957
0.082 0.083 0.153818
0.083 0.084 0.140802
0.084 0.085 0.127743
0.085 0.086 0.118406
0.086 0.087 0.107917
0.087 0.088 0.098007
0.088 0.089 0.086711
0.089 0.090 0.077735
0.090 0.091 0.068396
0.091 0.092 0.059389
0.092 0.093 0.050444
0.093 0.094 0.044045
0.094 0.095 0.037188
0.095 0.096 0.029878
0.096 0.097 0.023922
0.097 0.098 0.017818
0.098 0.099 0.010830
0.099 0.100 0.007209
0.100 0.101 0.003992
0.101 0.102 0.001107
0.102 0.103 0.000000
0.103 0.104 0.000000
0.104 0.105 0.000000
0.105 0.106 0.000000
0.106 0.107 0.000000
0.107 0.108 0.000000
0.108 0.109 0.000000
0.109 0.110 0.000000
0.110 0.111 0.000000
0.111 0.112 0.000000
0.112 0.113 0.000000
0.113 0.114 0.000000
0.114 0.115 0.000000
0.115 0.116 0.000000
0.116 0.117 0.000000
0.117 0.118 0.000000
0.118 0.119 0.000000
0.119 0.120 0.000000
0.120 0.121 0.000000
0.121 0.122 0.000000
0.122 0.123 0.000000
0.123 0.124 0.000000
0.124 0.125 0.000000
0.125 0.126 0.000000
0.126 0.127 0.000000
0.127 0.128 0.000000
0.128 0.129 0.000000
0.129 0.130 0.000000
0.130 0.131 0.000000
0.131 0.132 0.000000
0.132 0.133 0.000000
0.133 0.134 0.000000
0.134 0.135 0.000000
0.135 0.136 0.000000
0.136 0.137 0.000000
0.137 0.138 0.000000
0.138 0.139 0.000000
0.139 0.140 0.000000
0.140 0.141 0.000000
0.141 0.142 0.000000
0.142 0.143 0.000000
0.143 0.144 0.000000
0.144 0.145 0.000000
0.145 0.146 0.000000
0.146 0.147 0.000000
0.147 0.148 0.000000
0.148 0.149 0.000000
0.149 0.150 0.000000
