1
0.000 0.001 0.000000
0.001 0.002 0.000000
0.002 0.003 0.000000
0.003 0.004 0.000000
0.004 0.005 0.000000
0.005 0.006 0.000000
0.006 0.007 0.000000
0.007 0.008 0.000000
0.008 0.009 0.000000
0.009 0.010 0.000000
0.010 0.011 0.000000
0.011 0.012 0.000000
0.012 0.013 0.000000
0.013 0.014 0.000000
0.014 0.015 0.000000
0.015 0.016 0.000000
0.016 0.017 0.000000
0.017 0.018 0.000000
0.018 0.019 0.000000
0.019 0.020 0.000001
0.020 0.021 0.000006
0.021 0.022 0.000029
0.022 0.023 0.000107
0.023 0.024 0.000324
0.024 0.025 0.000833
0.025 0.026 0.001872
0.026 0.027 0.003744
0.027 0.028 0.006861
0.028 0.029 0.011647
0.029 0.030 0.018339
0.030 0.031 0.027333
0.031 0.032 0.038819
0.032 0.033 0.052675
0.033 0.034 0.069089
0.034 0.035 0.087948
0.035 0.036 0.108579
0.036 0.037 0.131347
0.037 0.038 0.154962
0.038 0.039 0.177908
0.039 0.040 0.201785
0.040 0.041 0.226595
0.041 0.042 0.250428
0.042 0.043 0.274388
0.043 0.044 0.296693
0.044 0.045 0.318656
0.045 0.046 0.339517
0.046 0.047 0.356154
0.047 0.048 0.374447
0.048 0.049 0.392815
0.049 0.050 0.405716
0.050 0.051 0.416048
0.051 0.052 0.428181
0.052 0.053 0.441204
0.053 0.054 0.449384
0.054 0.055 0.454486
0.055 0.056 0.462148
0.056 0.057 0.470181
0.057 0.058 0.651943
0.058 0.059 1.000000
0.059 0.060 0.821935
0.060 0.061 0.482373
0.061 0.062 0.482020
0.062 0.063 0.463723
0.063 0.064 0.458320
0.064 0.065 0.452071
0.065 0.066 0.449472
0.066 0.067 0.594951
0.067 0.068 0.591404
0.068 0.069 0.465173
0.069 0.070 0.422821
0.070 0.071 0.350161
0.071 0.072 0.343020
0.072 0.073 0.334410
0.073 0.074 0.333303
0.074 0.075 0.330010
0.075 0.076 0.322919
0.076 0.077 0.312337
0.077 0.078 0.304202
0.078 0.079 0.301660
0.079 0.080 0.296539
0.080 0.081 0.287402
0.081 0.082 0.277354
0.082 0.083 0.268344
0.083 0.084 0.258885
0.084 0.085 0.251015
0.085 0.086 0.244597
0.086 0.087 0.235277
0.087 0.088 0.229515
0.088 0.089 0.223833
0.089 0.090 0.213472
0.090 0.091 0.201431
0.091 0.092 0.187879
0.092 0.093 0.179255
0.093 0.094 0.174579
0.094 0.095 0.165342
0.095 0.096 0.156510
0.096 0.097 0.145735
0.097 0.098 0.132960
0.098 0.099 0.119045
0.099 0.100 0.109481
0.100 0.101 0.104928
0.101 0.102 0.096577
0.102 0.103 0.084187
0.103 0.104 0.074357
0.104 0.105 0.067294
0.105 0.106 0.058464
0.106 0.107 0.048968
0.107 0.108 0.037818
0.108 0.109 0.027824
0.109 0.110 0.018078
0.110 0.111 0.011179
0.111 0.112 0.005447
0.112 0.113 0.000697
0.113 0.114 0.000000
0.114 0.115 0.000000
0.115 0.116 0.000000
0.116 0.117 0.000000
0.117 0.118 0.000000
0.118 0.119 0.000000
0.119 0.120 0.000000
0.120 0.121 0.000000
0.121 0.122 0.000000
0.122 0.123 0.000000
0.123 0.124 0.000000
0.124 0.125 0.000000
0.125 0.126 0.000000
0.126 0.127 0.000000
0.127 0.128 0.000000
0.128 0.129 0.000000
0.129 0.130 0.000000
0.130 0.131 0.000000
0.131 0.132 0.000000
0.132 0.133 0.000000
0.133 0.134 0.000000
0.134 0.135 0.000000
0.135 0.136 0.000000
0.136 0.137 0.000000
0.137 0.138 0.000000
0.138 0.139 0.000000
0.139 0.140 0.000000
0.140 0.141 0.000000
0.141 0.142 0.000000
0.142 0.143 0.000000
0.143 0.144 0.000000
0.144 0.145 0.000000
0.145 0.146 0.000000
0.146 0.147 0.000000
0.147 0.148 0.000000
0.148 0.149 0.000000
0.149 0.150 0.000000
