1
0.000 0.001 0.000000
0.001 0.002 0.000000
0.002 0.003 0.000000
0.003 0.004 0.000000
0.004 0.005 0.000000
0.005 0.006 0.000000
0.006 0.007 0.000000
0.007 0.008 0.000000
0.008 0.009 0.000000
0.009 0.010 0.000000
0.010 0.011 0.000000
0.011 0.012 0.000000
0.012 0.013 0.000000
0.013 0.014 0.000000
0.014 0.015 0.000000
0.015 0.016 0.000000
0.016 0.017 0.000000
0.017 0.018 0.000000
0.018 0.019 0.000000
0.019 0.020 0.000000
0.020 0.021 0.000002
0.021 0.022 0.000013
0.022 0.023 0.000054
0.023 0.024 0.000180
0.024 0.025 0.000501
0.025 0.026 0.001202
0.026 0.027 0.002547
0.027 0.028 0.004885
0.028 0.029 0.008609
0.029 0.030 0.014034
0.030 0.031 0.021517
0.031 0.032 0.031276
0.032 0.033 0.043455
0.033 0.034 0.057933
0.034 0.035 0.074624
0.035 0.036 0.093444
0.036 0.037 0.114008
0.037 0.038 0.136045
0.038 0.039 0.158752
0.039 0.040 0.182078
0.040 0.041 0.205468
0.041 0.042 0.228659
0.042 0.043 0.251923
0.043 0.044 0.274130
0.044 0.045 0.295815
0.045 0.046 0.315134
0.046 0.047 0.333116
0.047 0.048 0.351898
0.048 0.049 0.368331
0.049 0.050 0.381174
0.050 0.051 0.393767
0.051 0.052 0.406434
0.052 0.053 0.415804
0.053 0.054 0.423361
0.054 0.055 0.430116
0.055 0.056 0.436390
0.056 0.057 0.441797
0.057 0.058 0.632859
0.058 0.059 1.000000
0.059 0.060 0.815177
0.060 0.061 0.459432
0.061 0.062 0.459089
0.062 0.063 0.437695
0.063 0.064 0.434650
0.064 0.065 0.430160
0.065 0.066 0.425085
0.066 0.067 0.580015
0.067 0.068 0.577207
0.068 0.069 0.442899
0.069 0.070 0.400153
0.070 0.071 0.323604
0.071 0.072 0.318545
0.072 0.073 0.310324
0.073 0.074 0.306042
0.074 0.075 0.302128
0.075 0.076 0.297085
0.076 0.077 0.289738
0.077 0.078 0.284009
0.078 0.079 0.279552
0.079 0.080 0.274581
0.080 0.081 0.268581
0.081 0.082 0.260547
0.082 0.083 0.252464
0.083 0.084 0.244051
0.084 0.085 0.238512
0.085 0.086 0.233372
0.086 0.087 0.227480
0.087 0.088 0.223093
0.088 0.089 0.216580
0.089 0.090 0.208721
0.090 0.091 0.201821
0.091 0.092 0.192429
0.092 0.093 0.185304
0.093 0.094 0.180970
0.094 0.095 0.173310
0.095 0.096 0.167806
0.096 0.097 0.162223
0.097 0.098 0.154741
0.098 0.099 0.147711
0.099 0.100 0.142387
0.100 0.101 0.137602
0.101 0.102 0.131822
0.102 0.103 0.125292
0.103 0.104 0.120033
0.104 0.105 0.113774
0.105 0.106 0.107997
0.106 0.107 0.103082
0.107 0.108 0.097151
0.108 0.109 0.092403
0.109 0.110 0.087874
0.110 0.111 0.082945
0.111 0.112 0.078398
0.112 0.113 0.072234
0.113 0.114 0.065989
0.114 0.115 0.062342
0.115 0.116 0.058466
0.116 0.117 0.054068
0.117 0.118 0.050092
0.118 0.119 0.044872
0.119 0.120 0.041169
0.120 0.121 0.038944
0.121 0.122 0.034823
0.122 0.123 0.032132
0.123 0.124 0.029274
0.124 0.125 0.025734
0.125 0.126 0.022175
0.126 0.127 0.019371
0.127 0.128 0.015563
0.128 0.129 0.013447
0.129 0.130 0.011315
0.130 0.131 0.008909
0.131 0.132 0.007352
0.132 0.133 0.004878
0.133 0.134 0.003477
0.134 0.135 0.002179
0.135 0.136 0.000581
0.136 0.137 0.000000
0.137 0.138 0.000000
0.138 0.139 0.000000
0.139 0.140 0.000000
0.140 0.141 0.000000
0.141 0.142 0.000000
0.142 0.143 0.000000
0.143 0.144 0.000000
0.144 0.145 0.000000
0.145 0.146 0.000000
0.146 0.147 0.000000
0.147 0.148 0.000000
0.148 0.149 0.000000
0.149 0.150 0.000000
