1
0.000 0.001 0.000000
0.001 0.002 0.000000
0.002 0.003 0.000000
0.003 0.004 0.000000
0.004 0.005 0.000000
0.005 0.006 0.000000
0.006 0.007 0.000000
0.007 0.008 0.000000
0.008 0.009 0.000000
0.009 0.010 0.000000
0.010 0.011 0.000000
0.011 0.012 0.000000
0.012 0.013 0.000000
0.013 0.014 0.000000
0.014 0.015 0.000005
0.015 0.016 0.000038
0.016 0.017 0.000202
0.017 0.018 0.000778
0.018 0.019 0.002314
0.019 0.020 0.005664
0.020 0.021 0.011894
0.021 0.022 0.022014
0.022 0.023 0.036806
0.023 0.024 0.056713
0.024 0.025 0.081774
0.025 0.026 0.111314
0.026 0.027 0.144473
0.027 0.028 0.181066
0.028 0.029 0.219773
0.029 0.030 0.258603
0.030 0.031 0.297387
0.031 0.032 0.334893
0.032 0.033 0.370830
0.033 0.034 0.404957
0.034 0.035 0.436196
0.035 0.036 0.463933
0.036 0.037 0.489254
0.037 0.038 0.511524
0.038 0.039 0.528979
0.039 0.040 0.544752
0.040 0.041 0.557675
0.041 0.042 0.566645
0.042 0.043 0.575134
0.043 0.044 0.580752
0.044 0.045 0.584724
0.045 0.046 0.585432
0.046 0.047 0.582891
0.047 0.048 0.581988
0.048 0.049 0.579837
0.049 0.050 0.573211
0.050 0.051 0.565680
0.051 0.052 0.559977
0.052 0.053 0.553229
0.053 0.054 0.543969
0.054 0.055 0.533953
0.055 0.056 0.525366
0.056 0.057 0.516128
0.057 0.058 0.681348
0.058 0.059 1.000000
0.059 0.060 0.810543
0.060 0.061 0.480039
0.061 0.062 0.467621
0.062 0.063 0.439747
0.063 0.064 0.426519
0.064 0.065 0.412775
0.065 0.066 0.401183
0.066 0.067 0.516286
0.067 0.068 0.505061
0.068 0.069 0.391856
0.069 0.070 0.350229
0.070 0.071 0.285281
0.071 0.072 0.276761
0.072 0.073 0.266621
0.073 0.074 0.260182
0.074 0.075 0.252966
0.075 0.076 0.244511
0.076 0.077 0.234260
0.077 0.078 0.225285
0.078 0.079 0.219367
0.079 0.080 0.212331
0.080 0.081 0.202455
0.081 0.082 0.193542
0.082 0.083 0.185700
0.083 0.084 0.178305
0.084 0.085 0.171539
0.085 0.086 0.165463
0.086 0.087 0.157628
0.087 0.088 0.152066
0.088 0.089 0.145757
0.089 0.090 0.137143
0.090 0.091 0.130372
0.091 0.092 0.121709
0.092 0.093 0.115841
0.093 0.094 0.112549
0.094 0.095 0.106560
0.095 0.096 0.100756
0.096 0.097 0.094456
0.097 0.098 0.086466
0.098 0.099 0.080458
0.099 0.100 0.075676
0.100 0.101 0.072102
0.101 0.102 0.067783
0.102 0.103 0.061853
0.103 0.104 0.057240
0.104 0.105 0.053000
0.105 0.106 0.049256
0.106 0.107 0.045586
0.107 0.108 0.041070
0.108 0.109 0.037196
0.109 0.110 0.033001
0.110 0.111 0.029098
0.111 0.112 0.025474
0.112 0.113 0.022285
0.113 0.114 0.019630
0.114 0.115 0.016943
0.115 0.116 0.013811
0.116 0.117 0.010610
0.117 0.118 0.008442
0.118 0.119 0.005748
0.119 0.120 0.003842
0.120 0.121 0.003290
0.121 0.122 0.002165
0.122 0.123 0.000597
0.123 0.124 0.000000
0.124 0.125 0.000000
0.125 0.126 0.000000
0.126 0.127 0.000000
0.127 0.128 0.000000
0.128 0.129 0.000000
0.129 0.130 0.000000
0.130 0.131 0.000000
0.131 0.132 0.000000
0.132 0.133 0.000000
0.133 0.134 0.000000
0.134 0.135 0.000000
0.135 0.136 0.000000
0.136 0.137 0.000000
0.137 0.138 0.000000
0.138 0.139 0.000000
0.139 0.140 0.000000
0.140 0.141 0.000000
0.141 0.142 0.000000
0.142 0.143 0.000000
0.143 0.144 0.000000
0.144 0.145 0.000000
0.145 0.146 0.000000
0.146 0.147 0.000000
0.147 0.148 0.000000
0.148 0.149 0.000000
0.149 0.150 0.000000
