1
0.000 0.001 0.000000
0.001 0.002 0.000000
0.002 0.003 0.000000
0.003 0.004 0.000000
0.004 0.005 0.000000
0.005 0.006 0.000000
0.006 0.007 0.000000
0.007 0.008 0.000000
0.008 0.009 0.000000
0.009 0.010 0.000000
0.010 0.011 0.000000
0.011 0.012 0.000000
0.012 0.013 0.000000
0.013 0.014 0.000000
0.014 0.015 0.000000
0.015 0.016 0.000001
0.016 0.017 0.000005
0.017 0.018 0.000033
0.018 0.019 0.000150
0.019 0.020 0.000527
0.020 0.021 0.001502
0.021 0.022 0.003620
0.022 0.023 0.007590
0.023 0.024 0.014184
0.024 0.025 0.024222
0.025 0.026 0.038162
0.026 0.027 0.056212
0.027 0.028 0.078772
0.028 0.029 0.105496
0.029 0.030 0.135565
0.030 0.031 0.168205
0.031 0.032 0.202731
0.032 0.033 0.239270
0.033 0.034 0.275718
0.034 0.035 0.311295
0.035 0.036 0.347257
0.036 0.037 0.381321
0.037 0.038 0.410706
0.038 0.039 0.438606
0.039 0.040 0.466604
0.040 0.041 0.490004
0.041 0.042 0.510330
0.042 0.043 0.529888
0.043 0.044 0.545367
0.044 0.045 0.559510
0.045 0.046 0.570691
0.046 0.047 0.577313
0.047 0.048 0.584063
0.048 0.049 0.589794
0.049 0.050 0.589454
0.050 0.051 0.588847
0.051 0.052 0.590614
0.052 0.053 0.589621
0.053 0.054 0.584971
0.054 0.055 0.578577
0.055 0.056 0.573219
0.056 0.057 0.568366
0.057 0.058 0.715547
0.058 0.059 1.000000
0.059 0.060 0.833928
0.060 0.061 0.538170
0.061 0.062 0.526744
0.062 0.063 0.500206
0.063 0.064 0.485547
0.064 0.065 0.472092
0.065 0.066 0.461069
0.066 0.067 0.566238
0.067 0.068 0.554843
0.068 0.069 0.445825
0.069 0.070 0.402736
0.070 0.071 0.341486
0.071 0.072 0.329996
0.072 0.073 0.315394
0.073 0.074 0.307668
0.074 0.075 0.298507
0.075 0.076 0.284816
0.076 0.077 0.269733
0.077 0.078 0.257064
0.078 0.079 0.248605
0.079 0.080 0.238809
0.080 0.081 0.225934
0.081 0.082 0.211291
0.082 0.083 0.197165
0.083 0.084 0.183852
0.084 0.085 0.172012
0.085 0.086 0.161386
0.086 0.087 0.148503
0.087 0.088 0.139084
0.088 0.089 0.129361
0.089 0.090 0.117593
0.090 0.091 0.106296
0.091 0.092 0.095677
0.092 0.093 0.086978
0.093 0.094 0.078459
0.094 0.095 0.070608
0.095 0.096 0.063254
0.096 0.097 0.053558
0.097 0.098 0.045300
0.098 0.099 0.036014
0.099 0.100 0.029067
0.100 0.101 0.026607
0.101 0.102 0.021676
0.102 0.103 0.015075
0.103 0.104 0.010853
0.104 0.105 0.006723
0.105 0.106 0.003271
0.106 0.107 0.000903
0.107 0.108 0.000000
0.108 0.109 0.000000
0.109 0.110 0.000000
0.110 0.111 0.000000
0.111 0.112 0.000000
0.112 0.113 0.000000
0.113 0.114 0.000000
0.114 0.115 0.000000
0.115 0.116 0.000000
0.116 0.117 0.000000
0.117 0.118 0.000000
0.118 0.119 0.000000
0.119 0.120 0.000000
0.120 0.121 0.000000
0.121 0.122 0.000000
0.122 0.123 0.000000
0.123 0.124 0.000000
0.124 0.125 0.000000
0.125 0.126 0.000000
0.126 0.127 0.000000
0.127 0.128 0.000000
0.128 0.129 0.000000
0.129 0.130 0.000000
0.130 0.131 0.000000
0.131 0.132 0.000000
0.132 0.133 0.000000
0.133 0.134 0.000000
0.134 0.135 0.000000
0.135 0.136 0.000000
0.136 0.137 0.000000
0.137 0.138 0.000000
0.138 0.139 0.000000
0.139 0.140 0.000000
0.140 0.141 0.000000
0.141 0.142 0.000000
0.142 0.143 0.000000
0.143 0.144 0.000000
0.144 0.145 0.000000
0.145 0.146 0.000000
0.146 0.147 0.000000
0.147 0.148 0.000000
0.148 0.149 0.000000
0.149 0.150 0.000000
