1
0.000 0.001 0.000000
0.001 0.002 0.000000
0.002 0.003 0.000000
0.003 0.004 0.000000
0.004 0.005 0.000000
0.005 0.006 0.000000
0.006 0.007 0.000000
0.007 0.008 0.000000
0.008 0.009 0.000000
0.009 0.010 0.000000
0.010 0.011 0.000000
0.011 0.012 0.000000
0.012 0.013 0.000000
0.013 0.014 0.000000
0.014 0.015 0.000000
0.015 0.016 0.000005
0.016 0.017 0.000046
0.017 0.018 0.000261
0.018 0.019 0.001067
0.019 0.020 0.003365
0.020 0.021 0.008664
0.021 0.022 0.018956
0.022 0.023 0.036311
0.023 0.024 0.062514
0.024 0.025 0.098780
0.025 0.026 0.145191
0.026 0.027 0.200986
0.027 0.028 0.265075
0.028 0.029 0.335314
0.029 0.030 0.409204
0.030 0.031 0.484589
0.031 0.032 0.557702
0.032 0.033 0.628393
0.033 0.034 0.693109
0.034 0.035 0.754633
0.035 0.036 0.809617
0.036 0.037 0.854848
0.037 0.038 0.896602
0.038 0.039 0.930775
0.039 0.040 0.956533
0.040 0.041 0.975410
0.041 0.042 0.985401
0.042 0.043 0.995093
0.043 0.044 0.999377
0.044 0.045 1.000000
0.045 0.046 0.989132
0.046 0.047 0.978466
0.047 0.048 0.962191
0.048 0.049 0.937963
0.049 0.050 0.912930
0.050 0.051 0.894970
0.051 0.052 0.872734
0.052 0.053 0.845610
0.053 0.054 0.820914
0.054 0.055 0.792865
0.055 0.056 0.755971
0.056 0.057 0.719510
0.057 0.058 0.755946
0.058 0.059 0.865208
0.059 0.060 0.767302
0.060 0.061 0.606009
0.061 0.062 0.574258
0.062 0.063 0.537198
0.063 0.064 0.504548
0.064 0.065 0.468714
0.065 0.066 0.437597
0.066 0.067 0.462931
0.067 0.068 0.438843
0.068 0.069 0.364490
0.069 0.070 0.320804
0.070 0.071 0.276791
0.071 0.072 0.249648
0.072 0.073 0.225560
0.073 0.074 0.204662
0.074 0.075 0.183727
0.075 0.076 0.163199
0.076 0.077 0.140457
0.077 0.078 0.123166
0.078 0.079 0.104764
0.079 0.080 0.089710
0.080 0.081 0.075255
0.081 0.082 0.054599
0.082 0.083 0.043429
0.083 0.084 0.033737
0.084 0.085 0.019962
0.085 0.086 0.012971
0.086 0.087 0.003446
0.087 0.088 0.000000
0.088 0.089 0.000000
0.089 0.090 0.000000
0.090 0.091 0.000000
0.091 0.092 0.000000
0.092 0.093 0.000000
0.093 0.094 0.000000
0.094 0.095 0.000000
0.095 0.096 0.000000
0.096 0.097 0.000000
0.097 0.098 0.000000
0.098 0.099 0.000000
0.099 0.100 0.000000
0.100 0.101 0.000000
0.101 0.102 0.000000
0.102 0.103 0.000000
0.103 0.104 0.000000
0.104 0.105 0.000000
0.105 0.106 0.000000
0.106 0.107 0.000000
0.107 0.108 0.000000
0.108 0.109 0.000000
0.109 0.110 0.000000
0.110 0.111 0.000000
0.111 0.112 0.000000
0.112 0.113 0.000000
0.113 0.114 0.000000
0.114 0.115 0.000000
0.115 0.116 0.000000
0.116 0.117 0.000000
0.117 0.118 0.000000
0.118 0.119 0.000000
0.119 0.120 0.000000
0.120 0.121 0.000000
0.121 0.122 0.000000
0.122 0.123 0.000000
0.123 0.124 0.000000
0.124 0.125 0.000000
0.125 0.126 0.000000
0.126 0.127 0.000000
0.127 0.128 0.000000
0.128 0.129 0.000000
0.129 0.130 0.000000
0.130 0.131 0.000000
0.131 0.132 0.000000
0.132 0.133 0.000000
0.133 0.134 0.000000
0.134 0.135 0.000000
0.135 0.136 0.000000
0.136 0.137 0.000000
0.137 0.138 0.000000
0.138 0.139 0.000000
0.139 0.140 0.000000
0.140 0.141 0.000000
0.141 0.142 0.000000
0.142 0.143 0.000000
0.143 0.144 0.000000
0.144 0.145 0.000000
0.145 0.146 0.000000
0.146 0.147 0.000000
0.147 0.148 0.000000
0.148 0.149 0.000000
0.149 0.150 0.000000
