1
0.000 0.001 0.000000
0.001 0.002 0.000000
0.002 0.003 0.000000
0.003 0.004 0.000000
0.004 0.005 0.000000
0.005 0.006 0.000000
0.006 0.007 0.000000
0.007 0.008 0.000000
0.008 0.009 0.000000
0.009 0.010 0.000000
0.010 0.011 0.000000
0.011 0.012 0.000000
0.012 0.013 0.000000
0.013 0.014 0.000000
0.014 0.015 0.000000
0.015 0.016 0.000000
0.016 0.017 0.000000
0.017 0.018 0.000003
0.018 0.019 0.000019
0.019 0.020 0.000085
0.020 0.021 0.000290
0.021 0.022 0.000809
0.022 0.023 0.001918
0.023 0.024 0.003997
0.024 0.025 0.007478
0.025 0.026 0.012746
0.026 0.027 0.020158
0.027 0.028 0.030008
0.028 0.029 0.042326
0.029 0.030 0.056888
0.030 0.031 0.073734
0.031 0.032 0.092340
0.032 0.033 0.112592
0.033 0.034 0.133972
0.034 0.035 0.155654
0.035 0.036 0.177277
0.036 0.037 0.199140
0.037 0.038 0.221694
0.038 0.039 0.242394
0.039 0.040 0.261428
0.040 0.041 0.279603
0.041 0.042 0.296561
0.042 0.043 0.312734
0.043 0.044 0.327132
0.044 0.045 0.340558
0.045 0.046 0.350939
0.046 0.047 0.360454
0.047 0.048 0.371350
0.048 0.049 0.379097
0.049 0.050 0.383607
0.050 0.051 0.388961
0.051 0.052 0.394460
0.052 0.053 0.396236
0.053 0.054 0.397129
0.054 0.055 0.398429
0.055 0.056 0.400167
0.056 0.057 0.401324
0.057 0.058 0.607332
0.058 0.059 1.000000
0.059 0.060 0.791536
0.060 0.061 0.408646
0.061 0.062 0.405893
0.062 0.063 0.381436
0.063 0.064 0.377913
0.064 0.065 0.372783
0.065 0.066 0.366913
0.066 0.067 0.520865
0.067 0.068 0.516750
0.068 0.069 0.385731
0.069 0.070 0.345779
0.070 0.071 0.271934
0.071 0.072 0.268896
0.072 0.073 0.264143
0.073 0.074 0.259672
0.074 0.075 0.256277
0.075 0.076 0.252949
0.076 0.077 0.247672
0.077 0.078 0.243851
0.078 0.079 0.240433
0.079 0.080 0.236790
0.080 0.081 0.232957
0.081 0.082 0.227688
0.082 0.083 0.222062
0.083 0.084 0.216979
0.084 0.085 0.212731
0.085 0.086 0.208591
0.086 0.087 0.204285
0.087 0.088 0.201252
0.088 0.089 0.196055
0.089 0.090 0.189959
0.090 0.091 0.185231
0.091 0.092 0.177956
0.092 0.093 0.172511
0.093 0.094 0.169782
0.094 0.095 0.164695
0.095 0.096 0.159953
0.096 0.097 0.155600
0.097 0.098 0.149471
0.098 0.099 0.144247
0.099 0.100 0.139999
0.100 0.101 0.135354
0.101 0.102 0.130520
0.102 0.103 0.125427
0.103 0.104 0.121432
0.104 0.105 0.116612
0.105 0.106 0.110828
0.106 0.107 0.106059
0.107 0.108 0.100340
0.108 0.109 0.095818
0.109 0.110 0.091605
0.110 0.111 0.086947
0.111 0.112 0.082624
0.112 0.113 0.076643
0.113 0.114 0.071150
0.114 0.115 0.066835
0.115 0.116 0.062242
0.116 0.117 0.057033
0.117 0.118 0.052627
0.118 0.119 0.046892
0.119 0.120 0.042682
0.120 0.121 0.040639
0.121 0.122 0.037162
0.122 0.123 0.033427
0.123 0.124 0.030247
0.124 0.125 0.026355
0.125 0.126 0.022232
0.126 0.127 0.019605
0.127 0.128 0.016406
0.128 0.129 0.013344
0.129 0.130 0.010973
0.130 0.131 0.008110
0.131 0.132 0.006695
0.132 0.133 0.004626
0.133 0.134 0.002786
0.134 0.135 0.001698
0.135 0.136 0.000292
0.136 0.137 0.000000
0.137 0.138 0.000000
0.138 0.139 0.000000
0.139 0.140 0.000000
0.140 0.141 0.000000
0.141 0.142 0.000000
0.142 0.143 0.000000
0.143 0.144 0.000000
0.144 0.145 0.000000
0.145 0.146 0.000000
0.146 0.147 0.000000
0.147 0.148 0.000000
0.148 0.149 0.000000
0.149 0.150 0.000000
