1
0.000 0.001 0.000000
0.001 0.002 0.000000
0.002 0.003 0.000000
0.003 0.004 0.000000
0.004 0.005 0.000000
0.005 0.006 0.000000
0.006 0.007 0.000000
0.007 0.008 0.000000
0.008 0.009 0.000000
0.009 0.010 0.000000
0.010 0.011 0.000000
0.011 0.012 0.000000
0.012 0.013 0.000000
0.013 0.014 0.000000
0.014 0.015 0.000000
0.015 0.016 0.000000
0.016 0.017 0.000000
0.017 0.018 0.000000
0.018 0.019 0.000000
0.019 0.020 0.000000
0.020 0.021 0.000000
0.021 0.022 0.000002
0.022 0.023 0.000011
0.023 0.024 0.000049
0.024 0.025 0.000173
0.025 0.026 0.000508
0.026 0.027 0.001281
0.027 0.028 0.002853
0.028 0.029 0.005727
0.029 0.030 0.010454
0.030 0.031 0.017651
0.031 0.032 0.027808
0.032 0.033 0.041401
0.033 0.034 0.059031
0.034 0.035 0.080676
0.035 0.036 0.106303
0.036 0.037 0.135328
0.037 0.038 0.167136
0.038 0.039 0.201786
0.039 0.040 0.238892
0.040 0.041 0.276032
0.041 0.042 0.313828
0.042 0.043 0.351509
0.043 0.044 0.387683
0.044 0.045 0.422098
0.045 0.046 0.455685
0.046 0.047 0.488160
0.047 0.048 0.518450
0.048 0.049 0.544563
0.049 0.050 0.566346
0.050 0.051 0.587385
0.051 0.052 0.606493
0.052 0.053 0.619279
0.053 0.054 0.628890
0.054 0.055 0.635901
0.055 0.056 0.636646
0.056 0.057 0.641134
0.057 0.058 0.763753
0.058 0.059 1.000000
0.059 0.060 0.879709
0.060 0.061 0.643125
0.061 0.062 0.634228
0.062 0.063 0.608730
0.063 0.064 0.592670
0.064 0.065 0.577311
0.065 0.066 0.561228
0.066 0.067 0.651540
0.067 0.068 0.642261
0.068 0.069 0.533021
0.069 0.070 0.485452
0.070 0.071 0.423844
0.071 0.072 0.408820
0.072 0.073 0.387206
0.073 0.074 0.371166
0.074 0.075 0.353442
0.075 0.076 0.328374
0.076 0.077 0.310778
0.077 0.078 0.294087
0.078 0.079 0.280252
0.079 0.080 0.265655
0.080 0.081 0.247287
0.081 0.082 0.225257
0.082 0.083 0.205025
0.083 0.084 0.182705
0.084 0.085 0.168136
0.085 0.086 0.154330
0.086 0.087 0.138258
0.087 0.088 0.122516
0.088 0.089 0.104848
0.089 0.090 0.086469
0.090 0.091 0.075579
0.091 0.092 0.064114
0.092 0.093 0.053137
0.093 0.094 0.041720
0.094 0.095 0.027480
0.095 0.096 0.020822
0.096 0.097 0.013283
0.097 0.098 0.003436
0.098 0.099 0.000000
0.099 0.100 0.000000
0.100 0.101 0.000000
0.101 0.102 0.000000
0.102 0.103 0.000000
0.103 0.104 0.000000
0.104 0.105 0.000000
0.105 0.106 0.000000
0.106 0.107 0.000000
0.107 0.108 0.000000
0.108 0.109 0.000000
0.109 0.110 0.000000
0.110 0.111 0.000000
0.111 0.112 0.000000
0.112 0.113 0.000000
0.113 0.114 0.000000
0.114 0.115 0.000000
0.115 0.116 0.000000
0.116 0.117 0.000000
0.117 0.118 0.000000
0.118 0.119 0.000000
0.119 0.120 0.000000
0.120 0.121 0.000000
0.121 0.122 0.000000
0.122 0.123 0.000000
0.123 0.124 0.000000
0.124 0.125 0.000000
0.125 0.126 0.000000
0.126 0.127 0.000000
0.127 0.128 0.000000
0.128 0.129 0.000000
0.129 0.130 0.000000
0.130 0.131 0.000000
0.131 0.132 0.000000
0.132 0.133 0.000000
0.133 0.134 0.000000
0.134 0.135 0.000000
0.135 0.136 0.000000
0.136 0.137 0.000000
0.137 0.138 0.000000
0.138 0.139 0.000000
0.139 0.140 0.000000
0.140 0.141 0.000000
0.141 0.142 0.000000
0.142 0.143 0.000000
0.143 0.144 0.000000
0.144 0.145 0.000000
0.145 0.146 0.000000
0.146 0.147 0.000000
0.147 0.148 0.000000
0.148 0.149 0.000000
0.149 0.150 0.000000
