1
0.000 0.001 0.000000
0.001 0.002 0.000000
0.002 0.003 0.000000
0.003 0.004 0.000000
0.004 0.005 0.000000
0.005 0.006 0.000000
0.006 0.007 0.000000
0.007 0.008 0.000000
0.008 0.009 0.000000
0.009 0.010 0.000000
0.010 0.011 0.000000
0.011 0.012 0.000000
0.012 0.013 0.000000
0.013 0.014 0.000000
0.014 0.015 0.000000
0.015 0.016 0.000000
0.016 0.017 0.000000
0.017 0.018 0.000000
0.018 0.019 0.000002
0.019 0.020 0.000015
0.020 0.021 0.000069
0.021 0.022 0.000248
0.022 0.023 0.000729
0.023 0.024 0.001819
0.024 0.025 0.003977
0.025 0.026 0.007735
0.026 0.027 0.013671
0.027 0.028 0.022444
0.028 0.029 0.034532
0.029 0.030 0.050065
0.030 0.031 0.069150
0.031 0.032 0.091563
0.032 0.033 0.117124
0.033 0.034 0.145314
0.034 0.035 0.175592
0.035 0.036 0.207500
0.036 0.037 0.240180
0.037 0.038 0.272335
0.038 0.039 0.303563
0.039 0.040 0.334867
0.040 0.041 0.364658
0.041 0.042 0.392476
0.042 0.043 0.419538
0.043 0.044 0.443245
0.044 0.045 0.465828
0.045 0.046 0.485541
0.046 0.047 0.500958
0.047 0.048 0.516485
0.048 0.049 0.530498
0.049 0.050 0.538899
0.050 0.051 0.545718
0.051 0.052 0.553762
0.052 0.053 0.560005
0.053 0.054 0.562358
0.054 0.055 0.561803
0.055 0.056 0.561230
0.056 0.057 0.560831
0.057 0.058 0.710997
0.058 0.059 1.000000
0.059 0.060 0.839614
0.060 0.061 0.544603
0.061 0.062 0.536138
0.062 0.063 0.512393
0.063 0.064 0.499341
0.064 0.065 0.486491
0.065 0.066 0.475586
0.066 0.067 0.586959
0.067 0.068 0.576061
0.068 0.069 0.461208
0.069 0.070 0.417430
0.070 0.071 0.353079
0.071 0.072 0.340900
0.072 0.073 0.325449
0.073 0.074 0.317738
0.074 0.075 0.308299
0.075 0.076 0.293380
0.076 0.077 0.279305
0.077 0.078 0.267295
0.078 0.079 0.259584
0.079 0.080 0.250467
0.080 0.081 0.238209
0.081 0.082 0.223293
0.082 0.083 0.211894
0.083 0.084 0.200152
0.084 0.085 0.189826
0.085 0.086 0.180723
0.086 0.087 0.169709
0.087 0.088 0.159682
0.088 0.089 0.151987
0.089 0.090 0.141929
0.090 0.091 0.130491
0.091 0.092 0.118998
0.092 0.093 0.110181
0.093 0.094 0.102194
0.094 0.095 0.094449
0.095 0.096 0.087152
0.096 0.097 0.078124
0.097 0.098 0.068150
0.098 0.099 0.056531
0.099 0.100 0.050197
0.100 0.101 0.047236
0.101 0.102 0.041479
0.102 0.103 0.033103
0.103 0.104 0.028062
0.104 0.105 0.024272
0.105 0.106 0.019678
0.106 0.107 0.014035
0.107 0.108 0.010182
0.108 0.109 0.005894
0.109 0.110 0.003718
0.110 0.111 0.000971
0.111 0.112 0.000000
0.112 0.113 0.000000
0.113 0.114 0.000000
0.114 0.115 0.000000
0.115 0.116 0.000000
0.116 0.117 0.000000
0.117 0.118 0.000000
0.118 0.119 0.000000
0.119 0.120 0.000000
0.120 0.121 0.000000
0.121 0.122 0.000000
0.122 0.123 0.000000
0.123 0.124 0.000000
0.124 0.125 0.000000
0.125 0.126 0.000000
0.126 0.127 0.000000
0.127 0.128 0.000000
0.128 0.129 0.000000
0.129 0.130 0.000000
0.130 0.131 0.000000
0.131 0.132 0.000000
0.132 0.133 0.000000
0.133 0.134 0.000000
0.134 0.135 0.000000
0.135 0.136 0.000000
0.136 0.137 0.000000
0.137 0.138 0.000000
0.138 0.139 0.000000
0.139 0.140 0.000000
0.140 0.141 0.000000
0.141 0.142 0.000000
0.142 0.143 0.000000
0.143 0.144 0.000000
0.144 0.145 0.000000
0.145 0.146 0.000000
0.146 0.147 0.000000
0.147 0.148 0.000000
0.148 0.149 0.000000
0.149 0.150 0.000000
