1
0.000 0.001 0.000000
0.001 0.002 0.000000
0.002 0.003 0.000000
0.003 0.004 0.000000
0.004 0.005 0.000000
0.005 0.006 0.000000
0.006 0.007 0.000000
0.007 0.008 0.000000
0.008 0.009 0.000000
0.009 0.010 0.000000
0.010 0.011 0.000000
0.011 0.012 0.000000
0.012 0.013 0.000000
0.013 0.014 0.000003
0.014 0.015 0.000029
0.015 0.016 0.000160
0.016 0.017 0.000624
0.017 0.018 0.001880
0.018 0.019 0.004602
0.019 0.020 0.009668
0.020 0.021 0.017971
0.021 0.022 0.030134
0.022 0.023 0.046553
0.023 0.024 0.067304
0.024 0.025 0.092012
0.025 0.026 0.119838
0.026 0.027 0.150170
0.027 0.028 0.182726
0.028 0.029 0.216137
0.029 0.030 0.248734
0.030 0.031 0.281091
0.031 0.032 0.312253
0.032 0.033 0.341362
0.033 0.034 0.368643
0.034 0.035 0.393743
0.035 0.036 0.415566
0.036 0.037 0.435442
0.037 0.038 0.453492
0.038 0.039 0.466916
0.039 0.040 0.478682
0.040 0.041 0.488685
0.041 0.042 0.495531
0.042 0.043 0.501806
0.043 0.044 0.506035
0.044 0.045 0.509734
0.045 0.046 0.510141
0.046 0.047 0.508203
0.047 0.048 0.508674
0.048 0.049 0.507279
0.049 0.050 0.501786
0.050 0.051 0.496363
0.051 0.052 0.492929
0.052 0.053 0.487925
0.053 0.054 0.480567
0.054 0.055 0.473157
0.055 0.056 0.468065
0.056 0.057 0.462634
0.057 0.058 0.647069
0.058 0.059 1.000000
0.059 0.060 0.797454
0.060 0.061 0.441077
0.061 0.062 0.432580
0.062 0.063 0.405763
0.063 0.064 0.396079
0.064 0.065 0.385629
0.065 0.066 0.376929
0.066 0.067 0.505540
0.067 0.068 0.496919
0.068 0.069 0.379425
0.069 0.070 0.339569
0.070 0.071 0.273596
0.071 0.072 0.267018
0.072 0.073 0.259077
0.073 0.074 0.253887
0.074 0.075 0.248444
0.075 0.076 0.242010
0.076 0.077 0.233735
0.077 0.078 0.227065
0.078 0.079 0.222861
0.079 0.080 0.217554
0.080 0.081 0.210513
0.081 0.082 0.202666
0.082 0.083 0.195403
0.083 0.084 0.188531
0.084 0.085 0.182513
0.085 0.086 0.177063
0.086 0.087 0.170352
0.087 0.088 0.165709
0.088 0.089 0.159819
0.089 0.090 0.152289
0.090 0.091 0.145485
0.091 0.092 0.136409
0.092 0.093 0.130443
0.093 0.094 0.127120
0.094 0.095 0.121194
0.095 0.096 0.115498
0.096 0.097 0.109518
0.097 0.098 0.101860
0.098 0.099 0.095886
0.099 0.100 0.091060
0.100 0.101 0.086990
0.101 0.102 0.082364
0.102 0.103 0.076213
0.103 0.104 0.072265
0.104 0.105 0.068654
0.105 0.106 0.064167
0.106 0.107 0.060026
0.107 0.108 0.055030
0.108 0.109 0.050495
0.109 0.110 0.046744
0.110 0.111 0.043098
0.111 0.112 0.040029
0.112 0.113 0.035905
0.113 0.114 0.032021
0.114 0.115 0.029282
0.115 0.116 0.026158
0.116 0.117 0.023165
0.117 0.118 0.019781
0.118 0.119 0.016249
0.119 0.120 0.014357
0.120 0.121 0.013416
0.121 0.122 0.011010
0.122 0.123 0.009353
0.123 0.124 0.007606
0.124 0.125 0.005374
0.125 0.126 0.003967
0.126 0.127 0.002804
0.127 0.128 0.001326
0.128 0.129 0.000350
0.129 0.130 0.000000
0.130 0.131 0.000000
0.131 0.132 0.000000
0.132 0.133 0.000000
0.133 0.134 0.000000
0.134 0.135 0.000000
0.135 0.136 0.000000
0.136 0.137 0.000000
0.137 0.138 0.000000
0.138 0.139 0.000000
0.139 0.140 0.000000
0.140 0.141 0.000000
0.141 0.142 0.000000
0.142 0.143 0.000000
0.143 0.144 0.000000
0.144 0.145 0.000000
0.145 0.146 0.000000
0.146 0.147 0.000000
0.147 0.148 0.000000
0.148 0.149 0.000000
0.149 0.150 0.000000
