1
0.000 0.001 0.000000
0.001 0.002 0.000000
0.002 0.003 0.000000
0.003 0.004 0.000000
0.004 0.005 0.000000
0.005 0.006 0.000000
0.006 0.007 0.000000
0.007 0.008 0.000000
0.008 0.009 0.000000
0.009 0.010 0.000000
0.010 0.011 0.000000
0.011 0.012 0.000000
0.012 0.013 0.000000
0.013 0.014 0.000000
0.014 0.015 0.000000
0.015 0.016 0.000000
0.016 0.017 0.000000
0.017 0.018 0.000000
0.018 0.019 0.000000
0.019 0.020 0.000003
0.020 0.021 0.000020
0.021 0.022 0.000091
0.022 0.023 0.000330
0.023 0.024 0.000976
0.024 0.025 0.002461
0.025 0.026 0.005410
0.026 0.027 0.010602
0.027 0.028 0.018991
0.028 0.029 0.031516
0.029 0.030 0.048698
0.030 0.031 0.071164
0.031 0.032 0.098769
0.032 0.033 0.131818
0.033 0.034 0.169462
0.034 0.035 0.210733
0.035 0.036 0.255230
0.036 0.037 0.300739
0.037 0.038 0.347512
0.038 0.039 0.395304
0.039 0.040 0.442648
0.040 0.041 0.486523
0.041 0.042 0.528411
0.042 0.043 0.567708
0.043 0.044 0.604293
0.044 0.045 0.636076
0.045 0.046 0.660817
0.046 0.047 0.685032
0.047 0.048 0.706100
0.048 0.049 0.719990
0.049 0.050 0.727196
0.050 0.051 0.734197
0.051 0.052 0.741671
0.052 0.053 0.737330
0.053 0.054 0.735444
0.054 0.055 0.732051
0.055 0.056 0.722862
0.056 0.057 0.710016
0.057 0.058 0.805434
0.058 0.059 1.000000
0.059 0.060 0.877351
0.060 0.061 0.661395
0.061 0.062 0.643032
0.062 0.063 0.610325
0.063 0.064 0.587794
0.064 0.065 0.565418
0.065 0.066 0.541101
0.066 0.067 0.608566
0.067 0.068 0.585931
0.068 0.069 0.486890
0.069 0.070 0.438408
0.070 0.071 0.382130
0.071 0.072 0.363726
0.072 0.073 0.338954
0.073 0.074 0.314472
0.074 0.075 0.295498
0.075 0.076 0.275560
0.076 0.077 0.256156
0.077 0.078 0.235725
0.078 0.079 0.216753
0.079 0.080 0.196451
0.080 0.081 0.179202
0.081 0.082 0.158943
0.082 0.083 0.141392
0.083 0.084 0.125702
0.084 0.085 0.106254
0.085 0.086 0.093415
0.086 0.087 0.078581
0.087 0.088 0.064039
0.088 0.089 0.046032
0.089 0.090 0.036020
0.090 0.091 0.028406
0.091 0.092 0.016705
0.092 0.093 0.010950
0.093 0.094 0.002985
0.094 0.095 0.000000
0.095 0.096 0.000000
0.096 0.097 0.000000
0.097 0.098 0.000000
0.098 0.099 0.000000
0.099 0.100 0.000000
0.100 0.101 0.000000
0.101 0.102 0.000000
0.102 0.103 0.000000
0.103 0.104 0.000000
0.104 0.105 0.000000
0.105 0.106 0.000000
0.106 0.107 0.000000
0.107 0.108 0.000000
0.108 0.109 0.000000
0.109 0.110 0.000000
0.110 0.111 0.000000
0.111 0.112 0.000000
0.112 0.113 0.000000
0.113 0.114 0.000000
0.114 0.115 0.000000
0.115 0.116 0.000000
0.116 0.117 0.000000
0.117 0.118 0.000000
0.118 0.119 0.000000
0.119 0.120 0.000000
0.120 0.121 0.000000
0.121 0.122 0.000000
0.122 0.123 0.000000
0.123 0.124 0.000000
0.124 0.125 0.000000
0.125 0.126 0.000000
0.126 0.127 0.000000
0.127 0.128 0.000000
0.128 0.129 0.000000
0.129 0.130 0.000000
0.130 0.131 0.000000
0.131 0.132 0.000000
0.132 0.133 0.000000
0.133 0.134 0.000000
0.134 0.135 0.000000
0.135 0.136 0.000000
0.136 0.137 0.000000
0.137 0.138 0.000000
0.138 0.139 0.000000
0.139 0.140 0.000000
0.140 0.141 0.000000
0.141 0.142 0.000000
0.142 0.143 0.000000
0.143 0.144 0.000000
0.144 0.145 0.000000
0.145 0.146 0.000000
0.146 0.147 0.000000
0.147 0.148 0.000000
0.148 0.149 0.000000
0.149 0.150 0.000000
