1
0.000 0.001 0.000000
0.001 0.002 0.000000
0.002 0.003 0.000000
0.003 0.004 0.000000
0.004 0.005 0.000000
0.005 0.006 0.000000
0.006 0.007 0.000000
0.007 0.008 0.000000
0.008 0.009 0.000000
0.009 0.010 0.000000
0.010 0.011 0.000000
0.011 0.012 0.000000
0.012 0.013 0.000000
0.013 0.014 0.000000
0.014 0.015 0.000000
0.015 0.016 0.000000
0.016 0.017 0.000000
0.017 0.018 0.000000
0.018 0.019 0.000000
0.019 0.020 0.000001
0.020 0.021 0.000009
0.021 0.022 0.000044
0.022 0.023 0.000166
0.023 0.024 0.000503
0.024 0.025 0.001295
0.025 0.026 0.002904
0.026 0.027 0.005789
0.027 0.028 0.010538
0.028 0.029 0.017733
0.029 0.030 0.027703
0.030 0.031 0.040877
0.031 0.032 0.057415
0.032 0.033 0.077300
0.033 0.034 0.100188
0.034 0.035 0.125961
0.035 0.036 0.154148
0.036 0.037 0.183885
0.037 0.038 0.214558
0.038 0.039 0.245093
0.039 0.040 0.275909
0.040 0.041 0.306406
0.041 0.042 0.335635
0.042 0.043 0.363970
0.043 0.044 0.389808
0.044 0.045 0.414392
0.045 0.046 0.436302
0.046 0.047 0.454110
0.047 0.048 0.472830
0.048 0.049 0.489728
0.049 0.050 0.501570
0.050 0.051 0.511178
0.051 0.052 0.521097
0.052 0.053 0.529736
0.053 0.054 0.534178
0.054 0.055 0.535159
0.055 0.056 0.536654
0.056 0.057 0.538248
0.057 0.058 0.694635
0.058 0.059 1.000000
0.059 0.060 0.836792
0.060 0.061 0.531406
0.061 0.062 0.525794
0.062 0.063 0.503159
0.063 0.064 0.492170
0.064 0.065 0.480997
0.065 0.066 0.472175
0.066 0.067 0.595099
0.067 0.068 0.585100
0.068 0.069 0.467221
0.069 0.070 0.423943
0.070 0.071 0.356396
0.071 0.072 0.346501
0.072 0.073 0.333748
0.073 0.074 0.327741
0.074 0.075 0.319961
0.075 0.076 0.308532
0.076 0.077 0.294612
0.077 0.078 0.281401
0.078 0.079 0.276088
0.079 0.080 0.268872
0.080 0.081 0.258065
0.081 0.082 0.245733
0.082 0.083 0.234648
0.083 0.084 0.223531
0.084 0.085 0.213426
0.085 0.086 0.204420
0.086 0.087 0.191939
0.087 0.088 0.185171
0.088 0.089 0.177922
0.089 0.090 0.167813
0.090 0.091 0.156888
0.091 0.092 0.144682
0.092 0.093 0.135926
0.093 0.094 0.129759
0.094 0.095 0.119433
0.095 0.096 0.112383
0.096 0.097 0.103860
0.097 0.098 0.093957
0.098 0.099 0.083402
0.099 0.100 0.075821
0.100 0.101 0.071577
0.101 0.102 0.063775
0.102 0.103 0.056258
0.103 0.104 0.050339
0.104 0.105 0.046028
0.105 0.106 0.040600
0.106 0.107 0.034832
0.107 0.108 0.027248
0.108 0.109 0.022945
0.109 0.110 0.018295
0.110 0.111 0.013954
0.111 0.112 0.009423
0.112 0.113 0.006883
0.113 0.114 0.004556
0.114 0.115 0.001265
0.115 0.116 0.000000
0.116 0.117 0.000000
0.117 0.118 0.000000
0.118 0.119 0.000000
0.119 0.120 0.000000
0.120 0.121 0.000000
0.121 0.122 0.000000
0.122 0.123 0.000000
0.123 0.124 0.000000
0.124 0.125 0.000000
0.125 0.126 0.000000
0.126 0.127 0.000000
0.127 0.128 0.000000
0.128 0.129 0.000000
0.129 0.130 0.000000
0.130 0.131 0.000000
0.131 0.132 0.000000
0.132 0.133 0.000000
0.133 0.134 0.000000
0.134 0.135 0.000000
0.135 0.136 0.000000
0.136 0.137 0.000000
0.137 0.138 0.000000
0.138 0.139 0.000000
0.139 0.140 0.000000
0.140 0.141 0.000000
0.141 0.142 0.000000
0.142 0.143 0.000000
0.143 0.144 0.000000
0.144 0.145 0.000000
0.145 0.146 0.000000
0.146 0.147 0.000000
0.147 0.148 0.000000
0.148 0.149 0.000000
0.149 0.150 0.000000
