1
0.000 0.001 0.000000
0.001 0.002 0.000000
0.002 0.003 0.000000
0.003 0.004 0.000000
0.004 0.005 0.000000
0.005 0.006 0.000000
0.006 0.007 0.000000
0.007 0.008 0.000000
0.008 0.009 0.000000
0.009 0.010 0.000000
0.010 0.011 0.000000
0.011 0.012 0.000001
0.012 0.013 0.000008
0.013 0.014 0.000071
0.014 0.015 0.000385
0.015 0.016 0.001436
0.016 0.017 0.004087
0.017 0.018 0.009512
0.018 0.019 0.018747
0.019 0.020 0.032839
0.020 0.021 0.052408
0.021 0.022 0.076956
0.022 0.023 0.106069
0.023 0.024 0.139358
0.024 0.025 0.175223
0.025 0.026 0.212026
0.026 0.027 0.249491
0.027 0.028 0.286866
0.028 0.029 0.322759
0.029 0.030 0.355912
0.030 0.031 0.386845
0.031 0.032 0.414286
0.032 0.033 0.438731
0.033 0.034 0.461949
0.034 0.035 0.482843
0.035 0.036 0.496851
0.036 0.037 0.509757
0.037 0.038 0.524000
0.038 0.039 0.530147
0.039 0.040 0.534010
0.040 0.041 0.538332
0.041 0.042 0.538288
0.042 0.043 0.539133
0.043 0.044 0.539712
0.044 0.045 0.538674
0.045 0.046 0.534455
0.046 0.047 0.527570
0.047 0.048 0.524121
0.048 0.049 0.520297
0.049 0.050 0.512314
0.050 0.051 0.502779
0.051 0.052 0.495938
0.052 0.053 0.489790
0.053 0.054 0.480519
0.054 0.055 0.471220
0.055 0.056 0.465304
0.056 0.057 0.458262
0.057 0.058 0.644049
0.058 0.059 1.000000
0.059 0.060 0.793173
0.060 0.061 0.432726
0.061 0.062 0.423680
0.062 0.063 0.396920
0.063 0.064 0.386825
0.064 0.065 0.375308
0.065 0.066 0.366757
0.066 0.067 0.494293
0.067 0.068 0.485544
0.068 0.069 0.369925
0.069 0.070 0.330314
0.070 0.071 0.264775
0.071 0.072 0.258031
0.072 0.073 0.250762
0.073 0.074 0.246008
0.074 0.075 0.240455
0.075 0.076 0.234924
0.076 0.077 0.227230
0.077 0.078 0.220590
0.078 0.079 0.217116
0.079 0.080 0.212165
0.080 0.081 0.204820
0.081 0.082 0.197193
0.082 0.083 0.190962
0.083 0.084 0.185456
0.084 0.085 0.180251
0.085 0.086 0.175639
0.086 0.087 0.168892
0.087 0.088 0.165166
0.088 0.089 0.160620
0.089 0.090 0.153679
0.090 0.091 0.147763
0.091 0.092 0.138689
0.092 0.093 0.133158
0.093 0.094 0.131171
0.094 0.095 0.125607
0.095 0.096 0.120114
0.096 0.097 0.114485
0.097 0.098 0.107308
0.098 0.099 0.101145
0.099 0.100 0.095833
0.100 0.101 0.091420
0.101 0.102 0.086784
0.102 0.103 0.080027
0.103 0.104 0.075037
0.104 0.105 0.071206
0.105 0.106 0.066256
0.106 0.107 0.061332
0.107 0.108 0.055188
0.108 0.109 0.049943
0.109 0.110 0.044100
0.110 0.111 0.038798
0.111 0.112 0.034619
0.112 0.113 0.029247
0.113 0.114 0.024758
0.114 0.115 0.020038
0.115 0.116 0.014605
0.116 0.117 0.009400
0.117 0.118 0.004765
0.118 0.119 0.000293
0.119 0.120 0.000000
0.120 0.121 0.000000
0.121 0.122 0.000000
0.122 0.123 0.000000
0.123 0.124 0.000000
0.124 0.125 0.000000
0.125 0.126 0.000000
0.126 0.127 0.000000
0.127 0.128 0.000000
0.128 0.129 0.000000
0.129 0.130 0.000000
0.130 0.131 0.000000
0.131 0.132 0.000000
0.132 0.133 0.000000
0.133 0.134 0.000000
0.134 0.135 0.000000
0.135 0.136 0.000000
0.136 0.137 0.000000
0.137 0.138 0.000000
0.138 0.139 0.000000
0.139 0.140 0.000000
0.140 0.141 0.000000
0.141 0.142 0.000000
0.142 0.143 0.000000
0.143 0.144 0.000000
0.144 0.145 0.000000
0.145 0.146 0.000000
0.146 0.147 0.000000
0.147 0.148 0.000000
0.148 0.149 0.000000
0.149 0.150 0.000000
