1
0.000 0.001 0.000000
0.001 0.002 0.000000
0.002 0.003 0.000000
0.003 0.004 0.000000
0.004 0.005 0.000000
0.005 0.006 0.000000
0.006 0.007 0.000000
0.007 0.008 0.000000
0.008 0.009 0.000000
0.009 0.010 0.000000
0.010 0.011 0.000000
0.011 0.012 0.000000
0.012 0.013 0.000000
0.013 0.014 0.000000
0.014 0.015 0.000000
0.015 0.016 0.000000
0.016 0.017 0.000000
0.017 0.018 0.000000
0.018 0.019 0.000000
0.019 0.020 0.000000
0.020 0.021 0.000001
0.021 0.022 0.000007
0.022 0.023 0.000030
0.023 0.024 0.000108
0.024 0.025 0.000318
0.025 0.026 0.000802
0.026 0.027 0.001774
0.027 0.028 0.003534
0.028 0.029 0.006447
0.029 0.030 0.010818
0.030 0.031 0.017021
0.031 0.032 0.025311
0.032 0.033 0.035895
0.033 0.034 0.048846
0.034 0.035 0.064012
0.035 0.036 0.081226
0.036 0.037 0.100303
0.037 0.038 0.121226
0.038 0.039 0.142957
0.039 0.040 0.165358
0.040 0.041 0.188401
0.041 0.042 0.211444
0.042 0.043 0.234524
0.043 0.044 0.256700
0.044 0.045 0.278684
0.045 0.046 0.298490
0.046 0.047 0.317269
0.047 0.048 0.336693
0.048 0.049 0.353223
0.049 0.050 0.366450
0.050 0.051 0.380022
0.051 0.052 0.393327
0.052 0.053 0.403804
0.053 0.054 0.412633
0.054 0.055 0.420387
0.055 0.056 0.427810
0.056 0.057 0.434932
0.057 0.058 0.628272
0.058 0.059 1.000000
0.059 0.060 0.815422
0.060 0.061 0.457173
0.061 0.062 0.457280
0.062 0.063 0.435706
0.063 0.064 0.432745
0.064 0.065 0.428488
0.065 0.066 0.422845
0.066 0.067 0.582745
0.067 0.068 0.581585
0.068 0.069 0.445964
0.069 0.070 0.403728
0.070 0.071 0.326140
0.071 0.072 0.322330
0.072 0.073 0.315869
0.073 0.074 0.311352
0.074 0.075 0.307340
0.075 0.076 0.302104
0.076 0.077 0.294515
0.077 0.078 0.288551
0.078 0.079 0.283185
0.079 0.080 0.279203
0.080 0.081 0.274216
0.081 0.082 0.267323
0.082 0.083 0.260157
0.083 0.084 0.253345
0.084 0.085 0.247512
0.085 0.086 0.242013
0.086 0.087 0.235893
0.087 0.088 0.231060
0.088 0.089 0.224128
0.089 0.090 0.215957
0.090 0.091 0.208058
0.091 0.092 0.199592
0.092 0.093 0.193250
0.093 0.094 0.189652
0.094 0.095 0.183428
0.095 0.096 0.177670
0.096 0.097 0.171825
0.097 0.098 0.164031
0.098 0.099 0.156580
0.099 0.100 0.150991
0.100 0.101 0.145934
0.101 0.102 0.139716
0.102 0.103 0.132398
0.103 0.104 0.128021
0.104 0.105 0.122928
0.105 0.106 0.116770
0.106 0.107 0.111536
0.107 0.108 0.105282
0.108 0.109 0.100309
0.109 0.110 0.095663
0.110 0.111 0.090474
0.111 0.112 0.085576
0.112 0.113 0.078489
0.113 0.114 0.073369
0.114 0.115 0.069529
0.115 0.116 0.065496
0.116 0.117 0.060788
0.117 0.118 0.056687
0.118 0.119 0.051393
0.119 0.120 0.047351
0.120 0.121 0.044794
0.121 0.122 0.040426
0.122 0.123 0.037603
0.123 0.124 0.034613
0.124 0.125 0.030872
0.125 0.126 0.027096
0.126 0.127 0.024126
0.127 0.128 0.020502
0.128 0.129 0.016838
0.129 0.130 0.014558
0.130 0.131 0.011989
0.131 0.132 0.010436
0.132 0.133 0.008311
0.133 0.134 0.005393
0.134 0.135 0.003982
0.135 0.136 0.002680
0.136 0.137 0.001023
0.137 0.138 0.000569
0.138 0.139 0.000000
0.139 0.140 0.000000
0.140 0.141 0.000000
0.141 0.142 0.000000
0.142 0.143 0.000000
0.143 0.144 0.000000
0.144 0.145 0.000000
0.145 0.146 0.000000
0.146 0.147 0.000000
0.147 0.148 0.000000
0.148 0.149 0.000000
0.149 0.150 0.000000
