1
0.000 0.001 0.000000
0.001 0.002 0.000000
0.002 0.003 0.000000
0.003 0.004 0.000000
0.004 0.005 0.000000
0.005 0.006 0.000000
0.006 0.007 0.000000
0.007 0.008 0.000000
0.008 0.009 0.000000
0.009 0.010 0.000000
0.010 0.011 0.000000
0.011 0.012 0.000000
0.012 0.013 0.000000
0.013 0.014 0.000000
0.014 0.015 0.000000
0.015 0.016 0.000000
0.016 0.017 0.000001
0.017 0.018 0.000009
0.018 0.019 0.000053
0.019 0.020 0.000235
0.020 0.021 0.000799
0.021 0.022 0.002207
0.022 0.023 0.005130
0.023 0.024 0.010391
0.024 0.025 0.018940
0.025 0.026 0.031427
0.026 0.027 0.048232
0.027 0.028 0.070072
0.028 0.029 0.096660
0.029 0.030 0.126951
0.030 0.031 0.160052
0.031 0.032 0.195844
0.032 0.033 0.234485
0.033 0.034 0.273146
0.034 0.035 0.310019
0.035 0.036 0.347744
0.036 0.037 0.384189
0.037 0.038 0.415105
0.038 0.039 0.445395
0.039 0.040 0.476277
0.040 0.041 0.501050
0.041 0.042 0.523016
0.042 0.043 0.544441
0.043 0.044 0.561926
0.044 0.045 0.576935
0.045 0.046 0.588889
0.046 0.047 0.597100
0.047 0.048 0.604363
0.048 0.049 0.610370
0.049 0.050 0.609653
0.050 0.051 0.610204
0.051 0.052 0.613128
0.052 0.053 0.610690
0.053 0.054 0.604952
0.054 0.055 0.598839
0.055 0.056 0.593979
0.056 0.057 0.588529
0.057 0.058 0.728615
0.058 0.059 1.000000
0.059 0.060 0.840646
0.060 0.061 0.557871
0.061 0.062 0.545555
0.062 0.063 0.516539
0.063 0.064 0.500654
0.064 0.065 0.487486
0.065 0.066 0.476653
0.066 0.067 0.577588
0.067 0.068 0.566153
0.068 0.069 0.458403
0.069 0.070 0.415009
0.070 0.071 0.355869
0.071 0.072 0.344749
0.072 0.073 0.329969
0.073 0.074 0.321146
0.074 0.075 0.311098
0.075 0.076 0.295772
0.076 0.077 0.279858
0.077 0.078 0.267192
0.078 0.079 0.259099
0.079 0.080 0.248734
0.080 0.081 0.234461
0.081 0.082 0.218721
0.082 0.083 0.203601
0.083 0.084 0.188271
0.084 0.085 0.174600
0.085 0.086 0.162305
0.086 0.087 0.148244
0.087 0.088 0.134650
0.088 0.089 0.118878
0.089 0.090 0.104401
0.090 0.091 0.090962
0.091 0.092 0.076945
0.092 0.093 0.063591
0.093 0.094 0.049734
0.094 0.095 0.035628
0.095 0.096 0.021889
0.096 0.097 0.000000
0.097 0.098 0.000000
0.098 0.099 0.000000
0.099 0.100 0.000000
0.100 0.101 0.000000
0.101 0.102 0.000000
0.102 0.103 0.000000
0.103 0.104 0.000000
0.104 0.105 0.000000
0.105 0.106 0.000000
0.106 0.107 0.000000
0.107 0.108 0.000000
0.108 0.109 0.000000
0.109 0.110 0.000000
0.110 0.111 0.000000
0.111 0.112 0.000000
0.112 0.113 0.000000
0.113 0.114 0.000000
0.114 0.115 0.000000
0.115 0.116 0.000000
0.116 0.117 0.000000
0.117 0.118 0.000000
0.118 0.119 0.000000
0.119 0.120 0.000000
0.120 0.121 0.000000
0.121 0.122 0.000000
0.122 0.123 0.000000
0.123 0.124 0.000000
0.124 0.125 0.000000
0.125 0.126 0.000000
0.126 0.127 0.000000
0.127 0.128 0.000000
0.128 0.129 0.000000
0.129 0.130 0.000000
0.130 0.131 0.000000
0.131 0.132 0.000000
0.132 0.133 0.000000
0.133 0.134 0.000000
0.134 0.135 0.000000
0.135 0.136 0.000000
0.136 0.137 0.000000
0.137 0.138 0.000000
0.138 0.139 0.000000
0.139 0.140 0.000000
0.140 0.141 0.000000
0.141 0.142 0.000000
0.142 0.143 0.000000
0.143 0.144 0.000000
0.144 0.145 0.000000
0.145 0.146 0.000000
0.146 0.147 0.000000
0.147 0.148 0.000000
0.148 0.149 0.000000
0.149 0.150 0.000000
