1
0.000 0.001 0.000000
0.001 0.002 0.000000
0.002 0.003 0.000000
0.003 0.004 0.000000
0.004 0.005 0.000000
0.005 0.006 0.000000
0.006 0.007 0.000000
0.007 0.008 0.000000
0.008 0.009 0.000000
0.009 0.010 0.000000
0.010 0.011 0.000000
0.011 0.012 0.000000
0.012 0.013 0.000000
0.013 0.014 0.000000
0.014 0.015 0.000000
0.015 0.016 0.000000
0.016 0.017 0.000000
0.017 0.018 0.000000
0.018 0.019 0.000004
0.019 0.020 0.000031
0.020 0.021 0.000158
0.021 0.022 0.000603
0.022 0.023 0.001839
0.023 0.024 0.004699
0.024 0.025 0.010429
0.025 0.026 0.020492
0.026 0.027 0.036328
0.027 0.028 0.059490
0.028 0.029 0.091087
0.029 0.030 0.131167
0.030 0.031 0.179825
0.031 0.032 0.235711
0.032 0.033 0.297395
0.033 0.034 0.363767
0.034 0.035 0.433601
0.035 0.036 0.505158
0.036 0.037 0.574469
0.037 0.038 0.643255
0.038 0.039 0.708413
0.039 0.040 0.767232
0.040 0.041 0.821696
0.041 0.042 0.870379
0.042 0.043 0.912439
0.043 0.044 0.944868
0.044 0.045 0.972245
0.045 0.046 0.987663
0.046 0.047 0.996640
0.047 0.048 1.000000
0.048 0.049 0.997391
0.049 0.050 0.989455
0.050 0.051 0.977071
0.051 0.052 0.958708
0.052 0.053 0.933316
0.053 0.054 0.918884
0.054 0.055 0.893771
0.055 0.056 0.853875
0.056 0.057 0.815548
0.057 0.058 0.823258
0.058 0.059 0.875596
0.059 0.060 0.795991
0.060 0.061 0.672920
0.061 0.062 0.635152
0.062 0.063 0.592707
0.063 0.064 0.555079
0.064 0.065 0.515329
0.065 0.066 0.469868
0.066 0.067 0.461629
0.067 0.068 0.417964
0.068 0.069 0.347652
0.069 0.070 0.302336
0.070 0.071 0.260996
0.071 0.072 0.220331
0.072 0.073 0.183914
0.073 0.074 0.158090
0.074 0.075 0.127969
0.075 0.076 0.106307
0.076 0.077 0.083825
0.077 0.078 0.054748
0.078 0.079 0.035707
0.079 0.080 0.016775
0.080 0.081 0.005023
0.081 0.082 0.000000
0.082 0.083 0.000000
0.083 0.084 0.000000
0.084 0.085 0.000000
0.085 0.086 0.000000
0.086 0.087 0.000000
0.087 0.088 0.000000
0.088 0.089 0.000000
0.089 0.090 0.000000
0.090 0.091 0.000000
0.091 0.092 0.000000
0.092 0.093 0.000000
0.093 0.094 0.000000
0.094 0.095 0.000000
0.095 0.096 0.000000
0.096 0.097 0.000000
0.097 0.098 0.000000
0.098 0.099 0.000000
0.099 0.100 0.000000
0.100 0.101 0.000000
0.101 0.102 0.000000
0.102 0.103 0.000000
0.103 0.104 0.000000
0.104 0.105 0.000000
0.105 0.106 0.000000
0.106 0.107 0.000000
0.107 0.108 0.000000
0.108 0.109 0.000000
0.109 0.110 0.000000
0.110 0.111 0.000000
0.111 0.112 0.000000
0.112 0.113 0.000000
0.113 0.114 0.000000
0.114 0.115 0.000000
0.115 0.116 0.000000
0.116 0.117 0.000000
0.117 0.118 0.000000
0.118 0.119 0.000000
0.119 0.120 0.000000
0.120 0.121 0.000000
0.121 0.122 0.000000
0.122 0.123 0.000000
0.123 0.124 0.000000
0.124 0.125 0.000000
0.125 0.126 0.000000
0.126 0.127 0.000000
0.127 0.128 0.000000
0.128 0.129 0.000000
0.129 0.130 0.000000
0.130 0.131 0.000000
0.131 0.132 0.000000
0.132 0.133 0.000000
0.133 0.134 0.000000
0.134 0.135 0.000000
0.135 0.136 0.000000
0.136 0.137 0.000000
0.137 0.138 0.000000
0.138 0.139 0.000000
0.139 0.140 0.000000
0.140 0.141 0.000000
0.141 0.142 0.000000
0.142 0.143 0.000000
0.143 0.144 0.000000
0.144 0.145 0.000000
0.145 0.146 0.000000
0.146 0.147 0.000000
0.147 0.148 0.000000
0.148 0.149 0.000000
0.149 0.150 0.000000
