1
0.000 0.001 0.000000
0.001 0.002 0.000000
0.002 0.003 0.000000
0.003 0.004 0.000000
0.004 0.005 0.000000
0.005 0.006 0.000000
0.006 0.007 0.000000
0.007 0.008 0.000000
0.008 0.009 0.000000
0.009 0.010 0.000000
0.010 0.011 0.000000
0.011 0.012 0.000000
0.012 0.013 0.000000
0.013 0.014 0.000000
0.014 0.015 0.000000
0.015 0.016 0.000000
0.016 0.017 0.000000
0.017 0.018 0.000000
0.018 0.019 0.000004
0.019 0.020 0.000025
0.020 0.021 0.000111
0.021 0.022 0.000383
0.022 0.023 0.001083
0.023 0.024 0.002609
0.024 0.025 0.005535
0.025 0.026 0.010504
0.026 0.027 0.018167
0.027 0.028 0.029218
0.028 0.029 0.044170
0.029 0.030 0.063071
0.030 0.031 0.085796
0.031 0.032 0.112176
0.032 0.033 0.142116
0.033 0.034 0.174363
0.034 0.035 0.208461
0.035 0.036 0.244603
0.036 0.037 0.280642
0.037 0.038 0.315115
0.038 0.039 0.349518
0.039 0.040 0.384071
0.040 0.041 0.415451
0.041 0.042 0.444786
0.042 0.043 0.473287
0.043 0.044 0.497706
0.044 0.045 0.520801
0.045 0.046 0.540429
0.046 0.047 0.555827
0.047 0.048 0.570546
0.048 0.049 0.583268
0.049 0.050 0.590418
0.050 0.051 0.596556
0.051 0.052 0.603751
0.052 0.053 0.607697
0.053 0.054 0.608278
0.054 0.055 0.606279
0.055 0.056 0.602970
0.056 0.057 0.599664
0.057 0.058 0.736213
0.058 0.059 1.000000
0.059 0.060 0.849283
0.060 0.061 0.574766
0.061 0.062 0.563521
0.062 0.063 0.538061
0.063 0.064 0.522541
0.064 0.065 0.507732
0.065 0.066 0.494011
0.066 0.067 0.592799
0.067 0.068 0.579601
0.068 0.069 0.469533
0.069 0.070 0.424013
0.070 0.071 0.361343
0.071 0.072 0.347370
0.072 0.073 0.329228
0.073 0.074 0.319038
0.074 0.075 0.307314
0.075 0.076 0.289384
0.076 0.077 0.273303
0.077 0.078 0.259302
0.078 0.079 0.249213
0.079 0.080 0.238078
0.080 0.081 0.222998
0.081 0.082 0.208783
0.082 0.083 0.195290
0.083 0.084 0.181455
0.084 0.085 0.169026
0.085 0.086 0.156714
0.086 0.087 0.145984
0.087 0.088 0.136224
0.088 0.089 0.125929
0.089 0.090 0.114438
0.090 0.091 0.100871
0.091 0.092 0.090607
0.092 0.093 0.082004
0.093 0.094 0.073958
0.094 0.095 0.063877
0.095 0.096 0.057011
0.096 0.097 0.048426
0.097 0.098 0.039367
0.098 0.099 0.028651
0.099 0.100 0.022983
0.100 0.101 0.019978
0.101 0.102 0.013670
0.102 0.103 0.009171
0.103 0.104 0.004241
0.104 0.105 0.001223
0.105 0.106 0.000000
0.106 0.107 0.000000
0.107 0.108 0.000000
0.108 0.109 0.000000
0.109 0.110 0.000000
0.110 0.111 0.000000
0.111 0.112 0.000000
0.112 0.113 0.000000
0.113 0.114 0.000000
0.114 0.115 0.000000
0.115 0.116 0.000000
0.116 0.117 0.000000
0.117 0.118 0.000000
0.118 0.119 0.000000
0.119 0.120 0.000000
0.120 0.121 0.000000
0.121 0.122 0.000000
0.122 0.123 0.000000
0.123 0.124 0.000000
0.124 0.125 0.000000
0.125 0.126 0.000000
0.126 0.127 0.000000
0.127 0.128 0.000000
0.128 0.129 0.000000
0.129 0.130 0.000000
0.130 0.131 0.000000
0.131 0.132 0.000000
0.132 0.133 0.000000
0.133 0.134 0.000000
0.134 0.135 0.000000
0.135 0.136 0.000000
0.136 0.137 0.000000
0.137 0.138 0.000000
0.138 0.139 0.000000
0.139 0.140 0.000000
0.140 0.141 0.000000
0.141 0.142 0.000000
0.142 0.143 0.000000
0.143 0.144 0.000000
0.144 0.145 0.000000
0.145 0.146 0.000000
0.146 0.147 0.000000
0.147 0.148 0.000000
0.148 0.149 0.000000
0.149 0.150 0.000000
