1
0.000 0.001 0.000000
0.001 0.002 0.000000
0.002 0.003 0.000000
0.003 0.004 0.000000
0.004 0.005 0.000000
0.005 0.006 0.000000
0.006 0.007 0.000000
0.007 0.008 0.000000
0.008 0.009 0.000000
0.009 0.010 0.000000
0.010 0.011 0.000000
0.011 0.012 0.000000
0.012 0.013 0.000000
0.013 0.014 0.000000
0.014 0.015 0.000000
0.015 0.016 0.000000
0.016 0.017 0.000000
0.017 0.018 0.000000
0.018 0.019 0.000000
0.019 0.020 0.000000
0.020 0.021 0.000003
0.021 0.022 0.000013
0.022 0.023 0.000055
0.023 0.024 0.000181
0.024 0.025 0.000499
0.025 0.026 0.001188
0.026 0.027 0.002498
0.027 0.028 0.004769
0.028 0.029 0.008365
0.029 0.030 0.013569
0.030 0.031 0.020742
0.031 0.032 0.030044
0.032 0.033 0.041639
0.033 0.034 0.055501
0.034 0.035 0.071395
0.035 0.036 0.089201
0.036 0.037 0.108720
0.037 0.038 0.129756
0.038 0.039 0.151348
0.039 0.040 0.173339
0.040 0.041 0.195553
0.041 0.042 0.217725
0.042 0.043 0.239967
0.043 0.044 0.261141
0.044 0.045 0.281959
0.045 0.046 0.300657
0.046 0.047 0.318164
0.047 0.048 0.336474
0.048 0.049 0.352555
0.049 0.050 0.365225
0.050 0.051 0.377878
0.051 0.052 0.390838
0.052 0.053 0.400581
0.053 0.054 0.408397
0.054 0.055 0.415653
0.055 0.056 0.423151
0.056 0.057 0.429880
0.057 0.058 0.625188
0.058 0.059 1.000000
0.059 0.060 0.812990
0.060 0.061 0.452635
0.061 0.062 0.452994
0.062 0.063 0.432050
0.063 0.064 0.429920
0.064 0.065 0.426374
0.065 0.066 0.422777
0.066 0.067 0.581410
0.067 0.068 0.579829
0.068 0.069 0.445269
0.069 0.070 0.403063
0.070 0.071 0.326345
0.071 0.072 0.322671
0.072 0.073 0.316612
0.073 0.074 0.312570
0.074 0.075 0.308771
0.075 0.076 0.303740
0.076 0.077 0.296335
0.077 0.078 0.290719
0.078 0.079 0.286725
0.079 0.080 0.281904
0.080 0.081 0.275737
0.081 0.082 0.267706
0.082 0.083 0.259701
0.083 0.084 0.251760
0.084 0.085 0.245641
0.085 0.086 0.239955
0.086 0.087 0.233313
0.087 0.088 0.228409
0.088 0.089 0.221369
0.089 0.090 0.212779
0.090 0.091 0.205174
0.091 0.092 0.194433
0.092 0.093 0.187721
0.093 0.094 0.184003
0.094 0.095 0.177359
0.095 0.096 0.171079
0.096 0.097 0.164594
0.097 0.098 0.156158
0.098 0.099 0.148353
0.099 0.100 0.141878
0.100 0.101 0.137125
0.101 0.102 0.131552
0.102 0.103 0.125067
0.103 0.104 0.119960
0.104 0.105 0.114529
0.105 0.106 0.107886
0.106 0.107 0.101580
0.107 0.108 0.095613
0.108 0.109 0.090806
0.109 0.110 0.086162
0.110 0.111 0.081196
0.111 0.112 0.076678
0.112 0.113 0.070509
0.113 0.114 0.064394
0.114 0.115 0.060571
0.115 0.116 0.056460
0.116 0.117 0.051926
0.117 0.118 0.047714
0.118 0.119 0.042212
0.119 0.120 0.038133
0.120 0.121 0.036509
0.121 0.122 0.033522
0.122 0.123 0.030519
0.123 0.124 0.027329
0.124 0.125 0.023464
0.125 0.126 0.019225
0.126 0.127 0.016888
0.127 0.128 0.014037
0.128 0.129 0.011479
0.129 0.130 0.008595
0.130 0.131 0.006558
0.131 0.132 0.005196
0.132 0.133 0.003088
0.133 0.134 0.001922
0.134 0.135 0.000505
0.135 0.136 0.000000
0.136 0.137 0.000000
0.137 0.138 0.000000
0.138 0.139 0.000000
0.139 0.140 0.000000
0.140 0.141 0.000000
0.141 0.142 0.000000
0.142 0.143 0.000000
0.143 0.144 0.000000
0.144 0.145 0.000000
0.145 0.146 0.000000
0.146 0.147 0.000000
0.147 0.148 0.000000
0.148 0.149 0.000000
0.149 0.150 0.000000
