1
0.000 0.001 0.000000
0.001 0.002 0.000000
0.002 0.003 0.000000
0.003 0.004 0.000000
0.004 0.005 0.000000
0.005 0.006 0.000000
0.006 0.007 0.000000
0.007 0.008 0.000000
0.008 0.009 0.000000
0.009 0.010 0.000000
0.010 0.011 0.000000
0.011 0.012 0.000000
0.012 0.013 0.000000
0.013 0.014 0.000000
0.014 0.015 0.000000
0.015 0.016 0.000000
0.016 0.017 0.000000
0.017 0.018 0.000001
0.018 0.019 0.000008
0.019 0.020 0.000045
0.020 0.021 0.000179
0.021 0.022 0.000571
0.022 0.023 0.001517
0.023 0.024 0.003467
0.024 0.025 0.007020
0.025 0.026 0.012808
0.026 0.027 0.021398
0.027 0.028 0.033455
0.028 0.029 0.049307
0.029 0.030 0.068572
0.030 0.031 0.091537
0.031 0.032 0.117833
0.032 0.033 0.146707
0.033 0.034 0.177317
0.034 0.035 0.209219
0.035 0.036 0.242594
0.036 0.037 0.275737
0.037 0.038 0.307983
0.038 0.039 0.338259
0.039 0.040 0.367544
0.040 0.041 0.395068
0.041 0.042 0.419843
0.042 0.043 0.443565
0.043 0.044 0.464006
0.044 0.045 0.482278
0.045 0.046 0.496971
0.046 0.047 0.507362
0.047 0.048 0.517273
0.048 0.049 0.528581
0.049 0.050 0.534048
0.050 0.051 0.537084
0.051 0.052 0.541782
0.052 0.053 0.545529
0.053 0.054 0.544701
0.054 0.055 0.541229
0.055 0.056 0.538700
0.056 0.057 0.535892
0.057 0.058 0.693907
0.058 0.059 1.000000
0.059 0.060 0.826264
0.060 0.061 0.513816
0.061 0.062 0.506172
0.062 0.063 0.482051
0.063 0.064 0.470415
0.064 0.065 0.458379
0.065 0.066 0.448570
0.066 0.067 0.568109
0.067 0.068 0.558393
0.068 0.069 0.441232
0.069 0.070 0.397559
0.070 0.071 0.330648
0.071 0.072 0.318213
0.072 0.073 0.307024
0.073 0.074 0.301535
0.074 0.075 0.294538
0.075 0.076 0.284728
0.076 0.077 0.272659
0.077 0.078 0.262228
0.078 0.079 0.255873
0.079 0.080 0.248060
0.080 0.081 0.237206
0.081 0.082 0.224984
0.082 0.083 0.213000
0.083 0.084 0.203891
0.084 0.085 0.195880
0.085 0.086 0.188942
0.086 0.087 0.179764
0.087 0.088 0.173057
0.088 0.089 0.165828
0.089 0.090 0.156074
0.090 0.091 0.145947
0.091 0.092 0.134274
0.092 0.093 0.124933
0.093 0.094 0.120982
0.094 0.095 0.114018
0.095 0.096 0.107356
0.096 0.097 0.099468
0.097 0.098 0.090273
0.098 0.099 0.080719
0.099 0.100 0.073708
0.100 0.101 0.069525
0.101 0.102 0.062343
0.102 0.103 0.055450
0.103 0.104 0.050066
0.104 0.105 0.046105
0.105 0.106 0.041123
0.106 0.107 0.035889
0.107 0.108 0.028960
0.108 0.109 0.025068
0.109 0.110 0.020809
0.110 0.111 0.016880
0.111 0.112 0.013630
0.112 0.113 0.009045
0.113 0.114 0.007011
0.114 0.115 0.004869
0.115 0.116 0.001789
0.116 0.117 0.001067
0.117 0.118 0.000000
0.118 0.119 0.000000
0.119 0.120 0.000000
0.120 0.121 0.000000
0.121 0.122 0.000000
0.122 0.123 0.000000
0.123 0.124 0.000000
0.124 0.125 0.000000
0.125 0.126 0.000000
0.126 0.127 0.000000
0.127 0.128 0.000000
0.128 0.129 0.000000
0.129 0.130 0.000000
0.130 0.131 0.000000
0.131 0.132 0.000000
0.132 0.133 0.000000
0.133 0.134 0.000000
0.134 0.135 0.000000
0.135 0.136 0.000000
0.136 0.137 0.000000
0.137 0.138 0.000000
0.138 0.139 0.000000
0.139 0.140 0.000000
0.140 0.141 0.000000
0.141 0.142 0.000000
0.142 0.143 0.000000
0.143 0.144 0.000000
0.144 0.145 0.000000
0.145 0.146 0.000000
0.146 0.147 0.000000
0.147 0.148 0.000000
0.148 0.149 0.000000
0.149 0.150 0.000000
