1
0.000 0.001 0.000000
0.001 0.002 0.000000
0.002 0.003 0.000000
0.003 0.004 0.000000
0.004 0.005 0.000000
0.005 0.006 0.000000
0.006 0.007 0.000000
0.007 0.008 0.000000
0.008 0.009 0.000000
0.009 0.010 0.000000
0.010 0.011 0.000000
0.011 0.012 0.000000
0.012 0.013 0.000000
0.013 0.014 0.000000
0.014 0.015 0.000002
0.015 0.016 0.000016
0.016 0.017 0.000091
0.017 0.018 0.000377
0.018 0.019 0.001183
0.019 0.020 0.003026
0.020 0.021 0.006601
0.021 0.022 0.012579
0.022 0.023 0.021603
0.023 0.024 0.034145
0.024 0.025 0.050290
0.025 0.026 0.069802
0.026 0.027 0.092296
0.027 0.028 0.117603
0.028 0.029 0.144715
0.029 0.030 0.172287
0.030 0.031 0.200761
0.031 0.032 0.228777
0.032 0.033 0.255903
0.033 0.034 0.282507
0.034 0.035 0.307226
0.035 0.036 0.328833
0.036 0.037 0.349584
0.037 0.038 0.370303
0.038 0.039 0.386211
0.039 0.040 0.399788
0.040 0.041 0.412428
0.041 0.042 0.422303
0.042 0.043 0.431059
0.043 0.044 0.438393
0.044 0.045 0.445178
0.045 0.046 0.447950
0.046 0.047 0.449415
0.047 0.048 0.453032
0.048 0.049 0.453882
0.049 0.050 0.451579
0.050 0.051 0.449312
0.051 0.052 0.448202
0.052 0.053 0.445032
0.053 0.054 0.440144
0.054 0.055 0.435628
0.055 0.056 0.432966
0.056 0.057 0.429384
0.057 0.058 0.625573
0.058 0.059 1.000000
0.059 0.060 0.790807
0.060 0.061 0.418503
0.061 0.062 0.412123
0.062 0.063 0.386112
0.063 0.064 0.379045
0.064 0.065 0.370403
0.065 0.066 0.362825
0.066 0.067 0.501606
0.067 0.068 0.494740
0.068 0.069 0.372639
0.069 0.070 0.333101
0.070 0.071 0.264256
0.071 0.072 0.259357
0.072 0.073 0.253282
0.073 0.074 0.248463
0.074 0.075 0.243855
0.075 0.076 0.239372
0.076 0.077 0.232901
0.077 0.078 0.227690
0.078 0.079 0.224146
0.079 0.080 0.219768
0.080 0.081 0.214184
0.081 0.082 0.207754
0.082 0.083 0.201836
0.083 0.084 0.196557
0.084 0.085 0.191876
0.085 0.086 0.187500
0.086 0.087 0.182015
0.087 0.088 0.178743
0.088 0.089 0.173850
0.089 0.090 0.167317
0.090 0.091 0.162103
0.091 0.092 0.154022
0.092 0.093 0.148622
0.093 0.094 0.146370
0.094 0.095 0.141168
0.095 0.096 0.136118
0.096 0.097 0.131209
0.097 0.098 0.124651
0.098 0.099 0.119201
0.099 0.100 0.114524
0.100 0.101 0.109950
0.101 0.102 0.105332
0.102 0.103 0.099549
0.103 0.104 0.095190
0.104 0.105 0.090953
0.105 0.106 0.085665
0.106 0.107 0.080951
0.107 0.108 0.075168
0.108 0.109 0.070372
0.109 0.110 0.065447
0.110 0.111 0.060597
0.111 0.112 0.056345
0.112 0.113 0.051029
0.113 0.114 0.046393
0.114 0.115 0.041972
0.115 0.116 0.037811
0.116 0.117 0.033751
0.117 0.118 0.029339
0.118 0.119 0.024337
0.119 0.120 0.021357
0.120 0.121 0.020246
0.121 0.122 0.017595
0.122 0.123 0.014643
0.123 0.124 0.012262
0.124 0.125 0.009293
0.125 0.126 0.007060
0.126 0.127 0.005020
0.127 0.128 0.003475
0.128 0.129 0.001748
0.129 0.130 0.000315
0.130 0.131 0.000000
0.131 0.132 0.000000
0.132 0.133 0.000000
0.133 0.134 0.000000
0.134 0.135 0.000000
0.135 0.136 0.000000
0.136 0.137 0.000000
0.137 0.138 0.000000
0.138 0.139 0.000000
0.139 0.140 0.000000
0.140 0.141 0.000000
0.141 0.142 0.000000
0.142 0.143 0.000000
0.143 0.144 0.000000
0.144 0.145 0.000000
0.145 0.146 0.000000
0.146 0.147 0.000000
0.147 0.148 0.000000
0.148 0.149 0.000000
0.149 0.150 0.000000
