1
0.000 0.001 0.000000
0.001 0.002 0.000000
0.002 0.003 0.000000
0.003 0.004 0.000000
0.004 0.005 0.000000
0.005 0.006 0.000000
0.006 0.007 0.000000
0.007 0.008 0.000000
0.008 0.009 0.000000
0.009 0.010 0.000000
0.010 0.011 0.000000
0.011 0.012 0.000000
0.012 0.013 0.000000
0.013 0.014 0.000000
0.014 0.015 0.000000
0.015 0.016 0.000000
0.016 0.017 0.000000
0.017 0.018 0.000000
0.018 0.019 0.000000
0.019 0.020 0.000003
0.020 0.021 0.000019
0.021 0.022 0.000083
0.022 0.023 0.000289
0.023 0.024 0.000827
0.024 0.025 0.002027
0.025 0.026 0.004333
0.026 0.027 0.008338
0.027 0.028 0.014689
0.028 0.029 0.024027
0.029 0.030 0.036676
0.030 0.031 0.052856
0.031 0.032 0.072612
0.032 0.033 0.095942
0.033 0.034 0.122326
0.034 0.035 0.151340
0.035 0.036 0.182464
0.036 0.037 0.214875
0.037 0.038 0.246900
0.038 0.039 0.278090
0.039 0.040 0.309713
0.040 0.041 0.339275
0.041 0.042 0.369186
0.042 0.043 0.398159
0.043 0.044 0.424089
0.044 0.045 0.448667
0.045 0.046 0.470483
0.046 0.047 0.487973
0.047 0.048 0.505330
0.048 0.049 0.520832
0.049 0.050 0.530491
0.050 0.051 0.538124
0.051 0.052 0.545936
0.052 0.053 0.552348
0.053 0.054 0.554619
0.054 0.055 0.553578
0.055 0.056 0.551326
0.056 0.057 0.553232
0.057 0.058 0.705866
0.058 0.059 1.000000
0.059 0.060 0.840515
0.060 0.061 0.542959
0.061 0.062 0.536018
0.062 0.063 0.512708
0.063 0.064 0.500132
0.064 0.065 0.487935
0.065 0.066 0.478006
0.066 0.067 0.593886
0.067 0.068 0.583627
0.068 0.069 0.466272
0.069 0.070 0.419600
0.070 0.071 0.354569
0.071 0.072 0.344468
0.072 0.073 0.331327
0.073 0.074 0.325587
0.074 0.075 0.318068
0.075 0.076 0.306162
0.076 0.077 0.291888
0.077 0.078 0.279697
0.078 0.079 0.271962
0.079 0.080 0.262713
0.080 0.081 0.250231
0.081 0.082 0.234473
0.082 0.083 0.223824
0.083 0.084 0.212690
0.084 0.085 0.203113
0.085 0.086 0.194885
0.086 0.087 0.184465
0.087 0.088 0.176076
0.088 0.089 0.167269
0.089 0.090 0.155972
0.090 0.091 0.143537
0.091 0.092 0.130542
0.092 0.093 0.119167
0.093 0.094 0.113787
0.094 0.095 0.105855
0.095 0.096 0.098356
0.096 0.097 0.089040
0.097 0.098 0.078602
0.098 0.099 0.067115
0.099 0.100 0.058994
0.100 0.101 0.053357
0.101 0.102 0.048290
0.102 0.103 0.041088
0.103 0.104 0.035185
0.104 0.105 0.030751
0.105 0.106 0.025338
0.106 0.107 0.018326
0.107 0.108 0.014453
0.108 0.109 0.010911
0.109 0.110 0.007272
0.110 0.111 0.002700
0.111 0.112 0.001684
0.112 0.113 0.000000
0.113 0.114 0.000000
0.114 0.115 0.000000
0.115 0.116 0.000000
0.116 0.117 0.000000
0.117 0.118 0.000000
0.118 0.119 0.000000
0.119 0.120 0.000000
0.120 0.121 0.000000
0.121 0.122 0.000000
0.122 0.123 0.000000
0.123 0.124 0.000000
0.124 0.125 0.000000
0.125 0.126 0.000000
0.126 0.127 0.000000
0.127 0.128 0.000000
0.128 0.129 0.000000
0.129 0.130 0.000000
0.130 0.131 0.000000
0.131 0.132 0.000000
0.132 0.133 0.000000
0.133 0.134 0.000000
0.134 0.135 0.000000
0.135 0.136 0.000000
0.136 0.137 0.000000
0.137 0.138 0.000000
0.138 0.139 0.000000
0.139 0.140 0.000000
0.140 0.141 0.000000
0.141 0.142 0.000000
0.142 0.143 0.000000
0.143 0.144 0.000000
0.144 0.145 0.000000
0.145 0.146 0.000000
0.146 0.147 0.000000
0.147 0.148 0.000000
0.148 0.149 0.000000
0.149 0.150 0.000000
