1
0.000 0.001 0.000000
0.001 0.002 0.000000
0.002 0.003 0.000000
0.003 0.004 0.000000
0.004 0.005 0.000000
0.005 0.006 0.000000
0.006 0.007 0.000000
0.007 0.008 0.000000
0.008 0.009 0.000000
0.009 0.010 0.000000
0.010 0.011 0.000000
0.011 0.012 0.000000
0.012 0.013 0.000000
0.013 0.014 0.000000
0.014 0.015 0.000001
0.015 0.016 0.000009
0.016 0.017 0.000059
0.017 0.018 0.000275
0.018 0.019 0.000964
0.019 0.020 0.002703
0.020 0.021 0.006356
0.021 0.022 0.012970
0.022 0.023 0.023555
0.023 0.024 0.038929
0.024 0.025 0.059620
0.025 0.026 0.085485
0.026 0.027 0.116135
0.027 0.028 0.151212
0.028 0.029 0.189852
0.029 0.030 0.230537
0.030 0.031 0.271877
0.031 0.032 0.313450
0.032 0.033 0.354631
0.033 0.034 0.393639
0.034 0.035 0.430551
0.035 0.036 0.465932
0.036 0.037 0.497984
0.037 0.038 0.524744
0.038 0.039 0.548118
0.039 0.040 0.570548
0.040 0.041 0.588565
0.041 0.042 0.603041
0.042 0.043 0.616447
0.043 0.044 0.625126
0.044 0.045 0.632919
0.045 0.046 0.637706
0.046 0.047 0.637547
0.047 0.048 0.638212
0.048 0.049 0.638081
0.049 0.050 0.632353
0.050 0.051 0.626097
0.051 0.052 0.622301
0.052 0.053 0.616923
0.053 0.054 0.608422
0.054 0.055 0.597768
0.055 0.056 0.587860
0.056 0.057 0.578841
0.057 0.058 0.721876
0.058 0.059 1.000000
0.059 0.060 0.831190
0.060 0.061 0.535757
0.061 0.062 0.521963
0.062 0.063 0.494384
0.063 0.064 0.477841
0.064 0.065 0.462047
0.065 0.066 0.448520
0.066 0.067 0.547263
0.067 0.068 0.533770
0.068 0.069 0.426886
0.069 0.070 0.383903
0.070 0.071 0.323698
0.071 0.072 0.310619
0.072 0.073 0.294644
0.073 0.074 0.285425
0.074 0.075 0.276041
0.075 0.076 0.262739
0.076 0.077 0.247944
0.077 0.078 0.235134
0.078 0.079 0.226245
0.079 0.080 0.215686
0.080 0.081 0.204548
0.081 0.082 0.191988
0.082 0.083 0.180286
0.083 0.084 0.168368
0.084 0.085 0.156973
0.085 0.086 0.148993
0.086 0.087 0.139551
0.087 0.088 0.131500
0.088 0.089 0.123318
0.089 0.090 0.112895
0.090 0.091 0.103038
0.091 0.092 0.093582
0.092 0.093 0.086195
0.093 0.094 0.079951
0.094 0.095 0.071502
0.095 0.096 0.065447
0.096 0.097 0.057937
0.097 0.098 0.049784
0.098 0.099 0.040206
0.099 0.100 0.035018
0.100 0.101 0.032643
0.101 0.102 0.027896
0.102 0.103 0.021236
0.103 0.104 0.017123
0.104 0.105 0.013906
0.105 0.106 0.009518
0.106 0.107 0.006709
0.107 0.108 0.003113
0.108 0.109 0.000835
0.109 0.110 0.000000
0.110 0.111 0.000000
0.111 0.112 0.000000
0.112 0.113 0.000000
0.113 0.114 0.000000
0.114 0.115 0.000000
0.115 0.116 0.000000
0.116 0.117 0.000000
0.117 0.118 0.000000
0.118 0.119 0.000000
0.119 0.120 0.000000
0.120 0.121 0.000000
0.121 0.122 0.000000
0.122 0.123 0.000000
0.123 0.124 0.000000
0.124 0.125 0.000000
0.125 0.126 0.000000
0.126 0.127 0.000000
0.127 0.128 0.000000
0.128 0.129 0.000000
0.129 0.130 0.000000
0.130 0.131 0.000000
0.131 0.132 0.000000
0.132 0.133 0.000000
0.133 0.134 0.000000
0.134 0.135 0.000000
0.135 0.136 0.000000
0.136 0.137 0.000000
0.137 0.138 0.000000
0.138 0.139 0.000000
0.139 0.140 0.000000
0.140 0.141 0.000000
0.141 0.142 0.000000
0.142 0.143 0.000000
0.143 0.144 0.000000
0.144 0.145 0.000000
0.145 0.146 0.000000
0.146 0.147 0.000000
0.147 0.148 0.000000
0.148 0.149 0.000000
0.149 0.150 0.000000
