1
0.000 0.001 0.000000
0.001 0.002 0.000000
0.002 0.003 0.000000
0.003 0.004 0.000000
0.004 0.005 0.000000
0.005 0.006 0.000000
0.006 0.007 0.000000
0.007 0.008 0.000000
0.008 0.009 0.000000
0.009 0.010 0.000000
0.010 0.011 0.000000
0.011 0.012 0.000000
0.012 0.013 0.000000
0.013 0.014 0.000000
0.014 0.015 0.000000
0.015 0.016 0.000000
0.016 0.017 0.000000
0.017 0.018 0.000000
0.018 0.019 0.000000
0.019 0.020 0.000001
0.020 0.021 0.000004
0.021 0.022 0.000022
0.022 0.023 0.000086
0.023 0.024 0.000280
0.024 0.025 0.000761
0.025 0.026 0.001788
0.026 0.027 0.003710
0.027 0.028 0.007003
0.028 0.029 0.012167
0.029 0.030 0.019537
0.030 0.031 0.029546
0.031 0.032 0.042495
0.032 0.033 0.058395
0.033 0.034 0.077110
0.034 0.035 0.098580
0.035 0.036 0.122352
0.036 0.037 0.148053
0.037 0.038 0.175068
0.038 0.039 0.202282
0.039 0.040 0.230060
0.040 0.041 0.257618
0.041 0.042 0.284100
0.042 0.043 0.310514
0.043 0.044 0.335371
0.044 0.045 0.358309
0.045 0.046 0.380387
0.046 0.047 0.399672
0.047 0.048 0.419312
0.048 0.049 0.437428
0.049 0.050 0.450919
0.050 0.051 0.461991
0.051 0.052 0.473777
0.052 0.053 0.484260
0.053 0.054 0.490556
0.054 0.055 0.494525
0.055 0.056 0.499049
0.056 0.057 0.502584
0.057 0.058 0.672929
0.058 0.059 1.000000
0.059 0.060 0.830671
0.060 0.061 0.507370
0.061 0.062 0.504654
0.062 0.063 0.483585
0.063 0.064 0.476486
0.064 0.065 0.468193
0.065 0.066 0.461716
0.066 0.067 0.598660
0.067 0.068 0.593029
0.068 0.069 0.467415
0.069 0.070 0.422994
0.070 0.071 0.350626
0.071 0.072 0.340328
0.072 0.073 0.331227
0.073 0.074 0.326771
0.074 0.075 0.320861
0.075 0.076 0.312814
0.076 0.077 0.302091
0.077 0.078 0.292822
0.078 0.079 0.287467
0.079 0.080 0.280455
0.080 0.081 0.270170
0.081 0.082 0.258308
0.082 0.083 0.247852
0.083 0.084 0.236581
0.084 0.085 0.229189
0.085 0.086 0.222759
0.086 0.087 0.213685
0.087 0.088 0.207630
0.088 0.089 0.200496
0.089 0.090 0.190525
0.090 0.091 0.180894
0.091 0.092 0.168446
0.092 0.093 0.159900
0.093 0.094 0.154832
0.094 0.095 0.144861
0.095 0.096 0.137991
0.096 0.097 0.130227
0.097 0.098 0.120679
0.098 0.099 0.111399
0.099 0.100 0.104215
0.100 0.101 0.099284
0.101 0.102 0.092783
0.102 0.103 0.083699
0.103 0.104 0.075687
0.104 0.105 0.071611
0.105 0.106 0.066294
0.106 0.107 0.060899
0.107 0.108 0.054225
0.108 0.109 0.048430
0.109 0.110 0.042077
0.110 0.111 0.036182
0.111 0.112 0.030496
0.112 0.113 0.026168
0.113 0.114 0.022544
0.114 0.115 0.018760
0.115 0.116 0.014366
0.116 0.117 0.009639
0.117 0.118 0.007125
0.118 0.119 0.004194
0.119 0.120 0.001624
0.120 0.121 0.001165
0.121 0.122 0.000000
0.122 0.123 0.000000
0.123 0.124 0.000000
0.124 0.125 0.000000
0.125 0.126 0.000000
0.126 0.127 0.000000
0.127 0.128 0.000000
0.128 0.129 0.000000
0.129 0.130 0.000000
0.130 0.131 0.000000
0.131 0.132 0.000000
0.132 0.133 0.000000
0.133 0.134 0.000000
0.134 0.135 0.000000
0.135 0.136 0.000000
0.136 0.137 0.000000
0.137 0.138 0.000000
0.138 0.139 0.000000
0.139 0.140 0.000000
0.140 0.141 0.000000
0.141 0.142 0.000000
0.142 0.143 0.000000
0.143 0.144 0.000000
0.144 0.145 0.000000
0.145 0.146 0.000000
0.146 0.147 0.000000
0.147 0.148 0.000000
0.148 0.149 0.000000
0.149 0.150 0.000000
