1
0.000 0.001 0.000000
0.001 0.002 0.000000
0.002 0.003 0.000000
0.003 0.004 0.000000
0.004 0.005 0.000000
0.005 0.006 0.000000
0.006 0.007 0.000000
0.007 0.008 0.000000
0.008 0.009 0.000000
0.009 0.010 0.000000
0.010 0.011 0.000000
0.011 0.012 0.000000
0.012 0.013 0.000000
0.013 0.014 0.000000
0.014 0.015 0.000000
0.015 0.016 0.000000
0.016 0.017 0.000001
0.017 0.018 0.000006
0.018 0.019 0.000036
0.019 0.020 0.000150
0.020 0.021 0.000492
0.021 0.022 0.001316
0.022 0.023 0.003006
0.023 0.024 0.006045
0.024 0.025 0.010922
0.025 0.026 0.018104
0.026 0.027 0.027867
0.027 0.028 0.040522
0.028 0.029 0.056070
0.029 0.030 0.073833
0.030 0.031 0.093962
0.031 0.032 0.115745
0.032 0.033 0.138974
0.033 0.034 0.163300
0.034 0.035 0.187637
0.035 0.036 0.210467
0.036 0.037 0.233405
0.037 0.038 0.257576
0.038 0.039 0.279005
0.039 0.040 0.299127
0.040 0.041 0.317891
0.041 0.042 0.333630
0.042 0.043 0.349188
0.043 0.044 0.363113
0.044 0.045 0.375401
0.045 0.046 0.385390
0.046 0.047 0.393699
0.047 0.048 0.403208
0.048 0.049 0.410275
0.049 0.050 0.413968
0.050 0.051 0.416918
0.051 0.052 0.420628
0.052 0.053 0.422264
0.053 0.054 0.421733
0.054 0.055 0.421514
0.055 0.056 0.422900
0.056 0.057 0.422555
0.057 0.058 0.620842
0.058 0.059 1.000000
0.059 0.060 0.796047
0.060 0.061 0.424012
0.061 0.062 0.419955
0.062 0.063 0.395667
0.063 0.064 0.390520
0.064 0.065 0.383265
0.065 0.066 0.377249
0.066 0.067 0.524096
0.067 0.068 0.519272
0.068 0.069 0.392863
0.069 0.070 0.352423
0.070 0.071 0.280680
0.071 0.072 0.276478
0.072 0.073 0.271146
0.073 0.074 0.266644
0.074 0.075 0.262139
0.075 0.076 0.258261
0.076 0.077 0.252122
0.077 0.078 0.247029
0.078 0.079 0.243894
0.079 0.080 0.239620
0.080 0.081 0.233674
0.081 0.082 0.226933
0.082 0.083 0.221104
0.083 0.084 0.216164
0.084 0.085 0.211548
0.085 0.086 0.207200
0.086 0.087 0.201169
0.087 0.088 0.198000
0.088 0.089 0.192939
0.089 0.090 0.185895
0.090 0.091 0.180775
0.091 0.092 0.171706
0.092 0.093 0.165978
0.093 0.094 0.164148
0.094 0.095 0.158585
0.095 0.096 0.153046
0.096 0.097 0.147815
0.097 0.098 0.140635
0.098 0.099 0.135173
0.099 0.100 0.130025
0.100 0.101 0.124561
0.101 0.102 0.119593
0.102 0.103 0.113097
0.103 0.104 0.108334
0.104 0.105 0.103829
0.105 0.106 0.098051
0.106 0.107 0.092889
0.107 0.108 0.086376
0.108 0.109 0.080995
0.109 0.110 0.075240
0.110 0.111 0.069761
0.111 0.112 0.065321
0.112 0.113 0.059069
0.113 0.114 0.053900
0.114 0.115 0.048984
0.115 0.116 0.043116
0.116 0.117 0.037838
0.117 0.118 0.031941
0.118 0.119 0.023949
0.119 0.120 0.019859
0.120 0.121 0.017614
0.121 0.122 0.012653
0.122 0.123 0.007093
0.123 0.124 0.000402
0.124 0.125 0.000000
0.125 0.126 0.000000
0.126 0.127 0.000000
0.127 0.128 0.000000
0.128 0.129 0.000000
0.129 0.130 0.000000
0.130 0.131 0.000000
0.131 0.132 0.000000
0.132 0.133 0.000000
0.133 0.134 0.000000
0.134 0.135 0.000000
0.135 0.136 0.000000
0.136 0.137 0.000000
0.137 0.138 0.000000
0.138 0.139 0.000000
0.139 0.140 0.000000
0.140 0.141 0.000000
0.141 0.142 0.000000
0.142 0.143 0.000000
0.143 0.144 0.000000
0.144 0.145 0.000000
0.145 0.146 0.000000
0.146 0.147 0.000000
0.147 0.148 0.000000
0.148 0.149 0.000000
0.149 0.150 0.000000
