1
0.000 0.001 0.000000
0.001 0.002 0.000000
0.002 0.003 0.000000
0.003 0.004 0.000000
0.004 0.005 0.000000
0.005 0.006 0.000000
0.006 0.007 0.000000
0.007 0.008 0.000000
0.008 0.009 0.000000
0.009 0.010 0.000000
0.010 0.011 0.000000
0.011 0.012 0.000000
0.012 0.013 0.000000
0.013 0.014 0.000000
0.014 0.015 0.000000
0.015 0.016 0.000000
0.016 0.017 0.000004
0.017 0.018 0.000027
0.018 0.019 0.000139
0.019 0.020 0.000532
0.020 0.021 0.001609
0.021 0.022 0.004030
0.022 0.023 0.008660
0.023 0.024 0.016458
0.024 0.025 0.028330
0.025 0.026 0.044837
0.026 0.027 0.066253
0.027 0.028 0.092693
0.028 0.029 0.123793
0.029 0.030 0.158570
0.030 0.031 0.195476
0.031 0.032 0.234322
0.032 0.033 0.275326
0.033 0.034 0.315612
0.034 0.035 0.354318
0.035 0.036 0.392869
0.036 0.037 0.428371
0.037 0.038 0.458833
0.038 0.039 0.488513
0.039 0.040 0.517720
0.040 0.041 0.540864
0.041 0.042 0.561074
0.042 0.043 0.580127
0.043 0.044 0.595212
0.044 0.045 0.608331
0.045 0.046 0.617774
0.046 0.047 0.623670
0.047 0.048 0.628570
0.048 0.049 0.631924
0.049 0.050 0.629478
0.050 0.051 0.627927
0.051 0.052 0.628585
0.052 0.053 0.624261
0.053 0.054 0.617106
0.054 0.055 0.609457
0.055 0.056 0.602280
0.056 0.057 0.594577
0.057 0.058 0.732224
0.058 0.059 1.000000
0.059 0.060 0.840594
0.060 0.061 0.559044
0.061 0.062 0.545395
0.062 0.063 0.516310
0.063 0.064 0.499957
0.064 0.065 0.485468
0.065 0.066 0.473015
0.066 0.067 0.570683
0.067 0.068 0.558447
0.068 0.069 0.452240
0.069 0.070 0.408483
0.070 0.071 0.349331
0.071 0.072 0.337486
0.072 0.073 0.321982
0.073 0.074 0.312124
0.074 0.075 0.301106
0.075 0.076 0.285774
0.076 0.077 0.269766
0.077 0.078 0.256159
0.078 0.079 0.246437
0.079 0.080 0.235373
0.080 0.081 0.221059
0.081 0.082 0.204789
0.082 0.083 0.189598
0.083 0.084 0.174504
0.084 0.085 0.160101
0.085 0.086 0.148039
0.086 0.087 0.134466
0.087 0.088 0.120840
0.088 0.089 0.108669
0.089 0.090 0.095776
0.090 0.091 0.084461
0.091 0.092 0.073546
0.092 0.093 0.062969
0.093 0.094 0.054682
0.094 0.095 0.045082
0.095 0.096 0.038084
0.096 0.097 0.029018
0.097 0.098 0.021938
0.098 0.099 0.013907
0.099 0.100 0.009344
0.100 0.101 0.005578
0.101 0.102 0.001001
0.102 0.103 0.000000
0.103 0.104 0.000000
0.104 0.105 0.000000
0.105 0.106 0.000000
0.106 0.107 0.000000
0.107 0.108 0.000000
0.108 0.109 0.000000
0.109 0.110 0.000000
0.110 0.111 0.000000
0.111 0.112 0.000000
0.112 0.113 0.000000
0.113 0.114 0.000000
0.114 0.115 0.000000
0.115 0.116 0.000000
0.116 0.117 0.000000
0.117 0.118 0.000000
0.118 0.119 0.000000
0.119 0.120 0.000000
0.120 0.121 0.000000
0.121 0.122 0.000000
0.122 0.123 0.000000
0.123 0.124 0.000000
0.124 0.125 0.000000
0.125 0.126 0.000000
0.126 0.127 0.000000
0.127 0.128 0.000000
0.128 0.129 0.000000
0.129 0.130 0.000000
0.130 0.131 0.000000
0.131 0.132 0.000000
0.132 0.133 0.000000
0.133 0.134 0.000000
0.134 0.135 0.000000
0.135 0.136 0.000000
0.136 0.137 0.000000
0.137 0.138 0.000000
0.138 0.139 0.000000
0.139 0.140 0.000000
0.140 0.141 0.000000
0.141 0.142 0.000000
0.142 0.143 0.000000
0.143 0.144 0.000000
0.144 0.145 0.000000
0.145 0.146 0.000000
0.146 0.147 0.000000
0.147 0.148 0.000000
0.148 0.149 0.000000
0.149 0.150 0.000000
