1
0.000 0.001 0.000000
0.001 0.002 0.000000
0.002 0.003 0.000000
0.003 0.004 0.000000
0.004 0.005 0.000000
0.005 0.006 0.000000
0.006 0.007 0.000000
0.007 0.008 0.000000
0.008 0.009 0.000000
0.009 0.010 0.000000
0.010 0.011 0.000000
0.011 0.012 0.000000
0.012 0.013 0.000000
0.013 0.014 0.000000
0.014 0.015 0.000000
0.015 0.016 0.000001
0.016 0.017 0.000010
0.017 0.018 0.000065
0.018 0.019 0.000301
0.019 0.020 0.001050
0.020 0.021 0.002933
0.021 0.022 0.006859
0.022 0.023 0.013899
0.023 0.024 0.025103
0.024 0.025 0.041299
0.025 0.026 0.062830
0.026 0.027 0.089736
0.027 0.028 0.121893
0.028 0.029 0.158492
0.029 0.030 0.198424
0.030 0.031 0.239602
0.031 0.032 0.281643
0.032 0.033 0.325286
0.033 0.034 0.367319
0.034 0.035 0.406803
0.035 0.036 0.445588
0.036 0.037 0.480520
0.037 0.038 0.509272
0.038 0.039 0.537147
0.039 0.040 0.564587
0.040 0.041 0.585252
0.041 0.042 0.602920
0.042 0.043 0.619346
0.043 0.044 0.631814
0.044 0.045 0.642226
0.045 0.046 0.648770
0.046 0.047 0.652109
0.047 0.048 0.654325
0.048 0.049 0.654976
0.049 0.050 0.650002
0.050 0.051 0.646338
0.051 0.052 0.645001
0.052 0.053 0.638266
0.053 0.054 0.629019
0.054 0.055 0.619719
0.055 0.056 0.610879
0.056 0.057 0.601326
0.057 0.058 0.736083
0.058 0.059 1.000000
0.059 0.060 0.840814
0.060 0.061 0.561084
0.061 0.062 0.546262
0.062 0.063 0.516099
0.063 0.064 0.498929
0.064 0.065 0.483766
0.065 0.066 0.470589
0.066 0.067 0.565251
0.067 0.068 0.552463
0.068 0.069 0.447642
0.069 0.070 0.403929
0.070 0.071 0.345677
0.071 0.072 0.333688
0.072 0.073 0.318024
0.073 0.074 0.307609
0.074 0.075 0.296138
0.075 0.076 0.280581
0.076 0.077 0.264544
0.077 0.078 0.250840
0.078 0.079 0.240883
0.079 0.080 0.229632
0.080 0.081 0.215172
0.081 0.082 0.198795
0.082 0.083 0.183565
0.083 0.084 0.168541
0.084 0.085 0.154102
0.085 0.086 0.141950
0.086 0.087 0.128308
0.087 0.088 0.114530
0.088 0.089 0.102037
0.089 0.090 0.089180
0.090 0.091 0.078221
0.091 0.092 0.067477
0.092 0.093 0.056895
0.093 0.094 0.048454
0.094 0.095 0.038855
0.095 0.096 0.031806
0.096 0.097 0.022866
0.097 0.098 0.015319
0.098 0.099 0.009734
0.099 0.100 0.004696
0.100 0.101 0.000976
0.101 0.102 0.000000
0.102 0.103 0.000000
0.103 0.104 0.000000
0.104 0.105 0.000000
0.105 0.106 0.000000
0.106 0.107 0.000000
0.107 0.108 0.000000
0.108 0.109 0.000000
0.109 0.110 0.000000
0.110 0.111 0.000000
0.111 0.112 0.000000
0.112 0.113 0.000000
0.113 0.114 0.000000
0.114 0.115 0.000000
0.115 0.116 0.000000
0.116 0.117 0.000000
0.117 0.118 0.000000
0.118 0.119 0.000000
0.119 0.120 0.000000
0.120 0.121 0.000000
0.121 0.122 0.000000
0.122 0.123 0.000000
0.123 0.124 0.000000
0.124 0.125 0.000000
0.125 0.126 0.000000
0.126 0.127 0.000000
0.127 0.128 0.000000
0.128 0.129 0.000000
0.129 0.130 0.000000
0.130 0.131 0.000000
0.131 0.132 0.000000
0.132 0.133 0.000000
0.133 0.134 0.000000
0.134 0.135 0.000000
0.135 0.136 0.000000
0.136 0.137 0.000000
0.137 0.138 0.000000
0.138 0.139 0.000000
0.139 0.140 0.000000
0.140 0.141 0.000000
0.141 0.142 0.000000
0.142 0.143 0.000000
0.143 0.144 0.000000
0.144 0.145 0.000000
0.145 0.146 0.000000
0.146 0.147 0.000000
0.147 0.148 0.000000
0.148 0.149 0.000000
0.149 0.150 0.000000
