1
0.000 0.001 0.000000
0.001 0.002 0.000000
0.002 0.003 0.000000
0.003 0.004 0.000000
0.004 0.005 0.000000
0.005 0.006 0.000000
0.006 0.007 0.000000
0.007 0.008 0.000000
0.008 0.009 0.000000
0.009 0.010 0.000000
0.010 0.011 0.000000
0.011 0.012 0.000000
0.012 0.013 0.000000
0.013 0.014 0.000000
0.014 0.015 0.000000
0.015 0.016 0.000000
0.016 0.017 0.000000
0.017 0.018 0.000001
0.018 0.019 0.000005
0.019 0.020 0.000028
0.020 0.021 0.000110
0.021 0.022 0.000344
0.022 0.023 0.000905
0.023 0.024 0.002062
0.024 0.025 0.004166
0.025 0.026 0.007608
0.026 0.027 0.012769
0.027 0.028 0.020041
0.028 0.029 0.029668
0.029 0.030 0.041529
0.030 0.031 0.055880
0.031 0.032 0.072313
0.032 0.033 0.090627
0.033 0.034 0.110756
0.034 0.035 0.131943
0.035 0.036 0.153215
0.036 0.037 0.175510
0.037 0.038 0.198858
0.038 0.039 0.220530
0.039 0.040 0.241315
0.040 0.041 0.261774
0.041 0.042 0.280492
0.042 0.043 0.298222
0.043 0.044 0.315118
0.044 0.045 0.331321
0.045 0.046 0.344334
0.046 0.047 0.356001
0.047 0.048 0.369133
0.048 0.049 0.379520
0.049 0.050 0.386676
0.050 0.051 0.393175
0.051 0.052 0.400199
0.052 0.053 0.404790
0.053 0.054 0.407176
0.054 0.055 0.409832
0.055 0.056 0.413663
0.056 0.057 0.415861
0.057 0.058 0.616119
0.058 0.059 1.000000
0.059 0.060 0.799378
0.060 0.061 0.426089
0.061 0.062 0.423808
0.062 0.063 0.400654
0.063 0.064 0.397050
0.064 0.065 0.391204
0.065 0.066 0.386124
0.066 0.067 0.539466
0.067 0.068 0.535944
0.068 0.069 0.405854
0.069 0.070 0.364906
0.070 0.071 0.290824
0.071 0.072 0.287235
0.072 0.073 0.282290
0.073 0.074 0.278100
0.074 0.075 0.274016
0.075 0.076 0.270448
0.076 0.077 0.264546
0.077 0.078 0.259745
0.078 0.079 0.256744
0.079 0.080 0.252651
0.080 0.081 0.246976
0.081 0.082 0.240354
0.082 0.083 0.234435
0.083 0.084 0.229383
0.084 0.085 0.224765
0.085 0.086 0.220349
0.086 0.087 0.214387
0.087 0.088 0.211234
0.088 0.089 0.205952
0.089 0.090 0.198705
0.090 0.091 0.193406
0.091 0.092 0.184118
0.092 0.093 0.178140
0.093 0.094 0.176155
0.094 0.095 0.170373
0.095 0.096 0.164655
0.096 0.097 0.159261
0.097 0.098 0.151778
0.098 0.099 0.146037
0.099 0.100 0.140714
0.100 0.101 0.135016
0.101 0.102 0.129764
0.102 0.103 0.123055
0.103 0.104 0.118104
0.104 0.105 0.113237
0.105 0.106 0.107052
0.106 0.107 0.101602
0.107 0.108 0.094751
0.108 0.109 0.089110
0.109 0.110 0.083184
0.110 0.111 0.077444
0.111 0.112 0.072706
0.112 0.113 0.066028
0.113 0.114 0.060411
0.114 0.115 0.055227
0.115 0.116 0.049135
0.116 0.117 0.043496
0.117 0.118 0.037347
0.118 0.119 0.029069
0.119 0.120 0.024550
0.120 0.121 0.022034
0.121 0.122 0.017398
0.122 0.123 0.013185
0.123 0.124 0.009363
0.124 0.125 0.005838
0.125 0.126 0.002983
0.126 0.127 0.000392
0.127 0.128 0.000000
0.128 0.129 0.000000
0.129 0.130 0.000000
0.130 0.131 0.000000
0.131 0.132 0.000000
0.132 0.133 0.000000
0.133 0.134 0.000000
0.134 0.135 0.000000
0.135 0.136 0.000000
0.136 0.137 0.000000
0.137 0.138 0.000000
0.138 0.139 0.000000
0.139 0.140 0.000000
0.140 0.141 0.000000
0.141 0.142 0.000000
0.142 0.143 0.000000
0.143 0.144 0.000000
0.144 0.145 0.000000
0.145 0.146 0.000000
0.146 0.147 0.000000
0.147 0.148 0.000000
0.148 0.149 0.000000
0.149 0.150 0.000000
