1
0.000 0.001 0.000000
0.001 0.002 0.000000
0.002 0.003 0.000000
0.003 0.004 0.000000
0.004 0.005 0.000000
0.005 0.006 0.000000
0.006 0.007 0.000000
0.007 0.008 0.000000
0.008 0.009 0.000000
0.009 0.010 0.000000
0.010 0.011 0.000000
0.011 0.012 0.000000
0.012 0.013 0.000000
0.013 0.014 0.000000
0.014 0.015 0.000000
0.015 0.016 0.000000
0.016 0.017 0.000000
0.017 0.018 0.000000
0.018 0.019 0.000001
0.019 0.020 0.000010
0.020 0.021 0.000057
0.021 0.022 0.000237
0.022 0.023 0.000779
0.023 0.024 0.002131
0.024 0.025 0.005001
0.025 0.026 0.010337
0.026 0.027 0.019168
0.027 0.028 0.032658
0.028 0.029 0.051852
0.029 0.030 0.076955
0.030 0.031 0.108444
0.031 0.032 0.145651
0.032 0.033 0.188407
0.033 0.034 0.235054
0.034 0.035 0.285473
0.035 0.036 0.337976
0.036 0.037 0.389871
0.037 0.038 0.442542
0.038 0.039 0.494552
0.039 0.040 0.544134
0.040 0.041 0.588975
0.041 0.042 0.630207
0.042 0.043 0.665424
0.043 0.044 0.702208
0.044 0.045 0.733702
0.045 0.046 0.754343
0.046 0.047 0.774810
0.047 0.048 0.790775
0.048 0.049 0.798255
0.049 0.050 0.800298
0.050 0.051 0.801251
0.051 0.052 0.805832
0.052 0.053 0.801584
0.053 0.054 0.795112
0.054 0.055 0.786488
0.055 0.056 0.770416
0.056 0.057 0.750792
0.057 0.058 0.830725
0.058 0.059 1.000000
0.059 0.060 0.881892
0.060 0.061 0.681239
0.061 0.062 0.658478
0.062 0.063 0.623550
0.063 0.064 0.597462
0.064 0.065 0.570806
0.065 0.066 0.541369
0.066 0.067 0.594272
0.067 0.068 0.567314
0.068 0.069 0.473935
0.069 0.070 0.425018
0.070 0.071 0.371253
0.071 0.072 0.350484
0.072 0.073 0.322869
0.073 0.074 0.297571
0.074 0.075 0.268641
0.075 0.076 0.248122
0.076 0.077 0.228371
0.077 0.078 0.206483
0.078 0.079 0.184988
0.079 0.080 0.162847
0.080 0.081 0.146048
0.081 0.082 0.125909
0.082 0.083 0.108907
0.083 0.084 0.094183
0.084 0.085 0.074471
0.085 0.086 0.062549
0.086 0.087 0.048976
0.087 0.088 0.035659
0.088 0.089 0.019465
0.089 0.090 0.011955
0.090 0.091 0.003672
0.091 0.092 0.000000
0.092 0.093 0.000000
0.093 0.094 0.000000
0.094 0.095 0.000000
0.095 0.096 0.000000
0.096 0.097 0.000000
0.097 0.098 0.000000
0.098 0.099 0.000000
0.099 0.100 0.000000
0.100 0.101 0.000000
0.101 0.102 0.000000
0.102 0.103 0.000000
0.103 0.104 0.000000
0.104 0.105 0.000000
0.105 0.106 0.000000
0.106 0.107 0.000000
0.107 0.108 0.000000
0.108 0.109 0.000000
0.109 0.110 0.000000
0.110 0.111 0.000000
0.111 0.112 0.000000
0.112 0.113 0.000000
0.113 0.114 0.000000
0.114 0.115 0.000000
0.115 0.116 0.000000
0.116 0.117 0.000000
0.117 0.118 0.000000
0.118 0.119 0.000000
0.119 0.120 0.000000
0.120 0.121 0.000000
0.121 0.122 0.000000
0.122 0.123 0.000000
0.123 0.124 0.000000
0.124 0.125 0.000000
0.125 0.126 0.000000
0.126 0.127 0.000000
0.127 0.128 0.000000
0.128 0.129 0.000000
0.129 0.130 0.000000
0.130 0.131 0.000000
0.131 0.132 0.000000
0.132 0.133 0.000000
0.133 0.134 0.000000
0.134 0.135 0.000000
0.135 0.136 0.000000
0.136 0.137 0.000000
0.137 0.138 0.000000
0.138 0.139 0.000000
0.139 0.140 0.000000
0.140 0.141 0.000000
0.141 0.142 0.000000
0.142 0.143 0.000000
0.143 0.144 0.000000
0.144 0.145 0.000000
0.145 0.146 0.000000
0.146 0.147 0.000000
0.147 0.148 0.000000
0.148 0.149 0.000000
0.149 0.150 0.000000
