1
0.000 0.001 0.000000
0.001 0.002 0.000000
0.002 0.003 0.000000
0.003 0.004 0.000000
0.004 0.005 0.000000
0.005 0.006 0.000000
0.006 0.007 0.000000
0.007 0.008 0.000000
0.008 0.009 0.000000
0.009 0.010 0.000000
0.010 0.011 0.000000
0.011 0.012 0.000000
0.012 0.013 0.000000
0.013 0.014 0.000000
0.014 0.015 0.000000
0.015 0.016 0.000000
0.016 0.017 0.000000
0.017 0.018 0.000000
0.018 0.019 0.000004
0.019 0.020 0.000022
0.020 0.021 0.000096
0.021 0.022 0.000329
0.022 0.023 0.000928
0.023 0.024 0.002236
0.024 0.025 0.004746
0.025 0.026 0.009016
0.026 0.027 0.015604
0.027 0.028 0.025188
0.028 0.029 0.038175
0.029 0.030 0.054475
0.030 0.031 0.074472
0.031 0.032 0.097764
0.032 0.033 0.123937
0.033 0.034 0.152391
0.034 0.035 0.182811
0.035 0.036 0.214555
0.036 0.037 0.246436
0.037 0.038 0.278274
0.038 0.039 0.308853
0.039 0.040 0.338624
0.040 0.041 0.367118
0.041 0.042 0.393146
0.042 0.043 0.418368
0.043 0.044 0.441055
0.044 0.045 0.461535
0.045 0.046 0.478421
0.046 0.047 0.491571
0.047 0.048 0.505122
0.048 0.049 0.516554
0.049 0.050 0.523529
0.050 0.051 0.528251
0.051 0.052 0.534401
0.052 0.053 0.539311
0.053 0.054 0.539711
0.054 0.055 0.537458
0.055 0.056 0.536055
0.056 0.057 0.534323
0.057 0.058 0.692787
0.058 0.059 1.000000
0.059 0.060 0.827926
0.060 0.061 0.515619
0.061 0.062 0.508358
0.062 0.063 0.484345
0.063 0.064 0.472885
0.064 0.065 0.461001
0.065 0.066 0.451311
0.066 0.067 0.571983
0.067 0.068 0.562482
0.068 0.069 0.444564
0.069 0.070 0.399557
0.070 0.071 0.333447
0.071 0.072 0.324135
0.072 0.073 0.312448
0.073 0.074 0.306494
0.074 0.075 0.299013
0.075 0.076 0.288748
0.076 0.077 0.276217
0.077 0.078 0.265237
0.078 0.079 0.258466
0.079 0.080 0.249268
0.080 0.081 0.239343
0.081 0.082 0.228347
0.082 0.083 0.218554
0.083 0.084 0.208912
0.084 0.085 0.200165
0.085 0.086 0.192407
0.086 0.087 0.182344
0.087 0.088 0.174799
0.088 0.089 0.166084
0.089 0.090 0.157227
0.090 0.091 0.147848
0.091 0.092 0.137010
0.092 0.093 0.129497
0.093 0.094 0.124651
0.094 0.095 0.116715
0.095 0.096 0.109067
0.096 0.097 0.099421
0.097 0.098 0.090971
0.098 0.099 0.082259
0.099 0.100 0.075883
0.100 0.101 0.072127
0.101 0.102 0.066450
0.102 0.103 0.058487
0.103 0.104 0.051384
0.104 0.105 0.047849
0.105 0.106 0.043336
0.106 0.107 0.038595
0.107 0.108 0.032926
0.108 0.109 0.027882
0.109 0.110 0.021772
0.110 0.111 0.018165
0.111 0.112 0.015230
0.112 0.113 0.011676
0.113 0.114 0.007791
0.114 0.115 0.005838
0.115 0.116 0.003649
0.116 0.117 0.000984
0.117 0.118 0.000000
0.118 0.119 0.000000
0.119 0.120 0.000000
0.120 0.121 0.000000
0.121 0.122 0.000000
0.122 0.123 0.000000
0.123 0.124 0.000000
0.124 0.125 0.000000
0.125 0.126 0.000000
0.126 0.127 0.000000
0.127 0.128 0.000000
0.128 0.129 0.000000
0.129 0.130 0.000000
0.130 0.131 0.000000
0.131 0.132 0.000000
0.132 0.133 0.000000
0.133 0.134 0.000000
0.134 0.135 0.000000
0.135 0.136 0.000000
0.136 0.137 0.000000
0.137 0.138 0.000000
0.138 0.139 0.000000
0.139 0.140 0.000000
0.140 0.141 0.000000
0.141 0.142 0.000000
0.142 0.143 0.000000
0.143 0.144 0.000000
0.144 0.145 0.000000
0.145 0.146 0.000000
0.146 0.147 0.000000
0.147 0.148 0.000000
0.148 0.149 0.000000
0.149 0.150 0.000000
