1
0.000 0.001 0.000000
0.001 0.002 0.000000
0.002 0.003 0.000000
0.003 0.004 0.000000
0.004 0.005 0.000000
0.005 0.006 0.000000
0.006 0.007 0.000000
0.007 0.008 0.000000
0.008 0.009 0.000000
0.009 0.010 0.000000
0.010 0.011 0.000000
0.011 0.012 0.000000
0.012 0.013 0.000000
0.013 0.014 0.000000
0.014 0.015 0.000000
0.015 0.016 0.000000
0.016 0.017 0.000000
0.017 0.018 0.000000
0.018 0.019 0.000004
0.019 0.020 0.000024
0.020 0.021 0.000109
0.021 0.022 0.000392
0.022 0.023 0.001147
0.023 0.024 0.002838
0.024 0.025 0.006143
0.025 0.026 0.011865
0.026 0.027 0.020828
0.027 0.028 0.033858
0.028 0.029 0.051614
0.029 0.030 0.074166
0.030 0.031 0.101578
0.031 0.032 0.133424
0.032 0.033 0.169436
0.033 0.034 0.208249
0.034 0.035 0.249187
0.035 0.036 0.292099
0.036 0.037 0.334434
0.037 0.038 0.375181
0.038 0.039 0.415589
0.039 0.040 0.455432
0.040 0.041 0.490849
0.041 0.042 0.523040
0.042 0.043 0.553249
0.043 0.044 0.581074
0.044 0.045 0.605605
0.045 0.046 0.624111
0.046 0.047 0.638921
0.047 0.048 0.652505
0.048 0.049 0.662237
0.049 0.050 0.664478
0.050 0.051 0.666540
0.051 0.052 0.668927
0.052 0.053 0.669399
0.053 0.054 0.666757
0.054 0.055 0.661561
0.055 0.056 0.653449
0.056 0.057 0.644429
0.057 0.058 0.764005
0.058 0.059 1.000000
0.059 0.060 0.856893
0.060 0.061 0.598153
0.061 0.062 0.584257
0.062 0.063 0.556103
0.063 0.064 0.537695
0.064 0.065 0.520362
0.065 0.066 0.503356
0.066 0.067 0.590363
0.067 0.068 0.574597
0.068 0.069 0.467783
0.069 0.070 0.419095
0.070 0.071 0.361203
0.071 0.072 0.347081
0.072 0.073 0.328181
0.073 0.074 0.315935
0.074 0.075 0.302427
0.075 0.076 0.284444
0.076 0.077 0.265655
0.077 0.078 0.246727
0.078 0.079 0.236127
0.079 0.080 0.224705
0.080 0.081 0.210381
0.081 0.082 0.193636
0.082 0.083 0.177958
0.083 0.084 0.160703
0.084 0.085 0.149039
0.085 0.086 0.138384
0.086 0.087 0.126244
0.087 0.088 0.114648
0.088 0.089 0.102135
0.089 0.090 0.088460
0.090 0.091 0.078229
0.091 0.092 0.068471
0.092 0.093 0.059638
0.093 0.094 0.050773
0.094 0.095 0.039966
0.095 0.096 0.033796
0.096 0.097 0.026369
0.097 0.098 0.018781
0.098 0.099 0.009928
0.099 0.100 0.006071
0.100 0.101 0.001945
0.101 0.102 0.000000
0.102 0.103 0.000000
0.103 0.104 0.000000
0.104 0.105 0.000000
0.105 0.106 0.000000
0.106 0.107 0.000000
0.107 0.108 0.000000
0.108 0.109 0.000000
0.109 0.110 0.000000
0.110 0.111 0.000000
0.111 0.112 0.000000
0.112 0.113 0.000000
0.113 0.114 0.000000
0.114 0.115 0.000000
0.115 0.116 0.000000
0.116 0.117 0.000000
0.117 0.118 0.000000
0.118 0.119 0.000000
0.119 0.120 0.000000
0.120 0.121 0.000000
0.121 0.122 0.000000
0.122 0.123 0.000000
0.123 0.124 0.000000
0.124 0.125 0.000000
0.125 0.126 0.000000
0.126 0.127 0.000000
0.127 0.128 0.000000
0.128 0.129 0.000000
0.129 0.130 0.000000
0.130 0.131 0.000000
0.131 0.132 0.000000
0.132 0.133 0.000000
0.133 0.134 0.000000
0.134 0.135 0.000000
0.135 0.136 0.000000
0.136 0.137 0.000000
0.137 0.138 0.000000
0.138 0.139 0.000000
0.139 0.140 0.000000
0.140 0.141 0.000000
0.141 0.142 0.000000
0.142 0.143 0.000000
0.143 0.144 0.000000
0.144 0.145 0.000000
0.145 0.146 0.000000
0.146 0.147 0.000000
0.147 0.148 0.000000
0.148 0.149 0.000000
0.149 0.150 0.000000
