1
0.000 0.001 0.000000
0.001 0.002 0.000000
0.002 0.003 0.000000
0.003 0.004 0.000000
0.004 0.005 0.000000
0.005 0.006 0.000000
0.006 0.007 0.000000
0.007 0.008 0.000000
0.008 0.009 0.000000
0.009 0.010 0.000000
0.010 0.011 0.000000
0.011 0.012 0.000000
0.012 0.013 0.000000
0.013 0.014 0.000000
0.014 0.015 0.000000
0.015 0.016 0.000000
0.016 0.017 0.000000
0.017 0.018 0.000000
0.018 0.019 0.000000
0.019 0.020 0.000001
0.020 0.021 0.000004
0.021 0.022 0.000021
0.022 0.023 0.000089
0.023 0.024 0.000295
0.024 0.025 0.000825
0.025 0.026 0.001988
0.026 0.027 0.004225
0.027 0.028 0.008130
0.028 0.029 0.014380
0.029 0.030 0.023485
0.030 0.031 0.036108
0.031 0.032 0.052550
0.032 0.033 0.073056
0.033 0.034 0.097296
0.034 0.035 0.125252
0.035 0.036 0.156748
0.036 0.037 0.190180
0.037 0.038 0.225178
0.038 0.039 0.261595
0.039 0.040 0.298788
0.040 0.041 0.335825
0.041 0.042 0.371900
0.042 0.043 0.407457
0.043 0.044 0.440706
0.044 0.045 0.471745
0.045 0.046 0.498753
0.046 0.047 0.522960
0.047 0.048 0.545264
0.048 0.049 0.563008
0.049 0.050 0.578582
0.050 0.051 0.592858
0.051 0.052 0.607231
0.052 0.053 0.617197
0.053 0.054 0.622688
0.054 0.055 0.624427
0.055 0.056 0.624271
0.056 0.057 0.624202
0.057 0.058 0.752814
0.058 0.059 1.000000
0.059 0.060 0.863768
0.060 0.061 0.606394
0.061 0.062 0.597185
0.062 0.063 0.572197
0.063 0.064 0.556597
0.064 0.065 0.542063
0.065 0.066 0.528030
0.066 0.067 0.626831
0.067 0.068 0.611468
0.068 0.069 0.501711
0.069 0.070 0.456258
0.070 0.071 0.394391
0.071 0.072 0.380575
0.072 0.073 0.361478
0.073 0.074 0.350035
0.074 0.075 0.336908
0.075 0.076 0.318198
0.076 0.077 0.296317
0.077 0.078 0.282004
0.078 0.079 0.271495
0.079 0.080 0.259782
0.080 0.081 0.244588
0.081 0.082 0.226631
0.082 0.083 0.209601
0.083 0.084 0.190498
0.084 0.085 0.177865
0.085 0.086 0.166426
0.086 0.087 0.153191
0.087 0.088 0.140607
0.088 0.089 0.126796
0.089 0.090 0.112734
0.090 0.091 0.096625
0.091 0.092 0.085530
0.092 0.093 0.075649
0.093 0.094 0.065805
0.094 0.095 0.055188
0.095 0.096 0.043362
0.096 0.097 0.034836
0.097 0.098 0.026029
0.098 0.099 0.015482
0.099 0.100 0.011063
0.100 0.101 0.008251
0.101 0.102 0.002294
0.102 0.103 0.000000
0.103 0.104 0.000000
0.104 0.105 0.000000
0.105 0.106 0.000000
0.106 0.107 0.000000
0.107 0.108 0.000000
0.108 0.109 0.000000
0.109 0.110 0.000000
0.110 0.111 0.000000
0.111 0.112 0.000000
0.112 0.113 0.000000
0.113 0.114 0.000000
0.114 0.115 0.000000
0.115 0.116 0.000000
0.116 0.117 0.000000
0.117 0.118 0.000000
0.118 0.119 0.000000
0.119 0.120 0.000000
0.120 0.121 0.000000
0.121 0.122 0.000000
0.122 0.123 0.000000
0.123 0.124 0.000000
0.124 0.125 0.000000
0.125 0.126 0.000000
0.126 0.127 0.000000
0.127 0.128 0.000000
0.128 0.129 0.000000
0.129 0.130 0.000000
0.130 0.131 0.000000
0.131 0.132 0.000000
0.132 0.133 0.000000
0.133 0.134 0.000000
0.134 0.135 0.000000
0.135 0.136 0.000000
0.136 0.137 0.000000
0.137 0.138 0.000000
0.138 0.139 0.000000
0.139 0.140 0.000000
0.140 0.141 0.000000
0.141 0.142 0.000000
0.142 0.143 0.000000
0.143 0.144 0.000000
0.144 0.145 0.000000
0.145 0.146 0.000000
0.146 0.147 0.000000
0.147 0.148 0.000000
0.148 0.149 0.000000
0.149 0.150 0.000000
