1
0.000 0.001 0.000000
0.001 0.002 0.000000
0.002 0.003 0.000000
0.003 0.004 0.000000
0.004 0.005 0.000000
0.005 0.006 0.000000
0.006 0.007 0.000000
0.007 0.008 0.000000
0.008 0.009 0.000000
0.009 0.010 0.000000
0.010 0.011 0.000000
0.011 0.012 0.000000
0.012 0.013 0.000000
0.013 0.014 0.000000
0.014 0.015 0.000000
0.015 0.016 0.000000
0.016 0.017 0.000000
0.017 0.018 0.000000
0.018 0.019 0.000002
0.019 0.020 0.000013
0.020 0.021 0.000058
0.021 0.022 0.000205
0.022 0.023 0.000594
0.023 0.024 0.001463
0.024 0.025 0.003164
0.025 0.026 0.006119
0.026 0.027 0.010785
0.027 0.028 0.017652
0.028 0.029 0.027061
0.029 0.030 0.039042
0.030 0.031 0.053944
0.031 0.032 0.071452
0.032 0.033 0.091376
0.033 0.034 0.113423
0.034 0.035 0.137019
0.035 0.036 0.161588
0.036 0.037 0.186750
0.037 0.038 0.212663
0.038 0.039 0.237546
0.039 0.040 0.262419
0.040 0.041 0.286261
0.041 0.042 0.308798
0.042 0.043 0.330410
0.043 0.044 0.350003
0.044 0.045 0.368573
0.045 0.046 0.383590
0.046 0.047 0.397210
0.047 0.048 0.411663
0.048 0.049 0.422726
0.049 0.050 0.429333
0.050 0.051 0.436233
0.051 0.052 0.443699
0.052 0.053 0.447682
0.053 0.054 0.448561
0.054 0.055 0.450724
0.055 0.056 0.453204
0.056 0.057 0.455294
0.057 0.058 0.641904
0.058 0.059 1.000000
0.059 0.060 0.811041
0.060 0.061 0.458691
0.061 0.062 0.454719
0.062 0.063 0.430558
0.063 0.064 0.424027
0.064 0.065 0.416383
0.065 0.066 0.408912
0.066 0.067 0.552169
0.067 0.068 0.545370
0.068 0.069 0.418617
0.069 0.070 0.377339
0.070 0.071 0.305203
0.071 0.072 0.300036
0.072 0.073 0.292577
0.073 0.074 0.287376
0.074 0.075 0.282360
0.075 0.076 0.276298
0.076 0.077 0.268150
0.077 0.078 0.261437
0.078 0.079 0.256301
0.079 0.080 0.250598
0.080 0.081 0.243747
0.081 0.082 0.234597
0.082 0.083 0.227586
0.083 0.084 0.220921
0.084 0.085 0.215226
0.085 0.086 0.209928
0.086 0.087 0.203733
0.087 0.088 0.199254
0.088 0.089 0.192846
0.089 0.090 0.185093
0.090 0.091 0.178347
0.091 0.092 0.169205
0.092 0.093 0.162371
0.093 0.094 0.158265
0.094 0.095 0.150883
0.095 0.096 0.145679
0.096 0.097 0.140372
0.097 0.098 0.133373
0.098 0.099 0.126973
0.099 0.100 0.121982
0.100 0.101 0.117506
0.101 0.102 0.112309
0.102 0.103 0.106212
0.103 0.104 0.101366
0.104 0.105 0.096337
0.105 0.106 0.089678
0.106 0.107 0.085422
0.107 0.108 0.080246
0.108 0.109 0.076055
0.109 0.110 0.071963
0.110 0.111 0.067672
0.111 0.112 0.063832
0.112 0.113 0.058572
0.113 0.114 0.053795
0.114 0.115 0.049817
0.115 0.116 0.045030
0.116 0.117 0.041506
0.117 0.118 0.038159
0.118 0.119 0.033617
0.119 0.120 0.030765
0.120 0.121 0.029278
0.121 0.122 0.026377
0.122 0.123 0.023438
0.123 0.124 0.019837
0.124 0.125 0.017202
0.125 0.126 0.014559
0.126 0.127 0.012529
0.127 0.128 0.010109
0.128 0.129 0.007887
0.129 0.130 0.005295
0.130 0.131 0.003835
0.131 0.132 0.002803
0.132 0.133 0.001091
0.133 0.134 0.000629
0.134 0.135 0.000000
0.135 0.136 0.000000
0.136 0.137 0.000000
0.137 0.138 0.000000
0.138 0.139 0.000000
0.139 0.140 0.000000
0.140 0.141 0.000000
0.141 0.142 0.000000
0.142 0.143 0.000000
0.143 0.144 0.000000
0.144 0.145 0.000000
0.145 0.146 0.000000
0.146 0.147 0.000000
0.147 0.148 0.000000
0.148 0.149 0.000000
0.149 0.150 0.000000
