1
0.000 0.001 0.000000
0.001 0.002 0.000000
0.002 0.003 0.000000
0.003 0.004 0.000000
0.004 0.005 0.000000
0.005 0.006 0.000000
0.006 0.007 0.000000
0.007 0.008 0.000000
0.008 0.009 0.000000
0.009 0.010 0.000000
0.010 0.011 0.000000
0.011 0.012 0.000000
0.012 0.013 0.000000
0.013 0.014 0.000000
0.014 0.015 0.000000
0.015 0.016 0.000000
0.016 0.017 0.000000
0.017 0.018 0.000000
0.018 0.019 0.000000
0.019 0.020 0.000000
0.020 0.021 0.000000
0.021 0.022 0.000001
0.022 0.023 0.000006
0.023 0.024 0.000028
0.024 0.025 0.000100
0.025 0.026 0.000294
0.026 0.027 0.000742
0.027 0.028 0.001658
0.028 0.029 0.003342
0.029 0.030 0.006113
0.030 0.031 0.010394
0.031 0.032 0.016534
0.032 0.033 0.024846
0.033 0.034 0.035580
0.034 0.035 0.048908
0.035 0.036 0.064710
0.036 0.037 0.082940
0.037 0.038 0.103493
0.038 0.039 0.125566
0.039 0.040 0.149239
0.040 0.041 0.174045
0.041 0.042 0.199198
0.042 0.043 0.225209
0.043 0.044 0.250927
0.044 0.045 0.276335
0.045 0.046 0.300069
0.046 0.047 0.322836
0.047 0.048 0.346224
0.048 0.049 0.368170
0.049 0.050 0.386491
0.050 0.051 0.403162
0.051 0.052 0.420244
0.052 0.053 0.435513
0.053 0.054 0.447255
0.054 0.055 0.457097
0.055 0.056 0.467093
0.056 0.057 0.475912
0.057 0.058 0.654733
0.058 0.059 1.000000
0.059 0.060 0.833927
0.060 0.061 0.501827
0.061 0.062 0.503438
0.062 0.063 0.485044
0.063 0.064 0.482056
0.064 0.065 0.477366
0.065 0.066 0.473735
0.066 0.067 0.627048
0.067 0.068 0.625210
0.068 0.069 0.491313
0.069 0.070 0.446256
0.070 0.071 0.367491
0.071 0.072 0.362487
0.072 0.073 0.354843
0.073 0.074 0.351108
0.074 0.075 0.346217
0.075 0.076 0.339469
0.076 0.077 0.329740
0.077 0.078 0.321431
0.078 0.079 0.316593
0.079 0.080 0.310062
0.080 0.081 0.300425
0.081 0.082 0.288018
0.082 0.083 0.279557
0.083 0.084 0.271456
0.084 0.085 0.264159
0.085 0.086 0.257623
0.086 0.087 0.248427
0.087 0.088 0.242404
0.088 0.089 0.234587
0.089 0.090 0.223923
0.090 0.091 0.214221
0.091 0.092 0.200837
0.092 0.093 0.190604
0.093 0.094 0.187208
0.094 0.095 0.179429
0.095 0.096 0.171799
0.096 0.097 0.163437
0.097 0.098 0.152860
0.098 0.099 0.143064
0.099 0.100 0.135155
0.100 0.101 0.128880
0.101 0.102 0.120485
0.102 0.103 0.112265
0.103 0.104 0.106096
0.104 0.105 0.100903
0.105 0.106 0.094169
0.106 0.107 0.087679
0.107 0.108 0.079661
0.108 0.109 0.072769
0.109 0.110 0.064603
0.110 0.111 0.059246
0.111 0.112 0.054913
0.112 0.113 0.048954
0.113 0.114 0.043940
0.114 0.115 0.039022
0.115 0.116 0.033262
0.116 0.117 0.027229
0.117 0.118 0.023102
0.118 0.119 0.017520
0.119 0.120 0.014586
0.120 0.121 0.012920
0.121 0.122 0.008604
0.122 0.123 0.006471
0.123 0.124 0.004234
0.124 0.125 0.001122
0.125 0.126 0.000000
0.126 0.127 0.000000
0.127 0.128 0.000000
0.128 0.129 0.000000
0.129 0.130 0.000000
0.130 0.131 0.000000
0.131 0.132 0.000000
0.132 0.133 0.000000
0.133 0.134 0.000000
0.134 0.135 0.000000
0.135 0.136 0.000000
0.136 0.137 0.000000
0.137 0.138 0.000000
0.138 0.139 0.000000
0.139 0.140 0.000000
0.140 0.141 0.000000
0.141 0.142 0.000000
0.142 0.143 0.000000
0.143 0.144 0.000000
0.144 0.145 0.000000
0.145 0.146 0.000000
0.146 0.147 0.000000
0.147 0.148 0.000000
0.148 0.149 0.000000
0.149 0.150 0.000000
