1
0.000 0.001 0.000000
0.001 0.002 0.000000
0.002 0.003 0.000000
0.003 0.004 0.000000
0.004 0.005 0.000000
0.005 0.006 0.000000
0.006 0.007 0.000000
0.007 0.008 0.000000
0.008 0.009 0.000000
0.009 0.010 0.000000
0.010 0.011 0.000000
0.011 0.012 0.000000
0.012 0.013 0.000000
0.013 0.014 0.000000
0.014 0.015 0.000000
0.015 0.016 0.000000
0.016 0.017 0.000000
0.017 0.018 0.000000
0.018 0.019 0.000001
0.019 0.020 0.000007
0.020 0.021 0.000037
0.021 0.022 0.000146
0.022 0.023 0.000461
0.023 0.024 0.001222
0.024 0.025 0.002802
0.025 0.026 0.005682
0.026 0.027 0.010381
0.027 0.028 0.017471
0.028 0.029 0.027443
0.029 0.030 0.040384
0.030 0.031 0.056510
0.031 0.032 0.075740
0.032 0.033 0.097758
0.033 0.034 0.122226
0.034 0.035 0.148631
0.035 0.036 0.175995
0.036 0.037 0.204122
0.037 0.038 0.232489
0.038 0.039 0.259170
0.039 0.040 0.286955
0.040 0.041 0.313691
0.041 0.042 0.338349
0.042 0.043 0.362337
0.043 0.044 0.384293
0.044 0.045 0.404586
0.045 0.046 0.421781
0.046 0.047 0.436142
0.047 0.048 0.451169
0.048 0.049 0.463698
0.049 0.050 0.471082
0.050 0.051 0.477230
0.051 0.052 0.484028
0.052 0.053 0.488873
0.053 0.054 0.490190
0.054 0.055 0.488971
0.055 0.056 0.491469
0.056 0.057 0.493003
0.057 0.058 0.666356
0.058 0.059 1.000000
0.059 0.060 0.821989
0.060 0.061 0.490667
0.061 0.062 0.485473
0.062 0.063 0.461710
0.063 0.064 0.452796
0.064 0.065 0.442950
0.065 0.066 0.435011
0.066 0.067 0.568167
0.067 0.068 0.560950
0.068 0.069 0.436583
0.069 0.070 0.394644
0.070 0.071 0.325071
0.071 0.072 0.318111
0.072 0.073 0.309073
0.073 0.074 0.303881
0.074 0.075 0.297708
0.075 0.076 0.290002
0.076 0.077 0.279895
0.077 0.078 0.271142
0.078 0.079 0.265617
0.079 0.080 0.258783
0.080 0.081 0.249356
0.081 0.082 0.238507
0.082 0.083 0.227945
0.083 0.084 0.220416
0.084 0.085 0.213672
0.085 0.086 0.207704
0.086 0.087 0.199546
0.087 0.088 0.194112
0.088 0.089 0.187408
0.089 0.090 0.178368
0.090 0.091 0.170051
0.091 0.092 0.158921
0.092 0.093 0.151230
0.093 0.094 0.146799
0.094 0.095 0.137995
0.095 0.096 0.131907
0.096 0.097 0.125262
0.097 0.098 0.116942
0.098 0.099 0.109158
0.099 0.100 0.102981
0.100 0.101 0.098321
0.101 0.102 0.092625
0.102 0.103 0.084851
0.103 0.104 0.078767
0.104 0.105 0.072877
0.105 0.106 0.068082
0.106 0.107 0.063443
0.107 0.108 0.057666
0.108 0.109 0.052736
0.109 0.110 0.047382
0.110 0.111 0.042365
0.111 0.112 0.038258
0.112 0.113 0.032225
0.113 0.114 0.029036
0.114 0.115 0.025872
0.115 0.116 0.022094
0.116 0.117 0.018736
0.117 0.118 0.015057
0.118 0.119 0.010444
0.119 0.120 0.007194
0.120 0.121 0.006291
0.121 0.122 0.004378
0.122 0.123 0.001699
0.123 0.124 0.001031
0.124 0.125 0.000000
0.125 0.126 0.000000
0.126 0.127 0.000000
0.127 0.128 0.000000
0.128 0.129 0.000000
0.129 0.130 0.000000
0.130 0.131 0.000000
0.131 0.132 0.000000
0.132 0.133 0.000000
0.133 0.134 0.000000
0.134 0.135 0.000000
0.135 0.136 0.000000
0.136 0.137 0.000000
0.137 0.138 0.000000
0.138 0.139 0.000000
0.139 0.140 0.000000
0.140 0.141 0.000000
0.141 0.142 0.000000
0.142 0.143 0.000000
0.143 0.144 0.000000
0.144 0.145 0.000000
0.145 0.146 0.000000
0.146 0.147 0.000000
0.147 0.148 0.000000
0.148 0.149 0.000000
0.149 0.150 0.000000
