1
0.000 0.001 0.000000
0.001 0.002 0.000000
0.002 0.003 0.000000
0.003 0.004 0.000000
0.004 0.005 0.000000
0.005 0.006 0.000000
0.006 0.007 0.000000
0.007 0.008 0.000000
0.008 0.009 0.000000
0.009 0.010 0.000000
0.010 0.011 0.000000
0.011 0.012 0.000000
0.012 0.013 0.000000
0.013 0.014 0.000000
0.014 0.015 0.000000
0.015 0.016 0.000001
0.016 0.017 0.000006
0.017 0.018 0.000038
0.018 0.019 0.000160
0.019 0.020 0.000526
0.020 0.021 0.001420
0.021 0.022 0.003243
0.022 0.023 0.006504
0.023 0.024 0.011755
0.024 0.025 0.019440
0.025 0.026 0.029856
0.026 0.027 0.043163
0.027 0.028 0.059395
0.028 0.029 0.078299
0.029 0.030 0.099084
0.030 0.031 0.121829
0.031 0.032 0.145589
0.032 0.033 0.169983
0.033 0.034 0.194973
0.034 0.035 0.219477
0.035 0.036 0.242174
0.036 0.037 0.264810
0.037 0.038 0.287946
0.038 0.039 0.307750
0.039 0.040 0.325340
0.040 0.041 0.342096
0.041 0.042 0.356492
0.042 0.043 0.369165
0.043 0.044 0.380900
0.044 0.045 0.391908
0.045 0.046 0.399100
0.046 0.047 0.405275
0.047 0.048 0.413331
0.048 0.049 0.418199
0.049 0.050 0.419915
0.050 0.051 0.421575
0.051 0.052 0.423920
0.052 0.053 0.423601
0.053 0.054 0.421590
0.054 0.055 0.420215
0.055 0.056 0.420215
0.056 0.057 0.418792
0.057 0.058 0.618276
0.058 0.059 1.000000
0.059 0.060 0.792856
0.060 0.061 0.417278
0.061 0.062 0.412549
0.062 0.063 0.387421
0.063 0.064 0.382027
0.064 0.065 0.374647
0.065 0.066 0.367941
0.066 0.067 0.513531
0.067 0.068 0.508066
0.068 0.069 0.382231
0.069 0.070 0.342227
0.070 0.071 0.271148
0.071 0.072 0.267085
0.072 0.073 0.261735
0.073 0.074 0.256938
0.074 0.075 0.252496
0.075 0.076 0.248623
0.076 0.077 0.242709
0.077 0.078 0.237910
0.078 0.079 0.234532
0.079 0.080 0.230326
0.080 0.081 0.224953
0.081 0.082 0.218675
0.082 0.083 0.212932
0.083 0.084 0.207998
0.084 0.085 0.203544
0.085 0.086 0.199256
0.086 0.087 0.193804
0.087 0.088 0.190750
0.088 0.089 0.185674
0.089 0.090 0.179017
0.090 0.091 0.174186
0.091 0.092 0.165889
0.092 0.093 0.160406
0.093 0.094 0.158405
0.094 0.095 0.153178
0.095 0.096 0.148041
0.096 0.097 0.143263
0.097 0.098 0.136647
0.098 0.099 0.131607
0.099 0.100 0.126931
0.100 0.101 0.121783
0.101 0.102 0.117081
0.102 0.103 0.111297
0.103 0.104 0.107003
0.104 0.105 0.102600
0.105 0.106 0.097065
0.106 0.107 0.092289
0.107 0.108 0.086331
0.108 0.109 0.081451
0.109 0.110 0.076417
0.110 0.111 0.071471
0.111 0.112 0.067334
0.112 0.113 0.061468
0.113 0.114 0.056497
0.114 0.115 0.052038
0.115 0.116 0.046837
0.116 0.117 0.041947
0.117 0.118 0.036621
0.118 0.119 0.029239
0.119 0.120 0.025504
0.120 0.121 0.023730
0.121 0.122 0.019225
0.122 0.123 0.014698
0.123 0.124 0.010467
0.124 0.125 0.006187
0.125 0.126 0.003233
0.126 0.127 0.000337
0.127 0.128 0.000000
0.128 0.129 0.000000
0.129 0.130 0.000000
0.130 0.131 0.000000
0.131 0.132 0.000000
0.132 0.133 0.000000
0.133 0.134 0.000000
0.134 0.135 0.000000
0.135 0.136 0.000000
0.136 0.137 0.000000
0.137 0.138 0.000000
0.138 0.139 0.000000
0.139 0.140 0.000000
0.140 0.141 0.000000
0.141 0.142 0.000000
0.142 0.143 0.000000
0.143 0.144 0.000000
0.144 0.145 0.000000
0.145 0.146 0.000000
0.146 0.147 0.000000
0.147 0.148 0.000000
0.148 0.149 0.000000
0.149 0.150 0.000000
