1
0.000 0.001 0.000000
0.001 0.002 0.000000
0.002 0.003 0.000000
0.003 0.004 0.000000
0.004 0.005 0.000000
0.005 0.006 0.000000
0.006 0.007 0.000000
0.007 0.008 0.000000
0.008 0.009 0.000000
0.009 0.010 0.000000
0.010 0.011 0.000000
0.011 0.012 0.000000
0.012 0.013 0.000000
0.013 0.014 0.000000
0.014 0.015 0.000000
0.015 0.016 0.000000
0.016 0.017 0.000000
0.017 0.018 0.000000
0.018 0.019 0.000000
0.019 0.020 0.000000
0.020 0.021 0.000002
0.021 0.022 0.000010
0.022 0.023 0.000041
0.023 0.024 0.000138
0.024 0.025 0.000388
0.025 0.026 0.000940
0.026 0.027 0.002010
0.027 0.028 0.003895
0.028 0.029 0.006927
0.029 0.030 0.011373
0.030 0.031 0.017587
0.031 0.032 0.025758
0.032 0.033 0.036005
0.033 0.034 0.048427
0.034 0.035 0.062857
0.035 0.036 0.078992
0.036 0.037 0.096967
0.037 0.038 0.116619
0.038 0.039 0.136680
0.039 0.040 0.157236
0.040 0.041 0.178340
0.041 0.042 0.199479
0.042 0.043 0.220709
0.043 0.044 0.241000
0.044 0.045 0.261256
0.045 0.046 0.279770
0.046 0.047 0.296736
0.047 0.048 0.315012
0.048 0.049 0.331456
0.049 0.050 0.344385
0.050 0.051 0.357178
0.051 0.052 0.370330
0.052 0.053 0.380851
0.053 0.054 0.389334
0.054 0.055 0.397096
0.055 0.056 0.405502
0.056 0.057 0.413410
0.057 0.058 0.614519
0.058 0.059 1.000000
0.059 0.060 0.808901
0.060 0.061 0.439591
0.061 0.062 0.441211
0.062 0.063 0.421070
0.063 0.064 0.420060
0.064 0.065 0.417466
0.065 0.066 0.414951
0.066 0.067 0.579603
0.067 0.068 0.578959
0.068 0.069 0.441827
0.069 0.070 0.400045
0.070 0.071 0.321738
0.071 0.072 0.318851
0.072 0.073 0.313896
0.073 0.074 0.311080
0.074 0.075 0.308532
0.075 0.076 0.304793
0.076 0.077 0.298398
0.077 0.078 0.293937
0.078 0.079 0.291181
0.079 0.080 0.287455
0.080 0.081 0.282450
0.081 0.082 0.275775
0.082 0.083 0.268944
0.083 0.084 0.262358
0.084 0.085 0.256945
0.085 0.086 0.251973
0.086 0.087 0.246072
0.087 0.088 0.242130
0.088 0.089 0.236080
0.089 0.090 0.228040
0.090 0.091 0.220811
0.091 0.092 0.210882
0.092 0.093 0.203783
0.093 0.094 0.200045
0.094 0.095 0.193022
0.095 0.096 0.186373
0.096 0.097 0.179516
0.097 0.098 0.170506
0.098 0.099 0.161953
0.099 0.100 0.155878
0.100 0.101 0.150494
0.101 0.102 0.144069
0.102 0.103 0.136522
0.103 0.104 0.130535
0.104 0.105 0.123866
0.105 0.106 0.117097
0.106 0.107 0.111192
0.107 0.108 0.104078
0.108 0.109 0.098252
0.109 0.110 0.092203
0.110 0.111 0.087028
0.111 0.112 0.082336
0.112 0.113 0.075866
0.113 0.114 0.069948
0.114 0.115 0.064692
0.115 0.116 0.060269
0.116 0.117 0.055418
0.117 0.118 0.050876
0.118 0.119 0.044900
0.119 0.120 0.040605
0.120 0.121 0.038820
0.121 0.122 0.035484
0.122 0.123 0.032122
0.123 0.124 0.028556
0.124 0.125 0.023918
0.125 0.126 0.020380
0.126 0.127 0.017617
0.127 0.128 0.013982
0.128 0.129 0.011682
0.129 0.130 0.009409
0.130 0.131 0.006552
0.131 0.132 0.005360
0.132 0.133 0.003805
0.133 0.134 0.001741
0.134 0.135 0.000458
0.135 0.136 0.000000
0.136 0.137 0.000000
0.137 0.138 0.000000
0.138 0.139 0.000000
0.139 0.140 0.000000
0.140 0.141 0.000000
0.141 0.142 0.000000
0.142 0.143 0.000000
0.143 0.144 0.000000
0.144 0.145 0.000000
0.145 0.146 0.000000
0.146 0.147 0.000000
0.147 0.148 0.000000
0.148 0.149 0.000000
0.149 0.150 0.000000
