1
0.000 0.001 0.000000
0.001 0.002 0.000000
0.002 0.003 0.000000
0.003 0.004 0.000000
0.004 0.005 0.000000
0.005 0.006 0.000000
0.006 0.007 0.000000
0.007 0.008 0.000000
0.008 0.009 0.000000
0.009 0.010 0.000000
0.010 0.011 0.000000
0.011 0.012 0.000000
0.012 0.013 0.000000
0.013 0.014 0.000000
0.014 0.015 0.000000
0.015 0.016 0.000000
0.016 0.017 0.000001
0.017 0.018 0.000012
0.018 0.019 0.000073
0.019 0.020 0.000323
0.020 0.021 0.001096
0.021 0.022 0.003012
0.022 0.023 0.006972
0.023 0.024 0.014096
0.024 0.025 0.025570
0.025 0.026 0.042219
0.026 0.027 0.064537
0.027 0.028 0.093001
0.028 0.029 0.127379
0.029 0.030 0.166708
0.030 0.031 0.209486
0.031 0.032 0.254884
0.032 0.033 0.302725
0.033 0.034 0.350767
0.034 0.035 0.397414
0.035 0.036 0.443703
0.036 0.037 0.486725
0.037 0.038 0.524675
0.038 0.039 0.561056
0.039 0.040 0.595741
0.040 0.041 0.624116
0.041 0.042 0.648721
0.042 0.043 0.671223
0.043 0.044 0.688375
0.044 0.045 0.703154
0.045 0.046 0.712749
0.046 0.047 0.717998
0.047 0.048 0.721865
0.048 0.049 0.722835
0.049 0.050 0.718162
0.050 0.051 0.713570
0.051 0.052 0.709119
0.052 0.053 0.700036
0.053 0.054 0.689376
0.054 0.055 0.676022
0.055 0.056 0.662410
0.056 0.057 0.648328
0.057 0.058 0.766143
0.058 0.059 1.000000
0.059 0.060 0.849791
0.060 0.061 0.588672
0.061 0.062 0.569244
0.062 0.063 0.534766
0.063 0.064 0.514510
0.064 0.065 0.495742
0.065 0.066 0.477958
0.066 0.067 0.560446
0.067 0.068 0.543720
0.068 0.069 0.440326
0.069 0.070 0.393535
0.070 0.071 0.337485
0.071 0.072 0.323270
0.072 0.073 0.304925
0.073 0.074 0.292977
0.074 0.075 0.279946
0.075 0.076 0.262797
0.076 0.077 0.243575
0.077 0.078 0.230124
0.078 0.079 0.219846
0.079 0.080 0.208827
0.080 0.081 0.195216
0.081 0.082 0.179482
0.082 0.083 0.163633
0.083 0.084 0.151268
0.084 0.085 0.139963
0.085 0.086 0.129638
0.086 0.087 0.117958
0.087 0.088 0.106868
0.088 0.089 0.094060
0.089 0.090 0.084372
0.090 0.091 0.074292
0.091 0.092 0.064498
0.092 0.093 0.054531
0.093 0.094 0.047948
0.094 0.095 0.040845
0.095 0.096 0.034121
0.096 0.097 0.025100
0.097 0.098 0.019177
0.098 0.099 0.012941
0.099 0.100 0.007286
0.100 0.101 0.005425
0.101 0.102 0.001506
0.102 0.103 0.000000
0.103 0.104 0.000000
0.104 0.105 0.000000
0.105 0.106 0.000000
0.106 0.107 0.000000
0.107 0.108 0.000000
0.108 0.109 0.000000
0.109 0.110 0.000000
0.110 0.111 0.000000
0.111 0.112 0.000000
0.112 0.113 0.000000
0.113 0.114 0.000000
0.114 0.115 0.000000
0.115 0.116 0.000000
0.116 0.117 0.000000
0.117 0.118 0.000000
0.118 0.119 0.000000
0.119 0.120 0.000000
0.120 0.121 0.000000
0.121 0.122 0.000000
0.122 0.123 0.000000
0.123 0.124 0.000000
0.124 0.125 0.000000
0.125 0.126 0.000000
0.126 0.127 0.000000
0.127 0.128 0.000000
0.128 0.129 0.000000
0.129 0.130 0.000000
0.130 0.131 0.000000
0.131 0.132 0.000000
0.132 0.133 0.000000
0.133 0.134 0.000000
0.134 0.135 0.000000
0.135 0.136 0.000000
0.136 0.137 0.000000
0.137 0.138 0.000000
0.138 0.139 0.000000
0.139 0.140 0.000000
0.140 0.141 0.000000
0.141 0.142 0.000000
0.142 0.143 0.000000
0.143 0.144 0.000000
0.144 0.145 0.000000
0.145 0.146 0.000000
0.146 0.147 0.000000
0.147 0.148 0.000000
0.148 0.149 0.000000
0.149 0.150 0.000000
