1
0.000 0.001 0.000000
0.001 0.002 0.000000
0.002 0.003 0.000000
0.003 0.004 0.000000
0.004 0.005 0.000000
0.005 0.006 0.000000
0.006 0.007 0.000000
0.007 0.008 0.000000
0.008 0.009 0.000000
0.009 0.010 0.000000
0.010 0.011 0.000000
0.011 0.012 0.000000
0.012 0.013 0.000000
0.013 0.014 0.000000
0.014 0.015 0.000000
0.015 0.016 0.000000
0.016 0.017 0.000000
0.017 0.018 0.000003
0.018 0.019 0.000026
0.019 0.020 0.000135
0.020 0.021 0.000528
0.021 0.022 0.001635
0.022 0.023 0.004202
0.023 0.024 0.009281
0.024 0.025 0.018170
0.025 0.026 0.032100
0.026 0.027 0.052024
0.027 0.028 0.078500
0.028 0.029 0.112746
0.029 0.030 0.153527
0.030 0.031 0.200626
0.031 0.032 0.252218
0.032 0.033 0.307852
0.033 0.034 0.365008
0.034 0.035 0.421815
0.035 0.036 0.478091
0.036 0.037 0.530066
0.037 0.038 0.580012
0.038 0.039 0.627067
0.039 0.040 0.668683
0.040 0.041 0.708604
0.041 0.042 0.743678
0.042 0.043 0.774535
0.043 0.044 0.801708
0.044 0.045 0.823123
0.045 0.046 0.832938
0.046 0.047 0.842004
0.047 0.048 0.846853
0.048 0.049 0.844568
0.049 0.050 0.837081
0.050 0.051 0.828950
0.051 0.052 0.825762
0.052 0.053 0.813730
0.053 0.054 0.801029
0.054 0.055 0.788052
0.055 0.056 0.767358
0.056 0.057 0.742290
0.057 0.058 0.824132
0.058 0.059 1.000000
0.059 0.060 0.876044
0.060 0.061 0.657500
0.061 0.062 0.633935
0.062 0.063 0.598145
0.063 0.064 0.572680
0.064 0.065 0.547120
0.065 0.066 0.519397
0.066 0.067 0.575135
0.067 0.068 0.552733
0.068 0.069 0.455592
0.069 0.070 0.401645
0.070 0.071 0.349889
0.071 0.072 0.332681
0.072 0.073 0.309526
0.073 0.074 0.288232
0.074 0.075 0.266489
0.075 0.076 0.244437
0.076 0.077 0.223183
0.077 0.078 0.197631
0.078 0.079 0.181589
0.079 0.080 0.166494
0.080 0.081 0.149314
0.081 0.082 0.128956
0.082 0.083 0.111512
0.083 0.084 0.093329
0.084 0.085 0.081528
0.085 0.086 0.069641
0.086 0.087 0.056092
0.087 0.088 0.042848
0.088 0.089 0.026404
0.089 0.090 0.018916
0.090 0.091 0.013364
0.091 0.092 0.003659
0.092 0.093 0.000000
0.093 0.094 0.000000
0.094 0.095 0.000000
0.095 0.096 0.000000
0.096 0.097 0.000000
0.097 0.098 0.000000
0.098 0.099 0.000000
0.099 0.100 0.000000
0.100 0.101 0.000000
0.101 0.102 0.000000
0.102 0.103 0.000000
0.103 0.104 0.000000
0.104 0.105 0.000000
0.105 0.106 0.000000
0.106 0.107 0.000000
0.107 0.108 0.000000
0.108 0.109 0.000000
0.109 0.110 0.000000
0.110 0.111 0.000000
0.111 0.112 0.000000
0.112 0.113 0.000000
0.113 0.114 0.000000
0.114 0.115 0.000000
0.115 0.116 0.000000
0.116 0.117 0.000000
0.117 0.118 0.000000
0.118 0.119 0.000000
0.119 0.120 0.000000
0.120 0.121 0.000000
0.121 0.122 0.000000
0.122 0.123 0.000000
0.123 0.124 0.000000
0.124 0.125 0.000000
0.125 0.126 0.000000
0.126 0.127 0.000000
0.127 0.128 0.000000
0.128 0.129 0.000000
0.129 0.130 0.000000
0.130 0.131 0.000000
0.131 0.132 0.000000
0.132 0.133 0.000000
0.133 0.134 0.000000
0.134 0.135 0.000000
0.135 0.136 0.000000
0.136 0.137 0.000000
0.137 0.138 0.000000
0.138 0.139 0.000000
0.139 0.140 0.000000
0.140 0.141 0.000000
0.141 0.142 0.000000
0.142 0.143 0.000000
0.143 0.144 0.000000
0.144 0.145 0.000000
0.145 0.146 0.000000
0.146 0.147 0.000000
0.147 0.148 0.000000
0.148 0.149 0.000000
0.149 0.150 0.000000
