1
0.000 0.001 0.000000
0.001 0.002 0.000000
0.002 0.003 0.000000
0.003 0.004 0.000000
0.004 0.005 0.000000
0.005 0.006 0.000000
0.006 0.007 0.000000
0.007 0.008 0.000000
0.008 0.009 0.000000
0.009 0.010 0.000000
0.010 0.011 0.000000
0.011 0.012 0.000000
0.012 0.013 0.000000
0.013 0.014 0.000000
0.014 0.015 0.000000
0.015 0.016 0.000000
0.016 0.017 0.000000
0.017 0.018 0.000000
0.018 0.019 0.000003
0.019 0.020 0.000018
0.020 0.021 0.000080
0.021 0.022 0.000284
0.022 0.023 0.000815
0.023 0.024 0.001988
0.024 0.025 0.004235
0.025 0.026 0.008067
0.026 0.027 0.013992
0.027 0.028 0.022523
0.028 0.029 0.034034
0.029 0.030 0.048483
0.030 0.031 0.065965
0.031 0.032 0.086224
0.032 0.033 0.108901
0.033 0.034 0.133676
0.034 0.035 0.159903
0.035 0.036 0.186704
0.036 0.037 0.214111
0.037 0.038 0.241860
0.038 0.039 0.268175
0.039 0.040 0.293698
0.040 0.041 0.318236
0.041 0.042 0.341005
0.042 0.043 0.362499
0.043 0.044 0.381920
0.044 0.045 0.400488
0.045 0.046 0.415784
0.046 0.047 0.428504
0.047 0.048 0.441993
0.048 0.049 0.453137
0.049 0.050 0.460134
0.050 0.051 0.466160
0.051 0.052 0.472860
0.052 0.053 0.477253
0.053 0.054 0.478985
0.054 0.055 0.479647
0.055 0.056 0.480947
0.056 0.057 0.481159
0.057 0.058 0.658495
0.058 0.059 1.000000
0.059 0.060 0.817019
0.060 0.061 0.478148
0.061 0.062 0.472726
0.062 0.063 0.448778
0.063 0.064 0.440719
0.064 0.065 0.431446
0.065 0.066 0.423484
0.066 0.067 0.557819
0.067 0.068 0.550966
0.068 0.069 0.427501
0.069 0.070 0.385399
0.070 0.071 0.315643
0.071 0.072 0.308482
0.072 0.073 0.299180
0.073 0.074 0.293216
0.074 0.075 0.286655
0.075 0.076 0.278820
0.076 0.077 0.268806
0.077 0.078 0.259515
0.078 0.079 0.254980
0.079 0.080 0.249177
0.080 0.081 0.241107
0.081 0.082 0.231763
0.082 0.083 0.223383
0.083 0.084 0.215520
0.084 0.085 0.208284
0.085 0.086 0.201610
0.086 0.087 0.192566
0.087 0.088 0.187811
0.088 0.089 0.181650
0.089 0.090 0.173445
0.090 0.091 0.166047
0.091 0.092 0.156028
0.092 0.093 0.149069
0.093 0.094 0.145178
0.094 0.095 0.137536
0.095 0.096 0.131751
0.096 0.097 0.125586
0.097 0.098 0.117786
0.098 0.099 0.110650
0.099 0.100 0.104906
0.100 0.101 0.100220
0.101 0.102 0.094745
0.102 0.103 0.087128
0.103 0.104 0.082570
0.104 0.105 0.078554
0.105 0.106 0.073442
0.106 0.107 0.068643
0.107 0.108 0.062767
0.108 0.109 0.057763
0.109 0.110 0.052036
0.110 0.111 0.047955
0.111 0.112 0.044591
0.112 0.113 0.039990
0.113 0.114 0.036057
0.114 0.115 0.032337
0.115 0.116 0.027610
0.116 0.117 0.024527
0.117 0.118 0.021182
0.118 0.119 0.016668
0.119 0.120 0.014243
0.120 0.121 0.012456
0.121 0.122 0.010503
0.122 0.123 0.008486
0.123 0.124 0.006363
0.124 0.125 0.003613
0.125 0.126 0.002240
0.126 0.127 0.000617
0.127 0.128 0.000000
0.128 0.129 0.000000
0.129 0.130 0.000000
0.130 0.131 0.000000
0.131 0.132 0.000000
0.132 0.133 0.000000
0.133 0.134 0.000000
0.134 0.135 0.000000
0.135 0.136 0.000000
0.136 0.137 0.000000
0.137 0.138 0.000000
0.138 0.139 0.000000
0.139 0.140 0.000000
0.140 0.141 0.000000
0.141 0.142 0.000000
0.142 0.143 0.000000
0.143 0.144 0.000000
0.144 0.145 0.000000
0.145 0.146 0.000000
0.146 0.147 0.000000
0.147 0.148 0.000000
0.148 0.149 0.000000
0.149 0.150 0.000000
