1
0.000 0.001 0.000000
0.001 0.002 0.000000
0.002 0.003 0.000000
0.003 0.004 0.000000
0.004 0.005 0.000000
0.005 0.006 0.000000
0.006 0.007 0.000000
0.007 0.008 0.000000
0.008 0.009 0.000000
0.009 0.010 0.000000
0.010 0.011 0.000000
0.011 0.012 0.000000
0.012 0.013 0.000000
0.013 0.014 0.000000
0.014 0.015 0.000006
0.015 0.016 0.000054
0.016 0.017 0.000308
0.017 0.018 0.001234
0.018 0.019 0.003777
0.019 0.020 0.009360
0.020 0.021 0.019784
0.021 0.022 0.036545
0.022 0.023 0.061032
0.023 0.024 0.093664
0.024 0.025 0.133864
0.025 0.026 0.181226
0.026 0.027 0.233715
0.027 0.028 0.289742
0.028 0.029 0.348532
0.029 0.030 0.408181
0.030 0.031 0.465243
0.031 0.032 0.517879
0.032 0.033 0.571588
0.033 0.034 0.620384
0.034 0.035 0.660773
0.035 0.036 0.696334
0.036 0.037 0.725489
0.037 0.038 0.750679
0.038 0.039 0.775039
0.039 0.040 0.797194
0.040 0.041 0.809398
0.041 0.042 0.819501
0.042 0.043 0.825251
0.043 0.044 0.830917
0.044 0.045 0.833698
0.045 0.046 0.826220
0.046 0.047 0.823380
0.047 0.048 0.814921
0.048 0.049 0.801853
0.049 0.050 0.788514
0.050 0.051 0.778376
0.051 0.052 0.769454
0.052 0.053 0.748142
0.053 0.054 0.727897
0.054 0.055 0.714319
0.055 0.056 0.696889
0.056 0.057 0.672917
0.057 0.058 0.778477
0.058 0.059 1.000000
0.059 0.060 0.860410
0.060 0.061 0.616106
0.061 0.062 0.592200
0.062 0.063 0.553190
0.063 0.064 0.531849
0.064 0.065 0.511309
0.065 0.066 0.490537
0.066 0.067 0.563599
0.067 0.068 0.548144
0.068 0.069 0.451883
0.069 0.070 0.404706
0.070 0.071 0.350367
0.071 0.072 0.337344
0.072 0.073 0.319618
0.073 0.074 0.299609
0.074 0.075 0.279525
0.075 0.076 0.260686
0.076 0.077 0.243571
0.077 0.078 0.225778
0.078 0.079 0.209438
0.079 0.080 0.193259
0.080 0.081 0.173909
0.081 0.082 0.151938
0.082 0.083 0.133658
0.083 0.084 0.118354
0.084 0.085 0.100851
0.085 0.086 0.083058
0.086 0.087 0.063226
0.087 0.088 0.042593
0.088 0.089 0.024021
0.089 0.090 0.011048
0.090 0.091 0.001295
0.091 0.092 0.000000
0.092 0.093 0.000000
0.093 0.094 0.000000
0.094 0.095 0.000000
0.095 0.096 0.000000
0.096 0.097 0.000000
0.097 0.098 0.000000
0.098 0.099 0.000000
0.099 0.100 0.000000
0.100 0.101 0.000000
0.101 0.102 0.000000
0.102 0.103 0.000000
0.103 0.104 0.000000
0.104 0.105 0.000000
0.105 0.106 0.000000
0.106 0.107 0.000000
0.107 0.108 0.000000
0.108 0.109 0.000000
0.109 0.110 0.000000
0.110 0.111 0.000000
0.111 0.112 0.000000
0.112 0.113 0.000000
0.113 0.114 0.000000
0.114 0.115 0.000000
0.115 0.116 0.000000
0.116 0.117 0.000000
0.117 0.118 0.000000
0.118 0.119 0.000000
0.119 0.120 0.000000
0.120 0.121 0.000000
0.121 0.122 0.000000
0.122 0.123 0.000000
0.123 0.124 0.000000
0.124 0.125 0.000000
0.125 0.126 0.000000
0.126 0.127 0.000000
0.127 0.128 0.000000
0.128 0.129 0.000000
0.129 0.130 0.000000
0.130 0.131 0.000000
0.131 0.132 0.000000
0.132 0.133 0.000000
0.133 0.134 0.000000
0.134 0.135 0.000000
0.135 0.136 0.000000
0.136 0.137 0.000000
0.137 0.138 0.000000
0.138 0.139 0.000000
0.139 0.140 0.000000
0.140 0.141 0.000000
0.141 0.142 0.000000
0.142 0.143 0.000000
0.143 0.144 0.000000
0.144 0.145 0.000000
0.145 0.146 0.000000
0.146 0.147 0.000000
0.147 0.148 0.000000
0.148 0.149 0.000000
0.149 0.150 0.000000
