1
0.000 0.001 0.000000
0.001 0.002 0.000000
0.002 0.003 0.000000
0.003 0.004 0.000000
0.004 0.005 0.000000
0.005 0.006 0.000000
0.006 0.007 0.000000
0.007 0.008 0.000000
0.008 0.009 0.000000
0.009 0.010 0.000000
0.010 0.011 0.000000
0.011 0.012 0.000000
0.012 0.013 0.000000
0.013 0.014 0.000000
0.014 0.015 0.000000
0.015 0.016 0.000000
0.016 0.017 0.000000
0.017 0.018 0.000000
0.018 0.019 0.000000
0.019 0.020 0.000000
0.020 0.021 0.000001
0.021 0.022 0.000004
0.022 0.023 0.000018
0.023 0.024 0.000069
0.024 0.025 0.000217
0.025 0.026 0.000577
0.026 0.027 0.001334
0.027 0.028 0.002770
0.028 0.029 0.005246
0.029 0.030 0.009096
0.030 0.031 0.014735
0.031 0.032 0.022499
0.032 0.033 0.032681
0.033 0.034 0.045390
0.034 0.035 0.060695
0.035 0.036 0.078523
0.036 0.037 0.098642
0.037 0.038 0.120571
0.038 0.039 0.143701
0.039 0.040 0.168443
0.040 0.041 0.194010
0.041 0.042 0.219714
0.042 0.043 0.246158
0.043 0.044 0.271766
0.044 0.045 0.297389
0.045 0.046 0.321699
0.046 0.047 0.343364
0.047 0.048 0.365737
0.048 0.049 0.387583
0.049 0.050 0.404841
0.050 0.051 0.420453
0.051 0.052 0.437403
0.052 0.053 0.452981
0.053 0.054 0.464425
0.054 0.055 0.473807
0.055 0.056 0.484234
0.056 0.057 0.494015
0.057 0.058 0.667541
0.058 0.059 1.000000
0.059 0.060 0.836847
0.060 0.061 0.517000
0.061 0.062 0.517405
0.062 0.063 0.499342
0.063 0.064 0.494709
0.064 0.065 0.489453
0.065 0.066 0.486768
0.066 0.067 0.630672
0.067 0.068 0.628200
0.068 0.069 0.501533
0.069 0.070 0.457472
0.070 0.071 0.384670
0.071 0.072 0.377425
0.072 0.073 0.367473
0.073 0.074 0.364039
0.074 0.075 0.358541
0.075 0.076 0.349074
0.076 0.077 0.336702
0.077 0.078 0.326584
0.078 0.079 0.321674
0.079 0.080 0.314323
0.080 0.081 0.302617
0.081 0.082 0.289246
0.082 0.083 0.277151
0.083 0.084 0.264913
0.084 0.085 0.253470
0.085 0.086 0.244541
0.086 0.087 0.232617
0.087 0.088 0.223645
0.088 0.089 0.214033
0.089 0.090 0.200473
0.090 0.091 0.188000
0.091 0.092 0.173929
0.092 0.093 0.163957
0.093 0.094 0.157120
0.094 0.095 0.145675
0.095 0.096 0.136825
0.096 0.097 0.126217
0.097 0.098 0.113915
0.098 0.099 0.100444
0.099 0.100 0.092279
0.100 0.101 0.087773
0.101 0.102 0.080452
0.102 0.103 0.069447
0.103 0.104 0.062453
0.104 0.105 0.057324
0.105 0.106 0.050846
0.106 0.107 0.043270
0.107 0.108 0.036671
0.108 0.109 0.030771
0.109 0.110 0.023781
0.110 0.111 0.019160
0.111 0.112 0.015332
0.112 0.113 0.010177
0.113 0.114 0.007254
0.114 0.115 0.003527
0.115 0.116 0.000922
0.116 0.117 0.000000
0.117 0.118 0.000000
0.118 0.119 0.000000
0.119 0.120 0.000000
0.120 0.121 0.000000
0.121 0.122 0.000000
0.122 0.123 0.000000
0.123 0.124 0.000000
0.124 0.125 0.000000
0.125 0.126 0.000000
0.126 0.127 0.000000
0.127 0.128 0.000000
0.128 0.129 0.000000
0.129 0.130 0.000000
0.130 0.131 0.000000
0.131 0.132 0.000000
0.132 0.133 0.000000
0.133 0.134 0.000000
0.134 0.135 0.000000
0.135 0.136 0.000000
0.136 0.137 0.000000
0.137 0.138 0.000000
0.138 0.139 0.000000
0.139 0.140 0.000000
0.140 0.141 0.000000
0.141 0.142 0.000000
0.142 0.143 0.000000
0.143 0.144 0.000000
0.144 0.145 0.000000
0.145 0.146 0.000000
0.146 0.147 0.000000
0.147 0.148 0.000000
0.148 0.149 0.000000
0.149 0.150 0.000000
