1
0.000 0.001 0.000000
0.001 0.002 0.000000
0.002 0.003 0.000000
0.003 0.004 0.000000
0.004 0.005 0.000000
0.005 0.006 0.000000
0.006 0.007 0.000000
0.007 0.008 0.000000
0.008 0.009 0.000000
0.009 0.010 0.000000
0.010 0.011 0.000000
0.011 0.012 0.000000
0.012 0.013 0.000000
0.013 0.014 0.000000
0.014 0.015 0.000000
0.015 0.016 0.000000
0.016 0.017 0.000000
0.017 0.018 0.000003
0.018 0.019 0.000021
0.019 0.020 0.000101
0.020 0.021 0.000378
0.021 0.022 0.001139
0.022 0.023 0.002880
0.023 0.024 0.006283
0.024 0.025 0.012301
0.025 0.026 0.021796
0.026 0.027 0.035560
0.027 0.028 0.054308
0.028 0.029 0.078306
0.029 0.030 0.107050
0.030 0.031 0.140365
0.031 0.032 0.177406
0.032 0.033 0.217729
0.033 0.034 0.259813
0.034 0.035 0.302614
0.035 0.036 0.345873
0.036 0.037 0.386749
0.037 0.038 0.423801
0.038 0.039 0.462675
0.039 0.040 0.500668
0.040 0.041 0.533880
0.041 0.042 0.563120
0.042 0.043 0.590723
0.043 0.044 0.614071
0.044 0.045 0.634477
0.045 0.046 0.648861
0.046 0.047 0.659228
0.047 0.048 0.668483
0.048 0.049 0.673876
0.049 0.050 0.671875
0.050 0.051 0.670834
0.051 0.052 0.669544
0.052 0.053 0.667183
0.053 0.054 0.662862
0.054 0.055 0.656196
0.055 0.056 0.646877
0.056 0.057 0.637188
0.057 0.058 0.759204
0.058 0.059 1.000000
0.059 0.060 0.852535
0.060 0.061 0.589786
0.061 0.062 0.572624
0.062 0.063 0.541445
0.063 0.064 0.518072
0.064 0.065 0.502163
0.065 0.066 0.486779
0.066 0.067 0.575860
0.067 0.068 0.561607
0.068 0.069 0.456800
0.069 0.070 0.411991
0.070 0.071 0.353643
0.071 0.072 0.338247
0.072 0.073 0.318445
0.073 0.074 0.305453
0.074 0.075 0.289071
0.075 0.076 0.274266
0.076 0.077 0.258721
0.077 0.078 0.245007
0.078 0.079 0.234635
0.079 0.080 0.223461
0.080 0.081 0.209449
0.081 0.082 0.193102
0.082 0.083 0.177817
0.083 0.084 0.162538
0.084 0.085 0.146265
0.085 0.086 0.136629
0.086 0.087 0.125623
0.087 0.088 0.115219
0.088 0.089 0.103846
0.089 0.090 0.092350
0.090 0.091 0.080576
0.091 0.092 0.067261
0.092 0.093 0.060002
0.093 0.094 0.052837
0.094 0.095 0.045107
0.095 0.096 0.037805
0.096 0.097 0.029148
0.097 0.098 0.018786
0.098 0.099 0.012943
0.099 0.100 0.008444
0.100 0.101 0.003760
0.101 0.102 0.002304
0.102 0.103 0.000000
0.103 0.104 0.000000
0.104 0.105 0.000000
0.105 0.106 0.000000
0.106 0.107 0.000000
0.107 0.108 0.000000
0.108 0.109 0.000000
0.109 0.110 0.000000
0.110 0.111 0.000000
0.111 0.112 0.000000
0.112 0.113 0.000000
0.113 0.114 0.000000
0.114 0.115 0.000000
0.115 0.116 0.000000
0.116 0.117 0.000000
0.117 0.118 0.000000
0.118 0.119 0.000000
0.119 0.120 0.000000
0.120 0.121 0.000000
0.121 0.122 0.000000
0.122 0.123 0.000000
0.123 0.124 0.000000
0.124 0.125 0.000000
0.125 0.126 0.000000
0.126 0.127 0.000000
0.127 0.128 0.000000
0.128 0.129 0.000000
0.129 0.130 0.000000
0.130 0.131 0.000000
0.131 0.132 0.000000
0.132 0.133 0.000000
0.133 0.134 0.000000
0.134 0.135 0.000000
0.135 0.136 0.000000
0.136 0.137 0.000000
0.137 0.138 0.000000
0.138 0.139 0.000000
0.139 0.140 0.000000
0.140 0.141 0.000000
0.141 0.142 0.000000
0.142 0.143 0.000000
0.143 0.144 0.000000
0.144 0.145 0.000000
0.145 0.146 0.000000
0.146 0.147 0.000000
0.147 0.148 0.000000
0.148 0.149 0.000000
0.149 0.150 0.000000
