1
0.000 0.001 0.000000
0.001 0.002 0.000000
0.002 0.003 0.000000
0.003 0.004 0.000000
0.004 0.005 0.000000
0.005 0.006 0.000000
0.006 0.007 0.000000
0.007 0.008 0.000000
0.008 0.009 0.000000
0.009 0.010 0.000000
0.010 0.011 0.000000
0.011 0.012 0.000000
0.012 0.013 0.000000
0.013 0.014 0.000000
0.014 0.015 0.000000
0.015 0.016 0.000000
0.016 0.017 0.000000
0.017 0.018 0.000000
0.018 0.019 0.000003
0.019 0.020 0.000016
0.020 0.021 0.000072
0.021 0.022 0.000258
0.022 0.023 0.000748
0.023 0.024 0.001844
0.024 0.025 0.003984
0.025 0.026 0.007676
0.026 0.027 0.013390
0.027 0.028 0.021799
0.028 0.029 0.033396
0.029 0.030 0.047954
0.030 0.031 0.065591
0.031 0.032 0.086644
0.032 0.033 0.110671
0.033 0.034 0.136684
0.034 0.035 0.164620
0.035 0.036 0.194843
0.036 0.037 0.225045
0.037 0.038 0.253171
0.038 0.039 0.281836
0.039 0.040 0.311103
0.040 0.041 0.338009
0.041 0.042 0.362753
0.042 0.043 0.388105
0.043 0.044 0.409319
0.044 0.045 0.429625
0.045 0.046 0.449437
0.046 0.047 0.462880
0.047 0.048 0.477721
0.048 0.049 0.492711
0.049 0.050 0.500051
0.050 0.051 0.506415
0.051 0.052 0.515291
0.052 0.053 0.523845
0.053 0.054 0.527398
0.054 0.055 0.526577
0.055 0.056 0.528405
0.056 0.057 0.532903
0.057 0.058 0.694724
0.058 0.059 1.000000
0.059 0.060 0.829974
0.060 0.061 0.521163
0.061 0.062 0.515985
0.062 0.063 0.494874
0.063 0.064 0.483706
0.064 0.065 0.474352
0.065 0.066 0.468487
0.066 0.067 0.589731
0.067 0.068 0.581286
0.068 0.069 0.465092
0.069 0.070 0.423045
0.070 0.071 0.358077
0.071 0.072 0.347631
0.072 0.073 0.334335
0.073 0.074 0.331850
0.074 0.075 0.327311
0.075 0.076 0.315182
0.076 0.077 0.300426
0.077 0.078 0.289811
0.078 0.079 0.284886
0.079 0.080 0.277653
0.080 0.081 0.266929
0.081 0.082 0.254592
0.082 0.083 0.241893
0.083 0.084 0.227507
0.084 0.085 0.216246
0.085 0.086 0.206944
0.086 0.087 0.196276
0.087 0.088 0.186918
0.088 0.089 0.177753
0.089 0.090 0.165421
0.090 0.091 0.149545
0.091 0.092 0.136046
0.092 0.093 0.125187
0.093 0.094 0.115241
0.094 0.095 0.103591
0.095 0.096 0.092774
0.096 0.097 0.078993
0.097 0.098 0.064434
0.098 0.099 0.048018
0.099 0.100 0.036345
0.100 0.101 0.029575
0.101 0.102 0.017818
0.102 0.103 0.000869
0.103 0.104 0.000000
0.104 0.105 0.000000
0.105 0.106 0.000000
0.106 0.107 0.000000
0.107 0.108 0.000000
0.108 0.109 0.000000
0.109 0.110 0.000000
0.110 0.111 0.000000
0.111 0.112 0.000000
0.112 0.113 0.000000
0.113 0.114 0.000000
0.114 0.115 0.000000
0.115 0.116 0.000000
0.116 0.117 0.000000
0.117 0.118 0.000000
0.118 0.119 0.000000
0.119 0.120 0.000000
0.120 0.121 0.000000
0.121 0.122 0.000000
0.122 0.123 0.000000
0.123 0.124 0.000000
0.124 0.125 0.000000
0.125 0.126 0.000000
0.126 0.127 0.000000
0.127 0.128 0.000000
0.128 0.129 0.000000
0.129 0.130 0.000000
0.130 0.131 0.000000
0.131 0.132 0.000000
0.132 0.133 0.000000
0.133 0.134 0.000000
0.134 0.135 0.000000
0.135 0.136 0.000000
0.136 0.137 0.000000
0.137 0.138 0.000000
0.138 0.139 0.000000
0.139 0.140 0.000000
0.140 0.141 0.000000
0.141 0.142 0.000000
0.142 0.143 0.000000
0.143 0.144 0.000000
0.144 0.145 0.000000
0.145 0.146 0.000000
0.146 0.147 0.000000
0.147 0.148 0.000000
0.148 0.149 0.000000
0.149 0.150 0.000000
