1
0.000 0.001 0.000000
0.001 0.002 0.000000
0.002 0.003 0.000000
0.003 0.004 0.000000
0.004 0.005 0.000000
0.005 0.006 0.000000
0.006 0.007 0.000000
0.007 0.008 0.000000
0.008 0.009 0.000000
0.009 0.010 0.000000
0.010 0.011 0.000000
0.011 0.012 0.000000
0.012 0.013 0.000000
0.013 0.014 0.000000
0.014 0.015 0.000000
0.015 0.016 0.000000
0.016 0.017 0.000000
0.017 0.018 0.000000
0.018 0.019 0.000000
0.019 0.020 0.000000
0.020 0.021 0.000000
0.021 0.022 0.000001
0.022 0.023 0.000004
0.023 0.024 0.000018
0.024 0.025 0.000072
0.025 0.026 0.000233
0.026 0.027 0.000637
0.027 0.028 0.001526
0.028 0.029 0.003266
0.029 0.030 0.006292
0.030 0.031 0.011155
0.031 0.032 0.018405
0.032 0.033 0.028586
0.033 0.034 0.041964
0.034 0.035 0.058821
0.035 0.036 0.079262
0.036 0.037 0.103577
0.037 0.038 0.130897
0.038 0.039 0.161460
0.039 0.040 0.195063
0.040 0.041 0.229790
0.041 0.042 0.265328
0.042 0.043 0.302327
0.043 0.044 0.338972
0.044 0.045 0.375128
0.045 0.046 0.408354
0.046 0.047 0.439388
0.047 0.048 0.468822
0.048 0.049 0.495938
0.049 0.050 0.517465
0.050 0.051 0.541578
0.051 0.052 0.564760
0.052 0.053 0.582366
0.053 0.054 0.597612
0.054 0.055 0.610706
0.055 0.056 0.618453
0.056 0.057 0.623085
0.057 0.058 0.751709
0.058 0.059 1.000000
0.059 0.060 0.876549
0.060 0.061 0.629142
0.061 0.062 0.618756
0.062 0.063 0.598886
0.063 0.064 0.588958
0.064 0.065 0.579123
0.065 0.066 0.568240
0.066 0.067 0.673632
0.067 0.068 0.664580
0.068 0.069 0.549224
0.069 0.070 0.500335
0.070 0.071 0.435150
0.071 0.072 0.419345
0.072 0.073 0.394656
0.073 0.074 0.383902
0.074 0.075 0.371404
0.075 0.076 0.353881
0.076 0.077 0.335251
0.077 0.078 0.317889
0.078 0.079 0.303863
0.079 0.080 0.288935
0.080 0.081 0.270130
0.081 0.082 0.247404
0.082 0.083 0.223467
0.083 0.084 0.207369
0.084 0.085 0.192141
0.085 0.086 0.177898
0.086 0.087 0.161322
0.087 0.088 0.145160
0.088 0.089 0.127322
0.089 0.090 0.107848
0.090 0.091 0.095368
0.091 0.092 0.083044
0.092 0.093 0.071581
0.093 0.094 0.059766
0.094 0.095 0.047345
0.095 0.096 0.032566
0.096 0.097 0.024347
0.097 0.098 0.015971
0.098 0.099 0.005537
0.099 0.100 0.003108
0.100 0.101 0.000000
0.101 0.102 0.000000
0.102 0.103 0.000000
0.103 0.104 0.000000
0.104 0.105 0.000000
0.105 0.106 0.000000
0.106 0.107 0.000000
0.107 0.108 0.000000
0.108 0.109 0.000000
0.109 0.110 0.000000
0.110 0.111 0.000000
0.111 0.112 0.000000
0.112 0.113 0.000000
0.113 0.114 0.000000
0.114 0.115 0.000000
0.115 0.116 0.000000
0.116 0.117 0.000000
0.117 0.118 0.000000
0.118 0.119 0.000000
0.119 0.120 0.000000
0.120 0.121 0.000000
0.121 0.122 0.000000
0.122 0.123 0.000000
0.123 0.124 0.000000
0.124 0.125 0.000000
0.125 0.126 0.000000
0.126 0.127 0.000000
0.127 0.128 0.000000
0.128 0.129 0.000000
0.129 0.130 0.000000
0.130 0.131 0.000000
0.131 0.132 0.000000
0.132 0.133 0.000000
0.133 0.134 0.000000
0.134 0.135 0.000000
0.135 0.136 0.000000
0.136 0.137 0.000000
0.137 0.138 0.000000
0.138 0.139 0.000000
0.139 0.140 0.000000
0.140 0.141 0.000000
0.141 0.142 0.000000
0.142 0.143 0.000000
0.143 0.144 0.000000
0.144 0.145 0.000000
0.145 0.146 0.000000
0.146 0.147 0.000000
0.147 0.148 0.000000
0.148 0.149 0.000000
0.149 0.150 0.000000
