1
0.000 0.001 0.000000
0.001 0.002 0.000000
0.002 0.003 0.000000
0.003 0.004 0.000000
0.004 0.005 0.000000
0.005 0.006 0.000000
0.006 0.007 0.000000
0.007 0.008 0.000000
0.008 0.009 0.000000
0.009 0.010 0.000000
0.010 0.011 0.000000
0.011 0.012 0.000000
0.012 0.013 0.000000
0.013 0.014 0.000000
0.014 0.015 0.000000
0.015 0.016 0.000000
0.016 0.017 0.000000
0.017 0.018 0.000000
0.018 0.019 0.000000
0.019 0.020 0.000000
0.020 0.021 0.000002
0.021 0.022 0.000010
0.022 0.023 0.000043
0.023 0.024 0.000150
0.024 0.025 0.000436
0.025 0.026 0.001093
0.026 0.027 0.002396
0.027 0.028 0.004734
0.028 0.029 0.008583
0.029 0.030 0.014306
0.030 0.031 0.022342
0.031 0.032 0.032966
0.032 0.033 0.046351
0.033 0.034 0.062469
0.034 0.035 0.081314
0.035 0.036 0.102492
0.036 0.037 0.125726
0.037 0.038 0.150498
0.038 0.039 0.175858
0.039 0.040 0.202242
0.040 0.041 0.228584
0.041 0.042 0.254112
0.042 0.043 0.279377
0.043 0.044 0.305146
0.044 0.045 0.329913
0.045 0.046 0.352475
0.046 0.047 0.372525
0.047 0.048 0.393139
0.048 0.049 0.412293
0.049 0.050 0.426982
0.050 0.051 0.439457
0.051 0.052 0.452766
0.052 0.053 0.464436
0.053 0.054 0.472160
0.054 0.055 0.477911
0.055 0.056 0.484015
0.056 0.057 0.488700
0.057 0.058 0.662661
0.058 0.059 1.000000
0.059 0.060 0.827647
0.060 0.061 0.498461
0.061 0.062 0.497330
0.062 0.063 0.477277
0.063 0.064 0.472106
0.064 0.065 0.465401
0.065 0.066 0.460177
0.066 0.067 0.603475
0.067 0.068 0.599555
0.068 0.069 0.471412
0.069 0.070 0.427428
0.070 0.071 0.353986
0.071 0.072 0.346194
0.072 0.073 0.335978
0.073 0.074 0.330175
0.074 0.075 0.321746
0.075 0.076 0.315091
0.076 0.077 0.305766
0.077 0.078 0.297984
0.078 0.079 0.293955
0.079 0.080 0.288024
0.080 0.081 0.278750
0.081 0.082 0.268058
0.082 0.083 0.258756
0.083 0.084 0.249953
0.084 0.085 0.241704
0.085 0.086 0.234217
0.086 0.087 0.224081
0.087 0.088 0.217037
0.088 0.089 0.207998
0.089 0.090 0.199111
0.090 0.091 0.190484
0.091 0.092 0.178987
0.092 0.093 0.171506
0.093 0.094 0.167777
0.094 0.095 0.159949
0.095 0.096 0.152289
0.096 0.097 0.143793
0.097 0.098 0.133357
0.098 0.099 0.123592
0.099 0.100 0.115656
0.100 0.101 0.108488
0.101 0.102 0.103108
0.102 0.103 0.095283
0.103 0.104 0.089417
0.104 0.105 0.084761
0.105 0.106 0.078707
0.106 0.107 0.072704
0.107 0.108 0.065298
0.108 0.109 0.058887
0.109 0.110 0.051967
0.110 0.111 0.044574
0.111 0.112 0.040938
0.112 0.113 0.036016
0.113 0.114 0.031930
0.114 0.115 0.027770
0.115 0.116 0.022858
0.116 0.117 0.018469
0.117 0.118 0.012914
0.118 0.119 0.009138
0.119 0.120 0.007040
0.120 0.121 0.005646
0.121 0.122 0.002198
0.122 0.123 0.001342
0.123 0.124 0.000000
0.124 0.125 0.000000
0.125 0.126 0.000000
0.126 0.127 0.000000
0.127 0.128 0.000000
0.128 0.129 0.000000
0.129 0.130 0.000000
0.130 0.131 0.000000
0.131 0.132 0.000000
0.132 0.133 0.000000
0.133 0.134 0.000000
0.134 0.135 0.000000
0.135 0.136 0.000000
0.136 0.137 0.000000
0.137 0.138 0.000000
0.138 0.139 0.000000
0.139 0.140 0.000000
0.140 0.141 0.000000
0.141 0.142 0.000000
0.142 0.143 0.000000
0.143 0.144 0.000000
0.144 0.145 0.000000
0.145 0.146 0.000000
0.146 0.147 0.000000
0.147 0.148 0.000000
0.148 0.149 0.000000
0.149 0.150 0.000000
