1
0.000 0.001 0.000000
0.001 0.002 0.000000
0.002 0.003 0.000000
0.003 0.004 0.000000
0.004 0.005 0.000000
0.005 0.006 0.000000
0.006 0.007 0.000000
0.007 0.008 0.000000
0.008 0.009 0.000000
0.009 0.010 0.000000
0.010 0.011 0.000000
0.011 0.012 0.000000
0.012 0.013 0.000000
0.013 0.014 0.000000
0.014 0.015 0.000000
0.015 0.016 0.000000
0.016 0.017 0.000000
0.017 0.018 0.000000
0.018 0.019 0.000002
0.019 0.020 0.000011
0.020 0.021 0.000052
0.021 0.022 0.000194
0.022 0.023 0.000582
0.023 0.024 0.001471
0.024 0.025 0.003235
0.025 0.026 0.006331
0.026 0.027 0.011239
0.027 0.028 0.018478
0.028 0.029 0.028424
0.029 0.030 0.041129
0.030 0.031 0.056711
0.031 0.032 0.074904
0.032 0.033 0.095891
0.033 0.034 0.118896
0.034 0.035 0.143287
0.035 0.036 0.168843
0.036 0.037 0.194980
0.037 0.038 0.221496
0.038 0.039 0.247083
0.039 0.040 0.271891
0.040 0.041 0.295687
0.041 0.042 0.317754
0.042 0.043 0.338876
0.043 0.044 0.357762
0.044 0.045 0.375980
0.045 0.046 0.390843
0.046 0.047 0.402901
0.047 0.048 0.414730
0.048 0.049 0.426151
0.049 0.050 0.434019
0.050 0.051 0.441402
0.051 0.052 0.448628
0.052 0.053 0.452733
0.053 0.054 0.455334
0.054 0.055 0.457063
0.055 0.056 0.458405
0.056 0.057 0.458880
0.057 0.058 0.643889
0.058 0.059 1.000000
0.059 0.060 0.810873
0.060 0.061 0.458671
0.061 0.062 0.453735
0.062 0.063 0.428455
0.063 0.064 0.423003
0.064 0.065 0.416140
0.065 0.066 0.409491
0.066 0.067 0.552251
0.067 0.068 0.547209
0.068 0.069 0.420757
0.069 0.070 0.379118
0.070 0.071 0.307195
0.071 0.072 0.301358
0.072 0.073 0.293246
0.073 0.074 0.287657
0.074 0.075 0.282138
0.075 0.076 0.275493
0.076 0.077 0.266738
0.077 0.078 0.258769
0.078 0.079 0.254985
0.079 0.080 0.250228
0.080 0.081 0.243985
0.081 0.082 0.236364
0.082 0.083 0.229017
0.083 0.084 0.222100
0.084 0.085 0.216035
0.085 0.086 0.210395
0.086 0.087 0.203667
0.087 0.088 0.198788
0.088 0.089 0.192079
0.089 0.090 0.183891
0.090 0.091 0.176751
0.091 0.092 0.166402
0.092 0.093 0.160521
0.093 0.094 0.157490
0.094 0.095 0.151701
0.095 0.096 0.146182
0.096 0.097 0.140476
0.097 0.098 0.133062
0.098 0.099 0.126249
0.099 0.100 0.120910
0.100 0.101 0.116219
0.101 0.102 0.110726
0.102 0.103 0.104239
0.103 0.104 0.098492
0.104 0.105 0.094331
0.105 0.106 0.089169
0.106 0.107 0.084668
0.107 0.108 0.079182
0.108 0.109 0.074689
0.109 0.110 0.070227
0.110 0.111 0.065632
0.111 0.112 0.061561
0.112 0.113 0.056059
0.113 0.114 0.050496
0.114 0.115 0.047303
0.115 0.116 0.043803
0.116 0.117 0.040099
0.117 0.118 0.036484
0.118 0.119 0.031621
0.119 0.120 0.028623
0.120 0.121 0.026983
0.121 0.122 0.023309
0.122 0.123 0.021162
0.123 0.124 0.018873
0.124 0.125 0.016069
0.125 0.126 0.013268
0.126 0.127 0.011081
0.127 0.128 0.008553
0.128 0.129 0.005709
0.129 0.130 0.004341
0.130 0.131 0.002803
0.131 0.132 0.001154
0.132 0.133 0.000710
0.133 0.134 0.000000
0.134 0.135 0.000000
0.135 0.136 0.000000
0.136 0.137 0.000000
0.137 0.138 0.000000
0.138 0.139 0.000000
0.139 0.140 0.000000
0.140 0.141 0.000000
0.141 0.142 0.000000
0.142 0.143 0.000000
0.143 0.144 0.000000
0.144 0.145 0.000000
0.145 0.146 0.000000
0.146 0.147 0.000000
0.147 0.148 0.000000
0.148 0.149 0.000000
0.149 0.150 0.000000
