1
0.000 0.001 0.000000
0.001 0.002 0.000000
0.002 0.003 0.000000
0.003 0.004 0.000000
0.004 0.005 0.000000
0.005 0.006 0.000000
0.006 0.007 0.000000
0.007 0.008 0.000000
0.008 0.009 0.000000
0.009 0.010 0.000000
0.010 0.011 0.000000
0.011 0.012 0.000000
0.012 0.013 0.000000
0.013 0.014 0.000000
0.014 0.015 0.000000
0.015 0.016 0.000000
0.016 0.017 0.000000
0.017 0.018 0.000000
0.018 0.019 0.000003
0.019 0.020 0.000022
0.020 0.021 0.000100
0.021 0.022 0.000358
0.022 0.023 0.001049
0.023 0.024 0.002604
0.024 0.025 0.005663
0.025 0.026 0.010987
0.026 0.027 0.019380
0.027 0.028 0.031700
0.028 0.029 0.048614
0.029 0.030 0.070288
0.030 0.031 0.096784
0.031 0.032 0.127651
0.032 0.033 0.162817
0.033 0.034 0.201163
0.034 0.035 0.241730
0.035 0.036 0.284489
0.036 0.037 0.327212
0.037 0.038 0.368156
0.038 0.039 0.409216
0.039 0.040 0.450207
0.040 0.041 0.486593
0.041 0.042 0.520077
0.042 0.043 0.552085
0.043 0.044 0.579797
0.044 0.045 0.604984
0.045 0.046 0.623424
0.046 0.047 0.639907
0.047 0.048 0.654768
0.048 0.049 0.665663
0.049 0.050 0.669958
0.050 0.051 0.673886
0.051 0.052 0.677949
0.052 0.053 0.675766
0.053 0.054 0.669302
0.054 0.055 0.665912
0.055 0.056 0.658502
0.056 0.057 0.649419
0.057 0.058 0.767199
0.058 0.059 1.000000
0.059 0.060 0.860330
0.060 0.061 0.607708
0.061 0.062 0.590623
0.062 0.063 0.557538
0.063 0.064 0.539547
0.064 0.065 0.522521
0.065 0.066 0.505436
0.066 0.067 0.591308
0.067 0.068 0.575788
0.068 0.069 0.469767
0.069 0.070 0.422724
0.070 0.071 0.361031
0.071 0.072 0.347239
0.072 0.073 0.328592
0.073 0.074 0.315879
0.074 0.075 0.301955
0.075 0.076 0.283852
0.076 0.077 0.265190
0.077 0.078 0.246256
0.078 0.079 0.235595
0.079 0.080 0.224050
0.080 0.081 0.209436
0.081 0.082 0.192416
0.082 0.083 0.176638
0.083 0.084 0.161131
0.084 0.085 0.144591
0.085 0.086 0.133721
0.086 0.087 0.121330
0.087 0.088 0.109408
0.088 0.089 0.096346
0.089 0.090 0.082519
0.090 0.091 0.072585
0.091 0.092 0.062845
0.092 0.093 0.053844
0.093 0.094 0.044688
0.094 0.095 0.033706
0.095 0.096 0.027350
0.096 0.097 0.019935
0.097 0.098 0.011125
0.098 0.099 0.006544
0.099 0.100 0.001649
0.100 0.101 0.000000
0.101 0.102 0.000000
0.102 0.103 0.000000
0.103 0.104 0.000000
0.104 0.105 0.000000
0.105 0.106 0.000000
0.106 0.107 0.000000
0.107 0.108 0.000000
0.108 0.109 0.000000
0.109 0.110 0.000000
0.110 0.111 0.000000
0.111 0.112 0.000000
0.112 0.113 0.000000
0.113 0.114 0.000000
0.114 0.115 0.000000
0.115 0.116 0.000000
0.116 0.117 0.000000
0.117 0.118 0.000000
0.118 0.119 0.000000
0.119 0.120 0.000000
0.120 0.121 0.000000
0.121 0.122 0.000000
0.122 0.123 0.000000
0.123 0.124 0.000000
0.124 0.125 0.000000
0.125 0.126 0.000000
0.126 0.127 0.000000
0.127 0.128 0.000000
0.128 0.129 0.000000
0.129 0.130 0.000000
0.130 0.131 0.000000
0.131 0.132 0.000000
0.132 0.133 0.000000
0.133 0.134 0.000000
0.134 0.135 0.000000
0.135 0.136 0.000000
0.136 0.137 0.000000
0.137 0.138 0.000000
0.138 0.139 0.000000
0.139 0.140 0.000000
0.140 0.141 0.000000
0.141 0.142 0.000000
0.142 0.143 0.000000
0.143 0.144 0.000000
0.144 0.145 0.000000
0.145 0.146 0.000000
0.146 0.147 0.000000
0.147 0.148 0.000000
0.148 0.149 0.000000
0.149 0.150 0.000000
