1
0.000 0.001 0.000000
0.001 0.002 0.000000
0.002 0.003 0.000000
0.003 0.004 0.000000
0.004 0.005 0.000000
0.005 0.006 0.000000
0.006 0.007 0.000000
0.007 0.008 0.000000
0.008 0.009 0.000000
0.009 0.010 0.000000
0.010 0.011 0.000000
0.011 0.012 0.000000
0.012 0.013 0.000000
0.013 0.014 0.000000
0.014 0.015 0.000000
0.015 0.016 0.000000
0.016 0.017 0.000001
0.017 0.018 0.000015
0.018 0.019 0.000097
0.019 0.020 0.000450
0.020 0.021 0.001584
0.021 0.022 0.004484
0.022 0.023 0.010603
0.023 0.024 0.021752
0.024 0.025 0.039841
0.025 0.026 0.066306
0.026 0.027 0.101903
0.027 0.028 0.146968
0.028 0.029 0.200159
0.029 0.030 0.262141
0.030 0.031 0.330442
0.031 0.032 0.401834
0.032 0.033 0.474432
0.033 0.034 0.545725
0.034 0.035 0.615704
0.035 0.036 0.681788
0.036 0.037 0.739121
0.037 0.038 0.794476
0.038 0.039 0.839704
0.039 0.040 0.882389
0.040 0.041 0.920370
0.041 0.042 0.952171
0.042 0.043 0.974999
0.043 0.044 0.989606
0.044 0.045 1.000000
0.045 0.046 0.999332
0.046 0.047 0.995472
0.047 0.048 0.985034
0.048 0.049 0.962451
0.049 0.050 0.951389
0.050 0.051 0.936912
0.051 0.052 0.915755
0.052 0.053 0.891919
0.053 0.054 0.870249
0.054 0.055 0.840687
0.055 0.056 0.800069
0.056 0.057 0.761974
0.057 0.058 0.781440
0.058 0.059 0.862404
0.059 0.060 0.774518
0.060 0.061 0.632956
0.061 0.062 0.598958
0.062 0.063 0.562471
0.063 0.064 0.525121
0.064 0.065 0.482948
0.065 0.066 0.447283
0.066 0.067 0.458858
0.067 0.068 0.430438
0.068 0.069 0.358310
0.069 0.070 0.313371
0.070 0.071 0.270079
0.071 0.072 0.235575
0.072 0.073 0.206976
0.073 0.074 0.184808
0.074 0.075 0.162446
0.075 0.076 0.139421
0.076 0.077 0.112311
0.077 0.078 0.093632
0.078 0.079 0.073437
0.079 0.080 0.057271
0.080 0.081 0.039263
0.081 0.082 0.027889
0.082 0.083 0.018000
0.083 0.084 0.005199
0.084 0.085 0.000000
0.085 0.086 0.000000
0.086 0.087 0.000000
0.087 0.088 0.000000
0.088 0.089 0.000000
0.089 0.090 0.000000
0.090 0.091 0.000000
0.091 0.092 0.000000
0.092 0.093 0.000000
0.093 0.094 0.000000
0.094 0.095 0.000000
0.095 0.096 0.000000
0.096 0.097 0.000000
0.097 0.098 0.000000
0.098 0.099 0.000000
0.099 0.100 0.000000
0.100 0.101 0.000000
0.101 0.102 0.000000
0.102 0.103 0.000000
0.103 0.104 0.000000
0.104 0.105 0.000000
0.105 0.106 0.000000
0.106 0.107 0.000000
0.107 0.108 0.000000
0.108 0.109 0.000000
0.109 0.110 0.000000
0.110 0.111 0.000000
0.111 0.112 0.000000
0.112 0.113 0.000000
0.113 0.114 0.000000
0.114 0.115 0.000000
0.115 0.116 0.000000
0.116 0.117 0.000000
0.117 0.118 0.000000
0.118 0.119 0.000000
0.119 0.120 0.000000
0.120 0.121 0.000000
0.121 0.122 0.000000
0.122 0.123 0.000000
0.123 0.124 0.000000
0.124 0.125 0.000000
0.125 0.126 0.000000
0.126 0.127 0.000000
0.127 0.128 0.000000
0.128 0.129 0.000000
0.129 0.130 0.000000
0.130 0.131 0.000000
0.131 0.132 0.000000
0.132 0.133 0.000000
0.133 0.134 0.000000
0.134 0.135 0.000000
0.135 0.136 0.000000
0.136 0.137 0.000000
0.137 0.138 0.000000
0.138 0.139 0.000000
0.139 0.140 0.000000
0.140 0.141 0.000000
0.141 0.142 0.000000
0.142 0.143 0.000000
0.143 0.144 0.000000
0.144 0.145 0.000000
0.145 0.146 0.000000
0.146 0.147 0.000000
0.147 0.148 0.000000
0.148 0.149 0.000000
0.149 0.150 0.000000
