1
0.000 0.001 0.000000
0.001 0.002 0.000000
0.002 0.003 0.000000
0.003 0.004 0.000000
0.004 0.005 0.000000
0.005 0.006 0.000000
0.006 0.007 0.000000
0.007 0.008 0.000000
0.008 0.009 0.000000
0.009 0.010 0.000000
0.010 0.011 0.000000
0.011 0.012 0.000000
0.012 0.013 0.000000
0.013 0.014 0.000000
0.014 0.015 0.000000
0.015 0.016 0.000000
0.016 0.017 0.000000
0.017 0.018 0.000000
0.018 0.019 0.000000
0.019 0.020 0.000001
0.020 0.021 0.000007
0.021 0.022 0.000033
0.022 0.023 0.000124
0.023 0.024 0.000381
0.024 0.025 0.000995
0.025 0.026 0.002256
0.026 0.027 0.004537
0.027 0.028 0.008300
0.028 0.029 0.014140
0.029 0.030 0.022346
0.030 0.031 0.033300
0.031 0.032 0.047173
0.032 0.033 0.063976
0.033 0.034 0.083518
0.034 0.035 0.105543
0.035 0.036 0.129654
0.036 0.037 0.155555
0.037 0.038 0.182417
0.038 0.039 0.209379
0.039 0.040 0.236894
0.040 0.041 0.263754
0.041 0.042 0.289153
0.042 0.043 0.314558
0.043 0.044 0.338062
0.044 0.045 0.360626
0.045 0.046 0.379901
0.046 0.047 0.397841
0.047 0.048 0.416136
0.048 0.049 0.433094
0.049 0.050 0.445880
0.050 0.051 0.456483
0.051 0.052 0.467337
0.052 0.053 0.476377
0.053 0.054 0.482518
0.054 0.055 0.486908
0.055 0.056 0.490831
0.056 0.057 0.493198
0.057 0.058 0.665761
0.058 0.059 1.000000
0.059 0.060 0.826414
0.060 0.061 0.495767
0.061 0.062 0.490073
0.062 0.063 0.469327
0.063 0.064 0.463267
0.064 0.065 0.455703
0.065 0.066 0.449711
0.066 0.067 0.588406
0.067 0.068 0.583586
0.068 0.069 0.458554
0.069 0.070 0.415221
0.070 0.071 0.343591
0.071 0.072 0.335705
0.072 0.073 0.325455
0.073 0.074 0.319745
0.074 0.075 0.312780
0.075 0.076 0.303848
0.076 0.077 0.291153
0.077 0.078 0.283503
0.078 0.079 0.279554
0.079 0.080 0.273733
0.080 0.081 0.264701
0.081 0.082 0.254451
0.082 0.083 0.245497
0.083 0.084 0.237013
0.084 0.085 0.229136
0.085 0.086 0.222032
0.086 0.087 0.212416
0.087 0.088 0.205750
0.088 0.089 0.198104
0.089 0.090 0.186845
0.090 0.091 0.178614
0.091 0.092 0.167778
0.092 0.093 0.160742
0.093 0.094 0.157249
0.094 0.095 0.149917
0.095 0.096 0.142765
0.096 0.097 0.134811
0.097 0.098 0.125047
0.098 0.099 0.115805
0.099 0.100 0.108427
0.100 0.101 0.102883
0.101 0.102 0.095079
0.102 0.103 0.087817
0.103 0.104 0.082367
0.104 0.105 0.078037
0.105 0.106 0.072429
0.106 0.107 0.066873
0.107 0.108 0.060032
0.108 0.109 0.054113
0.109 0.110 0.047734
0.110 0.111 0.040926
0.111 0.112 0.037572
0.112 0.113 0.033040
0.113 0.114 0.029280
0.114 0.115 0.025456
0.115 0.116 0.020946
0.116 0.117 0.016918
0.117 0.118 0.011825
0.118 0.119 0.008365
0.119 0.120 0.006442
0.120 0.121 0.005164
0.121 0.122 0.002010
0.122 0.123 0.001227
0.123 0.124 0.000000
0.124 0.125 0.000000
0.125 0.126 0.000000
0.126 0.127 0.000000
0.127 0.128 0.000000
0.128 0.129 0.000000
0.129 0.130 0.000000
0.130 0.131 0.000000
0.131 0.132 0.000000
0.132 0.133 0.000000
0.133 0.134 0.000000
0.134 0.135 0.000000
0.135 0.136 0.000000
0.136 0.137 0.000000
0.137 0.138 0.000000
0.138 0.139 0.000000
0.139 0.140 0.000000
0.140 0.141 0.000000
0.141 0.142 0.000000
0.142 0.143 0.000000
0.143 0.144 0.000000
0.144 0.145 0.000000
0.145 0.146 0.000000
0.146 0.147 0.000000
0.147 0.148 0.000000
0.148 0.149 0.000000
0.149 0.150 0.000000
