1
0.000 0.001 0.000000
0.001 0.002 0.000000
0.002 0.003 0.000000
0.003 0.004 0.000000
0.004 0.005 0.000000
0.005 0.006 0.000000
0.006 0.007 0.000000
0.007 0.008 0.000000
0.008 0.009 0.000000
0.009 0.010 0.000000
0.010 0.011 0.000000
0.011 0.012 0.000000
0.012 0.013 0.000000
0.013 0.014 0.000000
0.014 0.015 0.000000
0.015 0.016 0.000000
0.016 0.017 0.000000
0.017 0.018 0.000002
0.018 0.019 0.000012
0.019 0.020 0.000057
0.020 0.021 0.000209
0.021 0.022 0.000626
0.022 0.023 0.001574
0.023 0.024 0.003456
0.024 0.025 0.006768
0.025 0.026 0.012024
0.026 0.027 0.019691
0.027 0.028 0.030198
0.028 0.029 0.043815
0.029 0.030 0.060351
0.030 0.031 0.079777
0.031 0.032 0.101581
0.032 0.033 0.125467
0.033 0.034 0.151008
0.034 0.035 0.177522
0.035 0.036 0.204232
0.036 0.037 0.231332
0.037 0.038 0.257917
0.038 0.039 0.282362
0.039 0.040 0.306147
0.040 0.041 0.327947
0.041 0.042 0.349346
0.042 0.043 0.369224
0.043 0.044 0.387088
0.044 0.045 0.404109
0.045 0.046 0.417347
0.046 0.047 0.428262
0.047 0.048 0.439799
0.048 0.049 0.449016
0.049 0.050 0.454541
0.050 0.051 0.459072
0.051 0.052 0.463541
0.052 0.053 0.465434
0.053 0.054 0.465111
0.054 0.055 0.464316
0.055 0.056 0.463713
0.056 0.057 0.461306
0.057 0.058 0.646056
0.058 0.059 1.000000
0.059 0.060 0.809863
0.060 0.061 0.459935
0.061 0.062 0.454891
0.062 0.063 0.430242
0.063 0.064 0.423071
0.064 0.065 0.414668
0.065 0.066 0.406623
0.066 0.067 0.545171
0.067 0.068 0.538446
0.068 0.069 0.413083
0.069 0.070 0.371096
0.070 0.071 0.300099
0.071 0.072 0.293281
0.072 0.073 0.283675
0.073 0.074 0.278621
0.074 0.075 0.273571
0.075 0.076 0.267675
0.076 0.077 0.259807
0.077 0.078 0.253374
0.078 0.079 0.248826
0.079 0.080 0.243467
0.080 0.081 0.236601
0.081 0.082 0.228339
0.082 0.083 0.220528
0.083 0.084 0.213236
0.084 0.085 0.206680
0.085 0.086 0.200490
0.086 0.087 0.193237
0.087 0.088 0.187236
0.088 0.089 0.181798
0.089 0.090 0.174660
0.090 0.091 0.168245
0.091 0.092 0.159620
0.092 0.093 0.153507
0.093 0.094 0.150212
0.094 0.095 0.144174
0.095 0.096 0.138403
0.096 0.097 0.132414
0.097 0.098 0.124801
0.098 0.099 0.117962
0.099 0.100 0.112383
0.100 0.101 0.106723
0.101 0.102 0.102291
0.102 0.103 0.096842
0.103 0.104 0.092671
0.104 0.105 0.088504
0.105 0.106 0.083346
0.106 0.107 0.078758
0.107 0.108 0.073193
0.108 0.109 0.068567
0.109 0.110 0.063946
0.110 0.111 0.059263
0.111 0.112 0.054579
0.112 0.113 0.050218
0.113 0.114 0.046367
0.114 0.115 0.043131
0.115 0.116 0.039516
0.116 0.117 0.035842
0.117 0.118 0.032149
0.118 0.119 0.027229
0.119 0.120 0.024270
0.120 0.121 0.022080
0.121 0.122 0.019920
0.122 0.123 0.017728
0.123 0.124 0.015400
0.124 0.125 0.012643
0.125 0.126 0.009914
0.126 0.127 0.007213
0.127 0.128 0.005699
0.128 0.129 0.004293
0.129 0.130 0.002961
0.130 0.131 0.001061
0.131 0.132 0.000683
0.132 0.133 0.000000
0.133 0.134 0.000000
0.134 0.135 0.000000
0.135 0.136 0.000000
0.136 0.137 0.000000
0.137 0.138 0.000000
0.138 0.139 0.000000
0.139 0.140 0.000000
0.140 0.141 0.000000
0.141 0.142 0.000000
0.142 0.143 0.000000
0.143 0.144 0.000000
0.144 0.145 0.000000
0.145 0.146 0.000000
0.146 0.147 0.000000
0.147 0.148 0.000000
0.148 0.149 0.000000
0.149 0.150 0.000000
