1
0.000 0.001 0.000000
0.001 0.002 0.000000
0.002 0.003 0.000000
0.003 0.004 0.000000
0.004 0.005 0.000000
0.005 0.006 0.000000
0.006 0.007 0.000000
0.007 0.008 0.000000
0.008 0.009 0.000000
0.009 0.010 0.000000
0.010 0.011 0.000000
0.011 0.012 0.000000
0.012 0.013 0.000000
0.013 0.014 0.000000
0.014 0.015 0.000000
0.015 0.016 0.000000
0.016 0.017 0.000000
0.017 0.018 0.000001
0.018 0.019 0.000009
0.019 0.020 0.000048
0.020 0.021 0.000191
0.021 0.022 0.000602
0.022 0.023 0.001578
0.023 0.024 0.003563
0.024 0.025 0.007123
0.025 0.026 0.012845
0.026 0.027 0.021260
0.027 0.028 0.032903
0.028 0.029 0.048021
0.029 0.030 0.066367
0.030 0.031 0.088014
0.031 0.032 0.112386
0.032 0.033 0.139081
0.033 0.034 0.167672
0.034 0.035 0.197403
0.035 0.036 0.227151
0.036 0.037 0.256973
0.037 0.038 0.286676
0.038 0.039 0.314308
0.039 0.040 0.341038
0.040 0.041 0.366221
0.041 0.042 0.388676
0.042 0.043 0.410116
0.043 0.044 0.429066
0.044 0.045 0.446347
0.045 0.046 0.460493
0.046 0.047 0.471620
0.047 0.048 0.483262
0.048 0.049 0.492500
0.049 0.050 0.497139
0.050 0.051 0.500589
0.051 0.052 0.504640
0.052 0.053 0.506893
0.053 0.054 0.506045
0.054 0.055 0.503582
0.055 0.056 0.501751
0.056 0.057 0.500379
0.057 0.058 0.671089
0.058 0.059 1.000000
0.059 0.060 0.818850
0.060 0.061 0.487861
0.061 0.062 0.480505
0.062 0.063 0.455201
0.063 0.064 0.444580
0.064 0.065 0.433164
0.065 0.066 0.423681
0.066 0.067 0.549779
0.067 0.068 0.542518
0.068 0.069 0.423510
0.069 0.070 0.381574
0.070 0.071 0.313832
0.071 0.072 0.305655
0.072 0.073 0.295436
0.073 0.074 0.289192
0.074 0.075 0.282039
0.075 0.076 0.273339
0.076 0.077 0.261692
0.077 0.078 0.253809
0.078 0.079 0.249093
0.079 0.080 0.242972
0.080 0.081 0.234269
0.081 0.082 0.224431
0.082 0.083 0.215758
0.083 0.084 0.207572
0.084 0.085 0.199974
0.085 0.086 0.193036
0.086 0.087 0.183427
0.087 0.088 0.178502
0.088 0.089 0.172481
0.089 0.090 0.164245
0.090 0.091 0.156558
0.091 0.092 0.146433
0.092 0.093 0.139498
0.093 0.094 0.135572
0.094 0.095 0.128435
0.095 0.096 0.120811
0.096 0.097 0.114608
0.097 0.098 0.106884
0.098 0.099 0.099682
0.099 0.100 0.093944
0.100 0.101 0.089579
0.101 0.102 0.084296
0.102 0.103 0.077152
0.103 0.104 0.071009
0.104 0.105 0.067386
0.105 0.106 0.062734
0.106 0.107 0.058212
0.107 0.108 0.052647
0.108 0.109 0.047870
0.109 0.110 0.042745
0.110 0.111 0.037412
0.111 0.112 0.034437
0.112 0.113 0.030420
0.113 0.114 0.027062
0.114 0.115 0.023716
0.115 0.116 0.019805
0.116 0.117 0.015770
0.117 0.118 0.013013
0.118 0.119 0.009421
0.119 0.120 0.007421
0.120 0.121 0.005616
0.121 0.122 0.004223
0.122 0.123 0.002777
0.123 0.124 0.000761
0.124 0.125 0.000000
0.125 0.126 0.000000
0.126 0.127 0.000000
0.127 0.128 0.000000
0.128 0.129 0.000000
0.129 0.130 0.000000
0.130 0.131 0.000000
0.131 0.132 0.000000
0.132 0.133 0.000000
0.133 0.134 0.000000
0.134 0.135 0.000000
0.135 0.136 0.000000
0.136 0.137 0.000000
0.137 0.138 0.000000
0.138 0.139 0.000000
0.139 0.140 0.000000
0.140 0.141 0.000000
0.141 0.142 0.000000
0.142 0.143 0.000000
0.143 0.144 0.000000
0.144 0.145 0.000000
0.145 0.146 0.000000
0.146 0.147 0.000000
0.147 0.148 0.000000
0.148 0.149 0.000000
0.149 0.150 0.000000
