1
0.000 0.001 0.000000
0.001 0.002 0.000000
0.002 0.003 0.000000
0.003 0.004 0.000000
0.004 0.005 0.000000
0.005 0.006 0.000000
0.006 0.007 0.000000
0.007 0.008 0.000000
0.008 0.009 0.000000
0.009 0.010 0.000000
0.010 0.011 0.000000
0.011 0.012 0.000000
0.012 0.013 0.000000
0.013 0.014 0.000000
0.014 0.015 0.000000
0.015 0.016 0.000000
0.016 0.017 0.000001
0.017 0.018 0.000007
0.018 0.019 0.000041
0.019 0.020 0.000175
0.020 0.021 0.000582
0.021 0.022 0.001588
0.022 0.023 0.003688
0.023 0.024 0.007515
0.024 0.025 0.013749
0.025 0.026 0.023157
0.026 0.027 0.036122
0.027 0.028 0.053132
0.028 0.029 0.074279
0.029 0.030 0.098837
0.030 0.031 0.126676
0.031 0.032 0.157105
0.032 0.033 0.189327
0.033 0.034 0.222289
0.034 0.035 0.256048
0.035 0.036 0.289570
0.036 0.037 0.321849
0.037 0.038 0.352369
0.038 0.039 0.379793
0.039 0.040 0.405846
0.040 0.041 0.429492
0.041 0.042 0.448894
0.042 0.043 0.469949
0.043 0.044 0.488167
0.044 0.045 0.504021
0.045 0.046 0.516201
0.046 0.047 0.524651
0.047 0.048 0.533744
0.048 0.049 0.541407
0.049 0.050 0.543676
0.050 0.051 0.543487
0.051 0.052 0.544875
0.052 0.053 0.545502
0.053 0.054 0.541775
0.054 0.055 0.536017
0.055 0.056 0.531594
0.056 0.057 0.526726
0.057 0.058 0.688138
0.058 0.059 1.000000
0.059 0.060 0.823030
0.060 0.061 0.502391
0.061 0.062 0.493941
0.062 0.063 0.468578
0.063 0.064 0.456777
0.064 0.065 0.444473
0.065 0.066 0.434389
0.066 0.067 0.554629
0.067 0.068 0.544748
0.068 0.069 0.427629
0.069 0.070 0.384533
0.070 0.071 0.318065
0.071 0.072 0.307508
0.072 0.073 0.293947
0.073 0.074 0.288576
0.074 0.075 0.281915
0.075 0.076 0.273185
0.076 0.077 0.262363
0.077 0.078 0.253091
0.078 0.079 0.247603
0.079 0.080 0.240628
0.080 0.081 0.230706
0.081 0.082 0.219618
0.082 0.083 0.209863
0.083 0.084 0.200442
0.084 0.085 0.191711
0.085 0.086 0.183824
0.086 0.087 0.172804
0.087 0.088 0.167463
0.088 0.089 0.161544
0.089 0.090 0.153123
0.090 0.091 0.144530
0.091 0.092 0.134214
0.092 0.093 0.127139
0.093 0.094 0.122790
0.094 0.095 0.115391
0.095 0.096 0.108244
0.096 0.097 0.100180
0.097 0.098 0.089943
0.098 0.099 0.082564
0.099 0.100 0.077004
0.100 0.101 0.073466
0.101 0.102 0.068561
0.102 0.103 0.061509
0.103 0.104 0.056002
0.104 0.105 0.051807
0.105 0.106 0.046547
0.106 0.107 0.040258
0.107 0.108 0.035662
0.108 0.109 0.031676
0.109 0.110 0.027273
0.110 0.111 0.023238
0.111 0.112 0.019970
0.112 0.113 0.015946
0.113 0.114 0.011611
0.114 0.115 0.009457
0.115 0.116 0.006966
0.116 0.117 0.004741
0.117 0.118 0.001761
0.118 0.119 0.000902
0.119 0.120 0.000000
0.120 0.121 0.000000
0.121 0.122 0.000000
0.122 0.123 0.000000
0.123 0.124 0.000000
0.124 0.125 0.000000
0.125 0.126 0.000000
0.126 0.127 0.000000
0.127 0.128 0.000000
0.128 0.129 0.000000
0.129 0.130 0.000000
0.130 0.131 0.000000
0.131 0.132 0.000000
0.132 0.133 0.000000
0.133 0.134 0.000000
0.134 0.135 0.000000
0.135 0.136 0.000000
0.136 0.137 0.000000
0.137 0.138 0.000000
0.138 0.139 0.000000
0.139 0.140 0.000000
0.140 0.141 0.000000
0.141 0.142 0.000000
0.142 0.143 0.000000
0.143 0.144 0.000000
0.144 0.145 0.000000
0.145 0.146 0.000000
0.146 0.147 0.000000
0.147 0.148 0.000000
0.148 0.149 0.000000
0.149 0.150 0.000000
