1
0.000 0.001 0.000000
0.001 0.002 0.000000
0.002 0.003 0.000000
0.003 0.004 0.000000
0.004 0.005 0.000000
0.005 0.006 0.000000
0.006 0.007 0.000000
0.007 0.008 0.000000
0.008 0.009 0.000000
0.009 0.010 0.000000
0.010 0.011 0.000000
0.011 0.012 0.000000
0.012 0.013 0.000002
0.013 0.014 0.000022
0.014 0.015 0.000167
0.015 0.016 0.000800
0.016 0.017 0.002759
0.017 0.018 0.007421
0.018 0.019 0.016461
0.019 0.020 0.031557
0.020 0.021 0.054013
0.021 0.022 0.084102
0.022 0.023 0.121287
0.023 0.024 0.164704
0.024 0.025 0.213114
0.025 0.026 0.263987
0.026 0.027 0.315480
0.027 0.028 0.367937
0.028 0.029 0.419305
0.029 0.030 0.467165
0.030 0.031 0.511022
0.031 0.032 0.550163
0.032 0.033 0.585442
0.033 0.034 0.616441
0.034 0.035 0.643195
0.035 0.036 0.664806
0.036 0.037 0.682669
0.037 0.038 0.696240
0.038 0.039 0.703373
0.039 0.040 0.708766
0.040 0.041 0.711689
0.041 0.042 0.710967
0.042 0.043 0.709054
0.043 0.044 0.704100
0.044 0.045 0.698274
0.045 0.046 0.688973
0.046 0.047 0.677942
0.047 0.048 0.668830
0.048 0.049 0.658927
0.049 0.050 0.644727
0.050 0.051 0.629827
0.051 0.052 0.616976
0.052 0.053 0.604422
0.053 0.054 0.589144
0.054 0.055 0.572341
0.055 0.056 0.558026
0.056 0.057 0.543410
0.057 0.058 0.698683
0.058 0.059 1.000000
0.059 0.060 0.813647
0.060 0.061 0.494144
0.061 0.062 0.479791
0.062 0.063 0.449984
0.063 0.064 0.433298
0.064 0.065 0.416906
0.065 0.066 0.403438
0.066 0.067 0.508361
0.067 0.068 0.493828
0.068 0.069 0.386592
0.069 0.070 0.346095
0.070 0.071 0.285509
0.071 0.072 0.275275
0.072 0.073 0.263366
0.073 0.074 0.256316
0.074 0.075 0.248227
0.075 0.076 0.238241
0.076 0.077 0.226571
0.077 0.078 0.216350
0.078 0.079 0.209029
0.079 0.080 0.202608
0.080 0.081 0.193634
0.081 0.082 0.183959
0.082 0.083 0.175444
0.083 0.084 0.167245
0.084 0.085 0.159770
0.085 0.086 0.153131
0.086 0.087 0.144722
0.087 0.088 0.138441
0.088 0.089 0.131263
0.089 0.090 0.124028
0.090 0.091 0.116631
0.091 0.092 0.107941
0.092 0.093 0.101936
0.093 0.094 0.098147
0.094 0.095 0.091931
0.095 0.096 0.085952
0.096 0.097 0.078598
0.097 0.098 0.072120
0.098 0.099 0.065606
0.099 0.100 0.060757
0.100 0.101 0.057754
0.101 0.102 0.053480
0.102 0.103 0.047480
0.103 0.104 0.042724
0.104 0.105 0.038507
0.105 0.106 0.035130
0.106 0.107 0.031635
0.107 0.108 0.027426
0.108 0.109 0.023726
0.109 0.110 0.019741
0.110 0.111 0.015568
0.111 0.112 0.013453
0.112 0.113 0.010835
0.113 0.114 0.008555
0.114 0.115 0.005650
0.115 0.116 0.004039
0.116 0.117 0.002598
0.117 0.118 0.000691
0.118 0.119 0.000000
0.119 0.120 0.000000
0.120 0.121 0.000000
0.121 0.122 0.000000
0.122 0.123 0.000000
0.123 0.124 0.000000
0.124 0.125 0.000000
0.125 0.126 0.000000
0.126 0.127 0.000000
0.127 0.128 0.000000
0.128 0.129 0.000000
0.129 0.130 0.000000
0.130 0.131 0.000000
0.131 0.132 0.000000
0.132 0.133 0.000000
0.133 0.134 0.000000
0.134 0.135 0.000000
0.135 0.136 0.000000
0.136 0.137 0.000000
0.137 0.138 0.000000
0.138 0.139 0.000000
0.139 0.140 0.000000
0.140 0.141 0.000000
0.141 0.142 0.000000
0.142 0.143 0.000000
0.143 0.144 0.000000
0.144 0.145 0.000000
0.145 0.146 0.000000
0.146 0.147 0.000000
0.147 0.148 0.000000
0.148 0.149 0.000000
0.149 0.150 0.000000
