1
0.000 0.001 0.000000
0.001 0.002 0.000000
0.002 0.003 0.000000
0.003 0.004 0.000000
0.004 0.005 0.000000
0.005 0.006 0.000000
0.006 0.007 0.000000
0.007 0.008 0.000000
0.008 0.009 0.000000
0.009 0.010 0.000000
0.010 0.011 0.000000
0.011 0.012 0.000000
0.012 0.013 0.000000
0.013 0.014 0.000000
0.014 0.015 0.000000
0.015 0.016 0.000000
0.016 0.017 0.000000
0.017 0.018 0.000000
0.018 0.019 0.000000
0.019 0.020 0.000000
0.020 0.021 0.000001
0.021 0.022 0.000008
0.022 0.023 0.000038
0.023 0.024 0.000134
0.024 0.025 0.000399
0.025 0.026 0.001014
0.026 0.027 0.002253
0.027 0.028 0.004515
0.028 0.029 0.008277
0.029 0.030 0.013943
0.030 0.031 0.022044
0.031 0.032 0.032935
0.032 0.033 0.046843
0.033 0.034 0.063750
0.034 0.035 0.083723
0.035 0.036 0.106750
0.036 0.037 0.132048
0.037 0.038 0.159068
0.038 0.039 0.187331
0.039 0.040 0.216957
0.040 0.041 0.247044
0.041 0.042 0.276666
0.042 0.043 0.306741
0.043 0.044 0.335341
0.044 0.045 0.363136
0.045 0.046 0.388548
0.046 0.047 0.410630
0.047 0.048 0.433048
0.048 0.049 0.454146
0.049 0.050 0.469776
0.050 0.051 0.483100
0.051 0.052 0.498127
0.052 0.053 0.511587
0.053 0.054 0.520820
0.054 0.055 0.526933
0.055 0.056 0.532556
0.056 0.057 0.537540
0.057 0.058 0.695868
0.058 0.059 1.000000
0.059 0.060 0.842248
0.060 0.061 0.538765
0.061 0.062 0.535981
0.062 0.063 0.516202
0.063 0.064 0.507776
0.064 0.065 0.498819
0.065 0.066 0.491666
0.066 0.067 0.619618
0.067 0.068 0.612747
0.068 0.069 0.490486
0.069 0.070 0.445059
0.070 0.071 0.373243
0.071 0.072 0.364088
0.072 0.073 0.351765
0.073 0.074 0.346638
0.074 0.075 0.339533
0.075 0.076 0.328255
0.076 0.077 0.314269
0.077 0.078 0.302134
0.078 0.079 0.294818
0.079 0.080 0.284634
0.080 0.081 0.273666
0.081 0.082 0.261100
0.082 0.083 0.249643
0.083 0.084 0.237969
0.084 0.085 0.227507
0.085 0.086 0.218255
0.086 0.087 0.206440
0.087 0.088 0.196086
0.088 0.089 0.188668
0.089 0.090 0.178070
0.090 0.091 0.166208
0.091 0.092 0.153374
0.092 0.093 0.144143
0.093 0.094 0.137504
0.094 0.095 0.127574
0.095 0.096 0.116941
0.096 0.097 0.107751
0.097 0.098 0.097116
0.098 0.099 0.085581
0.099 0.100 0.077425
0.100 0.101 0.073071
0.101 0.102 0.064659
0.102 0.103 0.056561
0.103 0.104 0.050123
0.104 0.105 0.045433
0.105 0.106 0.039564
0.106 0.107 0.033290
0.107 0.108 0.025124
0.108 0.109 0.020443
0.109 0.110 0.015484
0.110 0.111 0.009939
0.111 0.112 0.007583
0.112 0.113 0.004850
0.113 0.114 0.001348
0.114 0.115 0.000000
0.115 0.116 0.000000
0.116 0.117 0.000000
0.117 0.118 0.000000
0.118 0.119 0.000000
0.119 0.120 0.000000
0.120 0.121 0.000000
0.121 0.122 0.000000
0.122 0.123 0.000000
0.123 0.124 0.000000
0.124 0.125 0.000000
0.125 0.126 0.000000
0.126 0.127 0.000000
0.127 0.128 0.000000
0.128 0.129 0.000000
0.129 0.130 0.000000
0.130 0.131 0.000000
0.131 0.132 0.000000
0.132 0.133 0.000000
0.133 0.134 0.000000
0.134 0.135 0.000000
0.135 0.136 0.000000
0.136 0.137 0.000000
0.137 0.138 0.000000
0.138 0.139 0.000000
0.139 0.140 0.000000
0.140 0.141 0.000000
0.141 0.142 0.000000
0.142 0.143 0.000000
0.143 0.144 0.000000
0.144 0.145 0.000000
0.145 0.146 0.000000
0.146 0.147 0.000000
0.147 0.148 0.000000
0.148 0.149 0.000000
0.149 0.150 0.000000
