1
0.000 0.001 0.000000
0.001 0.002 0.000000
0.002 0.003 0.000000
0.003 0.004 0.000000
0.004 0.005 0.000000
0.005 0.006 0.000000
0.006 0.007 0.000000
0.007 0.008 0.000000
0.008 0.009 0.000000
0.009 0.010 0.000000
0.010 0.011 0.000000
0.011 0.012 0.000000
0.012 0.013 0.000000
0.013 0.014 0.000000
0.014 0.015 0.000000
0.015 0.016 0.000000
0.016 0.017 0.000000
0.017 0.018 0.000000
0.018 0.019 0.000000
0.019 0.020 0.000003
0.020 0.021 0.000014
0.021 0.022 0.000060
0.022 0.023 0.000198
0.023 0.024 0.000547
0.024 0.025 0.001299
0.025 0.026 0.002722
0.026 0.027 0.005142
0.027 0.028 0.008920
0.028 0.029 0.014396
0.029 0.030 0.021740
0.030 0.031 0.031217
0.031 0.032 0.042773
0.032 0.033 0.056428
0.033 0.034 0.072132
0.034 0.035 0.089313
0.035 0.036 0.107473
0.036 0.037 0.126975
0.037 0.038 0.148013
0.038 0.039 0.168511
0.039 0.040 0.188744
0.040 0.041 0.208979
0.041 0.042 0.228576
0.042 0.043 0.247494
0.043 0.044 0.265618
0.044 0.045 0.283648
0.045 0.046 0.298393
0.046 0.047 0.312227
0.047 0.048 0.327341
0.048 0.049 0.339731
0.049 0.050 0.349338
0.050 0.051 0.359389
0.051 0.052 0.369330
0.052 0.053 0.375501
0.053 0.054 0.380550
0.054 0.055 0.385937
0.055 0.056 0.391647
0.056 0.057 0.396301
0.057 0.058 0.603189
0.058 0.059 1.000000
0.059 0.060 0.798551
0.060 0.061 0.416584
0.061 0.062 0.416497
0.062 0.063 0.394041
0.063 0.064 0.392760
0.064 0.065 0.389427
0.065 0.066 0.385353
0.066 0.067 0.548370
0.067 0.068 0.546667
0.068 0.069 0.410870
0.069 0.070 0.369970
0.070 0.071 0.292652
0.071 0.072 0.290588
0.072 0.073 0.286592
0.073 0.074 0.282608
0.074 0.075 0.279661
0.075 0.076 0.276981
0.076 0.077 0.272076
0.077 0.078 0.268653
0.078 0.079 0.265653
0.079 0.080 0.262222
0.080 0.081 0.258425
0.081 0.082 0.253039
0.082 0.083 0.247393
0.083 0.084 0.242391
0.084 0.085 0.238219
0.085 0.086 0.234075
0.086 0.087 0.229517
0.087 0.088 0.226731
0.088 0.089 0.221229
0.089 0.090 0.214497
0.090 0.091 0.209648
0.091 0.092 0.201478
0.092 0.093 0.195627
0.093 0.094 0.193151
0.094 0.095 0.187689
0.095 0.096 0.182455
0.096 0.097 0.177708
0.097 0.098 0.170819
0.098 0.099 0.165362
0.099 0.100 0.160666
0.100 0.101 0.155185
0.101 0.102 0.149868
0.102 0.103 0.144096
0.103 0.104 0.139695
0.104 0.105 0.134355
0.105 0.106 0.127780
0.106 0.107 0.122439
0.107 0.108 0.115893
0.108 0.109 0.110683
0.109 0.110 0.105720
0.110 0.111 0.100374
0.111 0.112 0.095541
0.112 0.113 0.088606
0.113 0.114 0.082372
0.114 0.115 0.077394
0.115 0.116 0.071932
0.116 0.117 0.066124
0.117 0.118 0.060373
0.118 0.119 0.052361
0.119 0.120 0.047783
0.120 0.121 0.045672
0.121 0.122 0.040822
0.122 0.123 0.035732
0.123 0.124 0.030784
0.124 0.125 0.024682
0.125 0.126 0.019224
0.126 0.127 0.015301
0.127 0.128 0.011682
0.128 0.129 0.007995
0.129 0.130 0.004991
0.130 0.131 0.002024
0.131 0.132 0.000384
0.132 0.133 0.000000
0.133 0.134 0.000000
0.134 0.135 0.000000
0.135 0.136 0.000000
0.136 0.137 0.000000
0.137 0.138 0.000000
0.138 0.139 0.000000
0.139 0.140 0.000000
0.140 0.141 0.000000
0.141 0.142 0.000000
0.142 0.143 0.000000
0.143 0.144 0.000000
0.144 0.145 0.000000
0.145 0.146 0.000000
0.146 0.147 0.000000
0.147 0.148 0.000000
0.148 0.149 0.000000
0.149 0.150 0.000000
