1
0.000 0.001 0.000000
0.001 0.002 0.000000
0.002 0.003 0.000000
0.003 0.004 0.000000
0.004 0.005 0.000000
0.005 0.006 0.000000
0.006 0.007 0.000000
0.007 0.008 0.000000
0.008 0.009 0.000000
0.009 0.010 0.000000
0.010 0.011 0.000000
0.011 0.012 0.000000
0.012 0.013 0.000000
0.013 0.014 0.000000
0.014 0.015 0.000000
0.015 0.016 0.000000
0.016 0.017 0.000000
0.017 0.018 0.000003
0.018 0.019 0.000020
0.019 0.020 0.000099
0.020 0.021 0.000364
0.021 0.022 0.001079
0.022 0.023 0.002680
0.023 0.024 0.005772
0.024 0.025 0.011069
0.025 0.026 0.019249
0.026 0.027 0.030839
0.027 0.028 0.046358
0.028 0.029 0.066023
0.029 0.030 0.089401
0.030 0.031 0.115875
0.031 0.032 0.145292
0.032 0.033 0.177546
0.033 0.034 0.210776
0.034 0.035 0.244503
0.035 0.036 0.279428
0.036 0.037 0.313359
0.037 0.038 0.343598
0.038 0.039 0.373148
0.039 0.040 0.403211
0.040 0.041 0.429147
0.041 0.042 0.452375
0.042 0.043 0.475168
0.043 0.044 0.494081
0.044 0.045 0.511416
0.045 0.046 0.526425
0.046 0.047 0.536597
0.047 0.048 0.546893
0.048 0.049 0.556388
0.049 0.050 0.559282
0.050 0.051 0.561896
0.051 0.052 0.566767
0.052 0.053 0.568908
0.053 0.054 0.567111
0.054 0.055 0.563215
0.055 0.056 0.560847
0.056 0.057 0.558984
0.057 0.058 0.709852
0.058 0.059 1.000000
0.059 0.060 0.834520
0.060 0.061 0.536569
0.061 0.062 0.527144
0.062 0.063 0.501744
0.063 0.064 0.488239
0.064 0.065 0.476306
0.065 0.066 0.467121
0.066 0.067 0.577278
0.067 0.068 0.567167
0.068 0.069 0.455892
0.069 0.070 0.412943
0.070 0.071 0.350714
0.071 0.072 0.339892
0.072 0.073 0.325959
0.073 0.074 0.319386
0.074 0.075 0.311244
0.075 0.076 0.297852
0.076 0.077 0.282892
0.077 0.078 0.270901
0.078 0.079 0.263581
0.079 0.080 0.254398
0.080 0.081 0.241734
0.081 0.082 0.227404
0.082 0.083 0.213729
0.083 0.084 0.199566
0.084 0.085 0.187162
0.085 0.086 0.176153
0.086 0.087 0.163108
0.087 0.088 0.152390
0.088 0.089 0.141243
0.089 0.090 0.128037
0.090 0.091 0.115219
0.091 0.092 0.103195
0.092 0.093 0.092443
0.093 0.094 0.084518
0.094 0.095 0.075244
0.095 0.096 0.065828
0.096 0.097 0.056560
0.097 0.098 0.046721
0.098 0.099 0.035257
0.099 0.100 0.028613
0.100 0.101 0.024454
0.101 0.102 0.019341
0.102 0.103 0.012657
0.103 0.104 0.007750
0.104 0.105 0.005148
0.105 0.106 0.000922
0.106 0.107 0.000000
0.107 0.108 0.000000
0.108 0.109 0.000000
0.109 0.110 0.000000
0.110 0.111 0.000000
0.111 0.112 0.000000
0.112 0.113 0.000000
0.113 0.114 0.000000
0.114 0.115 0.000000
0.115 0.116 0.000000
0.116 0.117 0.000000
0.117 0.118 0.000000
0.118 0.119 0.000000
0.119 0.120 0.000000
0.120 0.121 0.000000
0.121 0.122 0.000000
0.122 0.123 0.000000
0.123 0.124 0.000000
0.124 0.125 0.000000
0.125 0.126 0.000000
0.126 0.127 0.000000
0.127 0.128 0.000000
0.128 0.129 0.000000
0.129 0.130 0.000000
0.130 0.131 0.000000
0.131 0.132 0.000000
0.132 0.133 0.000000
0.133 0.134 0.000000
0.134 0.135 0.000000
0.135 0.136 0.000000
0.136 0.137 0.000000
0.137 0.138 0.000000
0.138 0.139 0.000000
0.139 0.140 0.000000
0.140 0.141 0.000000
0.141 0.142 0.000000
0.142 0.143 0.000000
0.143 0.144 0.000000
0.144 0.145 0.000000
0.145 0.146 0.000000
0.146 0.147 0.000000
0.147 0.148 0.000000
0.148 0.149 0.000000
0.149 0.150 0.000000
