1
0.000 0.001 0.000000
0.001 0.002 0.000000
0.002 0.003 0.000000
0.003 0.004 0.000000
0.004 0.005 0.000000
0.005 0.006 0.000000
0.006 0.007 0.000000
0.007 0.008 0.000000
0.008 0.009 0.000000
0.009 0.010 0.000000
0.010 0.011 0.000000
0.011 0.012 0.000000
0.012 0.013 0.000000
0.013 0.014 0.000000
0.014 0.015 0.000000
0.015 0.016 0.000000
0.016 0.017 0.000005
0.017 0.018 0.000037
0.018 0.019 0.000194
0.019 0.020 0.000751
0.020 0.021 0.002290
0.021 0.022 0.005769
0.022 0.023 0.012451
0.023 0.024 0.023755
0.024 0.025 0.041104
0.025 0.026 0.065284
0.026 0.027 0.096755
0.027 0.028 0.135540
0.028 0.029 0.180800
0.029 0.030 0.232400
0.030 0.031 0.287746
0.031 0.032 0.343821
0.032 0.033 0.402492
0.033 0.034 0.460586
0.034 0.035 0.515970
0.035 0.036 0.569188
0.036 0.037 0.616503
0.037 0.038 0.663183
0.038 0.039 0.707785
0.039 0.040 0.745611
0.040 0.041 0.777161
0.041 0.042 0.806550
0.042 0.043 0.829365
0.043 0.044 0.846713
0.044 0.045 0.864038
0.045 0.046 0.870374
0.046 0.047 0.876604
0.047 0.048 0.877436
0.048 0.049 0.871397
0.049 0.050 0.867043
0.050 0.051 0.861834
0.051 0.052 0.854724
0.052 0.053 0.839307
0.053 0.054 0.826438
0.054 0.055 0.813389
0.055 0.056 0.789028
0.056 0.057 0.761666
0.057 0.058 0.836460
0.058 0.059 1.000000
0.059 0.060 0.887765
0.060 0.061 0.687612
0.061 0.062 0.659476
0.062 0.063 0.625862
0.063 0.064 0.600155
0.064 0.065 0.571508
0.065 0.066 0.538884
0.066 0.067 0.581666
0.067 0.068 0.557814
0.068 0.069 0.467536
0.069 0.070 0.415862
0.070 0.071 0.362065
0.071 0.072 0.337291
0.072 0.073 0.305345
0.073 0.074 0.276379
0.074 0.075 0.249526
0.075 0.076 0.221718
0.076 0.077 0.199427
0.077 0.078 0.173830
0.078 0.079 0.145834
0.079 0.080 0.126260
0.080 0.081 0.105438
0.081 0.082 0.084243
0.082 0.083 0.064950
0.083 0.084 0.050458
0.084 0.085 0.038209
0.085 0.086 0.023843
0.086 0.087 0.012006
0.087 0.088 0.002014
0.088 0.089 0.000000
0.089 0.090 0.000000
0.090 0.091 0.000000
0.091 0.092 0.000000
0.092 0.093 0.000000
0.093 0.094 0.000000
0.094 0.095 0.000000
0.095 0.096 0.000000
0.096 0.097 0.000000
0.097 0.098 0.000000
0.098 0.099 0.000000
0.099 0.100 0.000000
0.100 0.101 0.000000
0.101 0.102 0.000000
0.102 0.103 0.000000
0.103 0.104 0.000000
0.104 0.105 0.000000
0.105 0.106 0.000000
0.106 0.107 0.000000
0.107 0.108 0.000000
0.108 0.109 0.000000
0.109 0.110 0.000000
0.110 0.111 0.000000
0.111 0.112 0.000000
0.112 0.113 0.000000
0.113 0.114 0.000000
0.114 0.115 0.000000
0.115 0.116 0.000000
0.116 0.117 0.000000
0.117 0.118 0.000000
0.118 0.119 0.000000
0.119 0.120 0.000000
0.120 0.121 0.000000
0.121 0.122 0.000000
0.122 0.123 0.000000
0.123 0.124 0.000000
0.124 0.125 0.000000
0.125 0.126 0.000000
0.126 0.127 0.000000
0.127 0.128 0.000000
0.128 0.129 0.000000
0.129 0.130 0.000000
0.130 0.131 0.000000
0.131 0.132 0.000000
0.132 0.133 0.000000
0.133 0.134 0.000000
0.134 0.135 0.000000
0.135 0.136 0.000000
0.136 0.137 0.000000
0.137 0.138 0.000000
0.138 0.139 0.000000
0.139 0.140 0.000000
0.140 0.141 0.000000
0.141 0.142 0.000000
0.142 0.143 0.000000
0.143 0.144 0.000000
0.144 0.145 0.000000
0.145 0.146 0.000000
0.146 0.147 0.000000
0.147 0.148 0.000000
0.148 0.149 0.000000
0.149 0.150 0.000000
