1
0.000 0.001 0.000000
0.001 0.002 0.000000
0.002 0.003 0.000000
0.003 0.004 0.000000
0.004 0.005 0.000000
0.005 0.006 0.000000
0.006 0.007 0.000000
0.007 0.008 0.000000
0.008 0.009 0.000000
0.009 0.010 0.000000
0.010 0.011 0.000000
0.011 0.012 0.000000
0.012 0.013 0.000000
0.013 0.014 0.000000
0.014 0.015 0.000000
0.015 0.016 0.000000
0.016 0.017 0.000000
0.017 0.018 0.000000
0.018 0.019 0.000000
0.019 0.020 0.000000
0.020 0.021 0.000001
0.021 0.022 0.000004
0.022 0.023 0.000021
0.023 0.024 0.000079
0.024 0.025 0.000246
0.025 0.026 0.000650
0.026 0.027 0.001498
0.027 0.028 0.003083
0.028 0.029 0.005781
0.029 0.030 0.009925
0.030 0.031 0.015921
0.031 0.032 0.024076
0.032 0.033 0.034563
0.033 0.034 0.047606
0.034 0.035 0.063175
0.035 0.036 0.080701
0.036 0.037 0.100190
0.037 0.038 0.121601
0.038 0.039 0.144376
0.039 0.040 0.168242
0.040 0.041 0.192817
0.041 0.042 0.217166
0.042 0.043 0.241923
0.043 0.044 0.266173
0.044 0.045 0.290004
0.045 0.046 0.311306
0.046 0.047 0.331206
0.047 0.048 0.352064
0.048 0.049 0.370480
0.049 0.050 0.384700
0.050 0.051 0.398409
0.051 0.052 0.412649
0.052 0.053 0.423917
0.053 0.054 0.431445
0.054 0.055 0.440243
0.055 0.056 0.449238
0.056 0.057 0.456975
0.057 0.058 0.642378
0.058 0.059 1.000000
0.059 0.060 0.824495
0.060 0.061 0.480636
0.061 0.062 0.480928
0.062 0.063 0.460418
0.063 0.064 0.456877
0.064 0.065 0.451813
0.065 0.066 0.447285
0.066 0.067 0.601058
0.067 0.068 0.598440
0.068 0.069 0.464376
0.069 0.070 0.419293
0.070 0.071 0.343364
0.071 0.072 0.339215
0.072 0.073 0.332568
0.073 0.074 0.328577
0.074 0.075 0.324191
0.075 0.076 0.318550
0.076 0.077 0.310259
0.077 0.078 0.303444
0.078 0.079 0.298932
0.079 0.080 0.293342
0.080 0.081 0.285689
0.081 0.082 0.276049
0.082 0.083 0.267107
0.083 0.084 0.258597
0.084 0.085 0.249800
0.085 0.086 0.244472
0.086 0.087 0.237442
0.087 0.088 0.232953
0.088 0.089 0.226423
0.089 0.090 0.217591
0.090 0.091 0.209784
0.091 0.092 0.198800
0.092 0.093 0.191171
0.093 0.094 0.187147
0.094 0.095 0.179397
0.095 0.096 0.171842
0.096 0.097 0.163938
0.097 0.098 0.153098
0.098 0.099 0.145887
0.099 0.100 0.140051
0.100 0.101 0.134872
0.101 0.102 0.129064
0.102 0.103 0.121555
0.103 0.104 0.115822
0.104 0.105 0.110386
0.105 0.106 0.103511
0.106 0.107 0.097227
0.107 0.108 0.089598
0.108 0.109 0.082319
0.109 0.110 0.077337
0.110 0.111 0.072373
0.111 0.112 0.068163
0.112 0.113 0.062222
0.113 0.114 0.057078
0.114 0.115 0.052485
0.115 0.116 0.047227
0.116 0.117 0.042106
0.117 0.118 0.036811
0.118 0.119 0.029311
0.119 0.120 0.026475
0.120 0.121 0.025235
0.121 0.122 0.022074
0.122 0.123 0.018824
0.123 0.124 0.015383
0.124 0.125 0.010755
0.125 0.126 0.008385
0.126 0.127 0.006478
0.127 0.128 0.004382
0.128 0.129 0.001648
0.129 0.130 0.001010
0.130 0.131 0.000000
0.131 0.132 0.000000
0.132 0.133 0.000000
0.133 0.134 0.000000
0.134 0.135 0.000000
0.135 0.136 0.000000
0.136 0.137 0.000000
0.137 0.138 0.000000
0.138 0.139 0.000000
0.139 0.140 0.000000
0.140 0.141 0.000000
0.141 0.142 0.000000
0.142 0.143 0.000000
0.143 0.144 0.000000
0.144 0.145 0.000000
0.145 0.146 0.000000
0.146 0.147 0.000000
0.147 0.148 0.000000
0.148 0.149 0.000000
0.149 0.150 0.000000
