1
0.000 0.001 0.000000
0.001 0.002 0.000000
0.002 0.003 0.000000
0.003 0.004 0.000000
0.004 0.005 0.000000
0.005 0.006 0.000000
0.006 0.007 0.000000
0.007 0.008 0.000000
0.008 0.009 0.000000
0.009 0.010 0.000000
0.010 0.011 0.000000
0.011 0.012 0.000000
0.012 0.013 0.000000
0.013 0.014 0.000000
0.014 0.015 0.000000
0.015 0.016 0.000000
0.016 0.017 0.000000
0.017 0.018 0.000000
0.018 0.019 0.000000
0.019 0.020 0.000004
0.020 0.021 0.000028
0.021 0.022 0.000133
0.022 0.023 0.000493
0.023 0.024 0.001487
0.024 0.025 0.003798
0.025 0.026 0.008401
0.026 0.027 0.016558
0.027 0.028 0.029758
0.028 0.029 0.049385
0.029 0.030 0.076079
0.030 0.031 0.110860
0.031 0.032 0.153109
0.032 0.033 0.202195
0.033 0.034 0.257127
0.034 0.035 0.316550
0.035 0.036 0.381698
0.036 0.037 0.447107
0.037 0.038 0.514994
0.038 0.039 0.582265
0.039 0.040 0.645105
0.040 0.041 0.703912
0.041 0.042 0.758617
0.042 0.043 0.807688
0.043 0.044 0.846824
0.044 0.045 0.887771
0.045 0.046 0.915794
0.046 0.047 0.940494
0.047 0.048 0.962073
0.048 0.049 0.971261
0.049 0.050 0.971721
0.050 0.051 0.969889
0.051 0.052 0.963043
0.052 0.053 0.959401
0.053 0.054 0.953471
0.054 0.055 0.936573
0.055 0.056 0.906921
0.056 0.057 0.878457
0.057 0.058 0.914276
0.058 0.059 1.000000
0.059 0.060 0.900548
0.060 0.061 0.753053
0.061 0.062 0.721536
0.062 0.063 0.686483
0.063 0.064 0.647640
0.064 0.065 0.606041
0.065 0.066 0.558481
0.066 0.067 0.558582
0.067 0.068 0.527045
0.068 0.069 0.443053
0.069 0.070 0.390490
0.070 0.071 0.340123
0.071 0.072 0.302728
0.072 0.073 0.252114
0.073 0.074 0.225238
0.074 0.075 0.197762
0.075 0.076 0.168782
0.076 0.077 0.133969
0.077 0.078 0.109751
0.078 0.079 0.083294
0.079 0.080 0.062071
0.080 0.081 0.038667
0.081 0.082 0.024061
0.082 0.083 0.006522
0.083 0.084 0.000000
0.084 0.085 0.000000
0.085 0.086 0.000000
0.086 0.087 0.000000
0.087 0.088 0.000000
0.088 0.089 0.000000
0.089 0.090 0.000000
0.090 0.091 0.000000
0.091 0.092 0.000000
0.092 0.093 0.000000
0.093 0.094 0.000000
0.094 0.095 0.000000
0.095 0.096 0.000000
0.096 0.097 0.000000
0.097 0.098 0.000000
0.098 0.099 0.000000
0.099 0.100 0.000000
0.100 0.101 0.000000
0.101 0.102 0.000000
0.102 0.103 0.000000
0.103 0.104 0.000000
0.104 0.105 0.000000
0.105 0.106 0.000000
0.106 0.107 0.000000
0.107 0.108 0.000000
0.108 0.109 0.000000
0.109 0.110 0.000000
0.110 0.111 0.000000
0.111 0.112 0.000000
0.112 0.113 0.000000
0.113 0.114 0.000000
0.114 0.115 0.000000
0.115 0.116 0.000000
0.116 0.117 0.000000
0.117 0.118 0.000000
0.118 0.119 0.000000
0.119 0.120 0.000000
0.120 0.121 0.000000
0.121 0.122 0.000000
0.122 0.123 0.000000
0.123 0.124 0.000000
0.124 0.125 0.000000
0.125 0.126 0.000000
0.126 0.127 0.000000
0.127 0.128 0.000000
0.128 0.129 0.000000
0.129 0.130 0.000000
0.130 0.131 0.000000
0.131 0.132 0.000000
0.132 0.133 0.000000
0.133 0.134 0.000000
0.134 0.135 0.000000
0.135 0.136 0.000000
0.136 0.137 0.000000
0.137 0.138 0.000000
0.138 0.139 0.000000
0.139 0.140 0.000000
0.140 0.141 0.000000
0.141 0.142 0.000000
0.142 0.143 0.000000
0.143 0.144 0.000000
0.144 0.145 0.000000
0.145 0.146 0.000000
0.146 0.147 0.000000
0.147 0.148 0.000000
0.148 0.149 0.000000
0.149 0.150 0.000000
