1
0.000 0.001 0.000000
0.001 0.002 0.000000
0.002 0.003 0.000000
0.003 0.004 0.000000
0.004 0.005 0.000000
0.005 0.006 0.000000
0.006 0.007 0.000000
0.007 0.008 0.000000
0.008 0.009 0.000000
0.009 0.010 0.000000
0.010 0.011 0.000000
0.011 0.012 0.000000
0.012 0.013 0.000000
0.013 0.014 0.000000
0.014 0.015 0.000000
0.015 0.016 0.000001
0.016 0.017 0.000011
0.017 0.018 0.000067
0.018 0.019 0.000301
0.019 0.020 0.001033
0.020 0.021 0.002864
0.021 0.022 0.006689
0.022 0.023 0.013586
0.023 0.024 0.024685
0.024 0.025 0.040950
0.025 0.026 0.062827
0.026 0.027 0.090308
0.027 0.028 0.123480
0.028 0.029 0.161886
0.029 0.030 0.204082
0.030 0.031 0.248396
0.031 0.032 0.294094
0.032 0.033 0.340989
0.033 0.034 0.386569
0.034 0.035 0.430392
0.035 0.036 0.473583
0.036 0.037 0.512994
0.037 0.038 0.546388
0.038 0.039 0.577411
0.039 0.040 0.607294
0.040 0.041 0.631273
0.041 0.042 0.651429
0.042 0.043 0.669710
0.043 0.044 0.682441
0.044 0.045 0.693523
0.045 0.046 0.700578
0.046 0.047 0.702764
0.047 0.048 0.704193
0.048 0.049 0.703596
0.049 0.050 0.697723
0.050 0.051 0.691442
0.051 0.052 0.685671
0.052 0.053 0.677148
0.053 0.054 0.666523
0.054 0.055 0.653125
0.055 0.056 0.638756
0.056 0.057 0.624611
0.057 0.058 0.751114
0.058 0.059 1.000000
0.059 0.060 0.841836
0.060 0.061 0.567470
0.061 0.062 0.549823
0.062 0.063 0.518692
0.063 0.064 0.496075
0.064 0.065 0.478633
0.065 0.066 0.462641
0.066 0.067 0.551090
0.067 0.068 0.535574
0.068 0.069 0.431316
0.069 0.070 0.387315
0.070 0.071 0.328804
0.071 0.072 0.312078
0.072 0.073 0.295606
0.073 0.074 0.286138
0.074 0.075 0.275461
0.075 0.076 0.260479
0.076 0.077 0.244365
0.077 0.078 0.230193
0.078 0.079 0.218725
0.079 0.080 0.209512
0.080 0.081 0.197669
0.081 0.082 0.184093
0.082 0.083 0.171302
0.083 0.084 0.158286
0.084 0.085 0.145430
0.085 0.086 0.136900
0.086 0.087 0.127107
0.087 0.088 0.118195
0.088 0.089 0.108845
0.089 0.090 0.098548
0.090 0.091 0.086389
0.091 0.092 0.077566
0.092 0.093 0.070193
0.093 0.094 0.063305
0.094 0.095 0.055490
0.095 0.096 0.047163
0.096 0.097 0.040229
0.097 0.098 0.032913
0.098 0.099 0.024857
0.099 0.100 0.018349
0.100 0.101 0.016252
0.101 0.102 0.012290
0.102 0.103 0.006889
0.103 0.104 0.004327
0.104 0.105 0.001247
0.105 0.106 0.000000
0.106 0.107 0.000000
0.107 0.108 0.000000
0.108 0.109 0.000000
0.109 0.110 0.000000
0.110 0.111 0.000000
0.111 0.112 0.000000
0.112 0.113 0.000000
0.113 0.114 0.000000
0.114 0.115 0.000000
0.115 0.116 0.000000
0.116 0.117 0.000000
0.117 0.118 0.000000
0.118 0.119 0.000000
0.119 0.120 0.000000
0.120 0.121 0.000000
0.121 0.122 0.000000
0.122 0.123 0.000000
0.123 0.124 0.000000
0.124 0.125 0.000000
0.125 0.126 0.000000
0.126 0.127 0.000000
0.127 0.128 0.000000
0.128 0.129 0.000000
0.129 0.130 0.000000
0.130 0.131 0.000000
0.131 0.132 0.000000
0.132 0.133 0.000000
0.133 0.134 0.000000
0.134 0.135 0.000000
0.135 0.136 0.000000
0.136 0.137 0.000000
0.137 0.138 0.000000
0.138 0.139 0.000000
0.139 0.140 0.000000
0.140 0.141 0.000000
0.141 0.142 0.000000
0.142 0.143 0.000000
0.143 0.144 0.000000
0.144 0.145 0.000000
0.145 0.146 0.000000
0.146 0.147 0.000000
0.147 0.148 0.000000
0.148 0.149 0.000000
0.149 0.150 0.000000
