1
0.000 0.001 0.000000
0.001 0.002 0.000000
0.002 0.003 0.000000
0.003 0.004 0.000000
0.004 0.005 0.000000
0.005 0.006 0.000000
0.006 0.007 0.000000
0.007 0.008 0.000000
0.008 0.009 0.000000
0.009 0.010 0.000000
0.010 0.011 0.000000
0.011 0.012 0.000000
0.012 0.013 0.000000
0.013 0.014 0.000000
0.014 0.015 0.000000
0.015 0.016 0.000000
0.016 0.017 0.000000
0.017 0.018 0.000000
0.018 0.019 0.000000
0.019 0.020 0.000001
0.020 0.021 0.000005
0.021 0.022 0.000024
0.022 0.023 0.000096
0.023 0.024 0.000308
0.024 0.025 0.000837
0.025 0.026 0.001964
0.026 0.027 0.004073
0.027 0.028 0.007694
0.028 0.029 0.013364
0.029 0.030 0.021463
0.030 0.031 0.032559
0.031 0.032 0.046755
0.032 0.033 0.064131
0.033 0.034 0.084692
0.034 0.035 0.107946
0.035 0.036 0.134400
0.036 0.037 0.162895
0.037 0.038 0.192749
0.038 0.039 0.223067
0.039 0.040 0.254260
0.040 0.041 0.285637
0.041 0.042 0.315732
0.042 0.043 0.345437
0.043 0.044 0.373323
0.044 0.045 0.399863
0.045 0.046 0.423395
0.046 0.047 0.443566
0.047 0.048 0.463839
0.048 0.049 0.481569
0.049 0.050 0.493009
0.050 0.051 0.503369
0.051 0.052 0.517064
0.052 0.053 0.528735
0.053 0.054 0.536442
0.054 0.055 0.540307
0.055 0.056 0.544470
0.056 0.057 0.549344
0.057 0.058 0.703408
0.058 0.059 1.000000
0.059 0.060 0.843221
0.060 0.061 0.545536
0.061 0.062 0.539681
0.062 0.063 0.517211
0.063 0.064 0.505187
0.064 0.065 0.493361
0.065 0.066 0.482232
0.066 0.067 0.605488
0.067 0.068 0.599088
0.068 0.069 0.482062
0.069 0.070 0.438443
0.070 0.071 0.371354
0.071 0.072 0.360934
0.072 0.073 0.347130
0.073 0.074 0.341113
0.074 0.075 0.333152
0.075 0.076 0.320555
0.076 0.077 0.305452
0.077 0.078 0.292339
0.078 0.079 0.284102
0.079 0.080 0.272645
0.080 0.081 0.261727
0.081 0.082 0.249377
0.082 0.083 0.237909
0.083 0.084 0.226063
0.084 0.085 0.215657
0.085 0.086 0.206555
0.086 0.087 0.195057
0.087 0.088 0.185737
0.088 0.089 0.176103
0.089 0.090 0.163704
0.090 0.091 0.148544
0.091 0.092 0.137193
0.092 0.093 0.129066
0.093 0.094 0.123085
0.094 0.095 0.114330
0.095 0.096 0.106035
0.096 0.097 0.095789
0.097 0.098 0.084328
0.098 0.099 0.071913
0.099 0.100 0.061905
0.100 0.101 0.059090
0.101 0.102 0.053495
0.102 0.103 0.045526
0.103 0.104 0.038992
0.104 0.105 0.034082
0.105 0.106 0.028089
0.106 0.107 0.020318
0.107 0.108 0.016026
0.108 0.109 0.012099
0.109 0.110 0.008065
0.110 0.111 0.002995
0.111 0.112 0.001868
0.112 0.113 0.000000
0.113 0.114 0.000000
0.114 0.115 0.000000
0.115 0.116 0.000000
0.116 0.117 0.000000
0.117 0.118 0.000000
0.118 0.119 0.000000
0.119 0.120 0.000000
0.120 0.121 0.000000
0.121 0.122 0.000000
0.122 0.123 0.000000
0.123 0.124 0.000000
0.124 0.125 0.000000
0.125 0.126 0.000000
0.126 0.127 0.000000
0.127 0.128 0.000000
0.128 0.129 0.000000
0.129 0.130 0.000000
0.130 0.131 0.000000
0.131 0.132 0.000000
0.132 0.133 0.000000
0.133 0.134 0.000000
0.134 0.135 0.000000
0.135 0.136 0.000000
0.136 0.137 0.000000
0.137 0.138 0.000000
0.138 0.139 0.000000
0.139 0.140 0.000000
0.140 0.141 0.000000
0.141 0.142 0.000000
0.142 0.143 0.000000
0.143 0.144 0.000000
0.144 0.145 0.000000
0.145 0.146 0.000000
0.146 0.147 0.000000
0.147 0.148 0.000000
0.148 0.149 0.000000
0.149 0.150 0.000000
