1
0.000 0.001 0.000000
0.001 0.002 0.000000
0.002 0.003 0.000000
0.003 0.004 0.000000
0.004 0.005 0.000000
0.005 0.006 0.000000
0.006 0.007 0.000000
0.007 0.008 0.000000
0.008 0.009 0.000000
0.009 0.010 0.000000
0.010 0.011 0.000000
0.011 0.012 0.000000
0.012 0.013 0.000000
0.013 0.014 0.000000
0.014 0.015 0.000000
0.015 0.016 0.000000
0.016 0.017 0.000000
0.017 0.018 0.000000
0.018 0.019 0.000000
0.019 0.020 0.000000
0.020 0.021 0.000001
0.021 0.022 0.000009
0.022 0.023 0.000041
0.023 0.024 0.000146
0.024 0.025 0.000436
0.025 0.026 0.001107
0.026 0.027 0.002461
0.027 0.028 0.004931
0.028 0.029 0.009033
0.029 0.030 0.015225
0.030 0.031 0.024025
0.031 0.032 0.035798
0.032 0.033 0.050816
0.033 0.034 0.069055
0.034 0.035 0.090579
0.035 0.036 0.115286
0.036 0.037 0.142395
0.037 0.038 0.171161
0.038 0.039 0.201334
0.039 0.040 0.233082
0.040 0.041 0.265001
0.041 0.042 0.296607
0.042 0.043 0.328576
0.043 0.044 0.358686
0.044 0.045 0.387993
0.045 0.046 0.415110
0.046 0.047 0.439056
0.047 0.048 0.462952
0.048 0.049 0.485036
0.049 0.050 0.501539
0.050 0.051 0.516508
0.051 0.052 0.532174
0.052 0.053 0.545539
0.053 0.054 0.554555
0.054 0.055 0.559776
0.055 0.056 0.564544
0.056 0.057 0.569501
0.057 0.058 0.716865
0.058 0.059 1.000000
0.059 0.060 0.850476
0.060 0.061 0.566801
0.061 0.062 0.561674
0.062 0.063 0.540160
0.063 0.064 0.528366
0.064 0.065 0.517023
0.065 0.066 0.507325
0.066 0.067 0.623146
0.067 0.068 0.611967
0.068 0.069 0.495482
0.069 0.070 0.450952
0.070 0.071 0.384718
0.071 0.072 0.372581
0.072 0.073 0.356417
0.073 0.074 0.348792
0.074 0.075 0.337832
0.075 0.076 0.325118
0.076 0.077 0.310092
0.077 0.078 0.297349
0.078 0.079 0.289222
0.079 0.080 0.279458
0.080 0.081 0.266107
0.081 0.082 0.249303
0.082 0.083 0.236731
0.083 0.084 0.223537
0.084 0.085 0.212006
0.085 0.086 0.201849
0.086 0.087 0.189541
0.087 0.088 0.178929
0.088 0.089 0.167066
0.089 0.090 0.155920
0.090 0.091 0.142840
0.091 0.092 0.130158
0.092 0.093 0.120211
0.093 0.094 0.111722
0.094 0.095 0.099885
0.095 0.096 0.091878
0.096 0.097 0.081730
0.097 0.098 0.070585
0.098 0.099 0.058086
0.099 0.100 0.048521
0.100 0.101 0.045566
0.101 0.102 0.039346
0.102 0.103 0.031213
0.103 0.104 0.023188
0.104 0.105 0.019313
0.105 0.106 0.014661
0.106 0.107 0.008673
0.107 0.108 0.005483
0.108 0.109 0.001474
0.109 0.110 0.000000
0.110 0.111 0.000000
0.111 0.112 0.000000
0.112 0.113 0.000000
0.113 0.114 0.000000
0.114 0.115 0.000000
0.115 0.116 0.000000
0.116 0.117 0.000000
0.117 0.118 0.000000
0.118 0.119 0.000000
0.119 0.120 0.000000
0.120 0.121 0.000000
0.121 0.122 0.000000
0.122 0.123 0.000000
0.123 0.124 0.000000
0.124 0.125 0.000000
0.125 0.126 0.000000
0.126 0.127 0.000000
0.127 0.128 0.000000
0.128 0.129 0.000000
0.129 0.130 0.000000
0.130 0.131 0.000000
0.131 0.132 0.000000
0.132 0.133 0.000000
0.133 0.134 0.000000
0.134 0.135 0.000000
0.135 0.136 0.000000
0.136 0.137 0.000000
0.137 0.138 0.000000
0.138 0.139 0.000000
0.139 0.140 0.000000
0.140 0.141 0.000000
0.141 0.142 0.000000
0.142 0.143 0.000000
0.143 0.144 0.000000
0.144 0.145 0.000000
0.145 0.146 0.000000
0.146 0.147 0.000000
0.147 0.148 0.000000
0.148 0.149 0.000000
0.149 0.150 0.000000
