1
0.000 0.001 0.000000
0.001 0.002 0.000000
0.002 0.003 0.000000
0.003 0.004 0.000000
0.004 0.005 0.000000
0.005 0.006 0.000000
0.006 0.007 0.000000
0.007 0.008 0.000000
0.008 0.009 0.000000
0.009 0.010 0.000000
0.010 0.011 0.000000
0.011 0.012 0.000000
0.012 0.013 0.000000
0.013 0.014 0.000000
0.014 0.015 0.000000
0.015 0.016 0.000000
0.016 0.017 0.000000
0.017 0.018 0.000000
0.018 0.019 0.000000
0.019 0.020 0.000001
0.020 0.021 0.000006
0.021 0.022 0.000030
0.022 0.023 0.000113
0.023 0.024 0.000344
0.024 0.025 0.000891
0.025 0.026 0.002012
0.026 0.027 0.004043
0.027 0.028 0.007432
0.028 0.029 0.012626
0.029 0.030 0.019923
0.030 0.031 0.029730
0.031 0.032 0.042165
0.032 0.033 0.057343
0.033 0.034 0.075126
0.034 0.035 0.095351
0.035 0.036 0.117718
0.036 0.037 0.141706
0.037 0.038 0.166820
0.038 0.039 0.192183
0.039 0.040 0.218326
0.040 0.041 0.244515
0.041 0.042 0.269660
0.042 0.043 0.295030
0.043 0.044 0.319119
0.044 0.045 0.342484
0.045 0.046 0.363762
0.046 0.047 0.381934
0.047 0.048 0.400747
0.048 0.049 0.418676
0.049 0.050 0.431812
0.050 0.051 0.443157
0.051 0.052 0.455836
0.052 0.053 0.467136
0.053 0.054 0.474411
0.054 0.055 0.479856
0.055 0.056 0.486498
0.056 0.057 0.492340
0.057 0.058 0.666358
0.058 0.059 1.000000
0.059 0.060 0.828960
0.060 0.061 0.503123
0.061 0.062 0.500867
0.062 0.063 0.480509
0.063 0.064 0.474130
0.064 0.065 0.466965
0.065 0.066 0.462341
0.066 0.067 0.600701
0.067 0.068 0.596323
0.068 0.069 0.472546
0.069 0.070 0.429154
0.070 0.071 0.358117
0.071 0.072 0.350574
0.072 0.073 0.340729
0.073 0.074 0.336460
0.074 0.075 0.330467
0.075 0.076 0.321483
0.076 0.077 0.309852
0.077 0.078 0.300132
0.078 0.079 0.295020
0.079 0.080 0.287843
0.080 0.081 0.276891
0.081 0.082 0.264517
0.082 0.083 0.253492
0.083 0.084 0.242216
0.084 0.085 0.232964
0.085 0.086 0.224822
0.086 0.087 0.213967
0.087 0.088 0.206026
0.088 0.089 0.196852
0.089 0.090 0.186535
0.090 0.091 0.175767
0.091 0.092 0.163035
0.092 0.093 0.154191
0.093 0.094 0.148525
0.094 0.095 0.138495
0.095 0.096 0.130703
0.096 0.097 0.121594
0.097 0.098 0.110853
0.098 0.099 0.099999
0.099 0.100 0.091305
0.100 0.101 0.087012
0.101 0.102 0.080733
0.102 0.103 0.071783
0.103 0.104 0.064123
0.104 0.105 0.059763
0.105 0.106 0.054189
0.106 0.107 0.048373
0.107 0.108 0.040832
0.108 0.109 0.035817
0.109 0.110 0.030299
0.110 0.111 0.025210
0.111 0.112 0.020469
0.112 0.113 0.016527
0.113 0.114 0.013090
0.114 0.115 0.008902
0.115 0.116 0.006004
0.116 0.117 0.002849
0.117 0.118 0.000759
0.118 0.119 0.000000
0.119 0.120 0.000000
0.120 0.121 0.000000
0.121 0.122 0.000000
0.122 0.123 0.000000
0.123 0.124 0.000000
0.124 0.125 0.000000
0.125 0.126 0.000000
0.126 0.127 0.000000
0.127 0.128 0.000000
0.128 0.129 0.000000
0.129 0.130 0.000000
0.130 0.131 0.000000
0.131 0.132 0.000000
0.132 0.133 0.000000
0.133 0.134 0.000000
0.134 0.135 0.000000
0.135 0.136 0.000000
0.136 0.137 0.000000
0.137 0.138 0.000000
0.138 0.139 0.000000
0.139 0.140 0.000000
0.140 0.141 0.000000
0.141 0.142 0.000000
0.142 0.143 0.000000
0.143 0.144 0.000000
0.144 0.145 0.000000
0.145 0.146 0.000000
0.146 0.147 0.000000
0.147 0.148 0.000000
0.148 0.149 0.000000
0.149 0.150 0.000000
