1
0.000 0.001 0.000000
0.001 0.002 0.000000
0.002 0.003 0.000000
0.003 0.004 0.000000
0.004 0.005 0.000000
0.005 0.006 0.000000
0.006 0.007 0.000000
0.007 0.008 0.000000
0.008 0.009 0.000000
0.009 0.010 0.000000
0.010 0.011 0.000000
0.011 0.012 0.000000
0.012 0.013 0.000000
0.013 0.014 0.000000
0.014 0.015 0.000000
0.015 0.016 0.000000
0.016 0.017 0.000000
0.017 0.018 0.000000
0.018 0.019 0.000000
0.019 0.020 0.000000
0.020 0.021 0.000000
0.021 0.022 0.000003
0.022 0.023 0.000016
0.023 0.024 0.000064
0.024 0.025 0.000206
0.025 0.026 0.000558
0.026 0.027 0.001311
0.027 0.028 0.002754
0.028 0.029 0.005259
0.029 0.030 0.009194
0.030 0.031 0.014981
0.031 0.032 0.022956
0.032 0.033 0.033421
0.033 0.034 0.046552
0.034 0.035 0.062396
0.035 0.036 0.080743
0.036 0.037 0.101446
0.037 0.038 0.124236
0.038 0.039 0.148210
0.039 0.040 0.173646
0.040 0.041 0.200004
0.041 0.042 0.226379
0.042 0.043 0.253462
0.043 0.044 0.279899
0.044 0.045 0.306098
0.045 0.046 0.330587
0.046 0.047 0.352703
0.047 0.048 0.375385
0.048 0.049 0.397029
0.049 0.050 0.414525
0.050 0.051 0.430232
0.051 0.052 0.446714
0.052 0.053 0.461676
0.053 0.054 0.472989
0.054 0.055 0.482188
0.055 0.056 0.491598
0.056 0.057 0.499893
0.057 0.058 0.671027
0.058 0.059 1.000000
0.059 0.060 0.838042
0.060 0.061 0.520194
0.061 0.062 0.519633
0.062 0.063 0.500851
0.063 0.064 0.495406
0.064 0.065 0.488737
0.065 0.066 0.483943
0.066 0.067 0.624804
0.067 0.068 0.620965
0.068 0.069 0.493852
0.069 0.070 0.448512
0.070 0.071 0.375717
0.071 0.072 0.367819
0.072 0.073 0.357095
0.073 0.074 0.352209
0.074 0.075 0.345513
0.075 0.076 0.335791
0.076 0.077 0.323177
0.077 0.078 0.311300
0.078 0.079 0.306651
0.079 0.080 0.299886
0.080 0.081 0.289223
0.081 0.082 0.276921
0.082 0.083 0.266080
0.083 0.084 0.255428
0.084 0.085 0.245550
0.085 0.086 0.235775
0.086 0.087 0.225766
0.087 0.088 0.218840
0.088 0.089 0.210955
0.089 0.090 0.199914
0.090 0.091 0.188795
0.091 0.092 0.175073
0.092 0.093 0.164635
0.093 0.094 0.160145
0.094 0.095 0.151598
0.095 0.096 0.143291
0.096 0.097 0.133676
0.097 0.098 0.122243
0.098 0.099 0.110197
0.099 0.100 0.102871
0.100 0.101 0.098288
0.101 0.102 0.091743
0.102 0.103 0.082283
0.103 0.104 0.074840
0.104 0.105 0.068360
0.105 0.106 0.062677
0.106 0.107 0.056781
0.107 0.108 0.049592
0.108 0.109 0.043252
0.109 0.110 0.035650
0.110 0.111 0.030674
0.111 0.112 0.026663
0.112 0.113 0.021642
0.113 0.114 0.016541
0.114 0.115 0.013322
0.115 0.116 0.009611
0.116 0.117 0.005602
0.117 0.118 0.003543
0.118 0.119 0.000819
0.119 0.120 0.000000
0.120 0.121 0.000000
0.121 0.122 0.000000
0.122 0.123 0.000000
0.123 0.124 0.000000
0.124 0.125 0.000000
0.125 0.126 0.000000
0.126 0.127 0.000000
0.127 0.128 0.000000
0.128 0.129 0.000000
0.129 0.130 0.000000
0.130 0.131 0.000000
0.131 0.132 0.000000
0.132 0.133 0.000000
0.133 0.134 0.000000
0.134 0.135 0.000000
0.135 0.136 0.000000
0.136 0.137 0.000000
0.137 0.138 0.000000
0.138 0.139 0.000000
0.139 0.140 0.000000
0.140 0.141 0.000000
0.141 0.142 0.000000
0.142 0.143 0.000000
0.143 0.144 0.000000
0.144 0.145 0.000000
0.145 0.146 0.000000
0.146 0.147 0.000000
0.147 0.148 0.000000
0.148 0.149 0.000000
0.149 0.150 0.000000
