1
0.000 0.001 0.000000
0.001 0.002 0.000000
0.002 0.003 0.000000
0.003 0.004 0.000000
0.004 0.005 0.000000
0.005 0.006 0.000000
0.006 0.007 0.000000
0.007 0.008 0.000000
0.008 0.009 0.000000
0.009 0.010 0.000000
0.010 0.011 0.000000
0.011 0.012 0.000000
0.012 0.013 0.000000
0.013 0.014 0.000000
0.014 0.015 0.000000
0.015 0.016 0.000000
0.016 0.017 0.000004
0.017 0.018 0.000027
0.018 0.019 0.000131
0.019 0.020 0.000488
0.020 0.021 0.001457
0.021 0.022 0.003645
0.022 0.023 0.007890
0.023 0.024 0.015148
0.024 0.025 0.026383
0.025 0.026 0.042251
0.026 0.027 0.063172
0.027 0.028 0.089527
0.028 0.029 0.120823
0.029 0.030 0.156004
0.030 0.031 0.194522
0.031 0.032 0.235357
0.032 0.033 0.277840
0.033 0.034 0.319684
0.034 0.035 0.359880
0.035 0.036 0.402439
0.036 0.037 0.442343
0.037 0.038 0.477688
0.038 0.039 0.510461
0.039 0.040 0.542284
0.040 0.041 0.569330
0.041 0.042 0.591660
0.042 0.043 0.612567
0.043 0.044 0.628779
0.044 0.045 0.642399
0.045 0.046 0.651360
0.046 0.047 0.655333
0.047 0.048 0.658701
0.048 0.049 0.659811
0.049 0.050 0.653680
0.050 0.051 0.651982
0.051 0.052 0.650931
0.052 0.053 0.646828
0.053 0.054 0.640300
0.054 0.055 0.630907
0.055 0.056 0.620512
0.056 0.057 0.610857
0.057 0.058 0.742197
0.058 0.059 1.000000
0.059 0.060 0.840980
0.060 0.061 0.560886
0.061 0.062 0.544687
0.062 0.063 0.514552
0.063 0.064 0.492528
0.064 0.065 0.477198
0.065 0.066 0.463347
0.066 0.067 0.558118
0.067 0.068 0.544528
0.068 0.069 0.438732
0.069 0.070 0.395427
0.070 0.071 0.336413
0.071 0.072 0.322284
0.072 0.073 0.304592
0.073 0.074 0.294518
0.074 0.075 0.283029
0.075 0.076 0.265045
0.076 0.077 0.251017
0.077 0.078 0.239246
0.078 0.079 0.231319
0.079 0.080 0.222179
0.080 0.081 0.210162
0.081 0.082 0.196398
0.082 0.083 0.183444
0.083 0.084 0.170285
0.084 0.085 0.158420
0.085 0.086 0.147624
0.086 0.087 0.133986
0.087 0.088 0.126044
0.088 0.089 0.117668
0.089 0.090 0.108025
0.090 0.091 0.097186
0.091 0.092 0.086959
0.092 0.093 0.078375
0.093 0.094 0.070422
0.094 0.095 0.059945
0.095 0.096 0.054105
0.096 0.097 0.046747
0.097 0.098 0.038913
0.098 0.099 0.030173
0.099 0.100 0.023950
0.100 0.101 0.019094
0.101 0.102 0.015656
0.102 0.103 0.011428
0.103 0.104 0.007614
0.104 0.105 0.003076
0.105 0.106 0.001883
0.106 0.107 0.000000
0.107 0.108 0.000000
0.108 0.109 0.000000
0.109 0.110 0.000000
0.110 0.111 0.000000
0.111 0.112 0.000000
0.112 0.113 0.000000
0.113 0.114 0.000000
0.114 0.115 0.000000
0.115 0.116 0.000000
0.116 0.117 0.000000
0.117 0.118 0.000000
0.118 0.119 0.000000
0.119 0.120 0.000000
0.120 0.121 0.000000
0.121 0.122 0.000000
0.122 0.123 0.000000
0.123 0.124 0.000000
0.124 0.125 0.000000
0.125 0.126 0.000000
0.126 0.127 0.000000
0.127 0.128 0.000000
0.128 0.129 0.000000
0.129 0.130 0.000000
0.130 0.131 0.000000
0.131 0.132 0.000000
0.132 0.133 0.000000
0.133 0.134 0.000000
0.134 0.135 0.000000
0.135 0.136 0.000000
0.136 0.137 0.000000
0.137 0.138 0.000000
0.138 0.139 0.000000
0.139 0.140 0.000000
0.140 0.141 0.000000
0.141 0.142 0.000000
0.142 0.143 0.000000
0.143 0.144 0.000000
0.144 0.145 0.000000
0.145 0.146 0.000000
0.146 0.147 0.000000
0.147 0.148 0.000000
0.148 0.149 0.000000
0.149 0.150 0.000000
