1
0.000 0.001 0.000000
0.001 0.002 0.000000
0.002 0.003 0.000000
0.003 0.004 0.000000
0.004 0.005 0.000000
0.005 0.006 0.000000
0.006 0.007 0.000000
0.007 0.008 0.000000
0.008 0.009 0.000000
0.009 0.010 0.000000
0.010 0.011 0.000002
0.011 0.012 0.000037
0.012 0.013 0.000313
0.013 0.014 0.001724
0.014 0.015 0.006405
0.015 0.016 0.017697
0.016 0.017 0.039357
0.017 0.018 0.074451
0.018 0.019 0.124063
0.019 0.020 0.187137
0.020 0.021 0.261763
0.021 0.022 0.344352
0.022 0.023 0.430498
0.023 0.024 0.515932
0.024 0.025 0.598563
0.025 0.026 0.674112
0.026 0.027 0.744299
0.027 0.028 0.808275
0.028 0.029 0.863189
0.029 0.030 0.908566
0.030 0.031 0.943960
0.031 0.032 0.967602
0.032 0.033 0.986694
0.033 0.034 0.997054
0.034 0.035 1.000000
0.035 0.036 0.994901
0.036 0.037 0.989991
0.037 0.038 0.982046
0.038 0.039 0.971492
0.039 0.040 0.958178
0.040 0.041 0.939520
0.041 0.042 0.919970
0.042 0.043 0.897056
0.043 0.044 0.872680
0.044 0.045 0.848456
0.045 0.046 0.818678
0.046 0.047 0.789456
0.047 0.048 0.764561
0.048 0.049 0.736216
0.049 0.050 0.709677
0.050 0.051 0.685406
0.051 0.052 0.660431
0.052 0.053 0.631358
0.053 0.054 0.604514
0.054 0.055 0.578794
0.055 0.056 0.550279
0.056 0.057 0.519602
0.057 0.058 0.571645
0.058 0.059 0.688785
0.059 0.060 0.593588
0.060 0.061 0.439547
0.061 0.062 0.416459
0.062 0.063 0.385957
0.063 0.064 0.363042
0.064 0.065 0.341213
0.065 0.066 0.317593
0.066 0.067 0.352010
0.067 0.068 0.336891
0.068 0.069 0.276155
0.069 0.070 0.244728
0.070 0.071 0.210526
0.071 0.072 0.197243
0.072 0.073 0.180834
0.073 0.074 0.164635
0.074 0.075 0.152561
0.075 0.076 0.140588
0.076 0.077 0.129248
0.077 0.078 0.117404
0.078 0.079 0.106281
0.079 0.080 0.095926
0.080 0.081 0.083275
0.081 0.082 0.072986
0.082 0.083 0.064243
0.083 0.084 0.056643
0.084 0.085 0.048332
0.085 0.086 0.038698
0.086 0.087 0.032191
0.087 0.088 0.025900
0.088 0.089 0.018993
0.089 0.090 0.012189
0.090 0.091 0.009566
0.091 0.092 0.006214
0.092 0.093 0.001700
0.093 0.094 0.000000
0.094 0.095 0.000000
0.095 0.096 0.000000
0.096 0.097 0.000000
0.097 0.098 0.000000
0.098 0.099 0.000000
0.099 0.100 0.000000
0.100 0.101 0.000000
0.101 0.102 0.000000
0.102 0.103 0.000000
0.103 0.104 0.000000
0.104 0.105 0.000000
0.105 0.106 0.000000
0.106 0.107 0.000000
0.107 0.108 0.000000
0.108 0.109 0.000000
0.109 0.110 0.000000
0.110 0.111 0.000000
0.111 0.112 0.000000
0.112 0.113 0.000000
0.113 0.114 0.000000
0.114 0.115 0.000000
0.115 0.116 0.000000
0.116 0.117 0.000000
0.117 0.118 0.000000
0.118 0.119 0.000000
0.119 0.120 0.000000
0.120 0.121 0.000000
0.121 0.122 0.000000
0.122 0.123 0.000000
0.123 0.124 0.000000
0.124 0.125 0.000000
0.125 0.126 0.000000
0.126 0.127 0.000000
0.127 0.128 0.000000
0.128 0.129 0.000000
0.129 0.130 0.000000
0.130 0.131 0.000000
0.131 0.132 0.000000
0.132 0.133 0.000000
0.133 0.134 0.000000
0.134 0.135 0.000000
0.135 0.136 0.000000
0.136 0.137 0.000000
0.137 0.138 0.000000
0.138 0.139 0.000000
0.139 0.140 0.000000
0.140 0.141 0.000000
0.141 0.142 0.000000
0.142 0.143 0.000000
0.143 0.144 0.000000
0.144 0.145 0.000000
0.145 0.146 0.000000
0.146 0.147 0.000000
0.147 0.148 0.000000
0.148 0.149 0.000000
0.149 0.150 0.000000
