1
0.000 0.001 0.000000
0.001 0.002 0.000000
0.002 0.003 0.000000
0.003 0.004 0.000000
0.004 0.005 0.000000
0.005 0.006 0.000000
0.006 0.007 0.000000
0.007 0.008 0.000000
0.008 0.009 0.000000
0.009 0.010 0.000000
0.010 0.011 0.000000
0.011 0.012 0.000000
0.012 0.013 0.000000
0.013 0.014 0.000000
0.014 0.015 0.000000
0.015 0.016 0.000000
0.016 0.017 0.000000
0.017 0.018 0.000000
0.018 0.019 0.000000
0.019 0.020 0.000000
0.020 0.021 0.000000
0.021 0.022 0.000001
0.022 0.023 0.000006
0.023 0.024 0.000027
0.024 0.025 0.000100
0.025 0.026 0.000312
0.026 0.027 0.000824
0.027 0.028 0.001914
0.028 0.029 0.003985
0.029 0.030 0.007546
0.030 0.031 0.013167
0.031 0.032 0.021317
0.032 0.033 0.032759
0.033 0.034 0.047771
0.034 0.035 0.066387
0.035 0.036 0.088789
0.036 0.037 0.114399
0.037 0.038 0.143984
0.038 0.039 0.177381
0.039 0.040 0.213112
0.040 0.041 0.249897
0.041 0.042 0.288683
0.042 0.043 0.327269
0.043 0.044 0.366283
0.044 0.045 0.406444
0.045 0.046 0.441539
0.046 0.047 0.477979
0.047 0.048 0.510698
0.048 0.049 0.538543
0.049 0.050 0.566316
0.050 0.051 0.593639
0.051 0.052 0.619394
0.052 0.053 0.635163
0.053 0.054 0.650685
0.054 0.055 0.667052
0.055 0.056 0.673674
0.056 0.057 0.674431
0.057 0.058 0.783752
0.058 0.059 1.000000
0.059 0.060 0.903054
0.060 0.061 0.695089
0.061 0.062 0.684763
0.062 0.063 0.662599
0.063 0.064 0.652234
0.064 0.065 0.638130
0.065 0.066 0.619343
0.066 0.067 0.701103
0.067 0.068 0.690758
0.068 0.069 0.588017
0.069 0.070 0.534149
0.070 0.071 0.471823
0.071 0.072 0.454888
0.072 0.073 0.428698
0.073 0.074 0.401522
0.074 0.075 0.373369
0.075 0.076 0.346564
0.076 0.077 0.320499
0.077 0.078 0.289599
0.078 0.079 0.256774
0.079 0.080 0.228337
0.080 0.081 0.197678
0.081 0.082 0.159995
0.082 0.083 0.130971
0.083 0.084 0.110521
0.084 0.085 0.084076
0.085 0.086 0.059930
0.086 0.087 0.037785
0.087 0.088 0.019557
0.088 0.089 0.002388
0.089 0.090 0.000000
0.090 0.091 0.000000
0.091 0.092 0.000000
0.092 0.093 0.000000
0.093 0.094 0.000000
0.094 0.095 0.000000
0.095 0.096 0.000000
0.096 0.097 0.000000
0.097 0.098 0.000000
0.098 0.099 0.000000
0.099 0.100 0.000000
0.100 0.101 0.000000
0.101 0.102 0.000000
0.102 0.103 0.000000
0.103 0.104 0.000000
0.104 0.105 0.000000
0.105 0.106 0.000000
0.106 0.107 0.000000
0.107 0.108 0.000000
0.108 0.109 0.000000
0.109 0.110 0.000000
0.110 0.111 0.000000
0.111 0.112 0.000000
0.112 0.113 0.000000
0.113 0.114 0.000000
0.114 0.115 0.000000
0.115 0.116 0.000000
0.116 0.117 0.000000
0.117 0.118 0.000000
0.118 0.119 0.000000
0.119 0.120 0.000000
0.120 0.121 0.000000
0.121 0.122 0.000000
0.122 0.123 0.000000
0.123 0.124 0.000000
0.124 0.125 0.000000
0.125 0.126 0.000000
0.126 0.127 0.000000
0.127 0.128 0.000000
0.128 0.129 0.000000
0.129 0.130 0.000000
0.130 0.131 0.000000
0.131 0.132 0.000000
0.132 0.133 0.000000
0.133 0.134 0.000000
0.134 0.135 0.000000
0.135 0.136 0.000000
0.136 0.137 0.000000
0.137 0.138 0.000000
0.138 0.139 0.000000
0.139 0.140 0.000000
0.140 0.141 0.000000
0.141 0.142 0.000000
0.142 0.143 0.000000
0.143 0.144 0.000000
0.144 0.145 0.000000
0.145 0.146 0.000000
0.146 0.147 0.000000
0.147 0.148 0.000000
0.148 0.149 0.000000
0.149 0.150 0.000000
