1
0.000 0.001 0.000000
0.001 0.002 0.000000
0.002 0.003 0.000000
0.003 0.004 0.000000
0.004 0.005 0.000000
0.005 0.006 0.000000
0.006 0.007 0.000000
0.007 0.008 0.000000
0.008 0.009 0.000000
0.009 0.010 0.000000
0.010 0.011 0.000000
0.011 0.012 0.000000
0.012 0.013 0.000000
0.013 0.014 0.000000
0.014 0.015 0.000000
0.015 0.016 0.000000
0.016 0.017 0.000000
0.017 0.018 0.000001
0.018 0.019 0.000010
0.019 0.020 0.000058
0.020 0.021 0.000252
0.021 0.022 0.000855
0.022 0.023 0.002371
0.023 0.024 0.005585
0.024 0.025 0.011505
0.025 0.026 0.021455
0.026 0.027 0.036418
0.027 0.028 0.057409
0.028 0.029 0.085073
0.029 0.030 0.118820
0.030 0.031 0.158713
0.031 0.032 0.203547
0.032 0.033 0.252805
0.033 0.034 0.304150
0.034 0.035 0.356571
0.035 0.036 0.409480
0.036 0.037 0.458894
0.037 0.038 0.505875
0.038 0.039 0.554944
0.039 0.040 0.600854
0.040 0.041 0.641286
0.041 0.042 0.677742
0.042 0.043 0.710122
0.043 0.044 0.738978
0.044 0.045 0.761889
0.045 0.046 0.774748
0.046 0.047 0.786935
0.047 0.048 0.794288
0.048 0.049 0.793015
0.049 0.050 0.794669
0.050 0.051 0.795162
0.051 0.052 0.795205
0.052 0.053 0.786803
0.053 0.054 0.775862
0.054 0.055 0.764214
0.055 0.056 0.746906
0.056 0.057 0.725816
0.057 0.058 0.814128
0.058 0.059 1.000000
0.059 0.060 0.871026
0.060 0.061 0.654657
0.061 0.062 0.632939
0.062 0.063 0.597802
0.063 0.064 0.573505
0.064 0.065 0.549466
0.065 0.066 0.523608
0.066 0.067 0.585427
0.067 0.068 0.564227
0.068 0.069 0.464324
0.069 0.070 0.410462
0.070 0.071 0.357488
0.071 0.072 0.341113
0.072 0.073 0.318888
0.073 0.074 0.298627
0.074 0.075 0.277782
0.075 0.076 0.256137
0.076 0.077 0.235220
0.077 0.078 0.210522
0.078 0.079 0.195728
0.079 0.080 0.181292
0.080 0.081 0.164261
0.081 0.082 0.144273
0.082 0.083 0.127094
0.083 0.084 0.111854
0.084 0.085 0.092263
0.085 0.086 0.080806
0.086 0.087 0.067543
0.087 0.088 0.054593
0.088 0.089 0.040213
0.089 0.090 0.025918
0.090 0.091 0.020426
0.091 0.092 0.013321
0.092 0.093 0.003658
0.093 0.094 0.000000
0.094 0.095 0.000000
0.095 0.096 0.000000
0.096 0.097 0.000000
0.097 0.098 0.000000
0.098 0.099 0.000000
0.099 0.100 0.000000
0.100 0.101 0.000000
0.101 0.102 0.000000
0.102 0.103 0.000000
0.103 0.104 0.000000
0.104 0.105 0.000000
0.105 0.106 0.000000
0.106 0.107 0.000000
0.107 0.108 0.000000
0.108 0.109 0.000000
0.109 0.110 0.000000
0.110 0.111 0.000000
0.111 0.112 0.000000
0.112 0.113 0.000000
0.113 0.114 0.000000
0.114 0.115 0.000000
0.115 0.116 0.000000
0.116 0.117 0.000000
0.117 0.118 0.000000
0.118 0.119 0.000000
0.119 0.120 0.000000
0.120 0.121 0.000000
0.121 0.122 0.000000
0.122 0.123 0.000000
0.123 0.124 0.000000
0.124 0.125 0.000000
0.125 0.126 0.000000
0.126 0.127 0.000000
0.127 0.128 0.000000
0.128 0.129 0.000000
0.129 0.130 0.000000
0.130 0.131 0.000000
0.131 0.132 0.000000
0.132 0.133 0.000000
0.133 0.134 0.000000
0.134 0.135 0.000000
0.135 0.136 0.000000
0.136 0.137 0.000000
0.137 0.138 0.000000
0.138 0.139 0.000000
0.139 0.140 0.000000
0.140 0.141 0.000000
0.141 0.142 0.000000
0.142 0.143 0.000000
0.143 0.144 0.000000
0.144 0.145 0.000000
0.145 0.146 0.000000
0.146 0.147 0.000000
0.147 0.148 0.000000
0.148 0.149 0.000000
0.149 0.150 0.000000
