1
0.000 0.001 0.000000
0.001 0.002 0.000000
0.002 0.003 0.000000
0.003 0.004 0.000000
0.004 0.005 0.000000
0.005 0.006 0.000000
0.006 0.007 0.000000
0.007 0.008 0.000001
0.008 0.009 0.000000
0.009 0.010 0.000000
0.010 0.011 0.000003
0.011 0.012 0.000034
0.012 0.013 0.000238
0.013 0.014 0.001179
0.014 0.015 0.004087
0.015 0.016 0.010812
0.016 0.017 0.023381
0.017 0.018 0.043578
0.018 0.019 0.072079
0.019 0.020 0.109008
0.020 0.021 0.153531
0.021 0.022 0.203620
0.022 0.023 0.257393
0.023 0.024 0.313090
0.024 0.025 0.368629
0.025 0.026 0.422022
0.026 0.027 0.472247
0.027 0.028 0.519698
0.028 0.029 0.562922
0.029 0.030 0.600173
0.030 0.031 0.632810
0.031 0.032 0.659350
0.032 0.033 0.681541
0.033 0.034 0.700602
0.034 0.035 0.714920
0.035 0.036 0.723072
0.036 0.037 0.728928
0.037 0.038 0.732477
0.038 0.039 0.730171
0.039 0.040 0.726909
0.040 0.041 0.721665
0.041 0.042 0.712933
0.042 0.043 0.705590
0.043 0.044 0.695938
0.044 0.045 0.686076
0.045 0.046 0.673423
0.046 0.047 0.658822
0.047 0.048 0.647623
0.048 0.049 0.634785
0.049 0.050 0.617537
0.050 0.051 0.601060
0.051 0.052 0.587353
0.052 0.053 0.573035
0.053 0.054 0.556456
0.054 0.055 0.538816
0.055 0.056 0.526461
0.056 0.057 0.514294
0.057 0.058 0.679899
0.058 0.059 1.000000
0.059 0.060 0.803695
0.060 0.061 0.468064
0.061 0.062 0.454322
0.062 0.063 0.424206
0.063 0.064 0.409140
0.064 0.065 0.393856
0.065 0.066 0.380905
0.066 0.067 0.491542
0.067 0.068 0.478002
0.068 0.069 0.368837
0.069 0.070 0.329189
0.070 0.071 0.267752
0.071 0.072 0.259021
0.072 0.073 0.248836
0.073 0.074 0.242023
0.074 0.075 0.234683
0.075 0.076 0.226401
0.076 0.077 0.216522
0.077 0.078 0.207845
0.078 0.079 0.201943
0.079 0.080 0.194526
0.080 0.081 0.186887
0.081 0.082 0.178659
0.082 0.083 0.171376
0.083 0.084 0.164576
0.084 0.085 0.158381
0.085 0.086 0.152787
0.086 0.087 0.145703
0.087 0.088 0.140703
0.088 0.089 0.134895
0.089 0.090 0.127489
0.090 0.091 0.120151
0.091 0.092 0.112497
0.092 0.093 0.107356
0.093 0.094 0.104626
0.094 0.095 0.099460
0.095 0.096 0.094474
0.096 0.097 0.089124
0.097 0.098 0.082646
0.098 0.099 0.076702
0.099 0.100 0.071848
0.100 0.101 0.067489
0.101 0.102 0.063955
0.102 0.103 0.059088
0.103 0.104 0.055400
0.104 0.105 0.052356
0.105 0.106 0.048527
0.106 0.107 0.044820
0.107 0.108 0.040337
0.108 0.109 0.036474
0.109 0.110 0.031963
0.110 0.111 0.028986
0.111 0.112 0.026582
0.112 0.113 0.023388
0.113 0.114 0.020693
0.114 0.115 0.018037
0.115 0.116 0.014579
0.116 0.117 0.012614
0.117 0.118 0.010456
0.118 0.119 0.007652
0.119 0.120 0.006092
0.120 0.121 0.004700
0.121 0.122 0.003626
0.122 0.123 0.002515
0.123 0.124 0.000966
0.124 0.125 0.000565
0.125 0.126 0.000000
0.126 0.127 0.000000
0.127 0.128 0.000000
0.128 0.129 0.000000
0.129 0.130 0.000000
0.130 0.131 0.000000
0.131 0.132 0.000000
0.132 0.133 0.000000
0.133 0.134 0.000000
0.134 0.135 0.000000
0.135 0.136 0.000000
0.136 0.137 0.000000
0.137 0.138 0.000000
0.138 0.139 0.000000
0.139 0.140 0.000000
0.140 0.141 0.000000
0.141 0.142 0.000000
0.142 0.143 0.000000
0.143 0.144 0.000000
0.144 0.145 0.000000
0.145 0.146 0.000000
0.146 0.147 0.000000
0.147 0.148 0.000000
0.148 0.149 0.000000
0.149 0.150 0.000000
