1
0.000 0.001 0.000000
0.001 0.002 0.000000
0.002 0.003 0.000000
0.003 0.004 0.000000
0.004 0.005 0.000000
0.005 0.006 0.000000
0.006 0.007 0.000000
0.007 0.008 0.000000
0.008 0.009 0.000000
0.009 0.010 0.000000
0.010 0.011 0.000000
0.011 0.012 0.000000
0.012 0.013 0.000000
0.013 0.014 0.000000
0.014 0.015 0.000000
0.015 0.016 0.000000
0.016 0.017 0.000000
0.017 0.018 0.000005
0.018 0.019 0.000038
0.019 0.020 0.000187
0.020 0.021 0.000693
0.021 0.022 0.002047
0.022 0.023 0.005043
0.023 0.024 0.010761
0.024 0.025 0.020411
0.025 0.026 0.035071
0.026 0.027 0.055541
0.027 0.028 0.082450
0.028 0.029 0.115972
0.029 0.030 0.155330
0.030 0.031 0.199250
0.031 0.032 0.246639
0.032 0.033 0.297711
0.033 0.034 0.349375
0.034 0.035 0.400388
0.035 0.036 0.451475
0.036 0.037 0.499402
0.037 0.038 0.544249
0.038 0.039 0.587174
0.039 0.040 0.627651
0.040 0.041 0.661844
0.041 0.042 0.692674
0.042 0.043 0.719599
0.043 0.044 0.741894
0.044 0.045 0.760987
0.045 0.046 0.772339
0.046 0.047 0.782189
0.047 0.048 0.787861
0.048 0.049 0.788370
0.049 0.050 0.785610
0.050 0.051 0.782964
0.051 0.052 0.778643
0.052 0.053 0.766814
0.053 0.054 0.754638
0.054 0.055 0.741704
0.055 0.056 0.723853
0.056 0.057 0.703528
0.057 0.058 0.798786
0.058 0.059 1.000000
0.059 0.060 0.866805
0.060 0.061 0.634263
0.061 0.062 0.610549
0.062 0.063 0.573468
0.063 0.064 0.545218
0.064 0.065 0.523103
0.065 0.066 0.500185
0.066 0.067 0.567524
0.067 0.068 0.548132
0.068 0.069 0.448940
0.069 0.070 0.399219
0.070 0.071 0.345606
0.071 0.072 0.329224
0.072 0.073 0.307712
0.073 0.074 0.289573
0.074 0.075 0.269071
0.075 0.076 0.251571
0.076 0.077 0.234424
0.077 0.078 0.217359
0.078 0.079 0.202163
0.079 0.080 0.187177
0.080 0.081 0.168320
0.081 0.082 0.151273
0.082 0.083 0.136221
0.083 0.084 0.122389
0.084 0.085 0.106475
0.085 0.086 0.095421
0.086 0.087 0.082760
0.087 0.088 0.070426
0.088 0.089 0.055403
0.089 0.090 0.045984
0.090 0.091 0.038287
0.091 0.092 0.027873
0.092 0.093 0.021618
0.093 0.094 0.015127
0.094 0.095 0.007218
0.095 0.096 0.002009
0.096 0.097 0.000000
0.097 0.098 0.000000
0.098 0.099 0.000000
0.099 0.100 0.000000
0.100 0.101 0.000000
0.101 0.102 0.000000
0.102 0.103 0.000000
0.103 0.104 0.000000
0.104 0.105 0.000000
0.105 0.106 0.000000
0.106 0.107 0.000000
0.107 0.108 0.000000
0.108 0.109 0.000000
0.109 0.110 0.000000
0.110 0.111 0.000000
0.111 0.112 0.000000
0.112 0.113 0.000000
0.113 0.114 0.000000
0.114 0.115 0.000000
0.115 0.116 0.000000
0.116 0.117 0.000000
0.117 0.118 0.000000
0.118 0.119 0.000000
0.119 0.120 0.000000
0.120 0.121 0.000000
0.121 0.122 0.000000
0.122 0.123 0.000000
0.123 0.124 0.000000
0.124 0.125 0.000000
0.125 0.126 0.000000
0.126 0.127 0.000000
0.127 0.128 0.000000
0.128 0.129 0.000000
0.129 0.130 0.000000
0.130 0.131 0.000000
0.131 0.132 0.000000
0.132 0.133 0.000000
0.133 0.134 0.000000
0.134 0.135 0.000000
0.135 0.136 0.000000
0.136 0.137 0.000000
0.137 0.138 0.000000
0.138 0.139 0.000000
0.139 0.140 0.000000
0.140 0.141 0.000000
0.141 0.142 0.000000
0.142 0.143 0.000000
0.143 0.144 0.000000
0.144 0.145 0.000000
0.145 0.146 0.000000
0.146 0.147 0.000000
0.147 0.148 0.000000
0.148 0.149 0.000000
0.149 0.150 0.000000
