1
0.000 0.001 0.000000
0.001 0.002 0.000000
0.002 0.003 0.000000
0.003 0.004 0.000000
0.004 0.005 0.000000
0.005 0.006 0.000000
0.006 0.007 0.000000
0.007 0.008 0.000000
0.008 0.009 0.000000
0.009 0.010 0.000000
0.010 0.011 0.000000
0.011 0.012 0.000000
0.012 0.013 0.000000
0.013 0.014 0.000000
0.014 0.015 0.000000
0.015 0.016 0.000000
0.016 0.017 0.000000
0.017 0.018 0.000000
0.018 0.019 0.000000
0.019 0.020 0.000000
0.020 0.021 0.000000
0.021 0.022 0.000000
0.022 0.023 0.000001
0.023 0.024 0.000007
0.024 0.025 0.000030
0.025 0.026 0.000100
0.026 0.027 0.000280
0.027 0.028 0.000686
0.028 0.029 0.001496
0.029 0.030 0.002935
0.030 0.031 0.005303
0.031 0.032 0.008906
0.032 0.033 0.014087
0.033 0.034 0.021116
0.034 0.035 0.030190
0.035 0.036 0.041426
0.036 0.037 0.054870
0.037 0.038 0.070601
0.038 0.039 0.088124
0.039 0.040 0.107388
0.040 0.041 0.128282
0.041 0.042 0.150180
0.042 0.043 0.173223
0.043 0.044 0.196751
0.044 0.045 0.220985
0.045 0.046 0.244312
0.046 0.047 0.266877
0.047 0.048 0.290482
0.048 0.049 0.313012
0.049 0.050 0.332814
0.050 0.051 0.351892
0.051 0.052 0.371585
0.052 0.053 0.389156
0.053 0.054 0.404139
0.054 0.055 0.418172
0.055 0.056 0.432372
0.056 0.057 0.445283
0.057 0.058 0.634821
0.058 0.059 1.000000
0.059 0.060 0.832071
0.060 0.061 0.489274
0.061 0.062 0.494099
0.062 0.063 0.477987
0.063 0.064 0.478864
0.064 0.065 0.477699
0.065 0.066 0.477275
0.066 0.067 0.644519
0.067 0.068 0.646696
0.068 0.069 0.507876
0.069 0.070 0.463574
0.070 0.071 0.383079
0.071 0.072 0.379320
0.072 0.073 0.372706
0.073 0.074 0.369483
0.074 0.075 0.365350
0.075 0.076 0.359453
0.076 0.077 0.350427
0.077 0.078 0.342596
0.078 0.079 0.339111
0.079 0.080 0.333848
0.080 0.081 0.325525
0.081 0.082 0.315166
0.082 0.083 0.305781
0.083 0.084 0.296868
0.084 0.085 0.288658
0.085 0.086 0.280239
0.086 0.087 0.271691
0.087 0.088 0.266305
0.088 0.089 0.258706
0.089 0.090 0.248185
0.090 0.091 0.238786
0.091 0.092 0.225456
0.092 0.093 0.216271
0.093 0.094 0.210648
0.094 0.095 0.202600
0.095 0.096 0.194709
0.096 0.097 0.186215
0.097 0.098 0.175231
0.098 0.099 0.165241
0.099 0.100 0.157116
0.100 0.101 0.149604
0.101 0.102 0.143019
0.102 0.103 0.134080
0.103 0.104 0.127313
0.104 0.105 0.121239
0.105 0.106 0.113438
0.106 0.107 0.106117
0.107 0.108 0.096465
0.108 0.109 0.090139
0.109 0.110 0.083410
0.110 0.111 0.076889
0.111 0.112 0.071451
0.112 0.113 0.064018
0.113 0.114 0.056910
0.114 0.115 0.052088
0.115 0.116 0.046450
0.116 0.117 0.041122
0.117 0.118 0.035432
0.118 0.119 0.027424
0.119 0.120 0.024216
0.120 0.121 0.022717
0.121 0.122 0.018972
0.122 0.123 0.014477
0.123 0.124 0.011637
0.124 0.125 0.008435
0.125 0.126 0.004735
0.126 0.127 0.003114
0.127 0.128 0.000846
0.128 0.129 0.000000
0.129 0.130 0.000000
0.130 0.131 0.000000
0.131 0.132 0.000000
0.132 0.133 0.000000
0.133 0.134 0.000000
0.134 0.135 0.000000
0.135 0.136 0.000000
0.136 0.137 0.000000
0.137 0.138 0.000000
0.138 0.139 0.000000
0.139 0.140 0.000000
0.140 0.141 0.000000
0.141 0.142 0.000000
0.142 0.143 0.000000
0.143 0.144 0.000000
0.144 0.145 0.000000
0.145 0.146 0.000000
0.146 0.147 0.000000
0.147 0.148 0.000000
0.148 0.149 0.000000
0.149 0.150 0.000000
