1
0.000 0.001 0.000000
0.001 0.002 0.000000
0.002 0.003 0.000000
0.003 0.004 0.000000
0.004 0.005 0.000000
0.005 0.006 0.000000
0.006 0.007 0.000000
0.007 0.008 0.000000
0.008 0.009 0.000000
0.009 0.010 0.000000
0.010 0.011 0.000000
0.011 0.012 0.000000
0.012 0.013 0.000000
0.013 0.014 0.000000
0.014 0.015 0.000000
0.015 0.016 0.000000
0.016 0.017 0.000002
0.017 0.018 0.000017
0.018 0.019 0.000092
0.019 0.020 0.000367
0.020 0.021 0.001157
0.021 0.022 0.003001
0.022 0.023 0.006665
0.023 0.024 0.013051
0.024 0.025 0.023055
0.025 0.026 0.037336
0.026 0.027 0.056287
0.027 0.028 0.080198
0.028 0.029 0.108873
0.029 0.030 0.141627
0.030 0.031 0.177114
0.031 0.032 0.214668
0.032 0.033 0.254727
0.033 0.034 0.294820
0.034 0.035 0.333965
0.035 0.036 0.373277
0.036 0.037 0.409761
0.037 0.038 0.441976
0.038 0.039 0.473546
0.039 0.040 0.504388
0.040 0.041 0.529538
0.041 0.042 0.551939
0.042 0.043 0.572864
0.043 0.044 0.589742
0.044 0.045 0.604942
0.045 0.046 0.616049
0.046 0.047 0.623726
0.047 0.048 0.630094
0.048 0.049 0.634486
0.049 0.050 0.633561
0.050 0.051 0.633278
0.051 0.052 0.634859
0.052 0.053 0.631299
0.053 0.054 0.625127
0.054 0.055 0.618226
0.055 0.056 0.610893
0.056 0.057 0.603079
0.057 0.058 0.737543
0.058 0.059 1.000000
0.059 0.060 0.844579
0.060 0.061 0.568092
0.061 0.062 0.554136
0.062 0.063 0.525488
0.063 0.064 0.509058
0.064 0.065 0.494088
0.065 0.066 0.480706
0.066 0.067 0.576050
0.067 0.068 0.563430
0.068 0.069 0.457839
0.069 0.070 0.413486
0.070 0.071 0.354277
0.071 0.072 0.341708
0.072 0.073 0.325148
0.073 0.074 0.314345
0.074 0.075 0.302411
0.075 0.076 0.286308
0.076 0.077 0.269538
0.077 0.078 0.254789
0.078 0.079 0.243591
0.079 0.080 0.231524
0.080 0.081 0.216518
0.081 0.082 0.198792
0.082 0.083 0.183495
0.083 0.084 0.168305
0.084 0.085 0.153223
0.085 0.086 0.141816
0.086 0.087 0.128986
0.087 0.088 0.116000
0.088 0.089 0.104576
0.089 0.090 0.093044
0.090 0.091 0.080439
0.091 0.092 0.070411
0.092 0.093 0.061402
0.093 0.094 0.051657
0.094 0.095 0.043704
0.095 0.096 0.035386
0.096 0.097 0.028091
0.097 0.098 0.020619
0.098 0.099 0.012329
0.099 0.100 0.006928
0.100 0.101 0.003839
0.101 0.102 0.001066
0.102 0.103 0.000000
0.103 0.104 0.000000
0.104 0.105 0.000000
0.105 0.106 0.000000
0.106 0.107 0.000000
0.107 0.108 0.000000
0.108 0.109 0.000000
0.109 0.110 0.000000
0.110 0.111 0.000000
0.111 0.112 0.000000
0.112 0.113 0.000000
0.113 0.114 0.000000
0.114 0.115 0.000000
0.115 0.116 0.000000
0.116 0.117 0.000000
0.117 0.118 0.000000
0.118 0.119 0.000000
0.119 0.120 0.000000
0.120 0.121 0.000000
0.121 0.122 0.000000
0.122 0.123 0.000000
0.123 0.124 0.000000
0.124 0.125 0.000000
0.125 0.126 0.000000
0.126 0.127 0.000000
0.127 0.128 0.000000
0.128 0.129 0.000000
0.129 0.130 0.000000
0.130 0.131 0.000000
0.131 0.132 0.000000
0.132 0.133 0.000000
0.133 0.134 0.000000
0.134 0.135 0.000000
0.135 0.136 0.000000
0.136 0.137 0.000000
0.137 0.138 0.000000
0.138 0.139 0.000000
0.139 0.140 0.000000
0.140 0.141 0.000000
0.141 0.142 0.000000
0.142 0.143 0.000000
0.143 0.144 0.000000
0.144 0.145 0.000000
0.145 0.146 0.000000
0.146 0.147 0.000000
0.147 0.148 0.000000
0.148 0.149 0.000000
0.149 0.150 0.000000
