1
0.000 0.001 0.000000
0.001 0.002 0.000000
0.002 0.003 0.000000
0.003 0.004 0.000000
0.004 0.005 0.000000
0.005 0.006 0.000000
0.006 0.007 0.000000
0.007 0.008 0.000000
0.008 0.009 0.000000
0.009 0.010 0.000000
0.010 0.011 0.000000
0.011 0.012 0.000007
0.012 0.013 0.000062
0.013 0.014 0.000380
0.014 0.015 0.001561
0.015 0.016 0.004709
0.016 0.017 0.011343
0.017 0.018 0.023063
0.018 0.019 0.040860
0.019 0.020 0.065533
0.020 0.021 0.096955
0.021 0.022 0.134199
0.022 0.023 0.175810
0.023 0.024 0.220329
0.024 0.025 0.266638
0.025 0.026 0.312279
0.026 0.027 0.356421
0.027 0.028 0.399974
0.028 0.029 0.440355
0.029 0.030 0.475828
0.030 0.031 0.508048
0.031 0.032 0.536252
0.032 0.033 0.560726
0.033 0.034 0.581899
0.034 0.035 0.599485
0.035 0.036 0.612975
0.036 0.037 0.624202
0.037 0.038 0.631917
0.038 0.039 0.633994
0.039 0.040 0.635701
0.040 0.041 0.635939
0.041 0.042 0.632506
0.042 0.043 0.630084
0.043 0.044 0.625617
0.044 0.045 0.620488
0.045 0.046 0.613442
0.046 0.047 0.602596
0.047 0.048 0.595165
0.048 0.049 0.588143
0.049 0.050 0.575920
0.050 0.051 0.563217
0.051 0.052 0.554029
0.052 0.053 0.545144
0.053 0.054 0.532966
0.054 0.055 0.520166
0.055 0.056 0.510913
0.056 0.057 0.501800
0.057 0.058 0.672875
0.058 0.059 1.000000
0.059 0.060 0.802105
0.060 0.061 0.463313
0.061 0.062 0.451712
0.062 0.063 0.423770
0.063 0.064 0.410513
0.064 0.065 0.397229
0.065 0.066 0.387143
0.066 0.067 0.502340
0.067 0.068 0.491510
0.068 0.069 0.380824
0.069 0.070 0.340819
0.070 0.071 0.278617
0.071 0.072 0.269940
0.072 0.073 0.260109
0.073 0.074 0.254671
0.074 0.075 0.248221
0.075 0.076 0.239979
0.076 0.077 0.229909
0.077 0.078 0.221606
0.078 0.079 0.216959
0.079 0.080 0.210780
0.080 0.081 0.202033
0.081 0.082 0.192739
0.082 0.083 0.184493
0.083 0.084 0.176503
0.084 0.085 0.169398
0.085 0.086 0.163180
0.086 0.087 0.155163
0.087 0.088 0.149446
0.088 0.089 0.143211
0.089 0.090 0.134785
0.090 0.091 0.126959
0.091 0.092 0.117570
0.092 0.093 0.111053
0.093 0.094 0.106989
0.094 0.095 0.099907
0.095 0.096 0.094233
0.096 0.097 0.087858
0.097 0.098 0.080366
0.098 0.099 0.073067
0.099 0.100 0.067123
0.100 0.101 0.063791
0.101 0.102 0.059389
0.102 0.103 0.053256
0.103 0.104 0.048118
0.104 0.105 0.044996
0.105 0.106 0.041056
0.106 0.107 0.037044
0.107 0.108 0.031912
0.108 0.109 0.028369
0.109 0.110 0.024496
0.110 0.111 0.020938
0.111 0.112 0.017729
0.112 0.113 0.014800
0.113 0.114 0.012302
0.114 0.115 0.009382
0.115 0.116 0.007074
0.116 0.117 0.004730
0.117 0.118 0.003205
0.118 0.119 0.001301
0.119 0.120 0.000346
0.120 0.121 0.000000
0.121 0.122 0.000000
0.122 0.123 0.000000
0.123 0.124 0.000000
0.124 0.125 0.000000
0.125 0.126 0.000000
0.126 0.127 0.000000
0.127 0.128 0.000000
0.128 0.129 0.000000
0.129 0.130 0.000000
0.130 0.131 0.000000
0.131 0.132 0.000000
0.132 0.133 0.000000
0.133 0.134 0.000000
0.134 0.135 0.000000
0.135 0.136 0.000000
0.136 0.137 0.000000
0.137 0.138 0.000000
0.138 0.139 0.000000
0.139 0.140 0.000000
0.140 0.141 0.000000
0.141 0.142 0.000000
0.142 0.143 0.000000
0.143 0.144 0.000000
0.144 0.145 0.000000
0.145 0.146 0.000000
0.146 0.147 0.000000
0.147 0.148 0.000000
0.148 0.149 0.000000
0.149 0.150 0.000000
