1
0.000 0.001 0.000000
0.001 0.002 0.000000
0.002 0.003 0.000000
0.003 0.004 0.000000
0.004 0.005 0.000000
0.005 0.006 0.000000
0.006 0.007 0.000000
0.007 0.008 0.000000
0.008 0.009 0.000000
0.009 0.010 0.000000
0.010 0.011 0.000000
0.011 0.012 0.000000
0.012 0.013 0.000000
0.013 0.014 0.000000
0.014 0.015 0.000000
0.015 0.016 0.000000
0.016 0.017 0.000007
0.017 0.018 0.000054
0.018 0.019 0.000286
0.019 0.020 0.001108
0.020 0.021 0.003373
0.021 0.022 0.008419
0.022 0.023 0.017955
0.023 0.024 0.033803
0.024 0.025 0.057658
0.025 0.026 0.090305
0.026 0.027 0.131732
0.027 0.028 0.181904
0.028 0.029 0.239910
0.029 0.030 0.303369
0.030 0.031 0.369307
0.031 0.032 0.435315
0.032 0.033 0.502337
0.033 0.034 0.565609
0.034 0.035 0.627721
0.035 0.036 0.685673
0.036 0.037 0.737529
0.037 0.038 0.783238
0.038 0.039 0.825170
0.039 0.040 0.862032
0.040 0.041 0.888208
0.041 0.042 0.909619
0.042 0.043 0.925111
0.043 0.044 0.934775
0.044 0.045 0.938859
0.045 0.046 0.938967
0.046 0.047 0.938572
0.047 0.048 0.933985
0.048 0.049 0.922117
0.049 0.050 0.907295
0.050 0.051 0.893526
0.051 0.052 0.877357
0.052 0.053 0.852296
0.053 0.054 0.828673
0.054 0.055 0.803015
0.055 0.056 0.778041
0.056 0.057 0.749415
0.057 0.058 0.828156
0.058 0.059 1.000000
0.059 0.060 0.873763
0.060 0.061 0.658371
0.061 0.062 0.627992
0.062 0.063 0.586424
0.063 0.064 0.552181
0.064 0.065 0.526626
0.065 0.066 0.499053
0.066 0.067 0.551827
0.067 0.068 0.529961
0.068 0.069 0.436821
0.069 0.070 0.387997
0.070 0.071 0.334667
0.071 0.072 0.310265
0.072 0.073 0.288953
0.073 0.074 0.269000
0.074 0.075 0.248796
0.075 0.076 0.228661
0.076 0.077 0.209369
0.077 0.078 0.188732
0.078 0.079 0.166849
0.079 0.080 0.153200
0.080 0.081 0.137576
0.081 0.082 0.119172
0.082 0.083 0.103577
0.083 0.084 0.089980
0.084 0.085 0.072243
0.085 0.086 0.061639
0.086 0.087 0.049592
0.087 0.088 0.037841
0.088 0.089 0.023296
0.089 0.090 0.016673
0.090 0.091 0.011769
0.091 0.092 0.003220
0.092 0.093 0.000000
0.093 0.094 0.000000
0.094 0.095 0.000000
0.095 0.096 0.000000
0.096 0.097 0.000000
0.097 0.098 0.000000
0.098 0.099 0.000000
0.099 0.100 0.000000
0.100 0.101 0.000000
0.101 0.102 0.000000
0.102 0.103 0.000000
0.103 0.104 0.000000
0.104 0.105 0.000000
0.105 0.106 0.000000
0.106 0.107 0.000000
0.107 0.108 0.000000
0.108 0.109 0.000000
0.109 0.110 0.000000
0.110 0.111 0.000000
0.111 0.112 0.000000
0.112 0.113 0.000000
0.113 0.114 0.000000
0.114 0.115 0.000000
0.115 0.116 0.000000
0.116 0.117 0.000000
0.117 0.118 0.000000
0.118 0.119 0.000000
0.119 0.120 0.000000
0.120 0.121 0.000000
0.121 0.122 0.000000
0.122 0.123 0.000000
0.123 0.124 0.000000
0.124 0.125 0.000000
0.125 0.126 0.000000
0.126 0.127 0.000000
0.127 0.128 0.000000
0.128 0.129 0.000000
0.129 0.130 0.000000
0.130 0.131 0.000000
0.131 0.132 0.000000
0.132 0.133 0.000000
0.133 0.134 0.000000
0.134 0.135 0.000000
0.135 0.136 0.000000
0.136 0.137 0.000000
0.137 0.138 0.000000
0.138 0.139 0.000000
0.139 0.140 0.000000
0.140 0.141 0.000000
0.141 0.142 0.000000
0.142 0.143 0.000000
0.143 0.144 0.000000
0.144 0.145 0.000000
0.145 0.146 0.000000
0.146 0.147 0.000000
0.147 0.148 0.000000
0.148 0.149 0.000000
0.149 0.150 0.000000
