1
0.000 0.001 0.000000
0.001 0.002 0.000000
0.002 0.003 0.000000
0.003 0.004 0.000000
0.004 0.005 0.000000
0.005 0.006 0.000000
0.006 0.007 0.000000
0.007 0.008 0.000000
0.008 0.009 0.000000
0.009 0.010 0.000000
0.010 0.011 0.000000
0.011 0.012 0.000000
0.012 0.013 0.000000
0.013 0.014 0.000000
0.014 0.015 0.000000
0.015 0.016 0.000000
0.016 0.017 0.000000
0.017 0.018 0.000000
0.018 0.019 0.000000
0.019 0.020 0.000000
0.020 0.021 0.000000
0.021 0.022 0.000002
0.022 0.023 0.000012
0.023 0.024 0.000045
0.024 0.025 0.000144
0.025 0.026 0.000387
0.026 0.027 0.000906
0.027 0.028 0.001901
0.028 0.029 0.003631
0.029 0.030 0.006345
0.030 0.031 0.010368
0.031 0.032 0.015938
0.032 0.033 0.023293
0.033 0.034 0.032602
0.034 0.035 0.043842
0.035 0.036 0.056880
0.036 0.037 0.071843
0.037 0.038 0.088807
0.038 0.039 0.106666
0.039 0.040 0.125429
0.040 0.041 0.145111
0.041 0.042 0.165249
0.042 0.043 0.185953
0.043 0.044 0.206326
0.044 0.045 0.226861
0.045 0.046 0.245837
0.046 0.047 0.264163
0.047 0.048 0.283844
0.048 0.049 0.301550
0.049 0.050 0.316301
0.050 0.051 0.331077
0.051 0.052 0.346144
0.052 0.053 0.358496
0.053 0.054 0.369071
0.054 0.055 0.379182
0.055 0.056 0.389661
0.056 0.057 0.399551
0.057 0.058 0.604931
0.058 0.059 1.000000
0.059 0.060 0.809929
0.060 0.061 0.434944
0.061 0.062 0.438555
0.062 0.063 0.419527
0.063 0.064 0.420566
0.064 0.065 0.419720
0.065 0.066 0.418427
0.066 0.067 0.592386
0.067 0.068 0.593691
0.068 0.069 0.451556
0.069 0.070 0.409464
0.070 0.071 0.328067
0.071 0.072 0.326334
0.072 0.073 0.322470
0.073 0.074 0.320085
0.074 0.075 0.318215
0.075 0.076 0.315536
0.076 0.077 0.310084
0.077 0.078 0.306451
0.078 0.079 0.304124
0.079 0.080 0.300972
0.080 0.081 0.296776
0.081 0.082 0.290759
0.082 0.083 0.284440
0.083 0.084 0.278478
0.084 0.085 0.273610
0.085 0.086 0.269048
0.086 0.087 0.263683
0.087 0.088 0.260254
0.088 0.089 0.254425
0.089 0.090 0.246665
0.090 0.091 0.239994
0.091 0.092 0.230195
0.092 0.093 0.223242
0.093 0.094 0.219925
0.094 0.095 0.213119
0.095 0.096 0.206710
0.096 0.097 0.200301
0.097 0.098 0.191493
0.098 0.099 0.183431
0.099 0.100 0.177224
0.100 0.101 0.171466
0.101 0.102 0.164733
0.102 0.103 0.156945
0.103 0.104 0.150816
0.104 0.105 0.143986
0.105 0.106 0.136331
0.106 0.107 0.129695
0.107 0.108 0.121699
0.108 0.109 0.115196
0.109 0.110 0.108539
0.110 0.111 0.102648
0.111 0.112 0.097249
0.112 0.113 0.089810
0.113 0.114 0.082963
0.114 0.115 0.077008
0.115 0.116 0.071887
0.116 0.117 0.066183
0.117 0.118 0.060957
0.118 0.119 0.053870
0.119 0.120 0.049740
0.120 0.121 0.047456
0.121 0.122 0.043437
0.122 0.123 0.039394
0.123 0.124 0.034730
0.124 0.125 0.030374
0.125 0.126 0.025997
0.126 0.127 0.022195
0.127 0.128 0.018772
0.128 0.129 0.015752
0.129 0.130 0.012415
0.130 0.131 0.009774
0.131 0.132 0.008077
0.132 0.133 0.005508
0.133 0.134 0.003696
0.134 0.135 0.001707
0.135 0.136 0.000455
0.136 0.137 0.000000
0.137 0.138 0.000000
0.138 0.139 0.000000
0.139 0.140 0.000000
0.140 0.141 0.000000
0.141 0.142 0.000000
0.142 0.143 0.000000
0.143 0.144 0.000000
0.144 0.145 0.000000
0.145 0.146 0.000000
0.146 0.147 0.000000
0.147 0.148 0.000000
0.148 0.149 0.000000
0.149 0.150 0.000000
