1
0.000 0.001 0.000000
0.001 0.002 0.000000
0.002 0.003 0.000000
0.003 0.004 0.000000
0.004 0.005 0.000000
0.005 0.006 0.000000
0.006 0.007 0.000000
0.007 0.008 0.000000
0.008 0.009 0.000000
0.009 0.010 0.000000
0.010 0.011 0.000000
0.011 0.012 0.000000
0.012 0.013 0.000000
0.013 0.014 0.000007
0.014 0.015 0.000072
0.015 0.016 0.000434
0.016 0.017 0.001798
0.017 0.018 0.005601
0.018 0.019 0.014028
0.019 0.020 0.029783
0.020 0.021 0.055326
0.021 0.022 0.092331
0.022 0.023 0.140866
0.023 0.024 0.199852
0.024 0.025 0.269607
0.025 0.026 0.345611
0.026 0.027 0.424544
0.027 0.028 0.505433
0.028 0.029 0.584302
0.029 0.030 0.658251
0.030 0.031 0.728518
0.031 0.032 0.788622
0.032 0.033 0.836765
0.033 0.034 0.883199
0.034 0.035 0.923117
0.035 0.036 0.954760
0.036 0.037 0.974372
0.037 0.038 0.991387
0.038 0.039 1.000000
0.039 0.040 0.999900
0.040 0.041 0.995614
0.041 0.042 0.982664
0.042 0.043 0.973822
0.043 0.044 0.959807
0.044 0.045 0.942669
0.045 0.046 0.916580
0.046 0.047 0.890723
0.047 0.048 0.864372
0.048 0.049 0.831231
0.049 0.050 0.796979
0.050 0.051 0.762641
0.051 0.052 0.733405
0.052 0.053 0.704548
0.053 0.054 0.677333
0.054 0.055 0.643908
0.055 0.056 0.604098
0.056 0.057 0.568558
0.057 0.058 0.571852
0.058 0.059 0.599110
0.059 0.060 0.535379
0.060 0.061 0.441466
0.061 0.062 0.413058
0.062 0.063 0.384418
0.063 0.064 0.353957
0.064 0.065 0.320715
0.065 0.066 0.292633
0.066 0.067 0.291902
0.067 0.068 0.269100
0.068 0.069 0.221598
0.069 0.070 0.190810
0.070 0.071 0.159297
0.071 0.072 0.141849
0.072 0.073 0.120520
0.073 0.074 0.104997
0.074 0.075 0.089414
0.075 0.076 0.070386
0.076 0.077 0.058918
0.077 0.078 0.045663
0.078 0.079 0.031855
0.079 0.080 0.018544
0.080 0.081 0.012824
0.081 0.082 0.003318
0.082 0.083 0.000000
0.083 0.084 0.000000
0.084 0.085 0.000000
0.085 0.086 0.000000
0.086 0.087 0.000000
0.087 0.088 0.000000
0.088 0.089 0.000000
0.089 0.090 0.000000
0.090 0.091 0.000000
0.091 0.092 0.000000
0.092 0.093 0.000000
0.093 0.094 0.000000
0.094 0.095 0.000000
0.095 0.096 0.000000
0.096 0.097 0.000000
0.097 0.098 0.000000
0.098 0.099 0.000000
0.099 0.100 0.000000
0.100 0.101 0.000000
0.101 0.102 0.000000
0.102 0.103 0.000000
0.103 0.104 0.000000
0.104 0.105 0.000000
0.105 0.106 0.000000
0.106 0.107 0.000000
0.107 0.108 0.000000
0.108 0.109 0.000000
0.109 0.110 0.000000
0.110 0.111 0.000000
0.111 0.112 0.000000
0.112 0.113 0.000000
0.113 0.114 0.000000
0.114 0.115 0.000000
0.115 0.116 0.000000
0.116 0.117 0.000000
0.117 0.118 0.000000
0.118 0.119 0.000000
0.119 0.120 0.000000
0.120 0.121 0.000000
0.121 0.122 0.000000
0.122 0.123 0.000000
0.123 0.124 0.000000
0.124 0.125 0.000000
0.125 0.126 0.000000
0.126 0.127 0.000000
0.127 0.128 0.000000
0.128 0.129 0.000000
0.129 0.130 0.000000
0.130 0.131 0.000000
0.131 0.132 0.000000
0.132 0.133 0.000000
0.133 0.134 0.000000
0.134 0.135 0.000000
0.135 0.136 0.000000
0.136 0.137 0.000000
0.137 0.138 0.000000
0.138 0.139 0.000000
0.139 0.140 0.000000
0.140 0.141 0.000000
0.141 0.142 0.000000
0.142 0.143 0.000000
0.143 0.144 0.000000
0.144 0.145 0.000000
0.145 0.146 0.000000
0.146 0.147 0.000000
0.147 0.148 0.000000
0.148 0.149 0.000000
0.149 0.150 0.000000
