1
0.000 0.001 0.000000
0.001 0.002 0.000000
0.002 0.003 0.000000
0.003 0.004 0.000000
0.004 0.005 0.000000
0.005 0.006 0.000000
0.006 0.007 0.000000
0.007 0.008 0.000000
0.008 0.009 0.000000
0.009 0.010 0.000000
0.010 0.011 0.000000
0.011 0.012 0.000000
0.012 0.013 0.000000
0.013 0.014 0.000000
0.014 0.015 0.000000
0.015 0.016 0.000000
0.016 0.017 0.000000
0.017 0.018 0.000000
0.018 0.019 0.000002
0.019 0.020 0.000010
0.020 0.021 0.000047
0.021 0.022 0.000176
0.022 0.023 0.000530
0.023 0.024 0.001349
0.024 0.025 0.002993
0.025 0.026 0.005909
0.026 0.027 0.010568
0.027 0.028 0.017544
0.028 0.029 0.027280
0.029 0.030 0.039847
0.030 0.031 0.055449
0.031 0.032 0.073975
0.032 0.033 0.095334
0.033 0.034 0.119090
0.034 0.035 0.144747
0.035 0.036 0.171824
0.036 0.037 0.199826
0.037 0.038 0.227866
0.038 0.039 0.255013
0.039 0.040 0.282291
0.040 0.041 0.308682
0.041 0.042 0.333458
0.042 0.043 0.357760
0.043 0.044 0.379647
0.044 0.045 0.400631
0.045 0.046 0.419201
0.046 0.047 0.433929
0.047 0.048 0.449278
0.048 0.049 0.463763
0.049 0.050 0.472891
0.050 0.051 0.480298
0.051 0.052 0.489345
0.052 0.053 0.497057
0.053 0.054 0.500644
0.054 0.055 0.502271
0.055 0.056 0.505355
0.056 0.057 0.507976
0.057 0.058 0.676520
0.058 0.059 1.000000
0.059 0.060 0.827253
0.060 0.061 0.505918
0.061 0.062 0.500996
0.062 0.063 0.478796
0.063 0.064 0.469994
0.064 0.065 0.460875
0.065 0.066 0.454517
0.066 0.067 0.583829
0.067 0.068 0.577291
0.068 0.069 0.457840
0.069 0.070 0.414831
0.070 0.071 0.346647
0.071 0.072 0.338059
0.072 0.073 0.327211
0.073 0.074 0.322303
0.074 0.075 0.315708
0.075 0.076 0.305844
0.076 0.077 0.293596
0.077 0.078 0.283387
0.078 0.079 0.277766
0.079 0.080 0.270212
0.080 0.081 0.259068
0.081 0.082 0.246575
0.082 0.083 0.235326
0.083 0.084 0.223733
0.084 0.085 0.214261
0.085 0.086 0.205952
0.086 0.087 0.195196
0.087 0.088 0.187017
0.088 0.089 0.177850
0.089 0.090 0.167733
0.090 0.091 0.156890
0.091 0.092 0.144715
0.092 0.093 0.136022
0.093 0.094 0.129376
0.094 0.095 0.121437
0.095 0.096 0.113839
0.096 0.097 0.104817
0.097 0.098 0.094431
0.098 0.099 0.083120
0.099 0.100 0.076237
0.100 0.101 0.072398
0.101 0.102 0.066257
0.102 0.103 0.057109
0.103 0.104 0.051284
0.104 0.105 0.047008
0.105 0.106 0.041639
0.106 0.107 0.035389
0.107 0.108 0.029955
0.108 0.109 0.025105
0.109 0.110 0.019379
0.110 0.111 0.015596
0.111 0.112 0.012466
0.112 0.113 0.008266
0.113 0.114 0.005886
0.114 0.115 0.002859
0.115 0.116 0.000747
0.116 0.117 0.000000
0.117 0.118 0.000000
0.118 0.119 0.000000
0.119 0.120 0.000000
0.120 0.121 0.000000
0.121 0.122 0.000000
0.122 0.123 0.000000
0.123 0.124 0.000000
0.124 0.125 0.000000
0.125 0.126 0.000000
0.126 0.127 0.000000
0.127 0.128 0.000000
0.128 0.129 0.000000
0.129 0.130 0.000000
0.130 0.131 0.000000
0.131 0.132 0.000000
0.132 0.133 0.000000
0.133 0.134 0.000000
0.134 0.135 0.000000
0.135 0.136 0.000000
0.136 0.137 0.000000
0.137 0.138 0.000000
0.138 0.139 0.000000
0.139 0.140 0.000000
0.140 0.141 0.000000
0.141 0.142 0.000000
0.142 0.143 0.000000
0.143 0.144 0.000000
0.144 0.145 0.000000
0.145 0.146 0.000000
0.146 0.147 0.000000
0.147 0.148 0.000000
0.148 0.149 0.000000
0.149 0.150 0.000000
