1
0.000 0.001 0.000000
0.001 0.002 0.000000
0.002 0.003 0.000000
0.003 0.004 0.000000
0.004 0.005 0.000000
0.005 0.006 0.000000
0.006 0.007 0.000000
0.007 0.008 0.000000
0.008 0.009 0.000000
0.009 0.010 0.000000
0.010 0.011 0.000000
0.011 0.012 0.000000
0.012 0.013 0.000000
0.013 0.014 0.000000
0.014 0.015 0.000000
0.015 0.016 0.000000
0.016 0.017 0.000000
0.017 0.018 0.000001
0.018 0.019 0.000007
0.019 0.020 0.000038
0.020 0.021 0.000146
0.021 0.022 0.000454
0.022 0.023 0.001179
0.023 0.024 0.002652
0.024 0.025 0.005306
0.025 0.026 0.009593
0.026 0.027 0.015936
0.027 0.028 0.024812
0.028 0.029 0.036450
0.029 0.030 0.050692
0.030 0.031 0.067702
0.031 0.032 0.087018
0.032 0.033 0.108547
0.033 0.034 0.131841
0.034 0.035 0.156094
0.035 0.036 0.180860
0.036 0.037 0.206120
0.037 0.038 0.231627
0.038 0.039 0.255622
0.039 0.040 0.278916
0.040 0.041 0.301247
0.041 0.042 0.321867
0.042 0.043 0.341659
0.043 0.044 0.359642
0.044 0.045 0.376897
0.045 0.046 0.390765
0.046 0.047 0.402360
0.047 0.048 0.414940
0.048 0.049 0.425313
0.049 0.050 0.431858
0.050 0.051 0.437917
0.051 0.052 0.444732
0.052 0.053 0.448727
0.053 0.054 0.450366
0.054 0.055 0.451611
0.055 0.056 0.453574
0.056 0.057 0.454643
0.057 0.058 0.641441
0.058 0.059 1.000000
0.059 0.060 0.809485
0.060 0.061 0.456696
0.061 0.062 0.452448
0.062 0.063 0.428718
0.063 0.064 0.422597
0.064 0.065 0.415158
0.065 0.066 0.408502
0.066 0.067 0.550029
0.067 0.068 0.544583
0.068 0.069 0.419298
0.069 0.070 0.377651
0.070 0.071 0.306444
0.071 0.072 0.300749
0.072 0.073 0.293013
0.073 0.074 0.287728
0.074 0.075 0.282298
0.075 0.076 0.275849
0.076 0.077 0.267332
0.077 0.078 0.260304
0.078 0.079 0.255458
0.079 0.080 0.249642
0.080 0.081 0.241842
0.081 0.082 0.233482
0.082 0.083 0.225629
0.083 0.084 0.218260
0.084 0.085 0.211692
0.085 0.086 0.205581
0.086 0.087 0.198178
0.087 0.088 0.192863
0.088 0.089 0.185536
0.089 0.090 0.177862
0.090 0.091 0.171007
0.091 0.092 0.161767
0.092 0.093 0.155205
0.093 0.094 0.151563
0.094 0.095 0.145028
0.095 0.096 0.138737
0.096 0.097 0.131737
0.097 0.098 0.124484
0.098 0.099 0.117946
0.099 0.100 0.112709
0.100 0.101 0.108136
0.101 0.102 0.102929
0.102 0.103 0.096511
0.103 0.104 0.091073
0.104 0.105 0.086956
0.105 0.106 0.081827
0.106 0.107 0.077230
0.107 0.108 0.071628
0.108 0.109 0.066957
0.109 0.110 0.062237
0.110 0.111 0.057150
0.111 0.112 0.053766
0.112 0.113 0.049072
0.113 0.114 0.044951
0.114 0.115 0.041353
0.115 0.116 0.037326
0.116 0.117 0.032955
0.117 0.118 0.029617
0.118 0.119 0.025049
0.119 0.120 0.022469
0.120 0.121 0.021166
0.121 0.122 0.017985
0.122 0.123 0.015826
0.123 0.124 0.013535
0.124 0.125 0.010857
0.125 0.126 0.007885
0.126 0.127 0.006366
0.127 0.128 0.004653
0.128 0.129 0.002685
0.129 0.130 0.001760
0.130 0.131 0.000443
0.131 0.132 0.000000
0.132 0.133 0.000000
0.133 0.134 0.000000
0.134 0.135 0.000000
0.135 0.136 0.000000
0.136 0.137 0.000000
0.137 0.138 0.000000
0.138 0.139 0.000000
0.139 0.140 0.000000
0.140 0.141 0.000000
0.141 0.142 0.000000
0.142 0.143 0.000000
0.143 0.144 0.000000
0.144 0.145 0.000000
0.145 0.146 0.000000
0.146 0.147 0.000000
0.147 0.148 0.000000
0.148 0.149 0.000000
0.149 0.150 0.000000
