1
0.000 0.001 0.000000
0.001 0.002 0.000000
0.002 0.003 0.000000
0.003 0.004 0.000000
0.004 0.005 0.000000
0.005 0.006 0.000000
0.006 0.007 0.000000
0.007 0.008 0.000000
0.008 0.009 0.000000
0.009 0.010 0.000000
0.010 0.011 0.000000
0.011 0.012 0.000000
0.012 0.013 0.000000
0.013 0.014 0.000000
0.014 0.015 0.000000
0.015 0.016 0.000000
0.016 0.017 0.000000
0.017 0.018 0.000000
0.018 0.019 0.000000
0.019 0.020 0.000000
0.020 0.021 0.000000
0.021 0.022 0.000000
0.022 0.023 0.000001
0.023 0.024 0.000005
0.024 0.025 0.000020
0.025 0.026 0.000070
0.026 0.027 0.000201
0.027 0.028 0.000505
0.028 0.029 0.001128
0.029 0.030 0.002256
0.030 0.031 0.004152
0.031 0.032 0.007093
0.032 0.033 0.011375
0.033 0.034 0.017278
0.034 0.035 0.024988
0.035 0.036 0.034601
0.036 0.037 0.046329
0.037 0.038 0.060236
0.038 0.039 0.075785
0.039 0.040 0.093115
0.040 0.041 0.112021
0.041 0.042 0.131967
0.042 0.043 0.153155
0.043 0.044 0.174976
0.044 0.045 0.197655
0.045 0.046 0.219553
0.046 0.047 0.240907
0.047 0.048 0.263570
0.048 0.049 0.285337
0.049 0.050 0.304492
0.050 0.051 0.323433
0.051 0.052 0.343000
0.052 0.053 0.360330
0.053 0.054 0.375410
0.054 0.055 0.389800
0.055 0.056 0.404737
0.056 0.057 0.418800
0.057 0.058 0.617586
0.058 0.059 1.000000
0.059 0.060 0.825150
0.060 0.061 0.467664
0.061 0.062 0.474136
0.062 0.063 0.458236
0.063 0.064 0.460918
0.064 0.065 0.461757
0.065 0.066 0.462950
0.066 0.067 0.640554
0.067 0.068 0.644529
0.068 0.069 0.500937
0.069 0.070 0.457460
0.070 0.071 0.374349
0.071 0.072 0.372645
0.072 0.073 0.368314
0.073 0.074 0.366690
0.074 0.075 0.364736
0.075 0.076 0.361054
0.076 0.077 0.354184
0.077 0.078 0.349372
0.078 0.079 0.347169
0.079 0.080 0.343291
0.080 0.081 0.336985
0.081 0.082 0.328648
0.082 0.083 0.320551
0.083 0.084 0.312731
0.084 0.085 0.306040
0.085 0.086 0.299899
0.086 0.087 0.291878
0.087 0.088 0.286601
0.088 0.089 0.278755
0.089 0.090 0.267971
0.090 0.091 0.259091
0.091 0.092 0.246570
0.092 0.093 0.237833
0.093 0.094 0.233295
0.094 0.095 0.224380
0.095 0.096 0.215732
0.096 0.097 0.205971
0.097 0.098 0.195486
0.098 0.099 0.185911
0.099 0.100 0.178362
0.100 0.101 0.171781
0.101 0.102 0.164023
0.102 0.103 0.153839
0.103 0.104 0.147463
0.104 0.105 0.141105
0.105 0.106 0.133046
0.106 0.107 0.125823
0.107 0.108 0.116975
0.108 0.109 0.109012
0.109 0.110 0.102700
0.110 0.111 0.096260
0.111 0.112 0.090657
0.112 0.113 0.082842
0.113 0.114 0.075869
0.114 0.115 0.069227
0.115 0.116 0.063626
0.116 0.117 0.057878
0.117 0.118 0.052091
0.118 0.119 0.044313
0.119 0.120 0.039260
0.120 0.121 0.037518
0.121 0.122 0.033515
0.122 0.123 0.029421
0.123 0.124 0.024528
0.124 0.125 0.020539
0.125 0.126 0.016559
0.126 0.127 0.013393
0.127 0.128 0.009303
0.128 0.129 0.006857
0.129 0.130 0.004029
0.130 0.131 0.002452
0.131 0.132 0.000719
0.132 0.133 0.000000
0.133 0.134 0.000000
0.134 0.135 0.000000
0.135 0.136 0.000000
0.136 0.137 0.000000
0.137 0.138 0.000000
0.138 0.139 0.000000
0.139 0.140 0.000000
0.140 0.141 0.000000
0.141 0.142 0.000000
0.142 0.143 0.000000
0.143 0.144 0.000000
0.144 0.145 0.000000
0.145 0.146 0.000000
0.146 0.147 0.000000
0.147 0.148 0.000000
0.148 0.149 0.000000
0.149 0.150 0.000000
