1
0.000 0.001 0.000000
0.001 0.002 0.000000
0.002 0.003 0.000000
0.003 0.004 0.000000
0.004 0.005 0.000000
0.005 0.006 0.000000
0.006 0.007 0.000000
0.007 0.008 0.000000
0.008 0.009 0.000000
0.009 0.010 0.000000
0.010 0.011 0.000000
0.011 0.012 0.000000
0.012 0.013 0.000000
0.013 0.014 0.000000
0.014 0.015 0.000000
0.015 0.016 0.000001
0.016 0.017 0.000012
0.017 0.018 0.000080
0.018 0.019 0.000364
0.019 0.020 0.001259
0.020 0.021 0.003510
0.021 0.022 0.008223
0.022 0.023 0.016740
0.023 0.024 0.030413
0.024 0.025 0.050479
0.025 0.026 0.077403
0.026 0.027 0.111278
0.027 0.028 0.152028
0.028 0.029 0.198740
0.029 0.030 0.250219
0.030 0.031 0.304380
0.031 0.032 0.359173
0.032 0.033 0.415903
0.033 0.034 0.470903
0.034 0.035 0.522527
0.035 0.036 0.572341
0.036 0.037 0.616722
0.037 0.038 0.657256
0.038 0.039 0.695111
0.039 0.040 0.729583
0.040 0.041 0.756837
0.041 0.042 0.780745
0.042 0.043 0.800574
0.043 0.044 0.815761
0.044 0.045 0.828036
0.045 0.046 0.831692
0.046 0.047 0.835226
0.047 0.048 0.835052
0.048 0.049 0.829475
0.049 0.050 0.821294
0.050 0.051 0.814169
0.051 0.052 0.806344
0.052 0.053 0.790614
0.053 0.054 0.775014
0.054 0.055 0.759902
0.055 0.056 0.739661
0.056 0.057 0.716568
0.057 0.058 0.808230
0.058 0.059 1.000000
0.059 0.060 0.867795
0.060 0.061 0.640647
0.061 0.062 0.614855
0.062 0.063 0.576653
0.063 0.064 0.548292
0.064 0.065 0.523216
0.065 0.066 0.497139
0.066 0.067 0.557047
0.067 0.068 0.535209
0.068 0.069 0.436504
0.069 0.070 0.390255
0.070 0.071 0.337408
0.071 0.072 0.319131
0.072 0.073 0.295713
0.073 0.074 0.274119
0.074 0.075 0.256159
0.075 0.076 0.237065
0.076 0.077 0.218558
0.077 0.078 0.198339
0.078 0.079 0.184102
0.079 0.080 0.170192
0.080 0.081 0.154094
0.081 0.082 0.134209
0.082 0.083 0.120453
0.083 0.084 0.108131
0.084 0.085 0.095068
0.085 0.086 0.080801
0.086 0.087 0.069112
0.087 0.088 0.057747
0.088 0.089 0.043908
0.089 0.090 0.035363
0.090 0.091 0.028720
0.091 0.092 0.019346
0.092 0.093 0.013614
0.093 0.094 0.006503
0.094 0.095 0.001763
0.095 0.096 0.000000
0.096 0.097 0.000000
0.097 0.098 0.000000
0.098 0.099 0.000000
0.099 0.100 0.000000
0.100 0.101 0.000000
0.101 0.102 0.000000
0.102 0.103 0.000000
0.103 0.104 0.000000
0.104 0.105 0.000000
0.105 0.106 0.000000
0.106 0.107 0.000000
0.107 0.108 0.000000
0.108 0.109 0.000000
0.109 0.110 0.000000
0.110 0.111 0.000000
0.111 0.112 0.000000
0.112 0.113 0.000000
0.113 0.114 0.000000
0.114 0.115 0.000000
0.115 0.116 0.000000
0.116 0.117 0.000000
0.117 0.118 0.000000
0.118 0.119 0.000000
0.119 0.120 0.000000
0.120 0.121 0.000000
0.121 0.122 0.000000
0.122 0.123 0.000000
0.123 0.124 0.000000
0.124 0.125 0.000000
0.125 0.126 0.000000
0.126 0.127 0.000000
0.127 0.128 0.000000
0.128 0.129 0.000000
0.129 0.130 0.000000
0.130 0.131 0.000000
0.131 0.132 0.000000
0.132 0.133 0.000000
0.133 0.134 0.000000
0.134 0.135 0.000000
0.135 0.136 0.000000
0.136 0.137 0.000000
0.137 0.138 0.000000
0.138 0.139 0.000000
0.139 0.140 0.000000
0.140 0.141 0.000000
0.141 0.142 0.000000
0.142 0.143 0.000000
0.143 0.144 0.000000
0.144 0.145 0.000000
0.145 0.146 0.000000
0.146 0.147 0.000000
0.147 0.148 0.000000
0.148 0.149 0.000000
0.149 0.150 0.000000
