1
0.000 0.001 0.000000
0.001 0.002 0.000000
0.002 0.003 0.000000
0.003 0.004 0.000000
0.004 0.005 0.000000
0.005 0.006 0.000000
0.006 0.007 0.000000
0.007 0.008 0.000000
0.008 0.009 0.000000
0.009 0.010 0.000000
0.010 0.011 0.000000
0.011 0.012 0.000000
0.012 0.013 0.000000
0.013 0.014 0.000000
0.014 0.015 0.000000
0.015 0.016 0.000000
0.016 0.017 0.000000
0.017 0.018 0.000000
0.018 0.019 0.000000
0.019 0.020 0.000000
0.020 0.021 0.000002
0.021 0.022 0.000011
0.022 0.023 0.000047
0.023 0.024 0.000159
0.024 0.025 0.000452
0.025 0.026 0.001107
0.026 0.027 0.002387
0.027 0.028 0.004656
0.028 0.029 0.008339
0.029 0.030 0.013780
0.030 0.031 0.021386
0.031 0.032 0.031411
0.032 0.033 0.044085
0.033 0.034 0.059468
0.034 0.035 0.077359
0.035 0.036 0.097396
0.036 0.037 0.119539
0.037 0.038 0.143477
0.038 0.039 0.168092
0.039 0.040 0.193613
0.040 0.041 0.219567
0.041 0.042 0.245034
0.042 0.043 0.270560
0.043 0.044 0.295196
0.044 0.045 0.319224
0.045 0.046 0.340865
0.046 0.047 0.360561
0.047 0.048 0.380900
0.048 0.049 0.399021
0.049 0.050 0.412975
0.050 0.051 0.425861
0.051 0.052 0.439103
0.052 0.053 0.449922
0.053 0.054 0.457301
0.054 0.055 0.464129
0.055 0.056 0.471117
0.056 0.057 0.477033
0.057 0.058 0.655655
0.058 0.059 1.000000
0.059 0.060 0.826359
0.060 0.061 0.491035
0.061 0.062 0.489052
0.062 0.063 0.467568
0.063 0.064 0.461583
0.064 0.065 0.453415
0.065 0.066 0.448613
0.066 0.067 0.595166
0.067 0.068 0.591990
0.068 0.069 0.463199
0.069 0.070 0.419907
0.070 0.071 0.346032
0.071 0.072 0.339453
0.072 0.073 0.330398
0.073 0.074 0.325125
0.074 0.075 0.318901
0.075 0.076 0.310114
0.076 0.077 0.301347
0.077 0.078 0.294054
0.078 0.079 0.289921
0.079 0.080 0.284217
0.080 0.081 0.275703
0.081 0.082 0.265673
0.082 0.083 0.256712
0.083 0.084 0.248263
0.084 0.085 0.240440
0.085 0.086 0.233206
0.086 0.087 0.222969
0.087 0.088 0.218074
0.088 0.089 0.211591
0.089 0.090 0.202518
0.090 0.091 0.194210
0.091 0.092 0.182814
0.092 0.093 0.175073
0.093 0.094 0.170970
0.094 0.095 0.162992
0.095 0.096 0.155177
0.096 0.097 0.146043
0.097 0.098 0.137257
0.098 0.099 0.129265
0.099 0.100 0.122811
0.100 0.101 0.117597
0.101 0.102 0.111505
0.102 0.103 0.103304
0.103 0.104 0.096938
0.104 0.105 0.090666
0.105 0.106 0.085096
0.106 0.107 0.079849
0.107 0.108 0.073288
0.108 0.109 0.067740
0.109 0.110 0.061790
0.110 0.111 0.056128
0.111 0.112 0.051446
0.112 0.113 0.044601
0.113 0.114 0.040491
0.114 0.115 0.036567
0.115 0.116 0.031939
0.116 0.117 0.027700
0.117 0.118 0.023125
0.118 0.119 0.016747
0.119 0.120 0.014415
0.120 0.121 0.013244
0.121 0.122 0.010461
0.122 0.123 0.006951
0.123 0.124 0.005189
0.124 0.125 0.003275
0.125 0.126 0.000849
0.126 0.127 0.000000
0.127 0.128 0.000000
0.128 0.129 0.000000
0.129 0.130 0.000000
0.130 0.131 0.000000
0.131 0.132 0.000000
0.132 0.133 0.000000
0.133 0.134 0.000000
0.134 0.135 0.000000
0.135 0.136 0.000000
0.136 0.137 0.000000
0.137 0.138 0.000000
0.138 0.139 0.000000
0.139 0.140 0.000000
0.140 0.141 0.000000
0.141 0.142 0.000000
0.142 0.143 0.000000
0.143 0.144 0.000000
0.144 0.145 0.000000
0.145 0.146 0.000000
0.146 0.147 0.000000
0.147 0.148 0.000000
0.148 0.149 0.000000
0.149 0.150 0.000000
