1
0.000 0.001 0.000000
0.001 0.002 0.000000
0.002 0.003 0.000000
0.003 0.004 0.000000
0.004 0.005 0.000000
0.005 0.006 0.000000
0.006 0.007 0.000000
0.007 0.008 0.000000
0.008 0.009 0.000000
0.009 0.010 0.000000
0.010 0.011 0.000000
0.011 0.012 0.000000
0.012 0.013 0.000000
0.013 0.014 0.000000
0.014 0.015 0.000000
0.015 0.016 0.000000
0.016 0.017 0.000000
0.017 0.018 0.000000
0.018 0.019 0.000003
0.019 0.020 0.000018
0.020 0.021 0.000084
0.021 0.022 0.000307
0.022 0.023 0.000909
0.023 0.024 0.002266
0.024 0.025 0.004918
0.025 0.026 0.009543
0.026 0.027 0.016769
0.027 0.028 0.027293
0.028 0.029 0.041620
0.029 0.030 0.059642
0.030 0.031 0.081477
0.031 0.032 0.106862
0.032 0.033 0.135260
0.033 0.034 0.166180
0.034 0.035 0.198806
0.035 0.036 0.232125
0.036 0.037 0.265536
0.037 0.038 0.298133
0.038 0.039 0.328184
0.039 0.040 0.359460
0.040 0.041 0.389143
0.041 0.042 0.416214
0.042 0.043 0.441855
0.043 0.044 0.464456
0.044 0.045 0.485122
0.045 0.046 0.502062
0.046 0.047 0.514860
0.047 0.048 0.528386
0.048 0.049 0.539296
0.049 0.050 0.543139
0.050 0.051 0.546349
0.051 0.052 0.551443
0.052 0.053 0.552935
0.053 0.054 0.554103
0.054 0.055 0.551832
0.055 0.056 0.550477
0.056 0.057 0.549617
0.057 0.058 0.703074
0.058 0.059 1.000000
0.059 0.060 0.833733
0.060 0.061 0.529177
0.061 0.062 0.520168
0.062 0.063 0.495037
0.063 0.064 0.481078
0.064 0.065 0.467341
0.065 0.066 0.454941
0.066 0.067 0.571640
0.067 0.068 0.562922
0.068 0.069 0.448928
0.069 0.070 0.406096
0.070 0.071 0.341120
0.071 0.072 0.330264
0.072 0.073 0.316682
0.073 0.074 0.310002
0.074 0.075 0.301674
0.075 0.076 0.289669
0.076 0.077 0.275425
0.077 0.078 0.261840
0.078 0.079 0.256390
0.079 0.080 0.249171
0.080 0.081 0.238635
0.081 0.082 0.226726
0.082 0.083 0.215955
0.083 0.084 0.205117
0.084 0.085 0.195360
0.085 0.086 0.186716
0.086 0.087 0.175940
0.087 0.088 0.166291
0.088 0.089 0.159844
0.089 0.090 0.150676
0.090 0.091 0.140419
0.091 0.092 0.129449
0.092 0.093 0.121593
0.093 0.094 0.115954
0.094 0.095 0.107586
0.095 0.096 0.099571
0.096 0.097 0.089005
0.097 0.098 0.080508
0.098 0.099 0.071202
0.099 0.100 0.064778
0.100 0.101 0.061600
0.101 0.102 0.055871
0.102 0.103 0.047854
0.103 0.104 0.041273
0.104 0.105 0.035255
0.105 0.106 0.031106
0.106 0.107 0.026659
0.107 0.108 0.021486
0.108 0.109 0.016783
0.109 0.110 0.010975
0.110 0.111 0.008164
0.111 0.112 0.005772
0.112 0.113 0.002178
0.113 0.114 0.001336
0.114 0.115 0.000000
0.115 0.116 0.000000
0.116 0.117 0.000000
0.117 0.118 0.000000
0.118 0.119 0.000000
0.119 0.120 0.000000
0.120 0.121 0.000000
0.121 0.122 0.000000
0.122 0.123 0.000000
0.123 0.124 0.000000
0.124 0.125 0.000000
0.125 0.126 0.000000
0.126 0.127 0.000000
0.127 0.128 0.000000
0.128 0.129 0.000000
0.129 0.130 0.000000
0.130 0.131 0.000000
0.131 0.132 0.000000
0.132 0.133 0.000000
0.133 0.134 0.000000
0.134 0.135 0.000000
0.135 0.136 0.000000
0.136 0.137 0.000000
0.137 0.138 0.000000
0.138 0.139 0.000000
0.139 0.140 0.000000
0.140 0.141 0.000000
0.141 0.142 0.000000
0.142 0.143 0.000000
0.143 0.144 0.000000
0.144 0.145 0.000000
0.145 0.146 0.000000
0.146 0.147 0.000000
0.147 0.148 0.000000
0.148 0.149 0.000000
0.149 0.150 0.000000
