1
0.000 0.001 0.000000
0.001 0.002 0.000000
0.002 0.003 0.000000
0.003 0.004 0.000000
0.004 0.005 0.000000
0.005 0.006 0.000000
0.006 0.007 0.000000
0.007 0.008 0.000000
0.008 0.009 0.000000
0.009 0.010 0.000000
0.010 0.011 0.000000
0.011 0.012 0.000000
0.012 0.013 0.000000
0.013 0.014 0.000000
0.014 0.015 0.000000
0.015 0.016 0.000000
0.016 0.017 0.000000
0.017 0.018 0.000000
0.018 0.019 0.000000
0.019 0.020 0.000002
0.020 0.021 0.000012
0.021 0.022 0.000056
0.022 0.023 0.000201
0.023 0.024 0.000585
0.024 0.025 0.001455
0.025 0.026 0.003161
0.026 0.027 0.006131
0.027 0.028 0.010887
0.028 0.029 0.017889
0.029 0.030 0.027342
0.030 0.031 0.039668
0.031 0.032 0.054792
0.032 0.033 0.072638
0.033 0.034 0.092805
0.034 0.035 0.115616
0.035 0.036 0.140111
0.036 0.037 0.165929
0.037 0.038 0.192935
0.038 0.039 0.219486
0.039 0.040 0.245940
0.040 0.041 0.272211
0.041 0.042 0.296981
0.042 0.043 0.320908
0.043 0.044 0.343426
0.044 0.045 0.364547
0.045 0.046 0.382547
0.046 0.047 0.398281
0.047 0.048 0.414654
0.048 0.049 0.428132
0.049 0.050 0.436842
0.050 0.051 0.444928
0.051 0.052 0.455175
0.052 0.053 0.463005
0.053 0.054 0.468008
0.054 0.055 0.471224
0.055 0.056 0.475269
0.056 0.057 0.478664
0.057 0.058 0.657075
0.058 0.059 1.000000
0.059 0.060 0.820522
0.060 0.061 0.482761
0.061 0.062 0.478908
0.062 0.063 0.455781
0.063 0.064 0.448242
0.064 0.065 0.439582
0.065 0.066 0.432464
0.066 0.067 0.570873
0.067 0.068 0.566832
0.068 0.069 0.441985
0.069 0.070 0.399814
0.070 0.071 0.328131
0.071 0.072 0.321927
0.072 0.073 0.313471
0.073 0.074 0.308412
0.074 0.075 0.302663
0.075 0.076 0.295553
0.076 0.077 0.285985
0.077 0.078 0.277771
0.078 0.079 0.272364
0.079 0.080 0.265762
0.080 0.081 0.256886
0.081 0.082 0.245572
0.082 0.083 0.237914
0.083 0.084 0.230640
0.084 0.085 0.224162
0.085 0.086 0.218347
0.086 0.087 0.210548
0.087 0.088 0.205369
0.088 0.089 0.198570
0.089 0.090 0.189594
0.090 0.091 0.181615
0.091 0.092 0.170599
0.092 0.093 0.162910
0.093 0.094 0.158576
0.094 0.095 0.149843
0.095 0.096 0.143849
0.096 0.097 0.137463
0.097 0.098 0.129263
0.098 0.099 0.121766
0.099 0.100 0.115763
0.100 0.101 0.110914
0.101 0.102 0.105211
0.102 0.103 0.097621
0.103 0.104 0.091729
0.104 0.105 0.086519
0.105 0.106 0.079188
0.106 0.107 0.074584
0.107 0.108 0.068819
0.108 0.109 0.063985
0.109 0.110 0.058818
0.110 0.111 0.053877
0.111 0.112 0.049798
0.112 0.113 0.044298
0.113 0.114 0.039538
0.114 0.115 0.034235
0.115 0.116 0.030566
0.116 0.117 0.027153
0.117 0.118 0.023426
0.118 0.119 0.018363
0.119 0.120 0.015685
0.120 0.121 0.014228
0.121 0.122 0.010361
0.122 0.123 0.008488
0.123 0.124 0.006511
0.124 0.125 0.004340
0.125 0.126 0.001587
0.126 0.127 0.000966
0.127 0.128 0.000000
0.128 0.129 0.000000
0.129 0.130 0.000000
0.130 0.131 0.000000
0.131 0.132 0.000000
0.132 0.133 0.000000
0.133 0.134 0.000000
0.134 0.135 0.000000
0.135 0.136 0.000000
0.136 0.137 0.000000
0.137 0.138 0.000000
0.138 0.139 0.000000
0.139 0.140 0.000000
0.140 0.141 0.000000
0.141 0.142 0.000000
0.142 0.143 0.000000
0.143 0.144 0.000000
0.144 0.145 0.000000
0.145 0.146 0.000000
0.146 0.147 0.000000
0.147 0.148 0.000000
0.148 0.149 0.000000
0.149 0.150 0.000000
