1
0.000 0.001 0.000000
0.001 0.002 0.000000
0.002 0.003 0.000000
0.003 0.004 0.000000
0.004 0.005 0.000000
0.005 0.006 0.000000
0.006 0.007 0.000000
0.007 0.008 0.000000
0.008 0.009 0.000000
0.009 0.010 0.000000
0.010 0.011 0.000000
0.011 0.012 0.000000
0.012 0.013 0.000000
0.013 0.014 0.000000
0.014 0.015 0.000003
0.015 0.016 0.000028
0.016 0.017 0.000158
0.017 0.018 0.000630
0.018 0.019 0.001925
0.019 0.020 0.004788
0.020 0.021 0.010155
0.021 0.022 0.018891
0.022 0.023 0.031668
0.023 0.024 0.048956
0.024 0.025 0.070642
0.025 0.026 0.096063
0.026 0.027 0.124958
0.027 0.028 0.156681
0.028 0.029 0.189992
0.029 0.030 0.223744
0.030 0.031 0.257154
0.031 0.032 0.289573
0.032 0.033 0.320676
0.033 0.034 0.349959
0.034 0.035 0.376772
0.035 0.036 0.400916
0.036 0.037 0.423082
0.037 0.038 0.443392
0.038 0.039 0.459481
0.039 0.040 0.473240
0.040 0.041 0.484899
0.041 0.042 0.494218
0.042 0.043 0.501799
0.043 0.044 0.506887
0.044 0.045 0.511612
0.045 0.046 0.512690
0.046 0.047 0.511739
0.047 0.048 0.512559
0.048 0.049 0.511379
0.049 0.050 0.506456
0.050 0.051 0.502155
0.051 0.052 0.499061
0.052 0.053 0.493248
0.053 0.054 0.486144
0.054 0.055 0.479126
0.055 0.056 0.473182
0.056 0.057 0.466878
0.057 0.058 0.649843
0.058 0.059 1.000000
0.059 0.060 0.799254
0.060 0.061 0.445262
0.061 0.062 0.436288
0.062 0.063 0.408924
0.063 0.064 0.399140
0.064 0.065 0.388500
0.065 0.066 0.378566
0.066 0.067 0.505778
0.067 0.068 0.496756
0.068 0.069 0.378770
0.069 0.070 0.338497
0.070 0.071 0.272102
0.071 0.072 0.265126
0.072 0.073 0.256138
0.073 0.074 0.250036
0.074 0.075 0.244158
0.075 0.076 0.237567
0.076 0.077 0.229330
0.077 0.078 0.222481
0.078 0.079 0.217204
0.079 0.080 0.211451
0.080 0.081 0.204678
0.081 0.082 0.196657
0.082 0.083 0.188572
0.083 0.084 0.182191
0.084 0.085 0.176629
0.085 0.086 0.171490
0.086 0.087 0.165559
0.087 0.088 0.161176
0.088 0.089 0.155378
0.089 0.090 0.148427
0.090 0.091 0.142309
0.091 0.092 0.133870
0.092 0.093 0.128660
0.093 0.094 0.125746
0.094 0.095 0.120674
0.095 0.096 0.115863
0.096 0.097 0.110925
0.097 0.098 0.104680
0.098 0.099 0.098993
0.099 0.100 0.094449
0.100 0.101 0.090022
0.101 0.102 0.086109
0.102 0.103 0.081450
0.103 0.104 0.077825
0.104 0.105 0.074153
0.105 0.106 0.069672
0.106 0.107 0.065706
0.107 0.108 0.060989
0.108 0.109 0.056723
0.109 0.110 0.053537
0.110 0.111 0.050242
0.111 0.112 0.047325
0.112 0.113 0.043341
0.113 0.114 0.039760
0.114 0.115 0.036742
0.115 0.116 0.033161
0.116 0.117 0.030379
0.117 0.118 0.027684
0.118 0.119 0.024065
0.119 0.120 0.021829
0.120 0.121 0.020619
0.121 0.122 0.017998
0.122 0.123 0.016246
0.123 0.124 0.014388
0.124 0.125 0.012149
0.125 0.126 0.009924
0.126 0.127 0.007877
0.127 0.128 0.006399
0.128 0.129 0.005058
0.129 0.130 0.003765
0.130 0.131 0.002080
0.131 0.132 0.001441
0.132 0.133 0.000402
0.133 0.134 0.000000
0.134 0.135 0.000000
0.135 0.136 0.000000
0.136 0.137 0.000000
0.137 0.138 0.000000
0.138 0.139 0.000000
0.139 0.140 0.000000
0.140 0.141 0.000000
0.141 0.142 0.000000
0.142 0.143 0.000000
0.143 0.144 0.000000
0.144 0.145 0.000000
0.145 0.146 0.000000
0.146 0.147 0.000000
0.147 0.148 0.000000
0.148 0.149 0.000000
0.149 0.150 0.000000
