1
0.000 0.001 0.000000
0.001 0.002 0.000000
0.002 0.003 0.000000
0.003 0.004 0.000000
0.004 0.005 0.000000
0.005 0.006 0.000000
0.006 0.007 0.000000
0.007 0.008 0.000000
0.008 0.009 0.000000
0.009 0.010 0.000000
0.010 0.011 0.000000
0.011 0.012 0.000000
0.012 0.013 0.000000
0.013 0.014 0.000000
0.014 0.015 0.000000
0.015 0.016 0.000000
0.016 0.017 0.000000
0.017 0.018 0.000000
0.018 0.019 0.000000
0.019 0.020 0.000000
0.020 0.021 0.000002
0.021 0.022 0.000010
0.022 0.023 0.000039
0.023 0.024 0.000131
0.024 0.025 0.000364
0.025 0.026 0.000875
0.026 0.027 0.001861
0.027 0.028 0.003582
0.028 0.029 0.006326
0.029 0.030 0.010362
0.030 0.031 0.015966
0.031 0.032 0.023305
0.032 0.033 0.032546
0.033 0.034 0.043638
0.034 0.035 0.056427
0.035 0.036 0.070914
0.036 0.037 0.086890
0.037 0.038 0.104598
0.038 0.039 0.123084
0.039 0.040 0.141285
0.040 0.041 0.160251
0.041 0.042 0.179979
0.042 0.043 0.199045
0.043 0.044 0.216882
0.044 0.045 0.234898
0.045 0.046 0.251886
0.046 0.047 0.268203
0.047 0.048 0.284945
0.048 0.049 0.299304
0.049 0.050 0.311016
0.050 0.051 0.324319
0.051 0.052 0.337069
0.052 0.053 0.345269
0.053 0.054 0.353156
0.054 0.055 0.361345
0.055 0.056 0.369012
0.056 0.057 0.376432
0.057 0.058 0.590631
0.058 0.059 1.000000
0.059 0.060 0.797567
0.060 0.061 0.407267
0.061 0.062 0.409626
0.062 0.063 0.388149
0.063 0.064 0.389272
0.064 0.065 0.388710
0.065 0.066 0.385821
0.066 0.067 0.559178
0.067 0.068 0.559498
0.068 0.069 0.417721
0.069 0.070 0.376828
0.070 0.071 0.295799
0.071 0.072 0.295155
0.072 0.073 0.292070
0.073 0.074 0.288536
0.074 0.075 0.286913
0.075 0.076 0.285074
0.076 0.077 0.281117
0.077 0.078 0.279018
0.078 0.079 0.276067
0.079 0.080 0.273418
0.080 0.081 0.271605
0.081 0.082 0.267546
0.082 0.083 0.262138
0.083 0.084 0.257084
0.084 0.085 0.253276
0.085 0.086 0.249384
0.086 0.087 0.246319
0.087 0.088 0.243669
0.088 0.089 0.238003
0.089 0.090 0.231986
0.090 0.091 0.227401
0.091 0.092 0.220512
0.092 0.093 0.214733
0.093 0.094 0.211425
0.094 0.095 0.206165
0.095 0.096 0.201460
0.096 0.097 0.197330
0.097 0.098 0.191089
0.098 0.099 0.185539
0.099 0.100 0.181436
0.100 0.101 0.176488
0.101 0.102 0.171005
0.102 0.103 0.166174
0.103 0.104 0.162219
0.104 0.105 0.156310
0.105 0.106 0.149361
0.106 0.107 0.144038
0.107 0.108 0.137791
0.108 0.109 0.133063
0.109 0.110 0.129203
0.110 0.111 0.124249
0.111 0.112 0.119186
0.112 0.113 0.112034
0.113 0.114 0.105094
0.114 0.115 0.100324
0.115 0.116 0.095630
0.116 0.117 0.089562
0.117 0.118 0.084599
0.118 0.119 0.078075
0.119 0.120 0.072887
0.120 0.121 0.069911
0.121 0.122 0.065293
0.122 0.123 0.060719
0.123 0.124 0.055843
0.124 0.125 0.049622
0.125 0.126 0.043326
0.126 0.127 0.038600
0.127 0.128 0.032662
0.128 0.129 0.027487
0.129 0.130 0.022317
0.130 0.131 0.016470
0.131 0.132 0.012445
0.132 0.133 0.007036
0.133 0.134 0.000378
0.134 0.135 0.000000
0.135 0.136 0.000000
0.136 0.137 0.000000
0.137 0.138 0.000000
0.138 0.139 0.000000
0.139 0.140 0.000000
0.140 0.141 0.000000
0.141 0.142 0.000000
0.142 0.143 0.000000
0.143 0.144 0.000000
0.144 0.145 0.000000
0.145 0.146 0.000000
0.146 0.147 0.000000
0.147 0.148 0.000000
0.148 0.149 0.000000
0.149 0.150 0.000000
