1
0.000 0.001 0.000000
0.001 0.002 0.000000
0.002 0.003 0.000000
0.003 0.004 0.000000
0.004 0.005 0.000000
0.005 0.006 0.000000
0.006 0.007 0.000000
0.007 0.008 0.000000
0.008 0.009 0.000000
0.009 0.010 0.000000
0.010 0.011 0.000000
0.011 0.012 0.000000
0.012 0.013 0.000000
0.013 0.014 0.000000
0.014 0.015 0.000000
0.015 0.016 0.000000
0.016 0.017 0.000000
0.017 0.018 0.000000
0.018 0.019 0.000000
0.019 0.020 0.000001
0.020 0.021 0.000004
0.021 0.022 0.000021
0.022 0.023 0.000083
0.023 0.024 0.000269
0.024 0.025 0.000737
0.025 0.026 0.001746
0.026 0.027 0.003650
0.027 0.028 0.006936
0.028 0.029 0.012152
0.029 0.030 0.019689
0.030 0.031 0.030021
0.031 0.032 0.043363
0.032 0.033 0.059807
0.033 0.034 0.079499
0.034 0.035 0.102270
0.035 0.036 0.127678
0.036 0.037 0.155353
0.037 0.038 0.184153
0.038 0.039 0.213350
0.039 0.040 0.243653
0.040 0.041 0.273740
0.041 0.042 0.303054
0.042 0.043 0.332016
0.043 0.044 0.358715
0.044 0.045 0.384393
0.045 0.046 0.406888
0.046 0.047 0.428082
0.047 0.048 0.449147
0.048 0.049 0.468744
0.049 0.050 0.483395
0.050 0.051 0.495523
0.051 0.052 0.508013
0.052 0.053 0.519339
0.053 0.054 0.526168
0.054 0.055 0.529658
0.055 0.056 0.533299
0.056 0.057 0.536896
0.057 0.058 0.693198
0.058 0.059 1.000000
0.059 0.060 0.841116
0.060 0.061 0.537574
0.061 0.062 0.533583
0.062 0.063 0.512449
0.063 0.064 0.502776
0.064 0.065 0.492817
0.065 0.066 0.484931
0.066 0.067 0.611052
0.067 0.068 0.603192
0.068 0.069 0.481463
0.069 0.070 0.434760
0.070 0.071 0.366570
0.071 0.072 0.357337
0.072 0.073 0.345103
0.073 0.074 0.339961
0.074 0.075 0.332891
0.075 0.076 0.321759
0.076 0.077 0.308002
0.077 0.078 0.296125
0.078 0.079 0.288997
0.079 0.080 0.280017
0.080 0.081 0.266086
0.081 0.082 0.254271
0.082 0.083 0.243457
0.083 0.084 0.232386
0.084 0.085 0.222631
0.085 0.086 0.214129
0.086 0.087 0.203053
0.087 0.088 0.194487
0.088 0.089 0.185511
0.089 0.090 0.173564
0.090 0.091 0.159453
0.091 0.092 0.147670
0.092 0.093 0.139442
0.093 0.094 0.133805
0.094 0.095 0.124970
0.095 0.096 0.116537
0.096 0.097 0.106330
0.097 0.098 0.094739
0.098 0.099 0.081481
0.099 0.100 0.074562
0.100 0.101 0.071174
0.101 0.102 0.065041
0.102 0.103 0.056233
0.103 0.104 0.049098
0.104 0.105 0.043746
0.105 0.106 0.036091
0.106 0.107 0.031263
0.107 0.108 0.025581
0.108 0.109 0.020440
0.109 0.110 0.015042
0.110 0.111 0.008977
0.111 0.112 0.006350
0.112 0.113 0.002397
0.113 0.114 0.001471
0.114 0.115 0.000000
0.115 0.116 0.000000
0.116 0.117 0.000000
0.117 0.118 0.000000
0.118 0.119 0.000000
0.119 0.120 0.000000
0.120 0.121 0.000000
0.121 0.122 0.000000
0.122 0.123 0.000000
0.123 0.124 0.000000
0.124 0.125 0.000000
0.125 0.126 0.000000
0.126 0.127 0.000000
0.127 0.128 0.000000
0.128 0.129 0.000000
0.129 0.130 0.000000
0.130 0.131 0.000000
0.131 0.132 0.000000
0.132 0.133 0.000000
0.133 0.134 0.000000
0.134 0.135 0.000000
0.135 0.136 0.000000
0.136 0.137 0.000000
0.137 0.138 0.000000
0.138 0.139 0.000000
0.139 0.140 0.000000
0.140 0.141 0.000000
0.141 0.142 0.000000
0.142 0.143 0.000000
0.143 0.144 0.000000
0.144 0.145 0.000000
0.145 0.146 0.000000
0.146 0.147 0.000000
0.147 0.148 0.000000
0.148 0.149 0.000000
0.149 0.150 0.000000
