1
0.000 0.001 0.000000
0.001 0.002 0.000000
0.002 0.003 0.000000
0.003 0.004 0.000000
0.004 0.005 0.000000
0.005 0.006 0.000000
0.006 0.007 0.000000
0.007 0.008 0.000000
0.008 0.009 0.000000
0.009 0.010 0.000000
0.010 0.011 0.000000
0.011 0.012 0.000000
0.012 0.013 0.000000
0.013 0.014 0.000000
0.014 0.015 0.000000
0.015 0.016 0.000000
0.016 0.017 0.000000
0.017 0.018 0.000000
0.018 0.019 0.000004
0.019 0.020 0.000025
0.020 0.021 0.000115
0.021 0.022 0.000407
0.022 0.023 0.001178
0.023 0.024 0.002901
0.024 0.025 0.006248
0.025 0.026 0.011995
0.026 0.027 0.020952
0.027 0.028 0.033956
0.028 0.029 0.051643
0.029 0.030 0.074121
0.030 0.031 0.100950
0.031 0.032 0.132584
0.032 0.033 0.168650
0.033 0.034 0.207678
0.034 0.035 0.248911
0.035 0.036 0.291868
0.036 0.037 0.334682
0.037 0.038 0.375940
0.038 0.039 0.416527
0.039 0.040 0.456650
0.040 0.041 0.492054
0.041 0.042 0.524864
0.042 0.043 0.554967
0.043 0.044 0.579225
0.044 0.045 0.605218
0.045 0.046 0.625506
0.046 0.047 0.643213
0.047 0.048 0.658255
0.048 0.049 0.668473
0.049 0.050 0.673464
0.050 0.051 0.678192
0.051 0.052 0.681766
0.052 0.053 0.679654
0.053 0.054 0.674623
0.054 0.055 0.667345
0.055 0.056 0.655415
0.056 0.057 0.648814
0.057 0.058 0.767173
0.058 0.059 1.000000
0.059 0.060 0.861662
0.060 0.061 0.611427
0.061 0.062 0.595609
0.062 0.063 0.564822
0.063 0.064 0.543975
0.064 0.065 0.524657
0.065 0.066 0.505875
0.066 0.067 0.587029
0.067 0.068 0.573863
0.068 0.069 0.470620
0.069 0.070 0.425416
0.070 0.071 0.367569
0.071 0.072 0.352585
0.072 0.073 0.332529
0.073 0.074 0.318489
0.074 0.075 0.303235
0.075 0.076 0.283787
0.076 0.077 0.261704
0.077 0.078 0.247467
0.078 0.079 0.236318
0.079 0.080 0.224339
0.080 0.081 0.209273
0.081 0.082 0.191746
0.082 0.083 0.175558
0.083 0.084 0.159724
0.084 0.085 0.142337
0.085 0.086 0.131811
0.086 0.087 0.119697
0.087 0.088 0.108033
0.088 0.089 0.094812
0.089 0.090 0.082418
0.090 0.091 0.070796
0.091 0.092 0.056723
0.092 0.093 0.048693
0.093 0.094 0.040500
0.094 0.095 0.031962
0.095 0.096 0.021907
0.096 0.097 0.016321
0.097 0.098 0.010669
0.098 0.099 0.003687
0.099 0.100 0.002063
0.100 0.101 0.000000
0.101 0.102 0.000000
0.102 0.103 0.000000
0.103 0.104 0.000000
0.104 0.105 0.000000
0.105 0.106 0.000000
0.106 0.107 0.000000
0.107 0.108 0.000000
0.108 0.109 0.000000
0.109 0.110 0.000000
0.110 0.111 0.000000
0.111 0.112 0.000000
0.112 0.113 0.000000
0.113 0.114 0.000000
0.114 0.115 0.000000
0.115 0.116 0.000000
0.116 0.117 0.000000
0.117 0.118 0.000000
0.118 0.119 0.000000
0.119 0.120 0.000000
0.120 0.121 0.000000
0.121 0.122 0.000000
0.122 0.123 0.000000
0.123 0.124 0.000000
0.124 0.125 0.000000
0.125 0.126 0.000000
0.126 0.127 0.000000
0.127 0.128 0.000000
0.128 0.129 0.000000
0.129 0.130 0.000000
0.130 0.131 0.000000
0.131 0.132 0.000000
0.132 0.133 0.000000
0.133 0.134 0.000000
0.134 0.135 0.000000
0.135 0.136 0.000000
0.136 0.137 0.000000
0.137 0.138 0.000000
0.138 0.139 0.000000
0.139 0.140 0.000000
0.140 0.141 0.000000
0.141 0.142 0.000000
0.142 0.143 0.000000
0.143 0.144 0.000000
0.144 0.145 0.000000
0.145 0.146 0.000000
0.146 0.147 0.000000
0.147 0.148 0.000000
0.148 0.149 0.000000
0.149 0.150 0.000000
