1
0.000 0.001 0.000000
0.001 0.002 0.000000
0.002 0.003 0.000000
0.003 0.004 0.000000
0.004 0.005 0.000000
0.005 0.006 0.000000
0.006 0.007 0.000000
0.007 0.008 0.000000
0.008 0.009 0.000000
0.009 0.010 0.000000
0.010 0.011 0.000000
0.011 0.012 0.000000
0.012 0.013 0.000000
0.013 0.014 0.000000
0.014 0.015 0.000000
0.015 0.016 0.000000
0.016 0.017 0.000000
0.017 0.018 0.000001
0.018 0.019 0.000012
0.019 0.020 0.000065
0.020 0.021 0.000270
0.021 0.022 0.000885
0.022 0.023 0.002394
0.023 0.024 0.005538
0.024 0.025 0.011311
0.025 0.026 0.020782
0.026 0.027 0.034864
0.027 0.028 0.054526
0.028 0.029 0.080295
0.029 0.030 0.111790
0.030 0.031 0.148960
0.031 0.032 0.190659
0.032 0.033 0.236758
0.033 0.034 0.285042
0.034 0.035 0.334448
0.035 0.036 0.384791
0.036 0.037 0.433030
0.037 0.038 0.479749
0.038 0.039 0.524380
0.039 0.040 0.566153
0.040 0.041 0.604690
0.041 0.042 0.639535
0.042 0.043 0.670166
0.043 0.044 0.696831
0.044 0.045 0.719193
0.045 0.046 0.733486
0.046 0.047 0.746420
0.047 0.048 0.754379
0.048 0.049 0.754771
0.049 0.050 0.756773
0.050 0.051 0.758255
0.051 0.052 0.757828
0.052 0.053 0.750178
0.053 0.054 0.740649
0.054 0.055 0.729453
0.055 0.056 0.714011
0.056 0.057 0.696893
0.057 0.058 0.792947
0.058 0.059 1.000000
0.059 0.060 0.869612
0.060 0.061 0.637603
0.061 0.062 0.616683
0.062 0.063 0.581467
0.063 0.064 0.556707
0.064 0.065 0.533105
0.065 0.066 0.506832
0.066 0.067 0.579898
0.067 0.068 0.563027
0.068 0.069 0.463249
0.069 0.070 0.415862
0.070 0.071 0.359694
0.071 0.072 0.341782
0.072 0.073 0.316665
0.073 0.074 0.300684
0.074 0.075 0.283961
0.075 0.076 0.265339
0.076 0.077 0.247007
0.077 0.078 0.228707
0.078 0.079 0.212601
0.079 0.080 0.194840
0.080 0.081 0.179470
0.081 0.082 0.161749
0.082 0.083 0.146088
0.083 0.084 0.131728
0.084 0.085 0.116771
0.085 0.086 0.100122
0.086 0.087 0.087588
0.087 0.088 0.075379
0.088 0.089 0.061581
0.089 0.090 0.048089
0.090 0.091 0.040943
0.091 0.092 0.032673
0.092 0.093 0.024539
0.093 0.094 0.014382
0.094 0.095 0.009321
0.095 0.096 0.002595
0.096 0.097 0.000000
0.097 0.098 0.000000
0.098 0.099 0.000000
0.099 0.100 0.000000
0.100 0.101 0.000000
0.101 0.102 0.000000
0.102 0.103 0.000000
0.103 0.104 0.000000
0.104 0.105 0.000000
0.105 0.106 0.000000
0.106 0.107 0.000000
0.107 0.108 0.000000
0.108 0.109 0.000000
0.109 0.110 0.000000
0.110 0.111 0.000000
0.111 0.112 0.000000
0.112 0.113 0.000000
0.113 0.114 0.000000
0.114 0.115 0.000000
0.115 0.116 0.000000
0.116 0.117 0.000000
0.117 0.118 0.000000
0.118 0.119 0.000000
0.119 0.120 0.000000
0.120 0.121 0.000000
0.121 0.122 0.000000
0.122 0.123 0.000000
0.123 0.124 0.000000
0.124 0.125 0.000000
0.125 0.126 0.000000
0.126 0.127 0.000000
0.127 0.128 0.000000
0.128 0.129 0.000000
0.129 0.130 0.000000
0.130 0.131 0.000000
0.131 0.132 0.000000
0.132 0.133 0.000000
0.133 0.134 0.000000
0.134 0.135 0.000000
0.135 0.136 0.000000
0.136 0.137 0.000000
0.137 0.138 0.000000
0.138 0.139 0.000000
0.139 0.140 0.000000
0.140 0.141 0.000000
0.141 0.142 0.000000
0.142 0.143 0.000000
0.143 0.144 0.000000
0.144 0.145 0.000000
0.145 0.146 0.000000
0.146 0.147 0.000000
0.147 0.148 0.000000
0.148 0.149 0.000000
0.149 0.150 0.000000
