1
0.000 0.001 0.000000
0.001 0.002 0.000000
0.002 0.003 0.000000
0.003 0.004 0.000000
0.004 0.005 0.000000
0.005 0.006 0.000000
0.006 0.007 0.000000
0.007 0.008 0.000000
0.008 0.009 0.000000
0.009 0.010 0.000000
0.010 0.011 0.000000
0.011 0.012 0.000000
0.012 0.013 0.000000
0.013 0.014 0.000000
0.014 0.015 0.000000
0.015 0.016 0.000003
0.016 0.017 0.000023
0.017 0.018 0.000125
0.018 0.019 0.000490
0.019 0.020 0.001511
0.020 0.021 0.003846
0.021 0.022 0.008383
0.022 0.023 0.016096
0.023 0.024 0.027909
0.024 0.025 0.044552
0.025 0.026 0.066196
0.026 0.027 0.092633
0.027 0.028 0.123732
0.028 0.029 0.158885
0.029 0.030 0.196464
0.030 0.031 0.236255
0.031 0.032 0.276627
0.032 0.033 0.316920
0.033 0.034 0.356168
0.034 0.035 0.394221
0.035 0.036 0.429907
0.036 0.037 0.462813
0.037 0.038 0.491279
0.038 0.039 0.515267
0.039 0.040 0.537804
0.040 0.041 0.556582
0.041 0.042 0.571718
0.042 0.043 0.583686
0.043 0.044 0.594464
0.044 0.045 0.603824
0.045 0.046 0.609651
0.046 0.047 0.611010
0.047 0.048 0.613325
0.048 0.049 0.614043
0.049 0.050 0.609107
0.050 0.051 0.602801
0.051 0.052 0.597866
0.052 0.053 0.592482
0.053 0.054 0.583445
0.054 0.055 0.572071
0.055 0.056 0.560985
0.056 0.057 0.553999
0.057 0.058 0.705961
0.058 0.059 1.000000
0.059 0.060 0.824683
0.060 0.061 0.516351
0.061 0.062 0.504107
0.062 0.063 0.476395
0.063 0.064 0.460502
0.064 0.065 0.445023
0.065 0.066 0.432254
0.066 0.067 0.539030
0.067 0.068 0.525996
0.068 0.069 0.413608
0.069 0.070 0.372237
0.070 0.071 0.310425
0.071 0.072 0.299748
0.072 0.073 0.286873
0.073 0.074 0.280113
0.074 0.075 0.271997
0.075 0.076 0.260917
0.076 0.077 0.247942
0.077 0.078 0.236660
0.078 0.079 0.229418
0.079 0.080 0.219944
0.080 0.081 0.210336
0.081 0.082 0.199841
0.082 0.083 0.190359
0.083 0.084 0.180890
0.084 0.085 0.172473
0.085 0.086 0.165090
0.086 0.087 0.155819
0.087 0.088 0.148624
0.088 0.089 0.141296
0.089 0.090 0.130995
0.090 0.091 0.122254
0.091 0.092 0.112910
0.092 0.093 0.106356
0.093 0.094 0.101873
0.094 0.095 0.094978
0.095 0.096 0.088422
0.096 0.097 0.080656
0.097 0.098 0.071891
0.098 0.099 0.062047
0.099 0.100 0.056821
0.100 0.101 0.054100
0.101 0.102 0.049502
0.102 0.103 0.042977
0.103 0.104 0.037725
0.104 0.105 0.033775
0.105 0.106 0.028163
0.106 0.107 0.024640
0.107 0.108 0.020485
0.108 0.109 0.016760
0.109 0.110 0.012827
0.110 0.111 0.008456
0.111 0.112 0.006609
0.112 0.113 0.004458
0.113 0.114 0.001740
0.114 0.115 0.001065
0.115 0.116 0.000000
0.116 0.117 0.000000
0.117 0.118 0.000000
0.118 0.119 0.000000
0.119 0.120 0.000000
0.120 0.121 0.000000
0.121 0.122 0.000000
0.122 0.123 0.000000
0.123 0.124 0.000000
0.124 0.125 0.000000
0.125 0.126 0.000000
0.126 0.127 0.000000
0.127 0.128 0.000000
0.128 0.129 0.000000
0.129 0.130 0.000000
0.130 0.131 0.000000
0.131 0.132 0.000000
0.132 0.133 0.000000
0.133 0.134 0.000000
0.134 0.135 0.000000
0.135 0.136 0.000000
0.136 0.137 0.000000
0.137 0.138 0.000000
0.138 0.139 0.000000
0.139 0.140 0.000000
0.140 0.141 0.000000
0.141 0.142 0.000000
0.142 0.143 0.000000
0.143 0.144 0.000000
0.144 0.145 0.000000
0.145 0.146 0.000000
0.146 0.147 0.000000
0.147 0.148 0.000000
0.148 0.149 0.000000
0.149 0.150 0.000000
