1
0.000 0.001 0.000000
0.001 0.002 0.000000
0.002 0.003 0.000000
0.003 0.004 0.000000
0.004 0.005 0.000000
0.005 0.006 0.000000
0.006 0.007 0.000000
0.007 0.008 0.000000
0.008 0.009 0.000000
0.009 0.010 0.000000
0.010 0.011 0.000000
0.011 0.012 0.000000
0.012 0.013 0.000000
0.013 0.014 0.000000
0.014 0.015 0.000000
0.015 0.016 0.000000
0.016 0.017 0.000000
0.017 0.018 0.000000
0.018 0.019 0.000000
0.019 0.020 0.000002
0.020 0.021 0.000009
0.021 0.022 0.000041
0.022 0.023 0.000145
0.023 0.024 0.000422
0.024 0.025 0.001053
0.025 0.026 0.002302
0.026 0.027 0.004481
0.027 0.028 0.008037
0.028 0.029 0.013374
0.029 0.030 0.020660
0.030 0.031 0.030300
0.031 0.032 0.042276
0.032 0.033 0.056701
0.033 0.034 0.073490
0.034 0.035 0.092498
0.035 0.036 0.112975
0.036 0.037 0.134824
0.037 0.038 0.158458
0.038 0.039 0.181385
0.039 0.040 0.204301
0.040 0.041 0.227973
0.041 0.042 0.250626
0.042 0.043 0.273265
0.043 0.044 0.294526
0.044 0.045 0.315275
0.045 0.046 0.334182
0.046 0.047 0.349681
0.047 0.048 0.366715
0.048 0.049 0.383382
0.049 0.050 0.395343
0.050 0.051 0.404632
0.051 0.052 0.415397
0.052 0.053 0.426640
0.053 0.054 0.433524
0.054 0.055 0.438409
0.055 0.056 0.445681
0.056 0.057 0.452078
0.057 0.058 0.641399
0.058 0.059 1.000000
0.059 0.060 0.814051
0.060 0.061 0.465652
0.061 0.062 0.465056
0.062 0.063 0.445613
0.063 0.064 0.441070
0.064 0.065 0.434858
0.065 0.066 0.431969
0.066 0.067 0.581501
0.067 0.068 0.578596
0.068 0.069 0.450822
0.069 0.070 0.408564
0.070 0.071 0.334684
0.071 0.072 0.328758
0.072 0.073 0.321799
0.073 0.074 0.319818
0.074 0.075 0.316025
0.075 0.076 0.310543
0.076 0.077 0.301738
0.077 0.078 0.294572
0.078 0.079 0.292274
0.079 0.080 0.287551
0.080 0.081 0.279002
0.081 0.082 0.269803
0.082 0.083 0.262191
0.083 0.084 0.254886
0.084 0.085 0.248329
0.085 0.086 0.242833
0.086 0.087 0.234123
0.087 0.088 0.229426
0.088 0.089 0.224216
0.089 0.090 0.214831
0.090 0.091 0.205455
0.091 0.092 0.192654
0.092 0.093 0.184987
0.093 0.094 0.182008
0.094 0.095 0.173926
0.095 0.096 0.165999
0.096 0.097 0.157052
0.097 0.098 0.145902
0.098 0.099 0.134999
0.099 0.100 0.126689
0.100 0.101 0.121455
0.101 0.102 0.114301
0.102 0.103 0.103298
0.103 0.104 0.095004
0.104 0.105 0.089147
0.105 0.106 0.081524
0.106 0.107 0.073449
0.107 0.108 0.063566
0.108 0.109 0.054869
0.109 0.110 0.045276
0.110 0.111 0.036455
0.111 0.112 0.029192
0.112 0.113 0.020605
0.113 0.114 0.012644
0.114 0.115 0.000000
0.115 0.116 0.000000
0.116 0.117 0.000000
0.117 0.118 0.000000
0.118 0.119 0.000000
0.119 0.120 0.000000
0.120 0.121 0.000000
0.121 0.122 0.000000
0.122 0.123 0.000000
0.123 0.124 0.000000
0.124 0.125 0.000000
0.125 0.126 0.000000
0.126 0.127 0.000000
0.127 0.128 0.000000
0.128 0.129 0.000000
0.129 0.130 0.000000
0.130 0.131 0.000000
0.131 0.132 0.000000
0.132 0.133 0.000000
0.133 0.134 0.000000
0.134 0.135 0.000000
0.135 0.136 0.000000
0.136 0.137 0.000000
0.137 0.138 0.000000
0.138 0.139 0.000000
0.139 0.140 0.000000
0.140 0.141 0.000000
0.141 0.142 0.000000
0.142 0.143 0.000000
0.143 0.144 0.000000
0.144 0.145 0.000000
0.145 0.146 0.000000
0.146 0.147 0.000000
0.147 0.148 0.000000
0.148 0.149 0.000000
0.149 0.150 0.000000
