1
0.000 0.001 0.000000
0.001 0.002 0.000000
0.002 0.003 0.000000
0.003 0.004 0.000000
0.004 0.005 0.000000
0.005 0.006 0.000000
0.006 0.007 0.000000
0.007 0.008 0.000000
0.008 0.009 0.000000
0.009 0.010 0.000000
0.010 0.011 0.000000
0.011 0.012 0.000000
0.012 0.013 0.000000
0.013 0.014 0.000000
0.014 0.015 0.000000
0.015 0.016 0.000005
0.016 0.017 0.000044
0.017 0.018 0.000240
0.018 0.019 0.000948
0.019 0.020 0.002934
0.020 0.021 0.007470
0.021 0.022 0.016273
0.022 0.023 0.031229
0.023 0.024 0.053956
0.024 0.025 0.085848
0.025 0.026 0.127111
0.026 0.027 0.177317
0.027 0.028 0.235839
0.028 0.029 0.300905
0.029 0.030 0.370810
0.030 0.031 0.443438
0.031 0.032 0.514894
0.032 0.033 0.585707
0.033 0.034 0.653133
0.034 0.035 0.715557
0.035 0.036 0.772722
0.036 0.037 0.821739
0.037 0.038 0.866916
0.038 0.039 0.905711
0.039 0.040 0.937129
0.040 0.041 0.961277
0.041 0.042 0.979458
0.042 0.043 0.988873
0.043 0.044 0.995995
0.044 0.045 1.000000
0.045 0.046 0.992146
0.046 0.047 0.984019
0.047 0.048 0.969832
0.048 0.049 0.947986
0.049 0.050 0.925661
0.050 0.051 0.909381
0.051 0.052 0.887925
0.052 0.053 0.860533
0.053 0.054 0.836345
0.054 0.055 0.810336
0.055 0.056 0.774365
0.056 0.057 0.734313
0.057 0.058 0.785641
0.058 0.059 0.906969
0.059 0.060 0.802520
0.060 0.061 0.629048
0.061 0.062 0.596252
0.062 0.063 0.556961
0.063 0.064 0.520895
0.064 0.065 0.491724
0.065 0.066 0.459415
0.066 0.067 0.488588
0.067 0.068 0.463115
0.068 0.069 0.383041
0.069 0.070 0.334131
0.070 0.071 0.290468
0.071 0.072 0.269934
0.072 0.073 0.243741
0.073 0.074 0.220561
0.074 0.075 0.194801
0.075 0.076 0.176777
0.076 0.077 0.159375
0.077 0.078 0.139419
0.078 0.079 0.118763
0.079 0.080 0.099408
0.080 0.081 0.086052
0.081 0.082 0.069218
0.082 0.083 0.055069
0.083 0.084 0.040499
0.084 0.085 0.030507
0.085 0.086 0.017851
0.086 0.087 0.011312
0.087 0.088 0.002939
0.088 0.089 0.000000
0.089 0.090 0.000000
0.090 0.091 0.000000
0.091 0.092 0.000000
0.092 0.093 0.000000
0.093 0.094 0.000000
0.094 0.095 0.000000
0.095 0.096 0.000000
0.096 0.097 0.000000
0.097 0.098 0.000000
0.098 0.099 0.000000
0.099 0.100 0.000000
0.100 0.101 0.000000
0.101 0.102 0.000000
0.102 0.103 0.000000
0.103 0.104 0.000000
0.104 0.105 0.000000
0.105 0.106 0.000000
0.106 0.107 0.000000
0.107 0.108 0.000000
0.108 0.109 0.000000
0.109 0.110 0.000000
0.110 0.111 0.000000
0.111 0.112 0.000000
0.112 0.113 0.000000
0.113 0.114 0.000000
0.114 0.115 0.000000
0.115 0.116 0.000000
0.116 0.117 0.000000
0.117 0.118 0.000000
0.118 0.119 0.000000
0.119 0.120 0.000000
0.120 0.121 0.000000
0.121 0.122 0.000000
0.122 0.123 0.000000
0.123 0.124 0.000000
0.124 0.125 0.000000
0.125 0.126 0.000000
0.126 0.127 0.000000
0.127 0.128 0.000000
0.128 0.129 0.000000
0.129 0.130 0.000000
0.130 0.131 0.000000
0.131 0.132 0.000000
0.132 0.133 0.000000
0.133 0.134 0.000000
0.134 0.135 0.000000
0.135 0.136 0.000000
0.136 0.137 0.000000
0.137 0.138 0.000000
0.138 0.139 0.000000
0.139 0.140 0.000000
0.140 0.141 0.000000
0.141 0.142 0.000000
0.142 0.143 0.000000
0.143 0.144 0.000000
0.144 0.145 0.000000
0.145 0.146 0.000000
0.146 0.147 0.000000
0.147 0.148 0.000000
0.148 0.149 0.000000
0.149 0.150 0.000000
