1
0.000 0.001 0.000000
0.001 0.002 0.000000
0.002 0.003 0.000000
0.003 0.004 0.000000
0.004 0.005 0.000000
0.005 0.006 0.000000
0.006 0.007 0.000000
0.007 0.008 0.000000
0.008 0.009 0.000000
0.009 0.010 0.000000
0.010 0.011 0.000000
0.011 0.012 0.000000
0.012 0.013 0.000000
0.013 0.014 0.000000
0.014 0.015 0.000000
0.015 0.016 0.000001
0.016 0.017 0.000010
0.017 0.018 0.000063
0.018 0.019 0.000277
0.019 0.020 0.000939
0.020 0.021 0.002591
0.021 0.022 0.006062
0.022 0.023 0.012356
0.023 0.024 0.022529
0.024 0.025 0.037584
0.025 0.026 0.057937
0.026 0.027 0.083670
0.027 0.028 0.114979
0.028 0.029 0.150918
0.029 0.030 0.191662
0.030 0.031 0.235089
0.031 0.032 0.280096
0.032 0.033 0.326630
0.033 0.034 0.372013
0.034 0.035 0.416221
0.035 0.036 0.459456
0.036 0.037 0.498865
0.037 0.038 0.532427
0.038 0.039 0.563232
0.039 0.040 0.592737
0.040 0.041 0.615941
0.041 0.042 0.635139
0.042 0.043 0.650430
0.043 0.044 0.664767
0.044 0.045 0.677138
0.045 0.046 0.685230
0.046 0.047 0.689008
0.047 0.048 0.692226
0.048 0.049 0.692449
0.049 0.050 0.686626
0.050 0.051 0.680680
0.051 0.052 0.675350
0.052 0.053 0.667484
0.053 0.054 0.656338
0.054 0.055 0.642244
0.055 0.056 0.626458
0.056 0.057 0.617363
0.057 0.058 0.746817
0.058 0.059 1.000000
0.059 0.060 0.842378
0.060 0.061 0.567095
0.061 0.062 0.551195
0.062 0.063 0.521049
0.063 0.064 0.500626
0.064 0.065 0.482000
0.065 0.066 0.465372
0.066 0.067 0.554463
0.067 0.068 0.535946
0.068 0.069 0.432990
0.069 0.070 0.390467
0.070 0.071 0.332626
0.071 0.072 0.319182
0.072 0.073 0.302114
0.073 0.074 0.292558
0.074 0.075 0.281714
0.075 0.076 0.266232
0.076 0.077 0.249547
0.077 0.078 0.234906
0.078 0.079 0.222830
0.079 0.080 0.214104
0.080 0.081 0.202552
0.081 0.082 0.189418
0.082 0.083 0.176961
0.083 0.084 0.164248
0.084 0.085 0.152909
0.085 0.086 0.142669
0.086 0.087 0.131202
0.087 0.088 0.119275
0.088 0.089 0.111292
0.089 0.090 0.102112
0.090 0.091 0.091641
0.091 0.092 0.082002
0.092 0.093 0.073850
0.093 0.094 0.066164
0.094 0.095 0.057528
0.095 0.096 0.048013
0.096 0.097 0.041000
0.097 0.098 0.033595
0.098 0.099 0.025377
0.099 0.100 0.019456
0.100 0.101 0.014707
0.101 0.102 0.011371
0.102 0.103 0.007485
0.103 0.104 0.002780
0.104 0.105 0.001761
0.105 0.106 0.000000
0.106 0.107 0.000000
0.107 0.108 0.000000
0.108 0.109 0.000000
0.109 0.110 0.000000
0.110 0.111 0.000000
0.111 0.112 0.000000
0.112 0.113 0.000000
0.113 0.114 0.000000
0.114 0.115 0.000000
0.115 0.116 0.000000
0.116 0.117 0.000000
0.117 0.118 0.000000
0.118 0.119 0.000000
0.119 0.120 0.000000
0.120 0.121 0.000000
0.121 0.122 0.000000
0.122 0.123 0.000000
0.123 0.124 0.000000
0.124 0.125 0.000000
0.125 0.126 0.000000
0.126 0.127 0.000000
0.127 0.128 0.000000
0.128 0.129 0.000000
0.129 0.130 0.000000
0.130 0.131 0.000000
0.131 0.132 0.000000
0.132 0.133 0.000000
0.133 0.134 0.000000
0.134 0.135 0.000000
0.135 0.136 0.000000
0.136 0.137 0.000000
0.137 0.138 0.000000
0.138 0.139 0.000000
0.139 0.140 0.000000
0.140 0.141 0.000000
0.141 0.142 0.000000
0.142 0.143 0.000000
0.143 0.144 0.000000
0.144 0.145 0.000000
0.145 0.146 0.000000
0.146 0.147 0.000000
0.147 0.148 0.000000
0.148 0.149 0.000000
0.149 0.150 0.000000
