1
0.000 0.001 0.000000
0.001 0.002 0.000000
0.002 0.003 0.000000
0.003 0.004 0.000000
0.004 0.005 0.000000
0.005 0.006 0.000000
0.006 0.007 0.000000
0.007 0.008 0.000000
0.008 0.009 0.000000
0.009 0.010 0.000000
0.010 0.011 0.000000
0.011 0.012 0.000000
0.012 0.013 0.000000
0.013 0.014 0.000000
0.014 0.015 0.000000
0.015 0.016 0.000000
0.016 0.017 0.000000
0.017 0.018 0.000000
0.018 0.019 0.000000
0.019 0.020 0.000002
0.020 0.021 0.000010
0.021 0.022 0.000044
0.022 0.023 0.000156
0.023 0.024 0.000453
0.024 0.025 0.001125
0.025 0.026 0.002462
0.026 0.027 0.004815
0.027 0.028 0.008640
0.028 0.029 0.014365
0.029 0.030 0.022227
0.030 0.031 0.032614
0.031 0.032 0.045532
0.032 0.033 0.060989
0.033 0.034 0.078916
0.034 0.035 0.098798
0.035 0.036 0.120275
0.036 0.037 0.143431
0.037 0.038 0.167786
0.038 0.039 0.191995
0.039 0.040 0.216016
0.040 0.041 0.239697
0.041 0.042 0.262625
0.042 0.043 0.284783
0.043 0.044 0.305354
0.044 0.045 0.324974
0.045 0.046 0.343262
0.046 0.047 0.359858
0.047 0.048 0.377029
0.048 0.049 0.391677
0.049 0.050 0.402817
0.050 0.051 0.413719
0.051 0.052 0.424365
0.052 0.053 0.431828
0.053 0.054 0.437666
0.054 0.055 0.442257
0.055 0.056 0.446435
0.056 0.057 0.450205
0.057 0.058 0.638391
0.058 0.059 1.000000
0.059 0.060 0.813460
0.060 0.061 0.459643
0.061 0.062 0.456852
0.062 0.063 0.433970
0.063 0.064 0.427707
0.064 0.065 0.422633
0.065 0.066 0.417445
0.066 0.067 0.567727
0.067 0.068 0.564517
0.068 0.069 0.434411
0.069 0.070 0.392493
0.070 0.071 0.318125
0.071 0.072 0.313181
0.072 0.073 0.305779
0.073 0.074 0.300911
0.074 0.075 0.296179
0.075 0.076 0.290226
0.076 0.077 0.281948
0.077 0.078 0.275158
0.078 0.079 0.270029
0.079 0.080 0.264236
0.080 0.081 0.256351
0.081 0.082 0.249352
0.082 0.083 0.242361
0.083 0.084 0.235675
0.084 0.085 0.230013
0.085 0.086 0.224778
0.086 0.087 0.218560
0.087 0.088 0.214153
0.088 0.089 0.207703
0.089 0.090 0.199727
0.090 0.091 0.192758
0.091 0.092 0.183218
0.092 0.093 0.176173
0.093 0.094 0.172047
0.094 0.095 0.165043
0.095 0.096 0.158347
0.096 0.097 0.150728
0.097 0.098 0.143663
0.098 0.099 0.137272
0.099 0.100 0.132277
0.100 0.101 0.127720
0.101 0.102 0.122484
0.102 0.103 0.116235
0.103 0.104 0.111367
0.104 0.105 0.106336
0.105 0.106 0.100154
0.106 0.107 0.094683
0.107 0.108 0.088141
0.108 0.109 0.082706
0.109 0.110 0.076751
0.110 0.111 0.072607
0.111 0.112 0.068870
0.112 0.113 0.063635
0.113 0.114 0.058912
0.114 0.115 0.055058
0.115 0.116 0.050850
0.116 0.117 0.046376
0.117 0.118 0.042108
0.118 0.119 0.036612
0.119 0.120 0.032432
0.120 0.121 0.031106
0.121 0.122 0.028534
0.122 0.123 0.025946
0.123 0.124 0.023193
0.124 0.125 0.019837
0.125 0.126 0.016486
0.126 0.127 0.013827
0.127 0.128 0.010166
0.128 0.129 0.008489
0.129 0.130 0.006823
0.130 0.131 0.004943
0.131 0.132 0.003615
0.132 0.133 0.001408
0.133 0.134 0.000812
0.134 0.135 0.000000
0.135 0.136 0.000000
0.136 0.137 0.000000
0.137 0.138 0.000000
0.138 0.139 0.000000
0.139 0.140 0.000000
0.140 0.141 0.000000
0.141 0.142 0.000000
0.142 0.143 0.000000
0.143 0.144 0.000000
0.144 0.145 0.000000
0.145 0.146 0.000000
0.146 0.147 0.000000
0.147 0.148 0.000000
0.148 0.149 0.000000
0.149 0.150 0.000000
