1
0.000 0.001 0.000000
0.001 0.002 0.000000
0.002 0.003 0.000000
0.003 0.004 0.000000
0.004 0.005 0.000000
0.005 0.006 0.000000
0.006 0.007 0.000000
0.007 0.008 0.000000
0.008 0.009 0.000000
0.009 0.010 0.000000
0.010 0.011 0.000000
0.011 0.012 0.000000
0.012 0.013 0.000000
0.013 0.014 0.000000
0.014 0.015 0.000008
0.015 0.016 0.000069
0.016 0.017 0.000392
0.017 0.018 0.001550
0.018 0.019 0.004677
0.019 0.020 0.011466
0.020 0.021 0.023866
0.021 0.022 0.043605
0.022 0.023 0.071782
0.023 0.024 0.108615
0.024 0.025 0.153496
0.025 0.026 0.204843
0.026 0.027 0.260521
0.027 0.028 0.319913
0.028 0.029 0.380536
0.029 0.030 0.439789
0.030 0.031 0.495617
0.031 0.032 0.547594
0.032 0.033 0.594632
0.033 0.034 0.639770
0.034 0.035 0.678735
0.035 0.036 0.715615
0.036 0.037 0.745614
0.037 0.038 0.765994
0.038 0.039 0.783793
0.039 0.040 0.799813
0.040 0.041 0.808043
0.041 0.042 0.811416
0.042 0.043 0.814455
0.043 0.044 0.811636
0.044 0.045 0.807291
0.045 0.046 0.799443
0.046 0.047 0.785572
0.047 0.048 0.770072
0.048 0.049 0.760795
0.049 0.050 0.746308
0.050 0.051 0.731572
0.051 0.052 0.718639
0.052 0.053 0.703476
0.053 0.054 0.687139
0.054 0.055 0.668820
0.055 0.056 0.649268
0.056 0.057 0.630410
0.057 0.058 0.753882
0.058 0.059 1.000000
0.059 0.060 0.835194
0.060 0.061 0.555972
0.061 0.062 0.533211
0.062 0.063 0.503128
0.063 0.064 0.483289
0.064 0.065 0.464842
0.065 0.066 0.448112
0.066 0.067 0.532876
0.067 0.068 0.516618
0.068 0.069 0.414929
0.069 0.070 0.372000
0.070 0.071 0.315551
0.071 0.072 0.300368
0.072 0.073 0.281914
0.073 0.074 0.270700
0.074 0.075 0.256637
0.075 0.076 0.243425
0.076 0.077 0.229242
0.077 0.078 0.217147
0.078 0.079 0.208424
0.079 0.080 0.198945
0.080 0.081 0.187169
0.081 0.082 0.173640
0.082 0.083 0.160928
0.083 0.084 0.148013
0.084 0.085 0.134787
0.085 0.086 0.127164
0.086 0.087 0.118437
0.087 0.088 0.110538
0.088 0.089 0.102167
0.089 0.090 0.092965
0.090 0.091 0.082946
0.091 0.092 0.073412
0.092 0.093 0.065214
0.093 0.094 0.056142
0.094 0.095 0.050182
0.095 0.096 0.044635
0.096 0.097 0.037760
0.097 0.098 0.030552
0.098 0.099 0.022738
0.099 0.100 0.016043
0.100 0.101 0.014362
0.101 0.102 0.011097
0.102 0.103 0.007301
0.103 0.104 0.002711
0.104 0.105 0.001717
0.105 0.106 0.000000
0.106 0.107 0.000000
0.107 0.108 0.000000
0.108 0.109 0.000000
0.109 0.110 0.000000
0.110 0.111 0.000000
0.111 0.112 0.000000
0.112 0.113 0.000000
0.113 0.114 0.000000
0.114 0.115 0.000000
0.115 0.116 0.000000
0.116 0.117 0.000000
0.117 0.118 0.000000
0.118 0.119 0.000000
0.119 0.120 0.000000
0.120 0.121 0.000000
0.121 0.122 0.000000
0.122 0.123 0.000000
0.123 0.124 0.000000
0.124 0.125 0.000000
0.125 0.126 0.000000
0.126 0.127 0.000000
0.127 0.128 0.000000
0.128 0.129 0.000000
0.129 0.130 0.000000
0.130 0.131 0.000000
0.131 0.132 0.000000
0.132 0.133 0.000000
0.133 0.134 0.000000
0.134 0.135 0.000000
0.135 0.136 0.000000
0.136 0.137 0.000000
0.137 0.138 0.000000
0.138 0.139 0.000000
0.139 0.140 0.000000
0.140 0.141 0.000000
0.141 0.142 0.000000
0.142 0.143 0.000000
0.143 0.144 0.000000
0.144 0.145 0.000000
0.145 0.146 0.000000
0.146 0.147 0.000000
0.147 0.148 0.000000
0.148 0.149 0.000000
0.149 0.150 0.000000
