1
0.000 0.001 0.000000
0.001 0.002 0.000000
0.002 0.003 0.000000
0.003 0.004 0.000000
0.004 0.005 0.000000
0.005 0.006 0.000000
0.006 0.007 0.000000
0.007 0.008 0.000000
0.008 0.009 0.000000
0.009 0.010 0.000000
0.010 0.011 0.000000
0.011 0.012 0.000000
0.012 0.013 0.000000
0.013 0.014 0.000000
0.014 0.015 0.000000
0.015 0.016 0.000000
0.016 0.017 0.000000
0.017 0.018 0.000000
0.018 0.019 0.000000
0.019 0.020 0.000000
0.020 0.021 0.000000
0.021 0.022 0.000001
0.022 0.023 0.000007
0.023 0.024 0.000031
0.024 0.025 0.000111
0.025 0.026 0.000335
0.026 0.027 0.000862
0.027 0.028 0.001957
0.028 0.029 0.004003
0.029 0.030 0.007423
0.030 0.031 0.012718
0.031 0.032 0.020379
0.032 0.033 0.030923
0.033 0.034 0.044551
0.034 0.035 0.061447
0.035 0.036 0.081857
0.036 0.037 0.105248
0.037 0.038 0.131020
0.038 0.039 0.159454
0.039 0.040 0.190472
0.040 0.041 0.222342
0.041 0.042 0.255045
0.042 0.043 0.288837
0.043 0.044 0.321736
0.044 0.045 0.354455
0.045 0.046 0.385437
0.046 0.047 0.414256
0.047 0.048 0.442774
0.048 0.049 0.469301
0.049 0.050 0.490781
0.050 0.051 0.511295
0.051 0.052 0.532135
0.052 0.053 0.549564
0.053 0.054 0.562999
0.054 0.055 0.572597
0.055 0.056 0.580715
0.056 0.057 0.588743
0.057 0.058 0.729977
0.058 0.059 1.000000
0.059 0.060 0.862904
0.060 0.061 0.596101
0.061 0.062 0.592247
0.062 0.063 0.571784
0.063 0.064 0.560340
0.064 0.065 0.549577
0.065 0.066 0.539713
0.066 0.067 0.651499
0.067 0.068 0.644539
0.068 0.069 0.527699
0.069 0.070 0.481708
0.070 0.071 0.415425
0.071 0.072 0.402254
0.072 0.073 0.383898
0.073 0.074 0.372866
0.074 0.075 0.363818
0.075 0.076 0.348681
0.076 0.077 0.331448
0.077 0.078 0.316439
0.078 0.079 0.305886
0.079 0.080 0.293822
0.080 0.081 0.276494
0.081 0.082 0.260455
0.082 0.083 0.245101
0.083 0.084 0.229095
0.084 0.085 0.214656
0.085 0.086 0.201511
0.086 0.087 0.184863
0.087 0.088 0.173680
0.088 0.089 0.161691
0.089 0.090 0.147983
0.090 0.091 0.132571
0.091 0.092 0.116430
0.092 0.093 0.106436
0.093 0.094 0.097077
0.094 0.095 0.086193
0.095 0.096 0.075884
0.096 0.097 0.061800
0.097 0.098 0.051174
0.098 0.099 0.039154
0.099 0.100 0.030570
0.100 0.101 0.024330
0.101 0.102 0.018465
0.102 0.103 0.010388
0.103 0.104 0.006546
0.104 0.105 0.001893
0.105 0.106 0.000000
0.106 0.107 0.000000
0.107 0.108 0.000000
0.108 0.109 0.000000
0.109 0.110 0.000000
0.110 0.111 0.000000
0.111 0.112 0.000000
0.112 0.113 0.000000
0.113 0.114 0.000000
0.114 0.115 0.000000
0.115 0.116 0.000000
0.116 0.117 0.000000
0.117 0.118 0.000000
0.118 0.119 0.000000
0.119 0.120 0.000000
0.120 0.121 0.000000
0.121 0.122 0.000000
0.122 0.123 0.000000
0.123 0.124 0.000000
0.124 0.125 0.000000
0.125 0.126 0.000000
0.126 0.127 0.000000
0.127 0.128 0.000000
0.128 0.129 0.000000
0.129 0.130 0.000000
0.130 0.131 0.000000
0.131 0.132 0.000000
0.132 0.133 0.000000
0.133 0.134 0.000000
0.134 0.135 0.000000
0.135 0.136 0.000000
0.136 0.137 0.000000
0.137 0.138 0.000000
0.138 0.139 0.000000
0.139 0.140 0.000000
0.140 0.141 0.000000
0.141 0.142 0.000000
0.142 0.143 0.000000
0.143 0.144 0.000000
0.144 0.145 0.000000
0.145 0.146 0.000000
0.146 0.147 0.000000
0.147 0.148 0.000000
0.148 0.149 0.000000
0.149 0.150 0.000000
