1
0.000 0.001 0.000000
0.001 0.002 0.000000
0.002 0.003 0.000000
0.003 0.004 0.000000
0.004 0.005 0.000000
0.005 0.006 0.000000
0.006 0.007 0.000000
0.007 0.008 0.000000
0.008 0.009 0.000000
0.009 0.010 0.000000
0.010 0.011 0.000000
0.011 0.012 0.000000
0.012 0.013 0.000000
0.013 0.014 0.000000
0.014 0.015 0.000000
0.015 0.016 0.000000
0.016 0.017 0.000000
0.017 0.018 0.000000
0.018 0.019 0.000001
0.019 0.020 0.000009
0.020 0.021 0.000044
0.021 0.022 0.000159
0.022 0.023 0.000472
0.023 0.024 0.001188
0.024 0.025 0.002619
0.025 0.026 0.005137
0.026 0.027 0.009170
0.027 0.028 0.015199
0.028 0.029 0.023522
0.029 0.030 0.034227
0.030 0.031 0.047656
0.031 0.032 0.063572
0.032 0.033 0.081815
0.033 0.034 0.102157
0.034 0.035 0.123968
0.035 0.036 0.146636
0.036 0.037 0.170573
0.037 0.038 0.195452
0.038 0.039 0.219543
0.039 0.040 0.242828
0.040 0.041 0.265802
0.041 0.042 0.287561
0.042 0.043 0.308085
0.043 0.044 0.327259
0.044 0.045 0.345508
0.045 0.046 0.360287
0.046 0.047 0.373898
0.047 0.048 0.388042
0.048 0.049 0.398934
0.049 0.050 0.405906
0.050 0.051 0.413410
0.051 0.052 0.420898
0.052 0.053 0.426152
0.053 0.054 0.429802
0.054 0.055 0.432671
0.055 0.056 0.435505
0.056 0.057 0.438286
0.057 0.058 0.631231
0.058 0.059 1.000000
0.059 0.060 0.806489
0.060 0.061 0.445366
0.061 0.062 0.442307
0.062 0.063 0.418192
0.063 0.064 0.412787
0.064 0.065 0.406431
0.065 0.066 0.399490
0.066 0.067 0.547879
0.067 0.068 0.541963
0.068 0.069 0.412517
0.069 0.070 0.371577
0.070 0.071 0.297945
0.071 0.072 0.293587
0.072 0.073 0.286957
0.073 0.074 0.282040
0.074 0.075 0.277759
0.075 0.076 0.272496
0.076 0.077 0.265219
0.077 0.078 0.259434
0.078 0.079 0.254560
0.079 0.080 0.249537
0.080 0.081 0.243968
0.081 0.082 0.236533
0.082 0.083 0.228202
0.083 0.084 0.221988
0.084 0.085 0.216803
0.085 0.086 0.211969
0.086 0.087 0.206801
0.087 0.088 0.202646
0.088 0.089 0.196649
0.089 0.090 0.189766
0.090 0.091 0.183638
0.091 0.092 0.175538
0.092 0.093 0.169159
0.093 0.094 0.165055
0.094 0.095 0.158813
0.095 0.096 0.153051
0.096 0.097 0.146727
0.097 0.098 0.140550
0.098 0.099 0.134668
0.099 0.100 0.130287
0.100 0.101 0.126219
0.101 0.102 0.121299
0.102 0.103 0.116014
0.103 0.104 0.111734
0.104 0.105 0.106861
0.105 0.106 0.101093
0.106 0.107 0.096118
0.107 0.108 0.090323
0.108 0.109 0.085143
0.109 0.110 0.081873
0.110 0.111 0.078064
0.111 0.112 0.074401
0.112 0.113 0.069404
0.113 0.114 0.064739
0.114 0.115 0.061197
0.115 0.116 0.057477
0.116 0.117 0.053172
0.117 0.118 0.049488
0.118 0.119 0.044933
0.119 0.120 0.040850
0.120 0.121 0.038983
0.121 0.122 0.036379
0.122 0.123 0.033815
0.123 0.124 0.031113
0.124 0.125 0.027782
0.125 0.126 0.024429
0.126 0.127 0.021729
0.127 0.128 0.018052
0.128 0.129 0.016035
0.129 0.130 0.014000
0.130 0.131 0.011720
0.131 0.132 0.010356
0.132 0.133 0.008477
0.133 0.134 0.005877
0.134 0.135 0.004613
0.135 0.136 0.003455
0.136 0.137 0.002350
0.137 0.138 0.000831
0.138 0.139 0.000424
0.139 0.140 0.000000
0.140 0.141 0.000000
0.141 0.142 0.000000
0.142 0.143 0.000000
0.143 0.144 0.000000
0.144 0.145 0.000000
0.145 0.146 0.000000
0.146 0.147 0.000000
0.147 0.148 0.000000
0.148 0.149 0.000000
0.149 0.150 0.000000
