1
0.000 0.001 0.000000
0.001 0.002 0.000000
0.002 0.003 0.000000
0.003 0.004 0.000000
0.004 0.005 0.000000
0.005 0.006 0.000000
0.006 0.007 0.000000
0.007 0.008 0.000000
0.008 0.009 0.000000
0.009 0.010 0.000000
0.010 0.011 0.000000
0.011 0.012 0.000000
0.012 0.013 0.000000
0.013 0.014 0.000000
0.014 0.015 0.000000
0.015 0.016 0.000000
0.016 0.017 0.000000
0.017 0.018 0.000002
0.018 0.019 0.000018
0.019 0.020 0.000092
0.020 0.021 0.000360
0.021 0.022 0.001125
0.022 0.023 0.002925
0.023 0.024 0.006536
0.024 0.025 0.012954
0.025 0.026 0.023166
0.026 0.027 0.038120
0.027 0.028 0.058504
0.028 0.029 0.084488
0.029 0.030 0.116526
0.030 0.031 0.153632
0.031 0.032 0.193988
0.032 0.033 0.238985
0.033 0.034 0.286256
0.034 0.035 0.333702
0.035 0.036 0.381234
0.036 0.037 0.426235
0.037 0.038 0.472359
0.038 0.039 0.518479
0.039 0.040 0.560468
0.040 0.041 0.597455
0.041 0.042 0.632977
0.042 0.043 0.662733
0.043 0.044 0.689232
0.044 0.045 0.715561
0.045 0.046 0.731494
0.046 0.047 0.748209
0.047 0.048 0.758764
0.048 0.049 0.762237
0.049 0.050 0.766993
0.050 0.051 0.771508
0.051 0.052 0.774312
0.052 0.053 0.766648
0.053 0.054 0.760703
0.054 0.055 0.755763
0.055 0.056 0.740492
0.056 0.057 0.721150
0.057 0.058 0.810818
0.058 0.059 1.000000
0.059 0.060 0.887081
0.060 0.061 0.675844
0.061 0.062 0.652548
0.062 0.063 0.621416
0.063 0.064 0.601128
0.064 0.065 0.577791
0.065 0.066 0.550942
0.066 0.067 0.608877
0.067 0.068 0.590742
0.068 0.069 0.498199
0.069 0.070 0.446654
0.070 0.071 0.390297
0.071 0.072 0.370684
0.072 0.073 0.343676
0.073 0.074 0.317462
0.074 0.075 0.291103
0.075 0.076 0.266378
0.076 0.077 0.242528
0.077 0.078 0.214772
0.078 0.079 0.185396
0.079 0.080 0.160257
0.080 0.081 0.137246
0.081 0.082 0.106657
0.082 0.083 0.083093
0.083 0.084 0.064738
0.084 0.085 0.046272
0.085 0.086 0.029827
0.086 0.087 0.015632
0.087 0.088 0.001937
0.088 0.089 0.000000
0.089 0.090 0.000000
0.090 0.091 0.000000
0.091 0.092 0.000000
0.092 0.093 0.000000
0.093 0.094 0.000000
0.094 0.095 0.000000
0.095 0.096 0.000000
0.096 0.097 0.000000
0.097 0.098 0.000000
0.098 0.099 0.000000
0.099 0.100 0.000000
0.100 0.101 0.000000
0.101 0.102 0.000000
0.102 0.103 0.000000
0.103 0.104 0.000000
0.104 0.105 0.000000
0.105 0.106 0.000000
0.106 0.107 0.000000
0.107 0.108 0.000000
0.108 0.109 0.000000
0.109 0.110 0.000000
0.110 0.111 0.000000
0.111 0.112 0.000000
0.112 0.113 0.000000
0.113 0.114 0.000000
0.114 0.115 0.000000
0.115 0.116 0.000000
0.116 0.117 0.000000
0.117 0.118 0.000000
0.118 0.119 0.000000
0.119 0.120 0.000000
0.120 0.121 0.000000
0.121 0.122 0.000000
0.122 0.123 0.000000
0.123 0.124 0.000000
0.124 0.125 0.000000
0.125 0.126 0.000000
0.126 0.127 0.000000
0.127 0.128 0.000000
0.128 0.129 0.000000
0.129 0.130 0.000000
0.130 0.131 0.000000
0.131 0.132 0.000000
0.132 0.133 0.000000
0.133 0.134 0.000000
0.134 0.135 0.000000
0.135 0.136 0.000000
0.136 0.137 0.000000
0.137 0.138 0.000000
0.138 0.139 0.000000
0.139 0.140 0.000000
0.140 0.141 0.000000
0.141 0.142 0.000000
0.142 0.143 0.000000
0.143 0.144 0.000000
0.144 0.145 0.000000
0.145 0.146 0.000000
0.146 0.147 0.000000
0.147 0.148 0.000000
0.148 0.149 0.000000
0.149 0.150 0.000000
