1
0.000 0.001 0.000000
0.001 0.002 0.000000
0.002 0.003 0.000000
0.003 0.004 0.000000
0.004 0.005 0.000000
0.005 0.006 0.000000
0.006 0.007 0.000000
0.007 0.008 0.000000
0.008 0.009 0.000000
0.009 0.010 0.000000
0.010 0.011 0.000000
0.011 0.012 0.000000
0.012 0.013 0.000000
0.013 0.014 0.000000
0.014 0.015 0.000000
0.015 0.016 0.000001
0.016 0.017 0.000012
0.017 0.018 0.000069
0.018 0.019 0.000295
0.019 0.020 0.000981
0.020 0.021 0.002659
0.021 0.022 0.006113
0.022 0.023 0.012279
0.023 0.024 0.022093
0.024 0.025 0.036403
0.025 0.026 0.055576
0.026 0.027 0.079515
0.027 0.028 0.108395
0.028 0.029 0.141638
0.029 0.030 0.177261
0.030 0.031 0.216365
0.031 0.032 0.257047
0.032 0.033 0.298357
0.033 0.034 0.338740
0.034 0.035 0.378158
0.035 0.036 0.416428
0.036 0.037 0.452145
0.037 0.038 0.483014
0.038 0.039 0.509904
0.039 0.040 0.535140
0.040 0.041 0.556283
0.041 0.042 0.573799
0.042 0.043 0.589695
0.043 0.044 0.600803
0.044 0.045 0.608471
0.045 0.046 0.616349
0.046 0.047 0.619493
0.047 0.048 0.623339
0.048 0.049 0.626049
0.049 0.050 0.622563
0.050 0.051 0.617092
0.051 0.052 0.613804
0.052 0.053 0.609979
0.053 0.054 0.601650
0.054 0.055 0.590394
0.055 0.056 0.580553
0.056 0.057 0.571649
0.057 0.058 0.717366
0.058 0.059 1.000000
0.059 0.060 0.829516
0.060 0.061 0.528213
0.061 0.062 0.516167
0.062 0.063 0.489025
0.063 0.064 0.473208
0.064 0.065 0.457982
0.065 0.066 0.445158
0.066 0.067 0.549970
0.067 0.068 0.536849
0.068 0.069 0.425920
0.069 0.070 0.382457
0.070 0.071 0.319704
0.071 0.072 0.305065
0.072 0.073 0.292226
0.073 0.074 0.285852
0.074 0.075 0.278048
0.075 0.076 0.266696
0.076 0.077 0.253517
0.077 0.078 0.242281
0.078 0.079 0.235024
0.079 0.080 0.226586
0.080 0.081 0.215417
0.081 0.082 0.202763
0.082 0.083 0.191077
0.083 0.084 0.177965
0.084 0.085 0.169649
0.085 0.086 0.162525
0.086 0.087 0.153676
0.087 0.088 0.146635
0.088 0.089 0.139322
0.089 0.090 0.129933
0.090 0.091 0.119602
0.091 0.092 0.108912
0.092 0.093 0.100774
0.093 0.094 0.093273
0.094 0.095 0.086835
0.095 0.096 0.080784
0.096 0.097 0.073317
0.097 0.098 0.064951
0.098 0.099 0.055719
0.099 0.100 0.049307
0.100 0.101 0.045994
0.101 0.102 0.039172
0.102 0.103 0.033486
0.103 0.104 0.028880
0.104 0.105 0.025480
0.105 0.106 0.021329
0.106 0.107 0.016909
0.107 0.108 0.011073
0.108 0.109 0.008345
0.109 0.110 0.005553
0.110 0.111 0.002059
0.111 0.112 0.001282
0.112 0.113 0.000000
0.113 0.114 0.000000
0.114 0.115 0.000000
0.115 0.116 0.000000
0.116 0.117 0.000000
0.117 0.118 0.000000
0.118 0.119 0.000000
0.119 0.120 0.000000
0.120 0.121 0.000000
0.121 0.122 0.000000
0.122 0.123 0.000000
0.123 0.124 0.000000
0.124 0.125 0.000000
0.125 0.126 0.000000
0.126 0.127 0.000000
0.127 0.128 0.000000
0.128 0.129 0.000000
0.129 0.130 0.000000
0.130 0.131 0.000000
0.131 0.132 0.000000
0.132 0.133 0.000000
0.133 0.134 0.000000
0.134 0.135 0.000000
0.135 0.136 0.000000
0.136 0.137 0.000000
0.137 0.138 0.000000
0.138 0.139 0.000000
0.139 0.140 0.000000
0.140 0.141 0.000000
0.141 0.142 0.000000
0.142 0.143 0.000000
0.143 0.144 0.000000
0.144 0.145 0.000000
0.145 0.146 0.000000
0.146 0.147 0.000000
0.147 0.148 0.000000
0.148 0.149 0.000000
0.149 0.150 0.000000
