1
0.000 0.001 0.000000
0.001 0.002 0.000000
0.002 0.003 0.000000
0.003 0.004 0.000000
0.004 0.005 0.000000
0.005 0.006 0.000000
0.006 0.007 0.000000
0.007 0.008 0.000000
0.008 0.009 0.000000
0.009 0.010 0.000000
0.010 0.011 0.000000
0.011 0.012 0.000000
0.012 0.013 0.000000
0.013 0.014 0.000000
0.014 0.015 0.000000
0.015 0.016 0.000000
0.016 0.017 0.000001
0.017 0.018 0.000005
0.018 0.019 0.000030
0.019 0.020 0.000124
0.020 0.021 0.000407
0.021 0.022 0.001101
0.022 0.023 0.002550
0.023 0.024 0.005206
0.024 0.025 0.009585
0.025 0.026 0.016134
0.026 0.027 0.025238
0.027 0.028 0.037252
0.028 0.029 0.052213
0.029 0.030 0.069773
0.030 0.031 0.090015
0.031 0.032 0.112245
0.032 0.033 0.136180
0.033 0.034 0.161280
0.034 0.035 0.186814
0.035 0.036 0.212469
0.036 0.037 0.237917
0.037 0.038 0.263201
0.038 0.039 0.286717
0.039 0.040 0.308928
0.040 0.041 0.329822
0.041 0.042 0.348818
0.042 0.043 0.366531
0.043 0.044 0.382375
0.044 0.045 0.397392
0.045 0.046 0.408967
0.046 0.047 0.418512
0.047 0.048 0.428950
0.048 0.049 0.437171
0.049 0.050 0.441531
0.050 0.051 0.445825
0.051 0.052 0.450828
0.052 0.053 0.452719
0.053 0.054 0.452636
0.054 0.055 0.452363
0.055 0.056 0.452659
0.056 0.057 0.452277
0.057 0.058 0.640260
0.058 0.059 1.000000
0.059 0.060 0.805663
0.060 0.061 0.450128
0.061 0.062 0.444987
0.062 0.063 0.420367
0.063 0.064 0.413747
0.064 0.065 0.405910
0.065 0.066 0.398494
0.066 0.067 0.537902
0.067 0.068 0.531746
0.068 0.069 0.407561
0.069 0.070 0.366342
0.070 0.071 0.295932
0.071 0.072 0.290208
0.072 0.073 0.282430
0.073 0.074 0.276831
0.074 0.075 0.271354
0.075 0.076 0.264950
0.076 0.077 0.256646
0.077 0.078 0.249811
0.078 0.079 0.244770
0.079 0.080 0.238798
0.080 0.081 0.232143
0.081 0.082 0.224154
0.082 0.083 0.216480
0.083 0.084 0.209281
0.084 0.085 0.202896
0.085 0.086 0.196896
0.086 0.087 0.189966
0.087 0.088 0.184342
0.088 0.089 0.178468
0.089 0.090 0.171173
0.090 0.091 0.164708
0.091 0.092 0.156096
0.092 0.093 0.149779
0.093 0.094 0.146085
0.094 0.095 0.139858
0.095 0.096 0.133474
0.096 0.097 0.128256
0.097 0.098 0.121484
0.098 0.099 0.115316
0.099 0.100 0.110454
0.100 0.101 0.106136
0.101 0.102 0.101166
0.102 0.103 0.095292
0.103 0.104 0.090253
0.104 0.105 0.086236
0.105 0.106 0.081311
0.106 0.107 0.076986
0.107 0.108 0.071774
0.108 0.109 0.067471
0.109 0.110 0.063245
0.110 0.111 0.058550
0.111 0.112 0.055342
0.112 0.113 0.050891
0.113 0.114 0.046908
0.114 0.115 0.043589
0.115 0.116 0.039953
0.116 0.117 0.036170
0.117 0.118 0.032169
0.118 0.119 0.028101
0.119 0.120 0.025615
0.120 0.121 0.024333
0.121 0.122 0.021766
0.122 0.123 0.018824
0.123 0.124 0.016758
0.124 0.125 0.014242
0.125 0.126 0.011734
0.126 0.127 0.009763
0.127 0.128 0.007181
0.128 0.129 0.005677
0.129 0.130 0.004227
0.130 0.131 0.002335
0.131 0.132 0.001618
0.132 0.133 0.000451
0.133 0.134 0.000000
0.134 0.135 0.000000
0.135 0.136 0.000000
0.136 0.137 0.000000
0.137 0.138 0.000000
0.138 0.139 0.000000
0.139 0.140 0.000000
0.140 0.141 0.000000
0.141 0.142 0.000000
0.142 0.143 0.000000
0.143 0.144 0.000000
0.144 0.145 0.000000
0.145 0.146 0.000000
0.146 0.147 0.000000
0.147 0.148 0.000000
0.148 0.149 0.000000
0.149 0.150 0.000000
