1
0.000 0.001 0.000000
0.001 0.002 0.000000
0.002 0.003 0.000000
0.003 0.004 0.000000
0.004 0.005 0.000000
0.005 0.006 0.000000
0.006 0.007 0.000000
0.007 0.008 0.000000
0.008 0.009 0.000000
0.009 0.010 0.000000
0.010 0.011 0.000000
0.011 0.012 0.000000
0.012 0.013 0.000000
0.013 0.014 0.000000
0.014 0.015 0.000000
0.015 0.016 0.000000
0.016 0.017 0.000000
0.017 0.018 0.000000
0.018 0.019 0.000001
0.019 0.020 0.000005
0.020 0.021 0.000026
0.021 0.022 0.000110
0.022 0.023 0.000370
0.023 0.024 0.001035
0.024 0.025 0.002490
0.025 0.026 0.005258
0.026 0.027 0.009946
0.027 0.028 0.017293
0.028 0.029 0.027978
0.029 0.030 0.042235
0.030 0.031 0.060677
0.031 0.032 0.083162
0.032 0.033 0.109804
0.033 0.034 0.139583
0.034 0.035 0.172361
0.035 0.036 0.207993
0.036 0.037 0.244664
0.037 0.038 0.280581
0.038 0.039 0.316750
0.039 0.040 0.353443
0.040 0.041 0.387382
0.041 0.042 0.419493
0.042 0.043 0.450257
0.043 0.044 0.475848
0.044 0.045 0.502985
0.045 0.046 0.526809
0.046 0.047 0.546661
0.047 0.048 0.564948
0.048 0.049 0.580511
0.049 0.050 0.590724
0.050 0.051 0.599216
0.051 0.052 0.607050
0.052 0.053 0.612042
0.053 0.054 0.613239
0.054 0.055 0.610690
0.055 0.056 0.606890
0.056 0.057 0.601800
0.057 0.058 0.737773
0.058 0.059 1.000000
0.059 0.060 0.853237
0.060 0.061 0.582055
0.061 0.062 0.571959
0.062 0.063 0.546447
0.063 0.064 0.530284
0.064 0.065 0.515335
0.065 0.066 0.501720
0.066 0.067 0.601953
0.067 0.068 0.588284
0.068 0.069 0.473955
0.069 0.070 0.430311
0.070 0.071 0.368924
0.071 0.072 0.356146
0.072 0.073 0.339052
0.073 0.074 0.330118
0.074 0.075 0.319540
0.075 0.076 0.303484
0.076 0.077 0.285796
0.077 0.078 0.270253
0.078 0.079 0.257453
0.079 0.080 0.248379
0.080 0.081 0.235911
0.081 0.082 0.221431
0.082 0.083 0.207614
0.083 0.084 0.193360
0.084 0.085 0.180599
0.085 0.086 0.169042
0.086 0.087 0.155926
0.087 0.088 0.142160
0.088 0.089 0.133018
0.089 0.090 0.122372
0.090 0.091 0.110108
0.091 0.092 0.098771
0.092 0.093 0.089167
0.093 0.094 0.080068
0.094 0.095 0.069773
0.095 0.096 0.058355
0.096 0.097 0.049934
0.097 0.098 0.040997
0.098 0.099 0.031028
0.099 0.100 0.023833
0.100 0.101 0.018049
0.101 0.102 0.013978
0.102 0.103 0.009216
0.103 0.104 0.003429
0.104 0.105 0.002176
0.105 0.106 0.000000
0.106 0.107 0.000000
0.107 0.108 0.000000
0.108 0.109 0.000000
0.109 0.110 0.000000
0.110 0.111 0.000000
0.111 0.112 0.000000
0.112 0.113 0.000000
0.113 0.114 0.000000
0.114 0.115 0.000000
0.115 0.116 0.000000
0.116 0.117 0.000000
0.117 0.118 0.000000
0.118 0.119 0.000000
0.119 0.120 0.000000
0.120 0.121 0.000000
0.121 0.122 0.000000
0.122 0.123 0.000000
0.123 0.124 0.000000
0.124 0.125 0.000000
0.125 0.126 0.000000
0.126 0.127 0.000000
0.127 0.128 0.000000
0.128 0.129 0.000000
0.129 0.130 0.000000
0.130 0.131 0.000000
0.131 0.132 0.000000
0.132 0.133 0.000000
0.133 0.134 0.000000
0.134 0.135 0.000000
0.135 0.136 0.000000
0.136 0.137 0.000000
0.137 0.138 0.000000
0.138 0.139 0.000000
0.139 0.140 0.000000
0.140 0.141 0.000000
0.141 0.142 0.000000
0.142 0.143 0.000000
0.143 0.144 0.000000
0.144 0.145 0.000000
0.145 0.146 0.000000
0.146 0.147 0.000000
0.147 0.148 0.000000
0.148 0.149 0.000000
0.149 0.150 0.000000
