1
0.000 0.001 0.000000
0.001 0.002 0.000000
0.002 0.003 0.000000
0.003 0.004 0.000000
0.004 0.005 0.000000
0.005 0.006 0.000000
0.006 0.007 0.000000
0.007 0.008 0.000000
0.008 0.009 0.000000
0.009 0.010 0.000000
0.010 0.011 0.000000
0.011 0.012 0.000000
0.012 0.013 0.000000
0.013 0.014 0.000000
0.014 0.015 0.000000
0.015 0.016 0.000000
0.016 0.017 0.000000
0.017 0.018 0.000000
0.018 0.019 0.000001
0.019 0.020 0.000004
0.020 0.021 0.000025
0.021 0.022 0.000108
0.022 0.023 0.000367
0.023 0.024 0.001030
0.024 0.025 0.002485
0.025 0.026 0.005265
0.026 0.027 0.010013
0.027 0.028 0.017478
0.028 0.029 0.028355
0.029 0.030 0.043115
0.030 0.031 0.061998
0.031 0.032 0.084803
0.032 0.033 0.112175
0.033 0.034 0.142922
0.034 0.035 0.176144
0.035 0.036 0.212376
0.036 0.037 0.249442
0.037 0.038 0.287124
0.038 0.039 0.326158
0.039 0.040 0.365448
0.040 0.041 0.401843
0.041 0.042 0.437357
0.042 0.043 0.471144
0.043 0.044 0.502424
0.044 0.045 0.532465
0.045 0.046 0.556566
0.046 0.047 0.579514
0.047 0.048 0.599048
0.048 0.049 0.614496
0.049 0.050 0.626871
0.050 0.051 0.638959
0.051 0.052 0.650790
0.052 0.053 0.654530
0.053 0.054 0.656674
0.054 0.055 0.659159
0.055 0.056 0.656384
0.056 0.057 0.650078
0.057 0.058 0.767528
0.058 0.059 1.000000
0.059 0.060 0.872915
0.060 0.061 0.632618
0.061 0.062 0.618509
0.062 0.063 0.590659
0.063 0.064 0.574793
0.064 0.065 0.558590
0.065 0.066 0.541058
0.066 0.067 0.626227
0.067 0.068 0.612742
0.068 0.069 0.508056
0.069 0.070 0.459272
0.070 0.071 0.399707
0.071 0.072 0.383805
0.072 0.073 0.361716
0.073 0.074 0.343126
0.074 0.075 0.323535
0.075 0.076 0.300817
0.076 0.077 0.280363
0.077 0.078 0.259782
0.078 0.079 0.240318
0.079 0.080 0.224578
0.080 0.081 0.205667
0.081 0.082 0.182360
0.082 0.083 0.165099
0.083 0.084 0.149196
0.084 0.085 0.131293
0.085 0.086 0.117640
0.086 0.087 0.101948
0.087 0.088 0.085422
0.088 0.089 0.070481
0.089 0.090 0.057628
0.090 0.091 0.046025
0.091 0.092 0.035927
0.092 0.093 0.024733
0.093 0.094 0.015569
0.094 0.095 0.009824
0.095 0.096 0.001770
0.096 0.097 0.000000
0.097 0.098 0.000000
0.098 0.099 0.000000
0.099 0.100 0.000000
0.100 0.101 0.000000
0.101 0.102 0.000000
0.102 0.103 0.000000
0.103 0.104 0.000000
0.104 0.105 0.000000
0.105 0.106 0.000000
0.106 0.107 0.000000
0.107 0.108 0.000000
0.108 0.109 0.000000
0.109 0.110 0.000000
0.110 0.111 0.000000
0.111 0.112 0.000000
0.112 0.113 0.000000
0.113 0.114 0.000000
0.114 0.115 0.000000
0.115 0.116 0.000000
0.116 0.117 0.000000
0.117 0.118 0.000000
0.118 0.119 0.000000
0.119 0.120 0.000000
0.120 0.121 0.000000
0.121 0.122 0.000000
0.122 0.123 0.000000
0.123 0.124 0.000000
0.124 0.125 0.000000
0.125 0.126 0.000000
0.126 0.127 0.000000
0.127 0.128 0.000000
0.128 0.129 0.000000
0.129 0.130 0.000000
0.130 0.131 0.000000
0.131 0.132 0.000000
0.132 0.133 0.000000
0.133 0.134 0.000000
0.134 0.135 0.000000
0.135 0.136 0.000000
0.136 0.137 0.000000
0.137 0.138 0.000000
0.138 0.139 0.000000
0.139 0.140 0.000000
0.140 0.141 0.000000
0.141 0.142 0.000000
0.142 0.143 0.000000
0.143 0.144 0.000000
0.144 0.145 0.000000
0.145 0.146 0.000000
0.146 0.147 0.000000
0.147 0.148 0.000000
0.148 0.149 0.000000
0.149 0.150 0.000000
