1
0.000 0.001 0.000000
0.001 0.002 0.000000
0.002 0.003 0.000000
0.003 0.004 0.000000
0.004 0.005 0.000000
0.005 0.006 0.000000
0.006 0.007 0.000000
0.007 0.008 0.000000
0.008 0.009 0.000000
0.009 0.010 0.000000
0.010 0.011 0.000000
0.011 0.012 0.000000
0.012 0.013 0.000000
0.013 0.014 0.000000
0.014 0.015 0.000000
0.015 0.016 0.000000
0.016 0.017 0.000000
0.017 0.018 0.000000
0.018 0.019 0.000000
0.019 0.020 0.000000
0.020 0.021 0.000000
0.021 0.022 0.000002
0.022 0.023 0.000012
0.023 0.024 0.000048
0.024 0.025 0.000155
0.025 0.026 0.000424
0.026 0.027 0.001005
0.027 0.028 0.002132
0.028 0.029 0.004089
0.029 0.030 0.007209
0.030 0.031 0.011894
0.031 0.032 0.018415
0.032 0.033 0.027009
0.033 0.034 0.037931
0.034 0.035 0.051154
0.035 0.036 0.066493
0.036 0.037 0.084018
0.037 0.038 0.103689
0.038 0.039 0.124521
0.039 0.040 0.146372
0.040 0.041 0.169205
0.041 0.042 0.192324
0.042 0.043 0.215558
0.043 0.044 0.238391
0.044 0.045 0.261191
0.045 0.046 0.282043
0.046 0.047 0.301876
0.047 0.048 0.321744
0.048 0.049 0.340929
0.049 0.050 0.356943
0.050 0.051 0.373013
0.051 0.052 0.389016
0.052 0.053 0.401906
0.053 0.054 0.412786
0.054 0.055 0.422310
0.055 0.056 0.431788
0.056 0.057 0.440914
0.057 0.058 0.632256
0.058 0.059 1.000000
0.059 0.060 0.820791
0.060 0.061 0.468288
0.061 0.062 0.469474
0.062 0.063 0.449237
0.063 0.064 0.446758
0.064 0.065 0.442736
0.065 0.066 0.437683
0.066 0.067 0.599822
0.067 0.068 0.599976
0.068 0.069 0.464066
0.069 0.070 0.421443
0.070 0.071 0.343121
0.071 0.072 0.339604
0.072 0.073 0.333349
0.073 0.074 0.329465
0.074 0.075 0.325655
0.075 0.076 0.320549
0.076 0.077 0.312796
0.077 0.078 0.306561
0.078 0.079 0.301932
0.079 0.080 0.296628
0.080 0.081 0.289955
0.081 0.082 0.281082
0.082 0.083 0.271399
0.083 0.084 0.264693
0.084 0.085 0.259088
0.085 0.086 0.253909
0.086 0.087 0.247593
0.087 0.088 0.243292
0.088 0.089 0.236656
0.089 0.090 0.228170
0.090 0.091 0.220744
0.091 0.092 0.210354
0.092 0.093 0.202800
0.093 0.094 0.198587
0.094 0.095 0.191020
0.095 0.096 0.183775
0.096 0.097 0.176343
0.097 0.098 0.165932
0.098 0.099 0.158997
0.099 0.100 0.153541
0.100 0.101 0.148451
0.101 0.102 0.142669
0.102 0.103 0.135712
0.103 0.104 0.130341
0.104 0.105 0.124736
0.105 0.106 0.117779
0.106 0.107 0.111646
0.107 0.108 0.104226
0.108 0.109 0.098098
0.109 0.110 0.092113
0.110 0.111 0.085111
0.111 0.112 0.080882
0.112 0.113 0.074886
0.113 0.114 0.069480
0.114 0.115 0.065092
0.115 0.116 0.060273
0.116 0.117 0.055141
0.117 0.118 0.050197
0.118 0.119 0.043677
0.119 0.120 0.039421
0.120 0.121 0.036154
0.121 0.122 0.033186
0.122 0.123 0.030195
0.123 0.124 0.027007
0.124 0.125 0.023113
0.125 0.126 0.019219
0.126 0.127 0.016129
0.127 0.128 0.011865
0.128 0.129 0.009913
0.129 0.130 0.007972
0.130 0.131 0.005779
0.131 0.132 0.004228
0.132 0.133 0.001647
0.133 0.134 0.000950
0.134 0.135 0.000000
0.135 0.136 0.000000
0.136 0.137 0.000000
0.137 0.138 0.000000
0.138 0.139 0.000000
0.139 0.140 0.000000
0.140 0.141 0.000000
0.141 0.142 0.000000
0.142 0.143 0.000000
0.143 0.144 0.000000
0.144 0.145 0.000000
0.145 0.146 0.000000
0.146 0.147 0.000000
0.147 0.148 0.000000
0.148 0.149 0.000000
0.149 0.150 0.000000
