1
0.000 0.001 0.000000
0.001 0.002 0.000000
0.002 0.003 0.000000
0.003 0.004 0.000000
0.004 0.005 0.000000
0.005 0.006 0.000000
0.006 0.007 0.000000
0.007 0.008 0.000000
0.008 0.009 0.000000
0.009 0.010 0.000000
0.010 0.011 0.000000
0.011 0.012 0.000000
0.012 0.013 0.000001
0.013 0.014 0.000012
0.014 0.015 0.000088
0.015 0.016 0.000418
0.016 0.017 0.001440
0.017 0.018 0.003912
0.018 0.019 0.008776
0.019 0.020 0.017131
0.020 0.021 0.029874
0.021 0.022 0.047443
0.022 0.023 0.069811
0.023 0.024 0.096687
0.024 0.025 0.127493
0.025 0.026 0.160763
0.026 0.027 0.195707
0.027 0.028 0.232195
0.028 0.029 0.268509
0.029 0.030 0.303013
0.030 0.031 0.336325
0.031 0.032 0.367402
0.032 0.033 0.395846
0.033 0.034 0.422133
0.034 0.035 0.445928
0.035 0.036 0.465902
0.036 0.037 0.483964
0.037 0.038 0.499460
0.038 0.039 0.509568
0.039 0.040 0.518568
0.040 0.041 0.526145
0.041 0.042 0.529745
0.042 0.043 0.533851
0.043 0.044 0.535579
0.044 0.045 0.536400
0.045 0.046 0.535428
0.046 0.047 0.530483
0.047 0.048 0.528661
0.048 0.049 0.526508
0.049 0.050 0.519394
0.050 0.051 0.511240
0.051 0.052 0.505835
0.052 0.053 0.500818
0.053 0.054 0.492497
0.054 0.055 0.483341
0.055 0.056 0.477495
0.056 0.057 0.471539
0.057 0.058 0.653201
0.058 0.059 1.000000
0.059 0.060 0.797534
0.060 0.061 0.444788
0.061 0.062 0.435780
0.062 0.063 0.409471
0.063 0.064 0.398752
0.064 0.065 0.387289
0.065 0.066 0.378723
0.066 0.067 0.503834
0.067 0.068 0.494685
0.068 0.069 0.379547
0.069 0.070 0.339774
0.070 0.071 0.274806
0.071 0.072 0.267399
0.072 0.073 0.259061
0.073 0.074 0.254553
0.074 0.075 0.249192
0.075 0.076 0.242584
0.076 0.077 0.233829
0.077 0.078 0.226684
0.078 0.079 0.222891
0.079 0.080 0.217621
0.080 0.081 0.210028
0.081 0.082 0.201912
0.082 0.083 0.194758
0.083 0.084 0.187913
0.084 0.085 0.181899
0.085 0.086 0.176661
0.086 0.087 0.169630
0.087 0.088 0.165191
0.088 0.089 0.160065
0.089 0.090 0.152533
0.090 0.091 0.145264
0.091 0.092 0.135904
0.092 0.093 0.129764
0.093 0.094 0.126631
0.094 0.095 0.120396
0.095 0.096 0.114368
0.096 0.097 0.107789
0.097 0.098 0.099816
0.098 0.099 0.092316
0.099 0.100 0.086233
0.100 0.101 0.082083
0.101 0.102 0.077007
0.102 0.103 0.070054
0.103 0.104 0.064337
0.104 0.105 0.060514
0.105 0.106 0.055695
0.106 0.107 0.050610
0.107 0.108 0.045526
0.108 0.109 0.041162
0.109 0.110 0.036443
0.110 0.111 0.031789
0.111 0.112 0.028752
0.112 0.113 0.024798
0.113 0.114 0.021166
0.114 0.115 0.018335
0.115 0.116 0.015017
0.116 0.117 0.011802
0.117 0.118 0.009199
0.118 0.119 0.005806
0.119 0.120 0.004305
0.120 0.121 0.002986
0.121 0.122 0.001448
0.122 0.123 0.000399
0.123 0.124 0.000000
0.124 0.125 0.000000
0.125 0.126 0.000000
0.126 0.127 0.000000
0.127 0.128 0.000000
0.128 0.129 0.000000
0.129 0.130 0.000000
0.130 0.131 0.000000
0.131 0.132 0.000000
0.132 0.133 0.000000
0.133 0.134 0.000000
0.134 0.135 0.000000
0.135 0.136 0.000000
0.136 0.137 0.000000
0.137 0.138 0.000000
0.138 0.139 0.000000
0.139 0.140 0.000000
0.140 0.141 0.000000
0.141 0.142 0.000000
0.142 0.143 0.000000
0.143 0.144 0.000000
0.144 0.145 0.000000
0.145 0.146 0.000000
0.146 0.147 0.000000
0.147 0.148 0.000000
0.148 0.149 0.000000
0.149 0.150 0.000000
