1
0.000 0.001 0.000000
0.001 0.002 0.000000
0.002 0.003 0.000000
0.003 0.004 0.000000
0.004 0.005 0.000000
0.005 0.006 0.000000
0.006 0.007 0.000000
0.007 0.008 0.000000
0.008 0.009 0.000000
0.009 0.010 0.000000
0.010 0.011 0.000000
0.011 0.012 0.000000
0.012 0.013 0.000000
0.013 0.014 0.000000
0.014 0.015 0.000000
0.015 0.016 0.000000
0.016 0.017 0.000000
0.017 0.018 0.000000
0.018 0.019 0.000000
0.019 0.020 0.000002
0.020 0.021 0.000012
0.021 0.022 0.000060
0.022 0.023 0.000233
0.023 0.024 0.000736
0.024 0.025 0.001959
0.025 0.026 0.004516
0.026 0.027 0.009215
0.027 0.028 0.017054
0.028 0.029 0.029100
0.029 0.030 0.046179
0.030 0.031 0.068926
0.031 0.032 0.097396
0.032 0.033 0.131981
0.033 0.034 0.172012
0.034 0.035 0.216642
0.035 0.036 0.265238
0.036 0.037 0.315720
0.037 0.038 0.368733
0.038 0.039 0.423037
0.039 0.040 0.476620
0.040 0.041 0.527991
0.041 0.042 0.577727
0.042 0.043 0.623819
0.043 0.044 0.666120
0.044 0.045 0.705780
0.045 0.046 0.735944
0.046 0.047 0.764344
0.047 0.048 0.786855
0.048 0.049 0.801509
0.049 0.050 0.813591
0.050 0.051 0.822875
0.051 0.052 0.826388
0.052 0.053 0.823788
0.053 0.054 0.821383
0.054 0.055 0.815606
0.055 0.056 0.797839
0.056 0.057 0.775992
0.057 0.058 0.843213
0.058 0.059 1.000000
0.059 0.060 0.897069
0.060 0.061 0.708013
0.061 0.062 0.681370
0.062 0.063 0.642151
0.063 0.064 0.617097
0.064 0.065 0.590029
0.065 0.066 0.558497
0.066 0.067 0.604132
0.067 0.068 0.579117
0.068 0.069 0.479847
0.069 0.070 0.429794
0.070 0.071 0.376399
0.071 0.072 0.352675
0.072 0.073 0.321258
0.073 0.074 0.290321
0.074 0.075 0.266200
0.075 0.076 0.242509
0.076 0.077 0.219348
0.077 0.078 0.190239
0.078 0.079 0.168349
0.079 0.080 0.149399
0.080 0.081 0.129698
0.081 0.082 0.102614
0.082 0.083 0.086415
0.083 0.084 0.072515
0.084 0.085 0.053408
0.085 0.086 0.041459
0.086 0.087 0.028386
0.087 0.088 0.013090
0.088 0.089 0.003335
0.089 0.090 0.000000
0.090 0.091 0.000000
0.091 0.092 0.000000
0.092 0.093 0.000000
0.093 0.094 0.000000
0.094 0.095 0.000000
0.095 0.096 0.000000
0.096 0.097 0.000000
0.097 0.098 0.000000
0.098 0.099 0.000000
0.099 0.100 0.000000
0.100 0.101 0.000000
0.101 0.102 0.000000
0.102 0.103 0.000000
0.103 0.104 0.000000
0.104 0.105 0.000000
0.105 0.106 0.000000
0.106 0.107 0.000000
0.107 0.108 0.000000
0.108 0.109 0.000000
0.109 0.110 0.000000
0.110 0.111 0.000000
0.111 0.112 0.000000
0.112 0.113 0.000000
0.113 0.114 0.000000
0.114 0.115 0.000000
0.115 0.116 0.000000
0.116 0.117 0.000000
0.117 0.118 0.000000
0.118 0.119 0.000000
0.119 0.120 0.000000
0.120 0.121 0.000000
0.121 0.122 0.000000
0.122 0.123 0.000000
0.123 0.124 0.000000
0.124 0.125 0.000000
0.125 0.126 0.000000
0.126 0.127 0.000000
0.127 0.128 0.000000
0.128 0.129 0.000000
0.129 0.130 0.000000
0.130 0.131 0.000000
0.131 0.132 0.000000
0.132 0.133 0.000000
0.133 0.134 0.000000
0.134 0.135 0.000000
0.135 0.136 0.000000
0.136 0.137 0.000000
0.137 0.138 0.000000
0.138 0.139 0.000000
0.139 0.140 0.000000
0.140 0.141 0.000000
0.141 0.142 0.000000
0.142 0.143 0.000000
0.143 0.144 0.000000
0.144 0.145 0.000000
0.145 0.146 0.000000
0.146 0.147 0.000000
0.147 0.148 0.000000
0.148 0.149 0.000000
0.149 0.150 0.000000
