1
0.000 0.001 0.000000
0.001 0.002 0.000000
0.002 0.003 0.000000
0.003 0.004 0.000000
0.004 0.005 0.000000
0.005 0.006 0.000000
0.006 0.007 0.000006
0.007 0.008 0.000451
0.008 0.009 0.000000
0.009 0.010 0.000002
0.010 0.011 0.000023
0.011 0.012 0.000186
0.012 0.013 0.000975
0.013 0.014 0.003828
0.014 0.015 0.011084
0.015 0.016 0.025429
0.016 0.017 0.049197
0.017 0.018 0.083688
0.018 0.019 0.128342
0.019 0.020 0.182465
0.020 0.021 0.243774
0.021 0.022 0.309542
0.022 0.023 0.376361
0.023 0.024 0.441589
0.024 0.025 0.504874
0.025 0.026 0.561823
0.026 0.027 0.617048
0.027 0.028 0.667897
0.028 0.029 0.713587
0.029 0.030 0.751570
0.030 0.031 0.782399
0.031 0.032 0.807072
0.032 0.033 0.826441
0.033 0.034 0.839669
0.034 0.035 0.848747
0.035 0.036 0.853953
0.036 0.037 0.855599
0.037 0.038 0.851344
0.038 0.039 0.841302
0.039 0.040 0.832291
0.040 0.041 0.820902
0.041 0.042 0.805348
0.042 0.043 0.794735
0.043 0.044 0.780990
0.044 0.045 0.767418
0.045 0.046 0.751745
0.046 0.047 0.732714
0.047 0.048 0.716606
0.048 0.049 0.701182
0.049 0.050 0.681588
0.050 0.051 0.660970
0.051 0.052 0.643526
0.052 0.053 0.627319
0.053 0.054 0.608209
0.054 0.055 0.588015
0.055 0.056 0.570478
0.056 0.057 0.553877
0.057 0.058 0.702942
0.058 0.059 1.000000
0.059 0.060 0.812269
0.060 0.061 0.494557
0.061 0.062 0.479126
0.062 0.063 0.448904
0.063 0.064 0.431697
0.064 0.065 0.414834
0.065 0.066 0.400742
0.066 0.067 0.502015
0.067 0.068 0.487778
0.068 0.069 0.380817
0.069 0.070 0.339552
0.070 0.071 0.279582
0.071 0.072 0.267677
0.072 0.073 0.253303
0.073 0.074 0.246877
0.074 0.075 0.239427
0.075 0.076 0.230016
0.076 0.077 0.219039
0.077 0.078 0.209606
0.078 0.079 0.203589
0.079 0.080 0.196507
0.080 0.081 0.187108
0.081 0.082 0.176816
0.082 0.083 0.167684
0.083 0.084 0.158798
0.084 0.085 0.150686
0.085 0.086 0.142507
0.086 0.087 0.135462
0.087 0.088 0.130382
0.088 0.089 0.124996
0.089 0.090 0.117697
0.090 0.091 0.110106
0.091 0.092 0.101504
0.092 0.093 0.095433
0.093 0.094 0.091369
0.094 0.095 0.085087
0.095 0.096 0.079074
0.096 0.097 0.071498
0.097 0.098 0.065308
0.098 0.099 0.058943
0.099 0.100 0.054317
0.100 0.101 0.051632
0.101 0.102 0.047579
0.102 0.103 0.041869
0.103 0.104 0.037325
0.104 0.105 0.033876
0.105 0.106 0.028975
0.106 0.107 0.025942
0.107 0.108 0.022303
0.108 0.109 0.019096
0.109 0.110 0.015642
0.110 0.111 0.012445
0.111 0.112 0.009155
0.112 0.113 0.007271
0.113 0.114 0.005626
0.114 0.115 0.003901
0.115 0.116 0.001431
0.116 0.117 0.000852
0.117 0.118 0.000000
0.118 0.119 0.000000
0.119 0.120 0.000000
0.120 0.121 0.000000
0.121 0.122 0.000000
0.122 0.123 0.000000
0.123 0.124 0.000000
0.124 0.125 0.000000
0.125 0.126 0.000000
0.126 0.127 0.000000
0.127 0.128 0.000000
0.128 0.129 0.000000
0.129 0.130 0.000000
0.130 0.131 0.000000
0.131 0.132 0.000000
0.132 0.133 0.000000
0.133 0.134 0.000000
0.134 0.135 0.000000
0.135 0.136 0.000000
0.136 0.137 0.000000
0.137 0.138 0.000000
0.138 0.139 0.000000
0.139 0.140 0.000000
0.140 0.141 0.000000
0.141 0.142 0.000000
0.142 0.143 0.000000
0.143 0.144 0.000000
0.144 0.145 0.000000
0.145 0.146 0.000000
0.146 0.147 0.000000
0.147 0.148 0.000000
0.148 0.149 0.000000
0.149 0.150 0.000000
