1
0.000 0.001 0.000000
0.001 0.002 0.000000
0.002 0.003 0.000000
0.003 0.004 0.000000
0.004 0.005 0.000000
0.005 0.006 0.000000
0.006 0.007 0.000000
0.007 0.008 0.000000
0.008 0.009 0.000000
0.009 0.010 0.000000
0.010 0.011 0.000000
0.011 0.012 0.000000
0.012 0.013 0.000000
0.013 0.014 0.000000
0.014 0.015 0.000000
0.015 0.016 0.000000
0.016 0.017 0.000000
0.017 0.018 0.000000
0.018 0.019 0.000002
0.019 0.020 0.000013
0.020 0.021 0.000066
0.021 0.022 0.000251
0.022 0.023 0.000774
0.023 0.024 0.002005
0.024 0.025 0.004515
0.025 0.026 0.009003
0.026 0.027 0.016259
0.027 0.028 0.027125
0.028 0.029 0.042258
0.029 0.030 0.061982
0.030 0.031 0.086361
0.031 0.032 0.114990
0.032 0.033 0.148102
0.033 0.034 0.184495
0.034 0.035 0.223181
0.035 0.036 0.264085
0.036 0.037 0.305233
0.037 0.038 0.346076
0.038 0.039 0.387154
0.039 0.040 0.427990
0.040 0.041 0.465339
0.041 0.042 0.500836
0.042 0.043 0.534390
0.043 0.044 0.564281
0.044 0.045 0.592009
0.045 0.046 0.613865
0.046 0.047 0.633683
0.047 0.048 0.650659
0.048 0.049 0.663201
0.049 0.050 0.671326
0.050 0.051 0.679334
0.051 0.052 0.686609
0.052 0.053 0.687061
0.053 0.054 0.685581
0.054 0.055 0.682657
0.055 0.056 0.675614
0.056 0.057 0.666492
0.057 0.058 0.778271
0.058 0.059 1.000000
0.059 0.060 0.867690
0.060 0.061 0.627371
0.061 0.062 0.610098
0.062 0.063 0.578651
0.063 0.064 0.556454
0.064 0.065 0.537365
0.065 0.066 0.517699
0.066 0.067 0.596749
0.067 0.068 0.579571
0.068 0.069 0.473482
0.069 0.070 0.427376
0.070 0.071 0.370226
0.071 0.072 0.354120
0.072 0.073 0.332573
0.073 0.074 0.316107
0.074 0.075 0.297024
0.075 0.076 0.279078
0.076 0.077 0.260953
0.077 0.078 0.243481
0.078 0.079 0.228635
0.079 0.080 0.212337
0.080 0.081 0.196931
0.081 0.082 0.178989
0.082 0.083 0.162664
0.083 0.084 0.145635
0.084 0.085 0.132816
0.085 0.086 0.120640
0.086 0.087 0.106816
0.087 0.088 0.092083
0.088 0.089 0.079706
0.089 0.090 0.068519
0.090 0.091 0.058534
0.091 0.092 0.046332
0.092 0.093 0.038298
0.093 0.094 0.029985
0.094 0.095 0.020215
0.095 0.096 0.014408
0.096 0.097 0.006750
0.097 0.098 0.001742
0.098 0.099 0.000000
0.099 0.100 0.000000
0.100 0.101 0.000000
0.101 0.102 0.000000
0.102 0.103 0.000000
0.103 0.104 0.000000
0.104 0.105 0.000000
0.105 0.106 0.000000
0.106 0.107 0.000000
0.107 0.108 0.000000
0.108 0.109 0.000000
0.109 0.110 0.000000
0.110 0.111 0.000000
0.111 0.112 0.000000
0.112 0.113 0.000000
0.113 0.114 0.000000
0.114 0.115 0.000000
0.115 0.116 0.000000
0.116 0.117 0.000000
0.117 0.118 0.000000
0.118 0.119 0.000000
0.119 0.120 0.000000
0.120 0.121 0.000000
0.121 0.122 0.000000
0.122 0.123 0.000000
0.123 0.124 0.000000
0.124 0.125 0.000000
0.125 0.126 0.000000
0.126 0.127 0.000000
0.127 0.128 0.000000
0.128 0.129 0.000000
0.129 0.130 0.000000
0.130 0.131 0.000000
0.131 0.132 0.000000
0.132 0.133 0.000000
0.133 0.134 0.000000
0.134 0.135 0.000000
0.135 0.136 0.000000
0.136 0.137 0.000000
0.137 0.138 0.000000
0.138 0.139 0.000000
0.139 0.140 0.000000
0.140 0.141 0.000000
0.141 0.142 0.000000
0.142 0.143 0.000000
0.143 0.144 0.000000
0.144 0.145 0.000000
0.145 0.146 0.000000
0.146 0.147 0.000000
0.147 0.148 0.000000
0.148 0.149 0.000000
0.149 0.150 0.000000
