1
0.000 0.001 0.000000
0.001 0.002 0.000000
0.002 0.003 0.000000
0.003 0.004 0.000000
0.004 0.005 0.000000
0.005 0.006 0.000000
0.006 0.007 0.000000
0.007 0.008 0.000000
0.008 0.009 0.000000
0.009 0.010 0.000000
0.010 0.011 0.000000
0.011 0.012 0.000000
0.012 0.013 0.000000
0.013 0.014 0.000000
0.014 0.015 0.000000
0.015 0.016 0.000005
0.016 0.017 0.000038
0.017 0.018 0.000188
0.018 0.019 0.000687
0.019 0.020 0.001978
0.020 0.021 0.004734
0.021 0.022 0.009743
0.022 0.023 0.017788
0.023 0.024 0.029503
0.024 0.025 0.045218
0.025 0.026 0.064884
0.026 0.027 0.088241
0.027 0.028 0.114992
0.028 0.029 0.144317
0.029 0.030 0.174913
0.030 0.031 0.206281
0.031 0.032 0.237677
0.032 0.033 0.268719
0.033 0.034 0.298786
0.034 0.035 0.326913
0.035 0.036 0.352817
0.036 0.037 0.377177
0.037 0.038 0.399922
0.038 0.039 0.418726
0.039 0.040 0.435548
0.040 0.041 0.450162
0.041 0.042 0.462319
0.042 0.043 0.473046
0.043 0.044 0.481106
0.044 0.045 0.488581
0.045 0.046 0.492417
0.046 0.047 0.494007
0.047 0.048 0.497103
0.048 0.049 0.497997
0.049 0.050 0.495215
0.050 0.051 0.492740
0.051 0.052 0.491433
0.052 0.053 0.487468
0.053 0.054 0.481937
0.054 0.055 0.476301
0.055 0.056 0.471740
0.056 0.057 0.466713
0.057 0.058 0.649608
0.058 0.059 1.000000
0.059 0.060 0.801612
0.060 0.061 0.448871
0.061 0.062 0.440642
0.062 0.063 0.414022
0.063 0.064 0.404803
0.064 0.065 0.394626
0.065 0.066 0.385319
0.066 0.067 0.514497
0.067 0.068 0.506102
0.068 0.069 0.387233
0.069 0.070 0.346714
0.070 0.071 0.279707
0.071 0.072 0.272906
0.072 0.073 0.264269
0.073 0.074 0.258022
0.074 0.075 0.251861
0.075 0.076 0.244850
0.076 0.077 0.235842
0.077 0.078 0.229049
0.078 0.079 0.224033
0.079 0.080 0.218379
0.080 0.081 0.211485
0.081 0.082 0.203346
0.082 0.083 0.195673
0.083 0.084 0.188446
0.084 0.085 0.181492
0.085 0.086 0.176389
0.086 0.087 0.170356
0.087 0.088 0.166026
0.088 0.089 0.160245
0.089 0.090 0.153160
0.090 0.091 0.146914
0.091 0.092 0.138643
0.092 0.093 0.132570
0.093 0.094 0.128507
0.094 0.095 0.123347
0.095 0.096 0.118427
0.096 0.097 0.113347
0.097 0.098 0.106903
0.098 0.099 0.101036
0.099 0.100 0.096354
0.100 0.101 0.092239
0.101 0.102 0.087153
0.102 0.103 0.082307
0.103 0.104 0.078563
0.104 0.105 0.074849
0.105 0.106 0.070280
0.106 0.107 0.066207
0.107 0.108 0.061333
0.108 0.109 0.056908
0.109 0.110 0.053547
0.110 0.111 0.050126
0.111 0.112 0.047143
0.112 0.113 0.043052
0.113 0.114 0.039414
0.114 0.115 0.036285
0.115 0.116 0.032528
0.116 0.117 0.029674
0.117 0.118 0.026831
0.118 0.119 0.022978
0.119 0.120 0.020711
0.120 0.121 0.019523
0.121 0.122 0.016790
0.122 0.123 0.014947
0.123 0.124 0.012993
0.124 0.125 0.010685
0.125 0.126 0.008116
0.126 0.127 0.006830
0.127 0.128 0.005326
0.128 0.129 0.003918
0.129 0.130 0.002298
0.130 0.131 0.001396
0.131 0.132 0.000408
0.132 0.133 0.000000
0.133 0.134 0.000000
0.134 0.135 0.000000
0.135 0.136 0.000000
0.136 0.137 0.000000
0.137 0.138 0.000000
0.138 0.139 0.000000
0.139 0.140 0.000000
0.140 0.141 0.000000
0.141 0.142 0.000000
0.142 0.143 0.000000
0.143 0.144 0.000000
0.144 0.145 0.000000
0.145 0.146 0.000000
0.146 0.147 0.000000
0.147 0.148 0.000000
0.148 0.149 0.000000
0.149 0.150 0.000000
