1
0.000 0.001 0.000000
0.001 0.002 0.000000
0.002 0.003 0.000000
0.003 0.004 0.000000
0.004 0.005 0.000000
0.005 0.006 0.000000
0.006 0.007 0.000000
0.007 0.008 0.000000
0.008 0.009 0.000000
0.009 0.010 0.000000
0.010 0.011 0.000000
0.011 0.012 0.000000
0.012 0.013 0.000000
0.013 0.014 0.000000
0.014 0.015 0.000000
0.015 0.016 0.000003
0.016 0.017 0.000026
0.017 0.018 0.000136
0.018 0.019 0.000519
0.019 0.020 0.001569
0.020 0.021 0.003927
0.021 0.022 0.008435
0.022 0.023 0.015991
0.023 0.024 0.027419
0.024 0.025 0.043315
0.025 0.026 0.063753
0.026 0.027 0.088490
0.027 0.028 0.117120
0.028 0.029 0.150347
0.029 0.030 0.185688
0.030 0.031 0.222595
0.031 0.032 0.260168
0.032 0.033 0.297592
0.033 0.034 0.333939
0.034 0.035 0.369090
0.035 0.036 0.401593
0.036 0.037 0.431829
0.037 0.038 0.459265
0.038 0.039 0.482036
0.039 0.040 0.502885
0.040 0.041 0.520166
0.041 0.042 0.533672
0.042 0.043 0.546403
0.043 0.044 0.554671
0.044 0.045 0.563939
0.045 0.046 0.569452
0.046 0.047 0.571092
0.047 0.048 0.574179
0.048 0.049 0.576114
0.049 0.050 0.572606
0.050 0.051 0.567089
0.051 0.052 0.563919
0.052 0.053 0.560116
0.053 0.054 0.552361
0.054 0.055 0.542987
0.055 0.056 0.535167
0.056 0.057 0.526963
0.057 0.058 0.688154
0.058 0.059 1.000000
0.059 0.060 0.814309
0.060 0.061 0.491462
0.061 0.062 0.481274
0.062 0.063 0.454839
0.063 0.064 0.442196
0.064 0.065 0.429007
0.065 0.066 0.418046
0.066 0.067 0.533934
0.067 0.068 0.523254
0.068 0.069 0.409322
0.069 0.070 0.367265
0.070 0.071 0.302930
0.071 0.072 0.292569
0.072 0.073 0.280363
0.073 0.074 0.272940
0.074 0.075 0.263284
0.075 0.076 0.254936
0.076 0.077 0.244693
0.077 0.078 0.235945
0.078 0.079 0.230723
0.079 0.080 0.224096
0.080 0.081 0.214766
0.081 0.082 0.204492
0.082 0.083 0.195485
0.083 0.084 0.186878
0.084 0.085 0.178914
0.085 0.086 0.171737
0.086 0.087 0.162634
0.087 0.088 0.155046
0.088 0.089 0.149675
0.089 0.090 0.142006
0.090 0.091 0.134266
0.091 0.092 0.124870
0.092 0.093 0.118487
0.093 0.094 0.114702
0.094 0.095 0.108088
0.095 0.096 0.101704
0.096 0.097 0.094549
0.097 0.098 0.086185
0.098 0.099 0.077459
0.099 0.100 0.072532
0.100 0.101 0.069221
0.101 0.102 0.064880
0.102 0.103 0.058640
0.103 0.104 0.053823
0.104 0.105 0.050140
0.105 0.106 0.045501
0.106 0.107 0.040772
0.107 0.108 0.034434
0.108 0.109 0.030943
0.109 0.110 0.027079
0.110 0.111 0.023546
0.111 0.112 0.020716
0.112 0.113 0.017149
0.113 0.114 0.014069
0.114 0.115 0.010164
0.115 0.116 0.007968
0.116 0.117 0.006035
0.117 0.118 0.004020
0.118 0.119 0.001309
0.119 0.120 0.000768
0.120 0.121 0.000000
0.121 0.122 0.000000
0.122 0.123 0.000000
0.123 0.124 0.000000
0.124 0.125 0.000000
0.125 0.126 0.000000
0.126 0.127 0.000000
0.127 0.128 0.000000
0.128 0.129 0.000000
0.129 0.130 0.000000
0.130 0.131 0.000000
0.131 0.132 0.000000
0.132 0.133 0.000000
0.133 0.134 0.000000
0.134 0.135 0.000000
0.135 0.136 0.000000
0.136 0.137 0.000000
0.137 0.138 0.000000
0.138 0.139 0.000000
0.139 0.140 0.000000
0.140 0.141 0.000000
0.141 0.142 0.000000
0.142 0.143 0.000000
0.143 0.144 0.000000
0.144 0.145 0.000000
0.145 0.146 0.000000
0.146 0.147 0.000000
0.147 0.148 0.000000
0.148 0.149 0.000000
0.149 0.150 0.000000
