1
0.000 0.001 0.000000
0.001 0.002 0.000000
0.002 0.003 0.000000
0.003 0.004 0.000000
0.004 0.005 0.000000
0.005 0.006 0.000000
0.006 0.007 0.000000
0.007 0.008 0.000000
0.008 0.009 0.000000
0.009 0.010 0.000000
0.010 0.011 0.000000
0.011 0.012 0.000000
0.012 0.013 0.000000
0.013 0.014 0.000000
0.014 0.015 0.000000
0.015 0.016 0.000006
0.016 0.017 0.000050
0.017 0.018 0.000276
0.018 0.019 0.001095
0.019 0.020 0.003340
0.020 0.021 0.008295
0.021 0.022 0.017707
0.022 0.023 0.033177
0.023 0.024 0.056029
0.024 0.025 0.086961
0.025 0.026 0.125747
0.026 0.027 0.171193
0.027 0.028 0.223021
0.028 0.029 0.279256
0.029 0.030 0.337162
0.030 0.031 0.395148
0.031 0.032 0.451936
0.032 0.033 0.506885
0.033 0.034 0.557095
0.034 0.035 0.600590
0.035 0.036 0.645888
0.036 0.037 0.684930
0.037 0.038 0.715732
0.038 0.039 0.743648
0.039 0.040 0.769054
0.040 0.041 0.786486
0.041 0.042 0.798550
0.042 0.043 0.809182
0.043 0.044 0.814341
0.044 0.045 0.816328
0.045 0.046 0.812741
0.046 0.047 0.804454
0.047 0.048 0.794782
0.048 0.049 0.781775
0.049 0.050 0.770330
0.050 0.051 0.758842
0.051 0.052 0.748125
0.052 0.053 0.732966
0.053 0.054 0.717183
0.054 0.055 0.700254
0.055 0.056 0.680514
0.056 0.057 0.660012
0.057 0.058 0.772597
0.058 0.059 1.000000
0.059 0.060 0.845811
0.060 0.061 0.583648
0.061 0.062 0.558711
0.062 0.063 0.526823
0.063 0.064 0.505499
0.064 0.065 0.485761
0.065 0.066 0.466938
0.066 0.067 0.545018
0.067 0.068 0.527536
0.068 0.069 0.426834
0.069 0.070 0.382215
0.070 0.071 0.326220
0.071 0.072 0.309617
0.072 0.073 0.287411
0.073 0.074 0.276544
0.074 0.075 0.264807
0.075 0.076 0.249568
0.076 0.077 0.233852
0.077 0.078 0.219753
0.078 0.079 0.208596
0.079 0.080 0.197005
0.080 0.081 0.183131
0.081 0.082 0.167149
0.082 0.083 0.150574
0.083 0.084 0.139028
0.084 0.085 0.128557
0.085 0.086 0.119046
0.086 0.087 0.108287
0.087 0.088 0.098043
0.088 0.089 0.086914
0.089 0.090 0.075997
0.090 0.091 0.063612
0.091 0.092 0.055894
0.092 0.093 0.048972
0.093 0.094 0.042031
0.094 0.095 0.034721
0.095 0.096 0.027765
0.096 0.097 0.018245
0.097 0.098 0.013274
0.098 0.099 0.008239
0.099 0.100 0.003008
0.100 0.101 0.002091
0.101 0.102 0.000000
0.102 0.103 0.000000
0.103 0.104 0.000000
0.104 0.105 0.000000
0.105 0.106 0.000000
0.106 0.107 0.000000
0.107 0.108 0.000000
0.108 0.109 0.000000
0.109 0.110 0.000000
0.110 0.111 0.000000
0.111 0.112 0.000000
0.112 0.113 0.000000
0.113 0.114 0.000000
0.114 0.115 0.000000
0.115 0.116 0.000000
0.116 0.117 0.000000
0.117 0.118 0.000000
0.118 0.119 0.000000
0.119 0.120 0.000000
0.120 0.121 0.000000
0.121 0.122 0.000000
0.122 0.123 0.000000
0.123 0.124 0.000000
0.124 0.125 0.000000
0.125 0.126 0.000000
0.126 0.127 0.000000
0.127 0.128 0.000000
0.128 0.129 0.000000
0.129 0.130 0.000000
0.130 0.131 0.000000
0.131 0.132 0.000000
0.132 0.133 0.000000
0.133 0.134 0.000000
0.134 0.135 0.000000
0.135 0.136 0.000000
0.136 0.137 0.000000
0.137 0.138 0.000000
0.138 0.139 0.000000
0.139 0.140 0.000000
0.140 0.141 0.000000
0.141 0.142 0.000000
0.142 0.143 0.000000
0.143 0.144 0.000000
0.144 0.145 0.000000
0.145 0.146 0.000000
0.146 0.147 0.000000
0.147 0.148 0.000000
0.148 0.149 0.000000
0.149 0.150 0.000000
