1
0.000 0.001 0.000000
0.001 0.002 0.000000
0.002 0.003 0.000000
0.003 0.004 0.000000
0.004 0.005 0.000000
0.005 0.006 0.000000
0.006 0.007 0.000000
0.007 0.008 0.000001
0.008 0.009 0.000000
0.009 0.010 0.000000
0.010 0.011 0.000000
0.011 0.012 0.000000
0.012 0.013 0.000000
0.013 0.014 0.000000
0.014 0.015 0.000000
0.015 0.016 0.000004
0.016 0.017 0.000028
0.017 0.018 0.000146
0.018 0.019 0.000567
0.019 0.020 0.001740
0.020 0.021 0.004419
0.021 0.022 0.009650
0.022 0.023 0.018599
0.023 0.024 0.032315
0.024 0.025 0.051742
0.025 0.026 0.077145
0.026 0.027 0.108357
0.027 0.028 0.145444
0.028 0.029 0.187358
0.029 0.030 0.232106
0.030 0.031 0.279210
0.031 0.032 0.327338
0.032 0.033 0.375621
0.033 0.034 0.421844
0.034 0.035 0.466298
0.035 0.036 0.508974
0.036 0.037 0.546733
0.037 0.038 0.578364
0.038 0.039 0.608316
0.039 0.040 0.636362
0.040 0.041 0.658522
0.041 0.042 0.676401
0.042 0.043 0.692117
0.043 0.044 0.702797
0.044 0.045 0.710356
0.045 0.046 0.713539
0.046 0.047 0.712587
0.047 0.048 0.709588
0.048 0.049 0.708483
0.049 0.050 0.701220
0.050 0.051 0.693673
0.051 0.052 0.688025
0.052 0.053 0.679877
0.053 0.054 0.667817
0.054 0.055 0.652482
0.055 0.056 0.637850
0.056 0.057 0.625133
0.057 0.058 0.751794
0.058 0.059 1.000000
0.059 0.060 0.840887
0.060 0.061 0.564909
0.061 0.062 0.548574
0.062 0.063 0.518112
0.063 0.064 0.497699
0.064 0.065 0.479023
0.065 0.066 0.462326
0.066 0.067 0.551046
0.067 0.068 0.532861
0.068 0.069 0.429947
0.069 0.070 0.387308
0.070 0.071 0.329629
0.071 0.072 0.316030
0.072 0.073 0.298900
0.073 0.074 0.289068
0.074 0.075 0.277979
0.075 0.076 0.262427
0.076 0.077 0.245770
0.077 0.078 0.229827
0.078 0.079 0.221720
0.079 0.080 0.212506
0.080 0.081 0.200576
0.081 0.082 0.186963
0.082 0.083 0.174130
0.083 0.084 0.161109
0.084 0.085 0.149370
0.085 0.086 0.137412
0.086 0.087 0.128019
0.087 0.088 0.119524
0.088 0.089 0.110506
0.089 0.090 0.100562
0.090 0.091 0.089718
0.091 0.092 0.079350
0.092 0.093 0.069299
0.093 0.094 0.063128
0.094 0.095 0.056021
0.095 0.096 0.049368
0.096 0.097 0.041258
0.097 0.098 0.031770
0.098 0.099 0.024695
0.099 0.100 0.019783
0.100 0.101 0.017137
0.101 0.102 0.011406
0.102 0.103 0.008096
0.103 0.104 0.005083
0.104 0.105 0.001465
0.105 0.106 0.000000
0.106 0.107 0.000000
0.107 0.108 0.000000
0.108 0.109 0.000000
0.109 0.110 0.000000
0.110 0.111 0.000000
0.111 0.112 0.000000
0.112 0.113 0.000000
0.113 0.114 0.000000
0.114 0.115 0.000000
0.115 0.116 0.000000
0.116 0.117 0.000000
0.117 0.118 0.000000
0.118 0.119 0.000000
0.119 0.120 0.000000
0.120 0.121 0.000000
0.121 0.122 0.000000
0.122 0.123 0.000000
0.123 0.124 0.000000
0.124 0.125 0.000000
0.125 0.126 0.000000
0.126 0.127 0.000000
0.127 0.128 0.000000
0.128 0.129 0.000000
0.129 0.130 0.000000
0.130 0.131 0.000000
0.131 0.132 0.000000
0.132 0.133 0.000000
0.133 0.134 0.000000
0.134 0.135 0.000000
0.135 0.136 0.000000
0.136 0.137 0.000000
0.137 0.138 0.000000
0.138 0.139 0.000000
0.139 0.140 0.000000
0.140 0.141 0.000000
0.141 0.142 0.000000
0.142 0.143 0.000000
0.143 0.144 0.000000
0.144 0.145 0.000000
0.145 0.146 0.000000
0.146 0.147 0.000000
0.147 0.148 0.000000
0.148 0.149 0.000000
0.149 0.150 0.000000
