1
0.000 0.001 0.000000
0.001 0.002 0.000000
0.002 0.003 0.000000
0.003 0.004 0.000000
0.004 0.005 0.000000
0.005 0.006 0.000000
0.006 0.007 0.000000
0.007 0.008 0.000000
0.008 0.009 0.000000
0.009 0.010 0.000000
0.010 0.011 0.000000
0.011 0.012 0.000000
0.012 0.013 0.000009
0.013 0.014 0.000105
0.014 0.015 0.000679
0.015 0.016 0.002875
0.016 0.017 0.008921
0.017 0.018 0.021901
0.018 0.019 0.044881
0.019 0.020 0.080261
0.020 0.021 0.129000
0.021 0.022 0.189762
0.022 0.023 0.260553
0.023 0.024 0.338453
0.024 0.025 0.420302
0.025 0.026 0.501768
0.026 0.027 0.579277
0.027 0.028 0.654025
0.028 0.029 0.723214
0.029 0.030 0.784279
0.030 0.031 0.836062
0.031 0.032 0.874860
0.032 0.033 0.915631
0.033 0.034 0.946682
0.034 0.035 0.969485
0.035 0.036 0.987525
0.036 0.037 0.997490
0.037 0.038 1.000000
0.038 0.039 0.999724
0.039 0.040 0.996967
0.040 0.041 0.985645
0.041 0.042 0.972592
0.042 0.043 0.957828
0.043 0.044 0.939556
0.044 0.045 0.919093
0.045 0.046 0.890919
0.046 0.047 0.871126
0.047 0.048 0.850473
0.048 0.049 0.827363
0.049 0.050 0.801485
0.050 0.051 0.777319
0.051 0.052 0.755608
0.052 0.053 0.729952
0.053 0.054 0.703117
0.054 0.055 0.676305
0.055 0.056 0.649009
0.056 0.057 0.622254
0.057 0.058 0.707172
0.058 0.059 0.884640
0.059 0.060 0.751971
0.060 0.061 0.532341
0.061 0.062 0.509600
0.062 0.063 0.475623
0.063 0.064 0.451723
0.064 0.065 0.429710
0.065 0.066 0.408410
0.066 0.067 0.465353
0.067 0.068 0.446313
0.068 0.069 0.360691
0.069 0.070 0.317943
0.070 0.071 0.272684
0.071 0.072 0.259814
0.072 0.073 0.243465
0.073 0.074 0.230752
0.074 0.075 0.217607
0.075 0.076 0.202465
0.076 0.077 0.187497
0.077 0.078 0.173289
0.078 0.079 0.161385
0.079 0.080 0.147876
0.080 0.081 0.136894
0.081 0.082 0.124650
0.082 0.083 0.113632
0.083 0.084 0.103303
0.084 0.085 0.093163
0.085 0.086 0.083528
0.086 0.087 0.072860
0.087 0.088 0.061091
0.088 0.089 0.052920
0.089 0.090 0.045617
0.090 0.091 0.039157
0.091 0.092 0.032163
0.092 0.093 0.025452
0.093 0.094 0.017155
0.094 0.095 0.013046
0.095 0.096 0.009094
0.096 0.097 0.003390
0.097 0.098 0.001934
0.098 0.099 0.000000
0.099 0.100 0.000000
0.100 0.101 0.000000
0.101 0.102 0.000000
0.102 0.103 0.000000
0.103 0.104 0.000000
0.104 0.105 0.000000
0.105 0.106 0.000000
0.106 0.107 0.000000
0.107 0.108 0.000000
0.108 0.109 0.000000
0.109 0.110 0.000000
0.110 0.111 0.000000
0.111 0.112 0.000000
0.112 0.113 0.000000
0.113 0.114 0.000000
0.114 0.115 0.000000
0.115 0.116 0.000000
0.116 0.117 0.000000
0.117 0.118 0.000000
0.118 0.119 0.000000
0.119 0.120 0.000000
0.120 0.121 0.000000
0.121 0.122 0.000000
0.122 0.123 0.000000
0.123 0.124 0.000000
0.124 0.125 0.000000
0.125 0.126 0.000000
0.126 0.127 0.000000
0.127 0.128 0.000000
0.128 0.129 0.000000
0.129 0.130 0.000000
0.130 0.131 0.000000
0.131 0.132 0.000000
0.132 0.133 0.000000
0.133 0.134 0.000000
0.134 0.135 0.000000
0.135 0.136 0.000000
0.136 0.137 0.000000
0.137 0.138 0.000000
0.138 0.139 0.000000
0.139 0.140 0.000000
0.140 0.141 0.000000
0.141 0.142 0.000000
0.142 0.143 0.000000
0.143 0.144 0.000000
0.144 0.145 0.000000
0.145 0.146 0.000000
0.146 0.147 0.000000
0.147 0.148 0.000000
0.148 0.149 0.000000
0.149 0.150 0.000000
