1
0.000 0.001 0.000000
0.001 0.002 0.000000
0.002 0.003 0.000000
0.003 0.004 0.000000
0.004 0.005 0.000000
0.005 0.006 0.000000
0.006 0.007 0.000000
0.007 0.008 0.000000
0.008 0.009 0.000000
0.009 0.010 0.000000
0.010 0.011 0.000000
0.011 0.012 0.000000
0.012 0.013 0.000000
0.013 0.014 0.000000
0.014 0.015 0.000000
0.015 0.016 0.000001
0.016 0.017 0.000013
0.017 0.018 0.000070
0.018 0.019 0.000284
0.019 0.020 0.000893
0.020 0.021 0.002303
0.021 0.022 0.005045
0.022 0.023 0.009733
0.023 0.024 0.016966
0.024 0.025 0.027157
0.025 0.026 0.040486
0.026 0.027 0.056932
0.027 0.028 0.076448
0.028 0.029 0.098525
0.029 0.030 0.122185
0.030 0.031 0.147346
0.031 0.032 0.173200
0.032 0.033 0.199283
0.033 0.034 0.225433
0.034 0.035 0.250410
0.035 0.036 0.273406
0.036 0.037 0.295969
0.037 0.038 0.318424
0.038 0.039 0.336895
0.039 0.040 0.353167
0.040 0.041 0.368558
0.041 0.042 0.381618
0.042 0.043 0.393518
0.043 0.044 0.403622
0.044 0.045 0.412851
0.045 0.046 0.418682
0.046 0.047 0.422678
0.047 0.048 0.428523
0.048 0.049 0.432164
0.049 0.050 0.432216
0.050 0.051 0.432514
0.051 0.052 0.433616
0.052 0.053 0.432179
0.053 0.054 0.429235
0.054 0.055 0.426449
0.055 0.056 0.425126
0.056 0.057 0.423160
0.057 0.058 0.621778
0.058 0.059 1.000000
0.059 0.060 0.791444
0.060 0.061 0.417323
0.061 0.062 0.412031
0.062 0.063 0.386617
0.063 0.064 0.380455
0.064 0.065 0.372828
0.065 0.066 0.365799
0.066 0.067 0.508161
0.067 0.068 0.502023
0.068 0.069 0.377802
0.069 0.070 0.338159
0.070 0.071 0.268039
0.071 0.072 0.263537
0.072 0.073 0.257659
0.073 0.074 0.253046
0.074 0.075 0.248860
0.075 0.076 0.244542
0.076 0.077 0.238217
0.077 0.078 0.233319
0.078 0.079 0.229792
0.079 0.080 0.225590
0.080 0.081 0.220470
0.081 0.082 0.214293
0.082 0.083 0.208323
0.083 0.084 0.202877
0.084 0.085 0.198189
0.085 0.086 0.193804
0.086 0.087 0.188614
0.087 0.088 0.185316
0.088 0.089 0.180311
0.089 0.090 0.173811
0.090 0.091 0.168465
0.091 0.092 0.160543
0.092 0.093 0.155046
0.093 0.094 0.152502
0.094 0.095 0.147230
0.095 0.096 0.142185
0.096 0.097 0.137254
0.097 0.098 0.130657
0.098 0.099 0.124955
0.099 0.100 0.120283
0.100 0.101 0.115787
0.101 0.102 0.110996
0.102 0.103 0.105264
0.103 0.104 0.100858
0.104 0.105 0.096354
0.105 0.106 0.090814
0.106 0.107 0.085947
0.107 0.108 0.080074
0.108 0.109 0.075088
0.109 0.110 0.070547
0.110 0.111 0.065904
0.111 0.112 0.061820
0.112 0.113 0.056040
0.113 0.114 0.051582
0.114 0.115 0.047830
0.115 0.116 0.043709
0.116 0.117 0.039218
0.117 0.118 0.035547
0.118 0.119 0.030644
0.119 0.120 0.027457
0.120 0.121 0.026190
0.121 0.122 0.023513
0.122 0.123 0.020798
0.123 0.124 0.017682
0.124 0.125 0.014822
0.125 0.126 0.011759
0.126 0.127 0.009939
0.127 0.128 0.007808
0.128 0.129 0.005612
0.129 0.130 0.004138
0.130 0.131 0.002294
0.131 0.132 0.001175
0.132 0.133 0.000328
0.133 0.134 0.000000
0.134 0.135 0.000000
0.135 0.136 0.000000
0.136 0.137 0.000000
0.137 0.138 0.000000
0.138 0.139 0.000000
0.139 0.140 0.000000
0.140 0.141 0.000000
0.141 0.142 0.000000
0.142 0.143 0.000000
0.143 0.144 0.000000
0.144 0.145 0.000000
0.145 0.146 0.000000
0.146 0.147 0.000000
0.147 0.148 0.000000
0.148 0.149 0.000000
0.149 0.150 0.000000
