1
0.000 0.001 0.000000
0.001 0.002 0.000000
0.002 0.003 0.000000
0.003 0.004 0.000000
0.004 0.005 0.000000
0.005 0.006 0.000000
0.006 0.007 0.000000
0.007 0.008 0.000000
0.008 0.009 0.000000
0.009 0.010 0.000000
0.010 0.011 0.000000
0.011 0.012 0.000000
0.012 0.013 0.000000
0.013 0.014 0.000000
0.014 0.015 0.000000
0.015 0.016 0.000000
0.016 0.017 0.000000
0.017 0.018 0.000000
0.018 0.019 0.000000
0.019 0.020 0.000000
0.020 0.021 0.000000
0.021 0.022 0.000001
0.022 0.023 0.000004
0.023 0.024 0.000017
0.024 0.025 0.000064
0.025 0.026 0.000197
0.026 0.027 0.000517
0.027 0.028 0.001199
0.028 0.029 0.002498
0.029 0.030 0.004705
0.030 0.031 0.008195
0.031 0.032 0.013312
0.032 0.033 0.020413
0.033 0.034 0.029767
0.034 0.035 0.041535
0.035 0.036 0.055734
0.036 0.037 0.072356
0.037 0.038 0.091291
0.038 0.039 0.111896
0.039 0.040 0.134145
0.040 0.041 0.157796
0.041 0.042 0.182110
0.042 0.043 0.207158
0.043 0.044 0.232004
0.044 0.045 0.257496
0.045 0.046 0.281752
0.046 0.047 0.304777
0.047 0.048 0.328327
0.048 0.049 0.350408
0.049 0.050 0.369448
0.050 0.051 0.387078
0.051 0.052 0.404547
0.052 0.053 0.420116
0.053 0.054 0.432746
0.054 0.055 0.443784
0.055 0.056 0.454734
0.056 0.057 0.463545
0.057 0.058 0.646965
0.058 0.059 1.000000
0.059 0.060 0.833123
0.060 0.061 0.497929
0.061 0.062 0.500515
0.062 0.063 0.482539
0.063 0.064 0.480488
0.064 0.065 0.476653
0.065 0.066 0.473730
0.066 0.067 0.631551
0.067 0.068 0.630683
0.068 0.069 0.494593
0.069 0.070 0.448546
0.070 0.071 0.370883
0.071 0.072 0.366503
0.072 0.073 0.359422
0.073 0.074 0.355898
0.074 0.075 0.351354
0.075 0.076 0.345151
0.076 0.077 0.335899
0.077 0.078 0.328031
0.078 0.079 0.323407
0.079 0.080 0.317153
0.080 0.081 0.307922
0.081 0.082 0.295817
0.082 0.083 0.287599
0.083 0.084 0.279795
0.084 0.085 0.272763
0.085 0.086 0.266421
0.086 0.087 0.257478
0.087 0.088 0.251728
0.088 0.089 0.243982
0.089 0.090 0.233397
0.090 0.091 0.223968
0.091 0.092 0.210607
0.092 0.093 0.200417
0.093 0.094 0.197249
0.094 0.095 0.189575
0.095 0.096 0.182040
0.096 0.097 0.173881
0.097 0.098 0.163370
0.098 0.099 0.153736
0.099 0.100 0.145962
0.100 0.101 0.139657
0.101 0.102 0.132199
0.102 0.103 0.121456
0.103 0.104 0.115438
0.104 0.105 0.110210
0.105 0.106 0.103406
0.106 0.107 0.096966
0.107 0.108 0.088918
0.108 0.109 0.082087
0.109 0.110 0.074786
0.110 0.111 0.067785
0.111 0.112 0.061107
0.112 0.113 0.055036
0.113 0.114 0.049907
0.114 0.115 0.045012
0.115 0.116 0.039274
0.116 0.117 0.033956
0.117 0.118 0.027508
0.118 0.119 0.021785
0.119 0.120 0.018858
0.120 0.121 0.017399
0.121 0.122 0.013911
0.122 0.123 0.009502
0.123 0.124 0.007295
0.124 0.125 0.004867
0.125 0.126 0.001781
0.126 0.127 0.001085
0.127 0.128 0.000000
0.128 0.129 0.000000
0.129 0.130 0.000000
0.130 0.131 0.000000
0.131 0.132 0.000000
0.132 0.133 0.000000
0.133 0.134 0.000000
0.134 0.135 0.000000
0.135 0.136 0.000000
0.136 0.137 0.000000
0.137 0.138 0.000000
0.138 0.139 0.000000
0.139 0.140 0.000000
0.140 0.141 0.000000
0.141 0.142 0.000000
0.142 0.143 0.000000
0.143 0.144 0.000000
0.144 0.145 0.000000
0.145 0.146 0.000000
0.146 0.147 0.000000
0.147 0.148 0.000000
0.148 0.149 0.000000
0.149 0.150 0.000000
