1
0.000 0.001 0.000000
0.001 0.002 0.000000
0.002 0.003 0.000000
0.003 0.004 0.000000
0.004 0.005 0.000000
0.005 0.006 0.000000
0.006 0.007 0.000000
0.007 0.008 0.000000
0.008 0.009 0.000000
0.009 0.010 0.000000
0.010 0.011 0.000000
0.011 0.012 0.000000
0.012 0.013 0.000000
0.013 0.014 0.000000
0.014 0.015 0.000001
0.015 0.016 0.000010
0.016 0.017 0.000071
0.017 0.018 0.000342
0.018 0.019 0.001212
0.019 0.020 0.003401
0.020 0.021 0.007949
0.021 0.022 0.016018
0.022 0.023 0.028665
0.023 0.024 0.046699
0.024 0.025 0.070380
0.025 0.026 0.099326
0.026 0.027 0.132839
0.027 0.028 0.170562
0.028 0.029 0.211531
0.029 0.030 0.253837
0.030 0.031 0.295414
0.031 0.032 0.336827
0.032 0.033 0.378142
0.033 0.034 0.416230
0.034 0.035 0.451215
0.035 0.036 0.485209
0.036 0.037 0.515403
0.037 0.038 0.538159
0.038 0.039 0.558581
0.039 0.040 0.579267
0.040 0.041 0.594256
0.041 0.042 0.605745
0.042 0.043 0.616938
0.043 0.044 0.623650
0.044 0.045 0.629078
0.045 0.046 0.632444
0.046 0.047 0.630702
0.047 0.048 0.629986
0.048 0.049 0.629111
0.049 0.050 0.621695
0.050 0.051 0.614724
0.051 0.052 0.610869
0.052 0.053 0.604913
0.053 0.054 0.595533
0.054 0.055 0.584431
0.055 0.056 0.575586
0.056 0.057 0.567742
0.057 0.058 0.715045
0.058 0.059 1.000000
0.059 0.060 0.827049
0.060 0.061 0.526298
0.061 0.062 0.513285
0.062 0.063 0.485239
0.063 0.064 0.469180
0.064 0.065 0.454837
0.065 0.066 0.443481
0.066 0.067 0.545602
0.067 0.068 0.533338
0.068 0.069 0.426365
0.069 0.070 0.384330
0.070 0.071 0.324656
0.071 0.072 0.313305
0.072 0.073 0.299274
0.073 0.074 0.292153
0.074 0.075 0.283694
0.075 0.076 0.270675
0.076 0.077 0.256297
0.077 0.078 0.244646
0.078 0.079 0.237261
0.079 0.080 0.228355
0.080 0.081 0.216463
0.081 0.082 0.203126
0.082 0.083 0.190510
0.083 0.084 0.177555
0.084 0.085 0.166190
0.085 0.086 0.155765
0.086 0.087 0.144938
0.087 0.088 0.135285
0.088 0.089 0.124828
0.089 0.090 0.114726
0.090 0.091 0.103324
0.091 0.092 0.092569
0.092 0.093 0.083057
0.093 0.094 0.076142
0.094 0.095 0.067979
0.095 0.096 0.059711
0.096 0.097 0.051604
0.097 0.098 0.042985
0.098 0.099 0.032966
0.099 0.100 0.027189
0.100 0.101 0.023642
0.101 0.102 0.019253
0.102 0.103 0.013385
0.103 0.104 0.009634
0.104 0.105 0.005967
0.105 0.106 0.002903
0.106 0.107 0.000801
0.107 0.108 0.000000
0.108 0.109 0.000000
0.109 0.110 0.000000
0.110 0.111 0.000000
0.111 0.112 0.000000
0.112 0.113 0.000000
0.113 0.114 0.000000
0.114 0.115 0.000000
0.115 0.116 0.000000
0.116 0.117 0.000000
0.117 0.118 0.000000
0.118 0.119 0.000000
0.119 0.120 0.000000
0.120 0.121 0.000000
0.121 0.122 0.000000
0.122 0.123 0.000000
0.123 0.124 0.000000
0.124 0.125 0.000000
0.125 0.126 0.000000
0.126 0.127 0.000000
0.127 0.128 0.000000
0.128 0.129 0.000000
0.129 0.130 0.000000
0.130 0.131 0.000000
0.131 0.132 0.000000
0.132 0.133 0.000000
0.133 0.134 0.000000
0.134 0.135 0.000000
0.135 0.136 0.000000
0.136 0.137 0.000000
0.137 0.138 0.000000
0.138 0.139 0.000000
0.139 0.140 0.000000
0.140 0.141 0.000000
0.141 0.142 0.000000
0.142 0.143 0.000000
0.143 0.144 0.000000
0.144 0.145 0.000000
0.145 0.146 0.000000
0.146 0.147 0.000000
0.147 0.148 0.000000
0.148 0.149 0.000000
0.149 0.150 0.000000
