1
0.000 0.001 0.000000
0.001 0.002 0.000000
0.002 0.003 0.000000
0.003 0.004 0.000000
0.004 0.005 0.000000
0.005 0.006 0.000000
0.006 0.007 0.000000
0.007 0.008 0.000000
0.008 0.009 0.000000
0.009 0.010 0.000000
0.010 0.011 0.000000
0.011 0.012 0.000000
0.012 0.013 0.000000
0.013 0.014 0.000000
0.014 0.015 0.000000
0.015 0.016 0.000000
0.016 0.017 0.000000
0.017 0.018 0.000000
0.018 0.019 0.000000
0.019 0.020 0.000000
0.020 0.021 0.000000
0.021 0.022 0.000001
0.022 0.023 0.000008
0.023 0.024 0.000036
0.024 0.025 0.000126
0.025 0.026 0.000370
0.026 0.027 0.000934
0.027 0.028 0.002088
0.028 0.029 0.004211
0.029 0.030 0.007729
0.030 0.031 0.013124
0.031 0.032 0.020834
0.032 0.033 0.031485
0.033 0.034 0.045155
0.034 0.035 0.061805
0.035 0.036 0.081874
0.036 0.037 0.104788
0.037 0.038 0.129979
0.038 0.039 0.158104
0.039 0.040 0.189058
0.040 0.041 0.220142
0.041 0.042 0.252259
0.042 0.043 0.285235
0.043 0.044 0.318404
0.044 0.045 0.351319
0.045 0.046 0.381317
0.046 0.047 0.411272
0.047 0.048 0.439292
0.048 0.049 0.465002
0.049 0.050 0.487109
0.050 0.051 0.509613
0.051 0.052 0.532721
0.052 0.053 0.548001
0.053 0.054 0.560428
0.054 0.055 0.574009
0.055 0.056 0.584964
0.056 0.057 0.591734
0.057 0.058 0.730896
0.058 0.059 1.000000
0.059 0.060 0.873285
0.060 0.061 0.617117
0.061 0.062 0.612810
0.062 0.063 0.589688
0.063 0.064 0.581407
0.064 0.065 0.573923
0.065 0.066 0.566298
0.066 0.067 0.680867
0.067 0.068 0.675856
0.068 0.069 0.560676
0.069 0.070 0.512596
0.070 0.071 0.447896
0.071 0.072 0.438300
0.072 0.073 0.422656
0.073 0.074 0.409030
0.074 0.075 0.393852
0.075 0.076 0.375090
0.076 0.077 0.356395
0.077 0.078 0.338966
0.078 0.079 0.325230
0.079 0.080 0.309572
0.080 0.081 0.288525
0.081 0.082 0.264082
0.082 0.083 0.242105
0.083 0.084 0.221566
0.084 0.085 0.200387
0.085 0.086 0.179006
0.086 0.087 0.156513
0.087 0.088 0.133178
0.088 0.089 0.109583
0.089 0.090 0.092041
0.090 0.091 0.076055
0.091 0.092 0.061258
0.092 0.093 0.045438
0.093 0.094 0.031470
0.094 0.095 0.019668
0.095 0.096 0.010388
0.096 0.097 0.001798
0.097 0.098 0.000000
0.098 0.099 0.000000
0.099 0.100 0.000000
0.100 0.101 0.000000
0.101 0.102 0.000000
0.102 0.103 0.000000
0.103 0.104 0.000000
0.104 0.105 0.000000
0.105 0.106 0.000000
0.106 0.107 0.000000
0.107 0.108 0.000000
0.108 0.109 0.000000
0.109 0.110 0.000000
0.110 0.111 0.000000
0.111 0.112 0.000000
0.112 0.113 0.000000
0.113 0.114 0.000000
0.114 0.115 0.000000
0.115 0.116 0.000000
0.116 0.117 0.000000
0.117 0.118 0.000000
0.118 0.119 0.000000
0.119 0.120 0.000000
0.120 0.121 0.000000
0.121 0.122 0.000000
0.122 0.123 0.000000
0.123 0.124 0.000000
0.124 0.125 0.000000
0.125 0.126 0.000000
0.126 0.127 0.000000
0.127 0.128 0.000000
0.128 0.129 0.000000
0.129 0.130 0.000000
0.130 0.131 0.000000
0.131 0.132 0.000000
0.132 0.133 0.000000
0.133 0.134 0.000000
0.134 0.135 0.000000
0.135 0.136 0.000000
0.136 0.137 0.000000
0.137 0.138 0.000000
0.138 0.139 0.000000
0.139 0.140 0.000000
0.140 0.141 0.000000
0.141 0.142 0.000000
0.142 0.143 0.000000
0.143 0.144 0.000000
0.144 0.145 0.000000
0.145 0.146 0.000000
0.146 0.147 0.000000
0.147 0.148 0.000000
0.148 0.149 0.000000
0.149 0.150 0.000000
