1
0.000 0.001 0.000000
0.001 0.002 0.000000
0.002 0.003 0.000000
0.003 0.004 0.000000
0.004 0.005 0.000000
0.005 0.006 0.000000
0.006 0.007 0.000000
0.007 0.008 0.000000
0.008 0.009 0.000000
0.009 0.010 0.000000
0.010 0.011 0.000000
0.011 0.012 0.000000
0.012 0.013 0.000000
0.013 0.014 0.000000
0.014 0.015 0.000000
0.015 0.016 0.000000
0.016 0.017 0.000000
0.017 0.018 0.000000
0.018 0.019 0.000002
0.019 0.020 0.000012
0.020 0.021 0.000063
0.021 0.022 0.000252
0.022 0.023 0.000807
0.023 0.024 0.002158
0.024 0.025 0.004975
0.025 0.026 0.010123
0.026 0.027 0.018544
0.027 0.028 0.031327
0.028 0.029 0.049297
0.029 0.030 0.072826
0.030 0.031 0.102084
0.031 0.032 0.136122
0.032 0.033 0.174937
0.033 0.034 0.219030
0.034 0.035 0.266057
0.035 0.036 0.315327
0.036 0.037 0.364885
0.037 0.038 0.414556
0.038 0.039 0.463731
0.039 0.040 0.511236
0.040 0.041 0.554244
0.041 0.042 0.594920
0.042 0.043 0.630726
0.043 0.044 0.662114
0.044 0.045 0.690360
0.045 0.046 0.707628
0.046 0.047 0.730714
0.047 0.048 0.747789
0.048 0.049 0.757657
0.049 0.050 0.765583
0.050 0.051 0.772086
0.051 0.052 0.774493
0.052 0.053 0.768599
0.053 0.054 0.761543
0.054 0.055 0.753278
0.055 0.056 0.738072
0.056 0.057 0.716277
0.057 0.058 0.809554
0.058 0.059 1.000000
0.059 0.060 0.883398
0.060 0.061 0.670644
0.061 0.062 0.649263
0.062 0.063 0.614109
0.063 0.064 0.589059
0.064 0.065 0.564169
0.065 0.066 0.537390
0.066 0.067 0.598575
0.067 0.068 0.573054
0.068 0.069 0.477848
0.069 0.070 0.430039
0.070 0.071 0.375510
0.071 0.072 0.357620
0.072 0.073 0.333237
0.073 0.074 0.310937
0.074 0.075 0.287928
0.075 0.076 0.264132
0.076 0.077 0.237778
0.077 0.078 0.219829
0.078 0.079 0.202672
0.079 0.080 0.186426
0.080 0.081 0.167769
0.081 0.082 0.145528
0.082 0.083 0.126365
0.083 0.084 0.106230
0.084 0.085 0.093250
0.085 0.086 0.080173
0.086 0.087 0.065213
0.087 0.088 0.050552
0.088 0.089 0.032231
0.089 0.090 0.023889
0.090 0.091 0.017641
0.091 0.092 0.006785
0.092 0.093 0.004125
0.093 0.094 0.000000
0.094 0.095 0.000000
0.095 0.096 0.000000
0.096 0.097 0.000000
0.097 0.098 0.000000
0.098 0.099 0.000000
0.099 0.100 0.000000
0.100 0.101 0.000000
0.101 0.102 0.000000
0.102 0.103 0.000000
0.103 0.104 0.000000
0.104 0.105 0.000000
0.105 0.106 0.000000
0.106 0.107 0.000000
0.107 0.108 0.000000
0.108 0.109 0.000000
0.109 0.110 0.000000
0.110 0.111 0.000000
0.111 0.112 0.000000
0.112 0.113 0.000000
0.113 0.114 0.000000
0.114 0.115 0.000000
0.115 0.116 0.000000
0.116 0.117 0.000000
0.117 0.118 0.000000
0.118 0.119 0.000000
0.119 0.120 0.000000
0.120 0.121 0.000000
0.121 0.122 0.000000
0.122 0.123 0.000000
0.123 0.124 0.000000
0.124 0.125 0.000000
0.125 0.126 0.000000
0.126 0.127 0.000000
0.127 0.128 0.000000
0.128 0.129 0.000000
0.129 0.130 0.000000
0.130 0.131 0.000000
0.131 0.132 0.000000
0.132 0.133 0.000000
0.133 0.134 0.000000
0.134 0.135 0.000000
0.135 0.136 0.000000
0.136 0.137 0.000000
0.137 0.138 0.000000
0.138 0.139 0.000000
0.139 0.140 0.000000
0.140 0.141 0.000000
0.141 0.142 0.000000
0.142 0.143 0.000000
0.143 0.144 0.000000
0.144 0.145 0.000000
0.145 0.146 0.000000
0.146 0.147 0.000000
0.147 0.148 0.000000
0.148 0.149 0.000000
0.149 0.150 0.000000
