1
0.000 0.001 0.000000
0.001 0.002 0.000000
0.002 0.003 0.000000
0.003 0.004 0.000000
0.004 0.005 0.000000
0.005 0.006 0.000000
0.006 0.007 0.000000
0.007 0.008 0.000000
0.008 0.009 0.000000
0.009 0.010 0.000000
0.010 0.011 0.000000
0.011 0.012 0.000000
0.012 0.013 0.000000
0.013 0.014 0.000000
0.014 0.015 0.000000
0.015 0.016 0.000000
0.016 0.017 0.000000
0.017 0.018 0.000000
0.018 0.019 0.000000
0.019 0.020 0.000000
0.020 0.021 0.000002
0.021 0.022 0.000013
0.022 0.023 0.000059
0.023 0.024 0.000215
0.024 0.025 0.000648
0.025 0.026 0.001656
0.026 0.027 0.003706
0.027 0.028 0.007444
0.028 0.029 0.013574
0.029 0.030 0.022971
0.030 0.031 0.036339
0.031 0.032 0.053745
0.032 0.033 0.076043
0.033 0.034 0.103050
0.034 0.035 0.134367
0.035 0.036 0.169834
0.036 0.037 0.207614
0.037 0.038 0.249868
0.038 0.039 0.295274
0.039 0.040 0.339976
0.040 0.041 0.384805
0.041 0.042 0.430757
0.042 0.043 0.473783
0.043 0.044 0.513674
0.044 0.045 0.555775
0.045 0.046 0.590728
0.046 0.047 0.624140
0.047 0.048 0.652926
0.048 0.049 0.674710
0.049 0.050 0.697969
0.050 0.051 0.718796
0.051 0.052 0.736250
0.052 0.053 0.746286
0.053 0.054 0.758056
0.054 0.055 0.765259
0.055 0.056 0.757595
0.056 0.057 0.748591
0.057 0.058 0.831713
0.058 0.059 1.000000
0.059 0.060 0.910756
0.060 0.061 0.727339
0.061 0.062 0.708541
0.062 0.063 0.688666
0.063 0.064 0.671558
0.064 0.065 0.647743
0.065 0.066 0.617079
0.066 0.067 0.664114
0.067 0.068 0.643820
0.068 0.069 0.552907
0.069 0.070 0.497443
0.070 0.071 0.438361
0.071 0.072 0.410929
0.072 0.073 0.372837
0.073 0.074 0.341306
0.074 0.075 0.309126
0.075 0.076 0.277101
0.076 0.077 0.244267
0.077 0.078 0.204499
0.078 0.079 0.160509
0.079 0.080 0.124646
0.080 0.081 0.093230
0.081 0.082 0.054526
0.082 0.083 0.026771
0.083 0.084 0.002945
0.084 0.085 0.000000
0.085 0.086 0.000000
0.086 0.087 0.000000
0.087 0.088 0.000000
0.088 0.089 0.000000
0.089 0.090 0.000000
0.090 0.091 0.000000
0.091 0.092 0.000000
0.092 0.093 0.000000
0.093 0.094 0.000000
0.094 0.095 0.000000
0.095 0.096 0.000000
0.096 0.097 0.000000
0.097 0.098 0.000000
0.098 0.099 0.000000
0.099 0.100 0.000000
0.100 0.101 0.000000
0.101 0.102 0.000000
0.102 0.103 0.000000
0.103 0.104 0.000000
0.104 0.105 0.000000
0.105 0.106 0.000000
0.106 0.107 0.000000
0.107 0.108 0.000000
0.108 0.109 0.000000
0.109 0.110 0.000000
0.110 0.111 0.000000
0.111 0.112 0.000000
0.112 0.113 0.000000
0.113 0.114 0.000000
0.114 0.115 0.000000
0.115 0.116 0.000000
0.116 0.117 0.000000
0.117 0.118 0.000000
0.118 0.119 0.000000
0.119 0.120 0.000000
0.120 0.121 0.000000
0.121 0.122 0.000000
0.122 0.123 0.000000
0.123 0.124 0.000000
0.124 0.125 0.000000
0.125 0.126 0.000000
0.126 0.127 0.000000
0.127 0.128 0.000000
0.128 0.129 0.000000
0.129 0.130 0.000000
0.130 0.131 0.000000
0.131 0.132 0.000000
0.132 0.133 0.000000
0.133 0.134 0.000000
0.134 0.135 0.000000
0.135 0.136 0.000000
0.136 0.137 0.000000
0.137 0.138 0.000000
0.138 0.139 0.000000
0.139 0.140 0.000000
0.140 0.141 0.000000
0.141 0.142 0.000000
0.142 0.143 0.000000
0.143 0.144 0.000000
0.144 0.145 0.000000
0.145 0.146 0.000000
0.146 0.147 0.000000
0.147 0.148 0.000000
0.148 0.149 0.000000
0.149 0.150 0.000000
