1
0.000 0.001 0.000000
0.001 0.002 0.000000
0.002 0.003 0.000000
0.003 0.004 0.000000
0.004 0.005 0.000000
0.005 0.006 0.000000
0.006 0.007 0.000000
0.007 0.008 0.000000
0.008 0.009 0.000000
0.009 0.010 0.000000
0.010 0.011 0.000000
0.011 0.012 0.000000
0.012 0.013 0.000000
0.013 0.014 0.000000
0.014 0.015 0.000000
0.015 0.016 0.000000
0.016 0.017 0.000000
0.017 0.018 0.000004
0.018 0.019 0.000023
0.019 0.020 0.000104
0.020 0.021 0.000364
0.021 0.022 0.001031
0.022 0.023 0.002471
0.023 0.024 0.005173
0.024 0.025 0.009699
0.025 0.026 0.016554
0.026 0.027 0.026152
0.027 0.028 0.038826
0.028 0.029 0.054710
0.029 0.030 0.073421
0.030 0.031 0.094724
0.031 0.032 0.118145
0.032 0.033 0.143355
0.033 0.034 0.169710
0.034 0.035 0.196315
0.035 0.036 0.222920
0.036 0.037 0.249334
0.037 0.038 0.275123
0.038 0.039 0.298876
0.039 0.040 0.321096
0.040 0.041 0.341744
0.041 0.042 0.360529
0.042 0.043 0.378189
0.043 0.044 0.393174
0.044 0.045 0.407103
0.045 0.046 0.417666
0.046 0.047 0.425859
0.047 0.048 0.435770
0.048 0.049 0.442691
0.049 0.050 0.446082
0.050 0.051 0.449500
0.051 0.052 0.453185
0.052 0.053 0.453635
0.053 0.054 0.452682
0.054 0.055 0.451293
0.055 0.056 0.449691
0.056 0.057 0.447672
0.057 0.058 0.637170
0.058 0.059 1.000000
0.059 0.060 0.801635
0.060 0.061 0.439834
0.061 0.062 0.434877
0.062 0.063 0.409840
0.063 0.064 0.403420
0.064 0.065 0.395960
0.065 0.066 0.388017
0.066 0.067 0.529062
0.067 0.068 0.522695
0.068 0.069 0.396577
0.069 0.070 0.355709
0.070 0.071 0.284705
0.071 0.072 0.278895
0.072 0.073 0.270980
0.073 0.074 0.264899
0.074 0.075 0.258762
0.075 0.076 0.253604
0.076 0.077 0.246647
0.077 0.078 0.241243
0.078 0.079 0.236838
0.079 0.080 0.232128
0.080 0.081 0.226767
0.081 0.082 0.219823
0.082 0.083 0.212771
0.083 0.084 0.206124
0.084 0.085 0.200323
0.085 0.086 0.194829
0.086 0.087 0.189001
0.087 0.088 0.183719
0.088 0.089 0.178509
0.089 0.090 0.172275
0.090 0.091 0.166619
0.091 0.092 0.159271
0.092 0.093 0.153635
0.093 0.094 0.150185
0.094 0.095 0.144720
0.095 0.096 0.139681
0.096 0.097 0.134605
0.097 0.098 0.128052
0.098 0.099 0.121864
0.099 0.100 0.117102
0.100 0.101 0.112232
0.101 0.102 0.107943
0.102 0.103 0.103312
0.103 0.104 0.099619
0.104 0.105 0.095410
0.105 0.106 0.090391
0.106 0.107 0.086103
0.107 0.108 0.081047
0.108 0.109 0.076999
0.109 0.110 0.073241
0.110 0.111 0.069066
0.111 0.112 0.064691
0.112 0.113 0.060343
0.113 0.114 0.056283
0.114 0.115 0.053217
0.115 0.116 0.050014
0.116 0.117 0.046301
0.117 0.118 0.043084
0.118 0.119 0.039016
0.119 0.120 0.035824
0.120 0.121 0.033326
0.121 0.122 0.031092
0.122 0.123 0.028890
0.123 0.124 0.026563
0.124 0.125 0.023668
0.125 0.126 0.020752
0.126 0.127 0.018458
0.127 0.128 0.015670
0.128 0.129 0.012857
0.129 0.130 0.011106
0.130 0.131 0.009138
0.131 0.132 0.007947
0.132 0.133 0.006323
0.133 0.134 0.004100
0.134 0.135 0.003024
0.135 0.136 0.002034
0.136 0.137 0.000776
0.137 0.138 0.000431
0.138 0.139 0.000000
0.139 0.140 0.000000
0.140 0.141 0.000000
0.141 0.142 0.000000
0.142 0.143 0.000000
0.143 0.144 0.000000
0.144 0.145 0.000000
0.145 0.146 0.000000
0.146 0.147 0.000000
0.147 0.148 0.000000
0.148 0.149 0.000000
0.149 0.150 0.000000
