1
0.000 0.001 0.000000
0.001 0.002 0.000000
0.002 0.003 0.000000
0.003 0.004 0.000000
0.004 0.005 0.000000
0.005 0.006 0.000000
0.006 0.007 0.000000
0.007 0.008 0.000000
0.008 0.009 0.000000
0.009 0.010 0.000000
0.010 0.011 0.000000
0.011 0.012 0.000000
0.012 0.013 0.000000
0.013 0.014 0.000000
0.014 0.015 0.000000
0.015 0.016 0.000000
0.016 0.017 0.000001
0.017 0.018 0.000010
0.018 0.019 0.000058
0.019 0.020 0.000256
0.020 0.021 0.000882
0.021 0.022 0.002479
0.022 0.023 0.005897
0.023 0.024 0.012266
0.024 0.025 0.022922
0.025 0.026 0.038922
0.026 0.027 0.061237
0.027 0.028 0.090507
0.028 0.029 0.126722
0.029 0.030 0.169865
0.030 0.031 0.218617
0.031 0.032 0.270577
0.032 0.033 0.326418
0.033 0.034 0.383894
0.034 0.035 0.441368
0.035 0.036 0.498454
0.036 0.037 0.551457
0.037 0.038 0.604448
0.038 0.039 0.655256
0.039 0.040 0.700353
0.040 0.041 0.740454
0.041 0.042 0.778101
0.042 0.043 0.809947
0.043 0.044 0.835206
0.044 0.045 0.859274
0.045 0.046 0.872413
0.046 0.047 0.884647
0.047 0.048 0.892076
0.048 0.049 0.891785
0.049 0.050 0.891698
0.050 0.051 0.889684
0.051 0.052 0.884677
0.052 0.053 0.872641
0.053 0.054 0.862130
0.054 0.055 0.849604
0.055 0.056 0.824871
0.056 0.057 0.797324
0.057 0.058 0.860450
0.058 0.059 1.000000
0.059 0.060 0.896060
0.060 0.061 0.713757
0.061 0.062 0.683860
0.062 0.063 0.648740
0.063 0.064 0.618384
0.064 0.065 0.585280
0.065 0.066 0.547272
0.066 0.067 0.577789
0.067 0.068 0.548097
0.068 0.069 0.455528
0.069 0.070 0.402842
0.070 0.071 0.349657
0.071 0.072 0.317991
0.072 0.073 0.285095
0.073 0.074 0.257180
0.074 0.075 0.226986
0.075 0.076 0.202702
0.076 0.077 0.176826
0.077 0.078 0.153292
0.078 0.079 0.128345
0.079 0.080 0.106211
0.080 0.081 0.089681
0.081 0.082 0.066744
0.082 0.083 0.051919
0.083 0.084 0.037039
0.084 0.085 0.023572
0.085 0.086 0.014918
0.086 0.087 0.002562
0.087 0.088 0.000000
0.088 0.089 0.000000
0.089 0.090 0.000000
0.090 0.091 0.000000
0.091 0.092 0.000000
0.092 0.093 0.000000
0.093 0.094 0.000000
0.094 0.095 0.000000
0.095 0.096 0.000000
0.096 0.097 0.000000
0.097 0.098 0.000000
0.098 0.099 0.000000
0.099 0.100 0.000000
0.100 0.101 0.000000
0.101 0.102 0.000000
0.102 0.103 0.000000
0.103 0.104 0.000000
0.104 0.105 0.000000
0.105 0.106 0.000000
0.106 0.107 0.000000
0.107 0.108 0.000000
0.108 0.109 0.000000
0.109 0.110 0.000000
0.110 0.111 0.000000
0.111 0.112 0.000000
0.112 0.113 0.000000
0.113 0.114 0.000000
0.114 0.115 0.000000
0.115 0.116 0.000000
0.116 0.117 0.000000
0.117 0.118 0.000000
0.118 0.119 0.000000
0.119 0.120 0.000000
0.120 0.121 0.000000
0.121 0.122 0.000000
0.122 0.123 0.000000
0.123 0.124 0.000000
0.124 0.125 0.000000
0.125 0.126 0.000000
0.126 0.127 0.000000
0.127 0.128 0.000000
0.128 0.129 0.000000
0.129 0.130 0.000000
0.130 0.131 0.000000
0.131 0.132 0.000000
0.132 0.133 0.000000
0.133 0.134 0.000000
0.134 0.135 0.000000
0.135 0.136 0.000000
0.136 0.137 0.000000
0.137 0.138 0.000000
0.138 0.139 0.000000
0.139 0.140 0.000000
0.140 0.141 0.000000
0.141 0.142 0.000000
0.142 0.143 0.000000
0.143 0.144 0.000000
0.144 0.145 0.000000
0.145 0.146 0.000000
0.146 0.147 0.000000
0.147 0.148 0.000000
0.148 0.149 0.000000
0.149 0.150 0.000000
