1
0.000 0.001 0.000000
0.001 0.002 0.000000
0.002 0.003 0.000000
0.003 0.004 0.000000
0.004 0.005 0.000000
0.005 0.006 0.000000
0.006 0.007 0.000000
0.007 0.008 0.000000
0.008 0.009 0.000000
0.009 0.010 0.000000
0.010 0.011 0.000000
0.011 0.012 0.000000
0.012 0.013 0.000000
0.013 0.014 0.000000
0.014 0.015 0.000004
0.015 0.016 0.000035
0.016 0.017 0.000212
0.017 0.018 0.000893
0.018 0.019 0.002845
0.019 0.020 0.007322
0.020 0.021 0.015912
0.021 0.022 0.030218
0.022 0.023 0.051389
0.023 0.024 0.080338
0.024 0.025 0.117046
0.025 0.026 0.160535
0.026 0.027 0.209122
0.027 0.028 0.262443
0.028 0.029 0.318511
0.029 0.030 0.373888
0.030 0.031 0.427910
0.031 0.032 0.480410
0.032 0.033 0.530061
0.033 0.034 0.573875
0.034 0.035 0.612941
0.035 0.036 0.648018
0.036 0.037 0.680901
0.037 0.038 0.705537
0.038 0.039 0.726627
0.039 0.040 0.746025
0.040 0.041 0.758683
0.041 0.042 0.766398
0.042 0.043 0.773507
0.043 0.044 0.775487
0.044 0.045 0.774556
0.045 0.046 0.769604
0.046 0.047 0.759621
0.047 0.048 0.750304
0.048 0.049 0.738805
0.049 0.050 0.726058
0.050 0.051 0.712999
0.051 0.052 0.702540
0.052 0.053 0.690014
0.053 0.054 0.674728
0.054 0.055 0.657194
0.055 0.056 0.639753
0.056 0.057 0.623170
0.057 0.058 0.749645
0.058 0.059 1.000000
0.059 0.060 0.834272
0.060 0.061 0.551468
0.061 0.062 0.534650
0.062 0.063 0.504281
0.063 0.064 0.484328
0.064 0.065 0.465947
0.065 0.066 0.449489
0.066 0.067 0.536779
0.067 0.068 0.520471
0.068 0.069 0.416841
0.069 0.070 0.373313
0.070 0.071 0.315310
0.071 0.072 0.298448
0.072 0.073 0.283204
0.073 0.074 0.274589
0.074 0.075 0.264840
0.075 0.076 0.251039
0.076 0.077 0.236125
0.077 0.078 0.223263
0.078 0.079 0.213986
0.079 0.080 0.203871
0.080 0.081 0.191400
0.081 0.082 0.176024
0.082 0.083 0.165121
0.083 0.084 0.153922
0.084 0.085 0.144166
0.085 0.086 0.135550
0.086 0.087 0.125661
0.087 0.088 0.116724
0.088 0.089 0.107417
0.089 0.090 0.097148
0.090 0.091 0.084902
0.091 0.092 0.076487
0.092 0.093 0.069574
0.093 0.094 0.063234
0.094 0.095 0.055930
0.095 0.096 0.049064
0.096 0.097 0.039684
0.097 0.098 0.033305
0.098 0.099 0.026081
0.099 0.100 0.021073
0.100 0.101 0.018393
0.101 0.102 0.012569
0.102 0.103 0.009170
0.103 0.104 0.006106
0.104 0.105 0.002465
0.105 0.106 0.001509
0.106 0.107 0.000000
0.107 0.108 0.000000
0.108 0.109 0.000000
0.109 0.110 0.000000
0.110 0.111 0.000000
0.111 0.112 0.000000
0.112 0.113 0.000000
0.113 0.114 0.000000
0.114 0.115 0.000000
0.115 0.116 0.000000
0.116 0.117 0.000000
0.117 0.118 0.000000
0.118 0.119 0.000000
0.119 0.120 0.000000
0.120 0.121 0.000000
0.121 0.122 0.000000
0.122 0.123 0.000000
0.123 0.124 0.000000
0.124 0.125 0.000000
0.125 0.126 0.000000
0.126 0.127 0.000000
0.127 0.128 0.000000
0.128 0.129 0.000000
0.129 0.130 0.000000
0.130 0.131 0.000000
0.131 0.132 0.000000
0.132 0.133 0.000000
0.133 0.134 0.000000
0.134 0.135 0.000000
0.135 0.136 0.000000
0.136 0.137 0.000000
0.137 0.138 0.000000
0.138 0.139 0.000000
0.139 0.140 0.000000
0.140 0.141 0.000000
0.141 0.142 0.000000
0.142 0.143 0.000000
0.143 0.144 0.000000
0.144 0.145 0.000000
0.145 0.146 0.000000
0.146 0.147 0.000000
0.147 0.148 0.000000
0.148 0.149 0.000000
0.149 0.150 0.000000
