1
0.000 0.001 0.000000
0.001 0.002 0.000000
0.002 0.003 0.000000
0.003 0.004 0.000000
0.004 0.005 0.000000
0.005 0.006 0.000000
0.006 0.007 0.000000
0.007 0.008 0.000000
0.008 0.009 0.000000
0.009 0.010 0.000000
0.010 0.011 0.000000
0.011 0.012 0.000000
0.012 0.013 0.000000
0.013 0.014 0.000000
0.014 0.015 0.000000
0.015 0.016 0.000000
0.016 0.017 0.000000
0.017 0.018 0.000000
0.018 0.019 0.000001
0.019 0.020 0.000008
0.020 0.021 0.000040
0.021 0.022 0.000147
0.022 0.023 0.000435
0.023 0.024 0.001091
0.024 0.025 0.002384
0.025 0.026 0.004647
0.026 0.027 0.008245
0.027 0.028 0.013525
0.028 0.029 0.020781
0.029 0.030 0.030064
0.030 0.031 0.041503
0.031 0.032 0.054992
0.032 0.033 0.070456
0.033 0.034 0.087584
0.034 0.035 0.105756
0.035 0.036 0.124834
0.036 0.037 0.144713
0.037 0.038 0.165562
0.038 0.039 0.185743
0.039 0.040 0.204899
0.040 0.041 0.223705
0.041 0.042 0.242110
0.042 0.043 0.259466
0.043 0.044 0.275429
0.044 0.045 0.291255
0.045 0.046 0.303924
0.046 0.047 0.316276
0.047 0.048 0.329477
0.048 0.049 0.339111
0.049 0.050 0.346738
0.050 0.051 0.355386
0.051 0.052 0.363470
0.052 0.053 0.367471
0.053 0.054 0.371166
0.054 0.055 0.375164
0.055 0.056 0.378784
0.056 0.057 0.382345
0.057 0.058 0.594955
0.058 0.059 1.000000
0.059 0.060 0.790490
0.060 0.061 0.399200
0.061 0.062 0.398565
0.062 0.063 0.374796
0.063 0.064 0.373332
0.064 0.065 0.370558
0.065 0.066 0.365747
0.066 0.067 0.529363
0.067 0.068 0.527021
0.068 0.069 0.390154
0.069 0.070 0.350171
0.070 0.071 0.273052
0.071 0.072 0.271229
0.072 0.073 0.267389
0.073 0.074 0.263221
0.074 0.075 0.260847
0.075 0.076 0.258350
0.076 0.077 0.253966
0.077 0.078 0.251266
0.078 0.079 0.247928
0.079 0.080 0.244957
0.080 0.081 0.242728
0.081 0.082 0.238551
0.082 0.083 0.233268
0.083 0.084 0.228372
0.084 0.085 0.224498
0.085 0.086 0.220665
0.086 0.087 0.217543
0.087 0.088 0.214596
0.088 0.089 0.209351
0.089 0.090 0.203972
0.090 0.091 0.199706
0.091 0.092 0.193492
0.092 0.093 0.188176
0.093 0.094 0.184874
0.094 0.095 0.179998
0.095 0.096 0.175721
0.096 0.097 0.171994
0.097 0.098 0.166530
0.098 0.099 0.161425
0.099 0.100 0.157701
0.100 0.101 0.153419
0.101 0.102 0.148504
0.102 0.103 0.144222
0.103 0.104 0.140643
0.104 0.105 0.135454
0.105 0.106 0.129455
0.106 0.107 0.124761
0.107 0.108 0.119325
0.108 0.109 0.115267
0.109 0.110 0.111948
0.110 0.111 0.107634
0.111 0.112 0.103200
0.112 0.113 0.097111
0.113 0.114 0.091225
0.114 0.115 0.087144
0.115 0.116 0.083076
0.116 0.117 0.077861
0.117 0.118 0.073735
0.118 0.119 0.068466
0.119 0.120 0.063909
0.120 0.121 0.061012
0.121 0.122 0.057022
0.122 0.123 0.053096
0.123 0.124 0.048958
0.124 0.125 0.043827
0.125 0.126 0.038541
0.126 0.127 0.034637
0.127 0.128 0.029601
0.128 0.129 0.025871
0.129 0.130 0.021923
0.130 0.131 0.018231
0.131 0.132 0.015764
0.132 0.133 0.013138
0.133 0.134 0.009796
0.134 0.135 0.007110
0.135 0.136 0.005230
0.136 0.137 0.003236
0.137 0.138 0.001542
0.138 0.139 0.000230
0.139 0.140 0.000000
0.140 0.141 0.000000
0.141 0.142 0.000000
0.142 0.143 0.000000
0.143 0.144 0.000000
0.144 0.145 0.000000
0.145 0.146 0.000000
0.146 0.147 0.000000
0.147 0.148 0.000000
0.148 0.149 0.000000
0.149 0.150 0.000000
