1
0.000 0.001 0.000000
0.001 0.002 0.000000
0.002 0.003 0.000000
0.003 0.004 0.000000
0.004 0.005 0.000000
0.005 0.006 0.000000
0.006 0.007 0.000000
0.007 0.008 0.000000
0.008 0.009 0.000000
0.009 0.010 0.000000
0.010 0.011 0.000000
0.011 0.012 0.000000
0.012 0.013 0.000000
0.013 0.014 0.000000
0.014 0.015 0.000000
0.015 0.016 0.000000
0.016 0.017 0.000000
0.017 0.018 0.000000
0.018 0.019 0.000000
0.019 0.020 0.000003
0.020 0.021 0.000015
0.021 0.022 0.000061
0.022 0.023 0.000196
0.023 0.024 0.000532
0.024 0.025 0.001250
0.025 0.026 0.002599
0.026 0.027 0.004883
0.027 0.028 0.008455
0.028 0.029 0.013644
0.029 0.030 0.020618
0.030 0.031 0.029667
0.031 0.032 0.040726
0.032 0.033 0.053915
0.033 0.034 0.069123
0.034 0.035 0.085880
0.035 0.036 0.103820
0.036 0.037 0.123094
0.037 0.038 0.143825
0.038 0.039 0.164174
0.039 0.040 0.184339
0.040 0.041 0.204506
0.041 0.042 0.224222
0.042 0.043 0.243729
0.043 0.044 0.262082
0.044 0.045 0.280150
0.045 0.046 0.295460
0.046 0.047 0.309904
0.047 0.048 0.325775
0.048 0.049 0.338867
0.049 0.050 0.348840
0.050 0.051 0.358992
0.051 0.052 0.369315
0.052 0.053 0.376382
0.053 0.054 0.382022
0.054 0.055 0.387632
0.055 0.056 0.393511
0.056 0.057 0.398821
0.057 0.058 0.605064
0.058 0.059 1.000000
0.059 0.060 0.799627
0.060 0.061 0.419271
0.061 0.062 0.419410
0.062 0.063 0.397313
0.063 0.064 0.395874
0.064 0.065 0.392696
0.065 0.066 0.388759
0.066 0.067 0.552401
0.067 0.068 0.550608
0.068 0.069 0.413976
0.069 0.070 0.372988
0.070 0.071 0.295507
0.071 0.072 0.293021
0.072 0.073 0.288654
0.073 0.074 0.285033
0.074 0.075 0.282278
0.075 0.076 0.279234
0.076 0.077 0.273914
0.077 0.078 0.270165
0.078 0.079 0.267163
0.079 0.080 0.263735
0.080 0.081 0.259796
0.081 0.082 0.254268
0.082 0.083 0.248357
0.083 0.084 0.242924
0.084 0.085 0.238424
0.085 0.086 0.234098
0.086 0.087 0.229402
0.087 0.088 0.226169
0.088 0.089 0.220713
0.089 0.090 0.214010
0.090 0.091 0.208518
0.091 0.092 0.200286
0.092 0.093 0.194225
0.093 0.094 0.191210
0.094 0.095 0.185429
0.095 0.096 0.180059
0.096 0.097 0.174939
0.097 0.098 0.167800
0.098 0.099 0.161437
0.099 0.100 0.156447
0.100 0.101 0.151422
0.101 0.102 0.145850
0.102 0.103 0.139732
0.103 0.104 0.134923
0.104 0.105 0.129412
0.105 0.106 0.122771
0.106 0.107 0.117129
0.107 0.108 0.110375
0.108 0.109 0.104970
0.109 0.110 0.099876
0.110 0.111 0.094152
0.111 0.112 0.089265
0.112 0.113 0.082600
0.113 0.114 0.076423
0.114 0.115 0.071198
0.115 0.116 0.066655
0.116 0.117 0.061498
0.117 0.118 0.056902
0.118 0.119 0.050791
0.119 0.120 0.046939
0.120 0.121 0.044671
0.121 0.122 0.041023
0.122 0.123 0.037078
0.123 0.124 0.033828
0.124 0.125 0.029813
0.125 0.126 0.025779
0.126 0.127 0.022323
0.127 0.128 0.019040
0.128 0.129 0.016166
0.129 0.130 0.013053
0.130 0.131 0.010422
0.131 0.132 0.008483
0.132 0.133 0.006796
0.133 0.134 0.004817
0.134 0.135 0.002745
0.135 0.136 0.001286
0.136 0.137 0.000349
0.137 0.138 0.000000
0.138 0.139 0.000000
0.139 0.140 0.000000
0.140 0.141 0.000000
0.141 0.142 0.000000
0.142 0.143 0.000000
0.143 0.144 0.000000
0.144 0.145 0.000000
0.145 0.146 0.000000
0.146 0.147 0.000000
0.147 0.148 0.000000
0.148 0.149 0.000000
0.149 0.150 0.000000
