1
0.000 0.001 0.000000
0.001 0.002 0.000000
0.002 0.003 0.000000
0.003 0.004 0.000000
0.004 0.005 0.000000
0.005 0.006 0.000000
0.006 0.007 0.000000
0.007 0.008 0.000000
0.008 0.009 0.000000
0.009 0.010 0.000000
0.010 0.011 0.000000
0.011 0.012 0.000000
0.012 0.013 0.000000
0.013 0.014 0.000000
0.014 0.015 0.000003
0.015 0.016 0.000032
0.016 0.017 0.000196
0.017 0.018 0.000829
0.018 0.019 0.002642
0.019 0.020 0.006793
0.020 0.021 0.014764
0.021 0.022 0.028007
0.022 0.023 0.047616
0.023 0.024 0.074132
0.024 0.025 0.107409
0.025 0.026 0.146665
0.026 0.027 0.190420
0.027 0.028 0.237996
0.028 0.029 0.287790
0.029 0.030 0.336840
0.030 0.031 0.384717
0.031 0.032 0.431178
0.032 0.033 0.473461
0.033 0.034 0.513991
0.034 0.035 0.550905
0.035 0.036 0.585436
0.036 0.037 0.615285
0.037 0.038 0.638267
0.038 0.039 0.656299
0.039 0.040 0.672374
0.040 0.041 0.684153
0.041 0.042 0.691347
0.042 0.043 0.697786
0.043 0.044 0.699516
0.044 0.045 0.699241
0.045 0.046 0.695920
0.046 0.047 0.686907
0.047 0.048 0.678082
0.048 0.049 0.673702
0.049 0.050 0.663208
0.050 0.051 0.651404
0.051 0.052 0.642393
0.052 0.053 0.632979
0.053 0.054 0.620321
0.054 0.055 0.605246
0.055 0.056 0.591300
0.056 0.057 0.578081
0.057 0.058 0.720707
0.058 0.059 1.000000
0.059 0.060 0.823587
0.060 0.061 0.518971
0.061 0.062 0.505081
0.062 0.063 0.476980
0.063 0.064 0.460161
0.064 0.065 0.444029
0.065 0.066 0.430431
0.066 0.067 0.529873
0.067 0.068 0.516045
0.068 0.069 0.408893
0.069 0.070 0.366668
0.070 0.071 0.306578
0.071 0.072 0.293526
0.072 0.073 0.278172
0.073 0.074 0.268415
0.074 0.075 0.260736
0.075 0.076 0.249753
0.076 0.077 0.237124
0.077 0.078 0.226477
0.078 0.079 0.219608
0.079 0.080 0.211616
0.080 0.081 0.201092
0.081 0.082 0.189234
0.082 0.083 0.178340
0.083 0.084 0.167293
0.084 0.085 0.156295
0.085 0.086 0.149692
0.086 0.087 0.141550
0.087 0.088 0.135070
0.088 0.089 0.128378
0.089 0.090 0.119762
0.090 0.091 0.110233
0.091 0.092 0.100476
0.092 0.093 0.093079
0.093 0.094 0.087216
0.094 0.095 0.078498
0.095 0.096 0.072980
0.096 0.097 0.066197
0.097 0.098 0.058614
0.098 0.099 0.050256
0.099 0.100 0.044452
0.100 0.101 0.041448
0.101 0.102 0.035283
0.102 0.103 0.030150
0.103 0.104 0.025994
0.104 0.105 0.022928
0.105 0.106 0.019185
0.106 0.107 0.015204
0.107 0.108 0.009955
0.108 0.109 0.007500
0.109 0.110 0.004990
0.110 0.111 0.001849
0.111 0.112 0.001151
0.112 0.113 0.000000
0.113 0.114 0.000000
0.114 0.115 0.000000
0.115 0.116 0.000000
0.116 0.117 0.000000
0.117 0.118 0.000000
0.118 0.119 0.000000
0.119 0.120 0.000000
0.120 0.121 0.000000
0.121 0.122 0.000000
0.122 0.123 0.000000
0.123 0.124 0.000000
0.124 0.125 0.000000
0.125 0.126 0.000000
0.126 0.127 0.000000
0.127 0.128 0.000000
0.128 0.129 0.000000
0.129 0.130 0.000000
0.130 0.131 0.000000
0.131 0.132 0.000000
0.132 0.133 0.000000
0.133 0.134 0.000000
0.134 0.135 0.000000
0.135 0.136 0.000000
0.136 0.137 0.000000
0.137 0.138 0.000000
0.138 0.139 0.000000
0.139 0.140 0.000000
0.140 0.141 0.000000
0.141 0.142 0.000000
0.142 0.143 0.000000
0.143 0.144 0.000000
0.144 0.145 0.000000
0.145 0.146 0.000000
0.146 0.147 0.000000
0.147 0.148 0.000000
0.148 0.149 0.000000
0.149 0.150 0.000000
