1
0.000 0.001 0.000000
0.001 0.002 0.000000
0.002 0.003 0.000000
0.003 0.004 0.000000
0.004 0.005 0.000000
0.005 0.006 0.000000
0.006 0.007 0.000000
0.007 0.008 0.000000
0.008 0.009 0.000000
0.009 0.010 0.000000
0.010 0.011 0.000000
0.011 0.012 0.000000
0.012 0.013 0.000000
0.013 0.014 0.000000
0.014 0.015 0.000000
0.015 0.016 0.000000
0.016 0.017 0.000000
0.017 0.018 0.000000
0.018 0.019 0.000000
0.019 0.020 0.000000
0.020 0.021 0.000000
0.021 0.022 0.000001
0.022 0.023 0.000008
0.023 0.024 0.000035
0.024 0.025 0.000126
0.025 0.026 0.000373
0.026 0.027 0.000944
0.027 0.028 0.002116
0.028 0.029 0.004275
0.029 0.030 0.007832
0.030 0.031 0.013328
0.031 0.032 0.021224
0.032 0.033 0.031946
0.033 0.034 0.045757
0.034 0.035 0.062788
0.035 0.036 0.083109
0.036 0.037 0.106331
0.037 0.038 0.131644
0.038 0.039 0.158988
0.039 0.040 0.188761
0.040 0.041 0.219177
0.041 0.042 0.249183
0.042 0.043 0.281486
0.043 0.044 0.312942
0.044 0.045 0.344139
0.045 0.046 0.373414
0.046 0.047 0.400108
0.047 0.048 0.427227
0.048 0.049 0.452159
0.049 0.050 0.470928
0.050 0.051 0.488948
0.051 0.052 0.507806
0.052 0.053 0.523654
0.053 0.054 0.533754
0.054 0.055 0.543714
0.055 0.056 0.553069
0.056 0.057 0.562732
0.057 0.058 0.712970
0.058 0.059 1.000000
0.059 0.060 0.856833
0.060 0.061 0.574970
0.061 0.062 0.572050
0.062 0.063 0.552043
0.063 0.064 0.541459
0.064 0.065 0.531357
0.065 0.066 0.521251
0.066 0.067 0.645848
0.067 0.068 0.640483
0.068 0.069 0.520852
0.069 0.070 0.475823
0.070 0.071 0.407805
0.071 0.072 0.396204
0.072 0.073 0.380125
0.073 0.074 0.373079
0.074 0.075 0.363763
0.075 0.076 0.346387
0.076 0.077 0.331761
0.077 0.078 0.319731
0.078 0.079 0.312610
0.079 0.080 0.303515
0.080 0.081 0.290322
0.081 0.082 0.274534
0.082 0.083 0.259581
0.083 0.084 0.243928
0.084 0.085 0.229859
0.085 0.086 0.215378
0.086 0.087 0.203885
0.087 0.088 0.194073
0.088 0.089 0.183672
0.089 0.090 0.170669
0.090 0.091 0.155727
0.091 0.092 0.141070
0.092 0.093 0.129238
0.093 0.094 0.117185
0.094 0.095 0.107643
0.095 0.096 0.098657
0.096 0.097 0.087224
0.097 0.098 0.074723
0.098 0.099 0.060719
0.099 0.100 0.049630
0.100 0.101 0.046686
0.101 0.102 0.040227
0.102 0.103 0.031744
0.103 0.104 0.024326
0.104 0.105 0.016746
0.105 0.106 0.012669
0.106 0.107 0.008335
0.107 0.108 0.002207
0.108 0.109 0.000000
0.109 0.110 0.000000
0.110 0.111 0.000000
0.111 0.112 0.000000
0.112 0.113 0.000000
0.113 0.114 0.000000
0.114 0.115 0.000000
0.115 0.116 0.000000
0.116 0.117 0.000000
0.117 0.118 0.000000
0.118 0.119 0.000000
0.119 0.120 0.000000
0.120 0.121 0.000000
0.121 0.122 0.000000
0.122 0.123 0.000000
0.123 0.124 0.000000
0.124 0.125 0.000000
0.125 0.126 0.000000
0.126 0.127 0.000000
0.127 0.128 0.000000
0.128 0.129 0.000000
0.129 0.130 0.000000
0.130 0.131 0.000000
0.131 0.132 0.000000
0.132 0.133 0.000000
0.133 0.134 0.000000
0.134 0.135 0.000000
0.135 0.136 0.000000
0.136 0.137 0.000000
0.137 0.138 0.000000
0.138 0.139 0.000000
0.139 0.140 0.000000
0.140 0.141 0.000000
0.141 0.142 0.000000
0.142 0.143 0.000000
0.143 0.144 0.000000
0.144 0.145 0.000000
0.145 0.146 0.000000
0.146 0.147 0.000000
0.147 0.148 0.000000
0.148 0.149 0.000000
0.149 0.150 0.000000
