1
0.000 0.001 0.000000
0.001 0.002 0.000000
0.002 0.003 0.000000
0.003 0.004 0.000000
0.004 0.005 0.000000
0.005 0.006 0.000000
0.006 0.007 0.000000
0.007 0.008 0.000000
0.008 0.009 0.000000
0.009 0.010 0.000000
0.010 0.011 0.000000
0.011 0.012 0.000000
0.012 0.013 0.000000
0.013 0.014 0.000000
0.014 0.015 0.000005
0.015 0.016 0.000041
0.016 0.017 0.000212
0.017 0.018 0.000793
0.018 0.019 0.002295
0.019 0.020 0.005492
0.020 0.021 0.011341
0.021 0.022 0.020697
0.022 0.023 0.034150
0.023 0.024 0.052062
0.024 0.025 0.074342
0.025 0.026 0.100335
0.026 0.027 0.129399
0.027 0.028 0.161457
0.028 0.029 0.195018
0.029 0.030 0.228263
0.030 0.031 0.261887
0.031 0.032 0.294599
0.032 0.033 0.325194
0.033 0.034 0.354451
0.034 0.035 0.382127
0.035 0.036 0.406458
0.036 0.037 0.428842
0.037 0.038 0.449273
0.038 0.039 0.463548
0.039 0.040 0.475902
0.040 0.041 0.488169
0.041 0.042 0.496921
0.042 0.043 0.504975
0.043 0.044 0.510302
0.044 0.045 0.514826
0.045 0.046 0.517228
0.046 0.047 0.514841
0.047 0.048 0.515580
0.048 0.049 0.516610
0.049 0.050 0.512078
0.050 0.051 0.505475
0.051 0.052 0.501755
0.052 0.053 0.499497
0.053 0.054 0.493148
0.054 0.055 0.485119
0.055 0.056 0.480769
0.056 0.057 0.476400
0.057 0.058 0.656365
0.058 0.059 1.000000
0.059 0.060 0.801028
0.060 0.061 0.451985
0.061 0.062 0.443780
0.062 0.063 0.418680
0.063 0.064 0.408027
0.064 0.065 0.396613
0.065 0.066 0.388830
0.066 0.067 0.514722
0.067 0.068 0.505974
0.068 0.069 0.390553
0.069 0.070 0.350387
0.070 0.071 0.284806
0.071 0.072 0.276948
0.072 0.073 0.268361
0.073 0.074 0.264548
0.074 0.075 0.259397
0.075 0.076 0.252644
0.076 0.077 0.243408
0.077 0.078 0.235852
0.078 0.079 0.232383
0.079 0.080 0.227119
0.080 0.081 0.219006
0.081 0.082 0.210471
0.082 0.083 0.203171
0.083 0.084 0.196083
0.084 0.085 0.189847
0.085 0.086 0.184578
0.086 0.087 0.177067
0.087 0.088 0.172551
0.088 0.089 0.167782
0.089 0.090 0.159929
0.090 0.091 0.151890
0.091 0.092 0.141759
0.092 0.093 0.135422
0.093 0.094 0.132427
0.094 0.095 0.125863
0.095 0.096 0.119520
0.096 0.097 0.112341
0.097 0.098 0.103659
0.098 0.099 0.095000
0.099 0.100 0.088543
0.100 0.101 0.084604
0.101 0.102 0.079027
0.102 0.103 0.070774
0.103 0.104 0.064435
0.104 0.105 0.059847
0.105 0.106 0.054032
0.106 0.107 0.047933
0.107 0.108 0.040520
0.108 0.109 0.034407
0.109 0.110 0.027531
0.110 0.111 0.021776
0.111 0.112 0.017508
0.112 0.113 0.013419
0.113 0.114 0.009460
0.114 0.115 0.005935
0.115 0.116 0.002482
0.116 0.117 0.000432
0.117 0.118 0.000000
0.118 0.119 0.000000
0.119 0.120 0.000000
0.120 0.121 0.000000
0.121 0.122 0.000000
0.122 0.123 0.000000
0.123 0.124 0.000000
0.124 0.125 0.000000
0.125 0.126 0.000000
0.126 0.127 0.000000
0.127 0.128 0.000000
0.128 0.129 0.000000
0.129 0.130 0.000000
0.130 0.131 0.000000
0.131 0.132 0.000000
0.132 0.133 0.000000
0.133 0.134 0.000000
0.134 0.135 0.000000
0.135 0.136 0.000000
0.136 0.137 0.000000
0.137 0.138 0.000000
0.138 0.139 0.000000
0.139 0.140 0.000000
0.140 0.141 0.000000
0.141 0.142 0.000000
0.142 0.143 0.000000
0.143 0.144 0.000000
0.144 0.145 0.000000
0.145 0.146 0.000000
0.146 0.147 0.000000
0.147 0.148 0.000000
0.148 0.149 0.000000
0.149 0.150 0.000000
