1
0.000 0.001 0.000000
0.001 0.002 0.000000
0.002 0.003 0.000000
0.003 0.004 0.000000
0.004 0.005 0.000000
0.005 0.006 0.000000
0.006 0.007 0.000000
0.007 0.008 0.000000
0.008 0.009 0.000000
0.009 0.010 0.000000
0.010 0.011 0.000000
0.011 0.012 0.000000
0.012 0.013 0.000000
0.013 0.014 0.000000
0.014 0.015 0.000000
0.015 0.016 0.000000
0.016 0.017 0.000002
0.017 0.018 0.000015
0.018 0.019 0.000086
0.019 0.020 0.000348
0.020 0.021 0.001105
0.021 0.022 0.002883
0.022 0.023 0.006402
0.023 0.024 0.012516
0.024 0.025 0.022066
0.025 0.026 0.035604
0.026 0.027 0.053445
0.027 0.028 0.075933
0.028 0.029 0.102806
0.029 0.030 0.133080
0.030 0.031 0.165524
0.031 0.032 0.200384
0.032 0.033 0.237011
0.033 0.034 0.273427
0.034 0.035 0.309432
0.035 0.036 0.345966
0.036 0.037 0.380022
0.037 0.038 0.408127
0.038 0.039 0.435545
0.039 0.040 0.463246
0.040 0.041 0.485802
0.041 0.042 0.505220
0.042 0.043 0.524797
0.043 0.044 0.539322
0.044 0.045 0.552228
0.045 0.046 0.563960
0.046 0.047 0.569538
0.047 0.048 0.576031
0.048 0.049 0.582432
0.049 0.050 0.581074
0.050 0.051 0.580105
0.051 0.052 0.582043
0.052 0.053 0.581915
0.053 0.054 0.577635
0.054 0.055 0.570456
0.055 0.056 0.565870
0.056 0.057 0.563162
0.057 0.058 0.713353
0.058 0.059 1.000000
0.059 0.060 0.830358
0.060 0.061 0.531828
0.061 0.062 0.521591
0.062 0.063 0.495692
0.063 0.064 0.480826
0.064 0.065 0.468458
0.065 0.066 0.459262
0.066 0.067 0.566332
0.067 0.068 0.555169
0.068 0.069 0.445386
0.069 0.070 0.403384
0.070 0.071 0.342712
0.071 0.072 0.331510
0.072 0.073 0.317284
0.073 0.074 0.311884
0.074 0.075 0.304924
0.075 0.076 0.291405
0.076 0.077 0.276254
0.077 0.078 0.264914
0.078 0.079 0.258567
0.079 0.080 0.250108
0.080 0.081 0.238323
0.081 0.082 0.225073
0.082 0.083 0.211776
0.083 0.084 0.197388
0.084 0.085 0.185553
0.085 0.086 0.175413
0.086 0.087 0.163993
0.087 0.088 0.153363
0.088 0.089 0.142066
0.089 0.090 0.129568
0.090 0.091 0.115352
0.091 0.092 0.102544
0.092 0.093 0.091351
0.093 0.094 0.080314
0.094 0.095 0.068432
0.095 0.096 0.056881
0.096 0.097 0.043604
0.097 0.098 0.031384
0.098 0.099 0.020053
0.099 0.100 0.012159
0.100 0.101 0.006633
0.101 0.102 0.000879
0.102 0.103 0.000000
0.103 0.104 0.000000
0.104 0.105 0.000000
0.105 0.106 0.000000
0.106 0.107 0.000000
0.107 0.108 0.000000
0.108 0.109 0.000000
0.109 0.110 0.000000
0.110 0.111 0.000000
0.111 0.112 0.000000
0.112 0.113 0.000000
0.113 0.114 0.000000
0.114 0.115 0.000000
0.115 0.116 0.000000
0.116 0.117 0.000000
0.117 0.118 0.000000
0.118 0.119 0.000000
0.119 0.120 0.000000
0.120 0.121 0.000000
0.121 0.122 0.000000
0.122 0.123 0.000000
0.123 0.124 0.000000
0.124 0.125 0.000000
0.125 0.126 0.000000
0.126 0.127 0.000000
0.127 0.128 0.000000
0.128 0.129 0.000000
0.129 0.130 0.000000
0.130 0.131 0.000000
0.131 0.132 0.000000
0.132 0.133 0.000000
0.133 0.134 0.000000
0.134 0.135 0.000000
0.135 0.136 0.000000
0.136 0.137 0.000000
0.137 0.138 0.000000
0.138 0.139 0.000000
0.139 0.140 0.000000
0.140 0.141 0.000000
0.141 0.142 0.000000
0.142 0.143 0.000000
0.143 0.144 0.000000
0.144 0.145 0.000000
0.145 0.146 0.000000
0.146 0.147 0.000000
0.147 0.148 0.000000
0.148 0.149 0.000000
0.149 0.150 0.000000
