1
0.000 0.001 0.000000
0.001 0.002 0.000000
0.002 0.003 0.000000
0.003 0.004 0.000000
0.004 0.005 0.000000
0.005 0.006 0.000000
0.006 0.007 0.000000
0.007 0.008 0.000000
0.008 0.009 0.000000
0.009 0.010 0.000000
0.010 0.011 0.000000
0.011 0.012 0.000000
0.012 0.013 0.000000
0.013 0.014 0.000000
0.014 0.015 0.000000
0.015 0.016 0.000000
0.016 0.017 0.000000
0.017 0.018 0.000002
0.018 0.019 0.000013
0.019 0.020 0.000064
0.020 0.021 0.000240
0.021 0.022 0.000724
0.022 0.023 0.001836
0.023 0.024 0.004032
0.024 0.025 0.007890
0.025 0.026 0.013985
0.026 0.027 0.022822
0.027 0.028 0.034968
0.028 0.029 0.050670
0.029 0.030 0.069658
0.030 0.031 0.091802
0.031 0.032 0.116680
0.032 0.033 0.144092
0.033 0.034 0.173342
0.034 0.035 0.203678
0.035 0.036 0.234775
0.036 0.037 0.266138
0.037 0.038 0.295414
0.038 0.039 0.322911
0.039 0.040 0.350669
0.040 0.041 0.376430
0.041 0.042 0.399781
0.042 0.043 0.422418
0.043 0.044 0.441899
0.044 0.045 0.460159
0.045 0.046 0.476068
0.046 0.047 0.487358
0.047 0.048 0.499323
0.048 0.049 0.510627
0.049 0.050 0.515844
0.050 0.051 0.519752
0.051 0.052 0.525772
0.052 0.053 0.530359
0.053 0.054 0.530676
0.054 0.055 0.528800
0.055 0.056 0.528674
0.056 0.057 0.528768
0.057 0.058 0.689969
0.058 0.059 1.000000
0.059 0.060 0.828251
0.060 0.061 0.514732
0.061 0.062 0.507437
0.062 0.063 0.483712
0.063 0.064 0.472467
0.064 0.065 0.461724
0.065 0.066 0.453918
0.066 0.067 0.573792
0.067 0.068 0.565231
0.068 0.069 0.450130
0.069 0.070 0.407455
0.070 0.071 0.342330
0.071 0.072 0.332593
0.072 0.073 0.320404
0.073 0.074 0.315060
0.074 0.075 0.308018
0.075 0.076 0.296792
0.076 0.077 0.283482
0.077 0.078 0.272631
0.078 0.079 0.266505
0.079 0.080 0.258475
0.080 0.081 0.246941
0.081 0.082 0.234042
0.082 0.083 0.222087
0.083 0.084 0.209853
0.084 0.085 0.198711
0.085 0.086 0.189923
0.086 0.087 0.179061
0.087 0.088 0.170231
0.088 0.089 0.161134
0.089 0.090 0.149127
0.090 0.091 0.137568
0.091 0.092 0.125777
0.092 0.093 0.116900
0.093 0.094 0.109290
0.094 0.095 0.101133
0.095 0.096 0.093427
0.096 0.097 0.084031
0.097 0.098 0.073039
0.098 0.099 0.062895
0.099 0.100 0.055873
0.100 0.101 0.051741
0.101 0.102 0.046486
0.102 0.103 0.039185
0.103 0.104 0.033140
0.104 0.105 0.027955
0.105 0.106 0.023521
0.106 0.107 0.018214
0.107 0.108 0.014067
0.108 0.109 0.010262
0.109 0.110 0.005871
0.110 0.111 0.002708
0.111 0.112 0.000767
0.112 0.113 0.000000
0.113 0.114 0.000000
0.114 0.115 0.000000
0.115 0.116 0.000000
0.116 0.117 0.000000
0.117 0.118 0.000000
0.118 0.119 0.000000
0.119 0.120 0.000000
0.120 0.121 0.000000
0.121 0.122 0.000000
0.122 0.123 0.000000
0.123 0.124 0.000000
0.124 0.125 0.000000
0.125 0.126 0.000000
0.126 0.127 0.000000
0.127 0.128 0.000000
0.128 0.129 0.000000
0.129 0.130 0.000000
0.130 0.131 0.000000
0.131 0.132 0.000000
0.132 0.133 0.000000
0.133 0.134 0.000000
0.134 0.135 0.000000
0.135 0.136 0.000000
0.136 0.137 0.000000
0.137 0.138 0.000000
0.138 0.139 0.000000
0.139 0.140 0.000000
0.140 0.141 0.000000
0.141 0.142 0.000000
0.142 0.143 0.000000
0.143 0.144 0.000000
0.144 0.145 0.000000
0.145 0.146 0.000000
0.146 0.147 0.000000
0.147 0.148 0.000000
0.148 0.149 0.000000
0.149 0.150 0.000000
