1
0.000 0.001 0.000000
0.001 0.002 0.000000
0.002 0.003 0.000000
0.003 0.004 0.000000
0.004 0.005 0.000000
0.005 0.006 0.000000
0.006 0.007 0.000000
0.007 0.008 0.000000
0.008 0.009 0.000000
0.009 0.010 0.000000
0.010 0.011 0.000000
0.011 0.012 0.000000
0.012 0.013 0.000000
0.013 0.014 0.000000
0.014 0.015 0.000000
0.015 0.016 0.000001
0.016 0.017 0.000008
0.017 0.018 0.000058
0.018 0.019 0.000279
0.019 0.020 0.001014
0.020 0.021 0.002952
0.021 0.022 0.007186
0.022 0.023 0.015137
0.023 0.024 0.028276
0.024 0.025 0.048042
0.025 0.026 0.075304
0.026 0.027 0.110326
0.027 0.028 0.153145
0.028 0.029 0.202822
0.029 0.030 0.258080
0.030 0.031 0.317229
0.031 0.032 0.377647
0.032 0.033 0.439998
0.033 0.034 0.500822
0.034 0.035 0.558122
0.035 0.036 0.612978
0.036 0.037 0.662053
0.037 0.038 0.706147
0.038 0.039 0.745526
0.039 0.040 0.783106
0.040 0.041 0.812554
0.041 0.042 0.836996
0.042 0.043 0.856193
0.043 0.044 0.870240
0.044 0.045 0.880808
0.045 0.046 0.881618
0.046 0.047 0.880886
0.047 0.048 0.872906
0.048 0.049 0.865568
0.049 0.050 0.856119
0.050 0.051 0.846589
0.051 0.052 0.834268
0.052 0.053 0.814133
0.053 0.054 0.794848
0.054 0.055 0.776088
0.055 0.056 0.748271
0.056 0.057 0.723943
0.057 0.058 0.812573
0.058 0.059 1.000000
0.059 0.060 0.869631
0.060 0.061 0.644802
0.061 0.062 0.617563
0.062 0.063 0.578214
0.063 0.064 0.547251
0.064 0.065 0.523593
0.065 0.066 0.498356
0.066 0.067 0.558686
0.067 0.068 0.538221
0.068 0.069 0.442366
0.069 0.070 0.394168
0.070 0.071 0.339893
0.071 0.072 0.317410
0.072 0.073 0.296530
0.073 0.074 0.277861
0.074 0.075 0.258754
0.075 0.076 0.238782
0.076 0.077 0.219515
0.077 0.078 0.197619
0.078 0.079 0.183400
0.079 0.080 0.169616
0.080 0.081 0.153589
0.081 0.082 0.134914
0.082 0.083 0.118704
0.083 0.084 0.102176
0.084 0.085 0.090328
0.085 0.086 0.078612
0.086 0.087 0.065380
0.087 0.088 0.050728
0.088 0.089 0.040138
0.089 0.090 0.031319
0.090 0.091 0.024631
0.091 0.092 0.014447
0.092 0.093 0.009445
0.093 0.094 0.002569
0.094 0.095 0.000000
0.095 0.096 0.000000
0.096 0.097 0.000000
0.097 0.098 0.000000
0.098 0.099 0.000000
0.099 0.100 0.000000
0.100 0.101 0.000000
0.101 0.102 0.000000
0.102 0.103 0.000000
0.103 0.104 0.000000
0.104 0.105 0.000000
0.105 0.106 0.000000
0.106 0.107 0.000000
0.107 0.108 0.000000
0.108 0.109 0.000000
0.109 0.110 0.000000
0.110 0.111 0.000000
0.111 0.112 0.000000
0.112 0.113 0.000000
0.113 0.114 0.000000
0.114 0.115 0.000000
0.115 0.116 0.000000
0.116 0.117 0.000000
0.117 0.118 0.000000
0.118 0.119 0.000000
0.119 0.120 0.000000
0.120 0.121 0.000000
0.121 0.122 0.000000
0.122 0.123 0.000000
0.123 0.124 0.000000
0.124 0.125 0.000000
0.125 0.126 0.000000
0.126 0.127 0.000000
0.127 0.128 0.000000
0.128 0.129 0.000000
0.129 0.130 0.000000
0.130 0.131 0.000000
0.131 0.132 0.000000
0.132 0.133 0.000000
0.133 0.134 0.000000
0.134 0.135 0.000000
0.135 0.136 0.000000
0.136 0.137 0.000000
0.137 0.138 0.000000
0.138 0.139 0.000000
0.139 0.140 0.000000
0.140 0.141 0.000000
0.141 0.142 0.000000
0.142 0.143 0.000000
0.143 0.144 0.000000
0.144 0.145 0.000000
0.145 0.146 0.000000
0.146 0.147 0.000000
0.147 0.148 0.000000
0.148 0.149 0.000000
0.149 0.150 0.000000
