1
0.000 0.001 0.000000
0.001 0.002 0.000000
0.002 0.003 0.000000
0.003 0.004 0.000000
0.004 0.005 0.000000
0.005 0.006 0.000000
0.006 0.007 0.000000
0.007 0.008 0.000000
0.008 0.009 0.000000
0.009 0.010 0.000000
0.010 0.011 0.000000
0.011 0.012 0.000000
0.012 0.013 0.000000
0.013 0.014 0.000000
0.014 0.015 0.000000
0.015 0.016 0.000000
0.016 0.017 0.000000
0.017 0.018 0.000000
0.018 0.019 0.000001
0.019 0.020 0.000011
0.020 0.021 0.000055
0.021 0.022 0.000216
0.022 0.023 0.000678
0.023 0.024 0.001782
0.024 0.025 0.004057
0.025 0.026 0.008158
0.026 0.027 0.014751
0.027 0.028 0.024801
0.028 0.029 0.038932
0.029 0.030 0.057319
0.030 0.031 0.080137
0.031 0.032 0.107123
0.032 0.033 0.138167
0.033 0.034 0.172456
0.034 0.035 0.209035
0.035 0.036 0.247476
0.036 0.037 0.285847
0.037 0.038 0.322928
0.038 0.039 0.359727
0.039 0.040 0.396557
0.040 0.041 0.428780
0.041 0.042 0.461266
0.042 0.043 0.492348
0.043 0.044 0.519854
0.044 0.045 0.545032
0.045 0.046 0.565512
0.046 0.047 0.582279
0.047 0.048 0.598601
0.048 0.049 0.610827
0.049 0.050 0.615335
0.050 0.051 0.620272
0.051 0.052 0.626359
0.052 0.053 0.627744
0.053 0.054 0.623265
0.054 0.055 0.620692
0.055 0.056 0.617274
0.056 0.057 0.614475
0.057 0.058 0.745694
0.058 0.059 1.000000
0.059 0.060 0.852288
0.060 0.061 0.583968
0.061 0.062 0.571279
0.062 0.063 0.543356
0.063 0.064 0.524836
0.064 0.065 0.507828
0.065 0.066 0.490383
0.066 0.067 0.589177
0.067 0.068 0.577688
0.068 0.069 0.469947
0.069 0.070 0.425722
0.070 0.071 0.365294
0.071 0.072 0.351446
0.072 0.073 0.333221
0.073 0.074 0.322754
0.074 0.075 0.310745
0.075 0.076 0.293461
0.076 0.077 0.272884
0.077 0.078 0.260431
0.078 0.079 0.251883
0.079 0.080 0.241979
0.080 0.081 0.228829
0.081 0.082 0.213490
0.082 0.083 0.199024
0.083 0.084 0.184336
0.084 0.085 0.170886
0.085 0.086 0.158511
0.086 0.087 0.142857
0.087 0.088 0.133465
0.088 0.089 0.123339
0.089 0.090 0.112254
0.090 0.091 0.100097
0.091 0.092 0.088528
0.092 0.093 0.078410
0.093 0.094 0.066961
0.094 0.095 0.059543
0.095 0.096 0.052604
0.096 0.097 0.043950
0.097 0.098 0.034891
0.098 0.099 0.025118
0.099 0.100 0.016547
0.100 0.101 0.014163
0.101 0.102 0.009880
0.102 0.103 0.003627
0.103 0.104 0.002105
0.104 0.105 0.000000
0.105 0.106 0.000000
0.106 0.107 0.000000
0.107 0.108 0.000000
0.108 0.109 0.000000
0.109 0.110 0.000000
0.110 0.111 0.000000
0.111 0.112 0.000000
0.112 0.113 0.000000
0.113 0.114 0.000000
0.114 0.115 0.000000
0.115 0.116 0.000000
0.116 0.117 0.000000
0.117 0.118 0.000000
0.118 0.119 0.000000
0.119 0.120 0.000000
0.120 0.121 0.000000
0.121 0.122 0.000000
0.122 0.123 0.000000
0.123 0.124 0.000000
0.124 0.125 0.000000
0.125 0.126 0.000000
0.126 0.127 0.000000
0.127 0.128 0.000000
0.128 0.129 0.000000
0.129 0.130 0.000000
0.130 0.131 0.000000
0.131 0.132 0.000000
0.132 0.133 0.000000
0.133 0.134 0.000000
0.134 0.135 0.000000
0.135 0.136 0.000000
0.136 0.137 0.000000
0.137 0.138 0.000000
0.138 0.139 0.000000
0.139 0.140 0.000000
0.140 0.141 0.000000
0.141 0.142 0.000000
0.142 0.143 0.000000
0.143 0.144 0.000000
0.144 0.145 0.000000
0.145 0.146 0.000000
0.146 0.147 0.000000
0.147 0.148 0.000000
0.148 0.149 0.000000
0.149 0.150 0.000000
