1
0.000 0.001 0.000000
0.001 0.002 0.000000
0.002 0.003 0.000000
0.003 0.004 0.000000
0.004 0.005 0.000000
0.005 0.006 0.000000
0.006 0.007 0.000000
0.007 0.008 0.000000
0.008 0.009 0.000000
0.009 0.010 0.000000
0.010 0.011 0.000000
0.011 0.012 0.000000
0.012 0.013 0.000000
0.013 0.014 0.000000
0.014 0.015 0.000000
0.015 0.016 0.000000
0.016 0.017 0.000000
0.017 0.018 0.000000
0.018 0.019 0.000000
0.019 0.020 0.000003
0.020 0.021 0.000020
0.021 0.022 0.000092
0.022 0.023 0.000336
0.023 0.024 0.001000
0.024 0.025 0.002531
0.025 0.026 0.005639
0.026 0.027 0.011187
0.027 0.028 0.020270
0.028 0.029 0.033950
0.029 0.030 0.052918
0.030 0.031 0.077901
0.031 0.032 0.108609
0.032 0.033 0.145265
0.033 0.034 0.186940
0.034 0.035 0.233166
0.035 0.036 0.281622
0.036 0.037 0.333768
0.037 0.038 0.388506
0.038 0.039 0.443736
0.039 0.040 0.497368
0.040 0.041 0.548590
0.041 0.042 0.597876
0.042 0.043 0.641943
0.043 0.044 0.681191
0.044 0.045 0.717935
0.045 0.046 0.745178
0.046 0.047 0.767608
0.047 0.048 0.791146
0.048 0.049 0.805647
0.049 0.050 0.819384
0.050 0.051 0.830286
0.051 0.052 0.834484
0.052 0.053 0.830830
0.053 0.054 0.826873
0.054 0.055 0.818589
0.055 0.056 0.799226
0.056 0.057 0.773635
0.057 0.058 0.847039
0.058 0.059 1.000000
0.059 0.060 0.899394
0.060 0.061 0.715101
0.061 0.062 0.689385
0.062 0.063 0.653788
0.063 0.064 0.623486
0.064 0.065 0.591458
0.065 0.066 0.551183
0.066 0.067 0.598445
0.067 0.068 0.576764
0.068 0.069 0.484596
0.069 0.070 0.433001
0.070 0.071 0.378793
0.071 0.072 0.352892
0.072 0.073 0.319071
0.073 0.074 0.284841
0.074 0.075 0.261347
0.075 0.076 0.238593
0.076 0.077 0.216326
0.077 0.078 0.190391
0.078 0.079 0.163501
0.079 0.080 0.136834
0.080 0.081 0.120170
0.081 0.082 0.099036
0.082 0.083 0.081311
0.083 0.084 0.065938
0.084 0.085 0.043741
0.085 0.086 0.032680
0.086 0.087 0.020790
0.087 0.088 0.005421
0.088 0.089 0.000000
0.089 0.090 0.000000
0.090 0.091 0.000000
0.091 0.092 0.000000
0.092 0.093 0.000000
0.093 0.094 0.000000
0.094 0.095 0.000000
0.095 0.096 0.000000
0.096 0.097 0.000000
0.097 0.098 0.000000
0.098 0.099 0.000000
0.099 0.100 0.000000
0.100 0.101 0.000000
0.101 0.102 0.000000
0.102 0.103 0.000000
0.103 0.104 0.000000
0.104 0.105 0.000000
0.105 0.106 0.000000
0.106 0.107 0.000000
0.107 0.108 0.000000
0.108 0.109 0.000000
0.109 0.110 0.000000
0.110 0.111 0.000000
0.111 0.112 0.000000
0.112 0.113 0.000000
0.113 0.114 0.000000
0.114 0.115 0.000000
0.115 0.116 0.000000
0.116 0.117 0.000000
0.117 0.118 0.000000
0.118 0.119 0.000000
0.119 0.120 0.000000
0.120 0.121 0.000000
0.121 0.122 0.000000
0.122 0.123 0.000000
0.123 0.124 0.000000
0.124 0.125 0.000000
0.125 0.126 0.000000
0.126 0.127 0.000000
0.127 0.128 0.000000
0.128 0.129 0.000000
0.129 0.130 0.000000
0.130 0.131 0.000000
0.131 0.132 0.000000
0.132 0.133 0.000000
0.133 0.134 0.000000
0.134 0.135 0.000000
0.135 0.136 0.000000
0.136 0.137 0.000000
0.137 0.138 0.000000
0.138 0.139 0.000000
0.139 0.140 0.000000
0.140 0.141 0.000000
0.141 0.142 0.000000
0.142 0.143 0.000000
0.143 0.144 0.000000
0.144 0.145 0.000000
0.145 0.146 0.000000
0.146 0.147 0.000000
0.147 0.148 0.000000
0.148 0.149 0.000000
0.149 0.150 0.000000
