1
0.000 0.001 0.000000
0.001 0.002 0.000000
0.002 0.003 0.000000
0.003 0.004 0.000000
0.004 0.005 0.000000
0.005 0.006 0.000000
0.006 0.007 0.000000
0.007 0.008 0.000000
0.008 0.009 0.000000
0.009 0.010 0.000000
0.010 0.011 0.000000
0.011 0.012 0.000001
0.012 0.013 0.000009
0.013 0.014 0.000085
0.014 0.015 0.000466
0.015 0.016 0.001760
0.016 0.017 0.005028
0.017 0.018 0.011683
0.018 0.019 0.023111
0.019 0.020 0.040324
0.020 0.021 0.063893
0.021 0.022 0.093458
0.022 0.023 0.128003
0.023 0.024 0.166738
0.024 0.025 0.208319
0.025 0.026 0.250955
0.026 0.027 0.293444
0.027 0.028 0.335263
0.028 0.029 0.375163
0.029 0.030 0.411348
0.030 0.031 0.444934
0.031 0.032 0.474498
0.032 0.033 0.500948
0.033 0.034 0.524081
0.034 0.035 0.542666
0.035 0.036 0.557713
0.036 0.037 0.569826
0.037 0.038 0.580126
0.038 0.039 0.585057
0.039 0.040 0.588583
0.040 0.041 0.590317
0.041 0.042 0.590186
0.042 0.043 0.589351
0.043 0.044 0.586010
0.044 0.045 0.582033
0.045 0.046 0.574169
0.046 0.047 0.565522
0.047 0.048 0.560334
0.048 0.049 0.552030
0.049 0.050 0.539368
0.050 0.051 0.528951
0.051 0.052 0.520476
0.052 0.053 0.509003
0.053 0.054 0.495812
0.054 0.055 0.485283
0.055 0.056 0.476102
0.056 0.057 0.467261
0.057 0.058 0.649952
0.058 0.059 1.000000
0.059 0.060 0.794026
0.060 0.061 0.436390
0.061 0.062 0.425725
0.062 0.063 0.396439
0.063 0.064 0.385111
0.064 0.065 0.373342
0.065 0.066 0.362010
0.066 0.067 0.486111
0.067 0.068 0.475575
0.068 0.069 0.357847
0.069 0.070 0.319037
0.070 0.071 0.254436
0.071 0.072 0.248117
0.072 0.073 0.240103
0.073 0.074 0.233889
0.074 0.075 0.228199
0.075 0.076 0.221899
0.076 0.077 0.214126
0.077 0.078 0.207696
0.078 0.079 0.202385
0.079 0.080 0.196907
0.080 0.081 0.190873
0.081 0.082 0.183589
0.082 0.083 0.175913
0.083 0.084 0.170069
0.084 0.085 0.165085
0.085 0.086 0.160460
0.086 0.087 0.155431
0.087 0.088 0.151550
0.088 0.089 0.146269
0.089 0.090 0.140193
0.090 0.091 0.134881
0.091 0.092 0.127970
0.092 0.093 0.122653
0.093 0.094 0.119274
0.094 0.095 0.114135
0.095 0.096 0.108858
0.096 0.097 0.104938
0.097 0.098 0.099832
0.098 0.099 0.095127
0.099 0.100 0.091495
0.100 0.101 0.088169
0.101 0.102 0.084330
0.102 0.103 0.080032
0.103 0.104 0.076596
0.104 0.105 0.072919
0.105 0.106 0.068543
0.106 0.107 0.064730
0.107 0.108 0.059914
0.108 0.109 0.057020
0.109 0.110 0.054301
0.110 0.111 0.051346
0.111 0.112 0.048626
0.112 0.113 0.044929
0.113 0.114 0.041539
0.114 0.115 0.038834
0.115 0.116 0.035970
0.116 0.117 0.032827
0.117 0.118 0.029651
0.118 0.119 0.026764
0.119 0.120 0.024728
0.120 0.121 0.023585
0.121 0.122 0.021654
0.122 0.123 0.019724
0.123 0.124 0.017690
0.124 0.125 0.015249
0.125 0.126 0.012515
0.126 0.127 0.011164
0.127 0.128 0.009484
0.128 0.129 0.008023
0.129 0.130 0.006575
0.130 0.131 0.004951
0.131 0.132 0.003541
0.132 0.133 0.002727
0.133 0.134 0.001793
0.134 0.135 0.000662
0.135 0.136 0.000389
0.136 0.137 0.000000
0.137 0.138 0.000000
0.138 0.139 0.000000
0.139 0.140 0.000000
0.140 0.141 0.000000
0.141 0.142 0.000000
0.142 0.143 0.000000
0.143 0.144 0.000000
0.144 0.145 0.000000
0.145 0.146 0.000000
0.146 0.147 0.000000
0.147 0.148 0.000000
0.148 0.149 0.000000
0.149 0.150 0.000000
