1
0.000 0.001 0.000000
0.001 0.002 0.000000
0.002 0.003 0.000000
0.003 0.004 0.000000
0.004 0.005 0.000000
0.005 0.006 0.000000
0.006 0.007 0.000000
0.007 0.008 0.000000
0.008 0.009 0.000000
0.009 0.010 0.000000
0.010 0.011 0.000000
0.011 0.012 0.000005
0.012 0.013 0.000055
0.013 0.014 0.000358
0.014 0.015 0.001532
0.015 0.016 0.004759
0.016 0.017 0.011673
0.017 0.018 0.024012
0.018 0.019 0.043006
0.019 0.020 0.069264
0.020 0.021 0.102641
0.021 0.022 0.142009
0.022 0.023 0.185827
0.023 0.024 0.232817
0.024 0.025 0.281203
0.025 0.026 0.328621
0.026 0.027 0.374934
0.027 0.028 0.419962
0.028 0.029 0.460843
0.029 0.030 0.496235
0.030 0.031 0.529100
0.031 0.032 0.557314
0.032 0.033 0.580848
0.033 0.034 0.600640
0.034 0.035 0.616330
0.035 0.036 0.627822
0.036 0.037 0.635288
0.037 0.038 0.642913
0.038 0.039 0.645765
0.039 0.040 0.646247
0.040 0.041 0.645166
0.041 0.042 0.641204
0.042 0.043 0.636139
0.043 0.044 0.629870
0.044 0.045 0.623412
0.045 0.046 0.612626
0.046 0.047 0.600795
0.047 0.048 0.592362
0.048 0.049 0.581428
0.049 0.050 0.566177
0.050 0.051 0.553263
0.051 0.052 0.542101
0.052 0.053 0.530471
0.053 0.054 0.517883
0.054 0.055 0.505201
0.055 0.056 0.494375
0.056 0.057 0.484063
0.057 0.058 0.660961
0.058 0.059 1.000000
0.059 0.060 0.796268
0.060 0.061 0.446058
0.061 0.062 0.433932
0.062 0.063 0.404139
0.063 0.064 0.391241
0.064 0.065 0.377904
0.065 0.066 0.365055
0.066 0.067 0.485003
0.067 0.068 0.474843
0.068 0.069 0.361698
0.069 0.070 0.322473
0.070 0.071 0.259051
0.071 0.072 0.251731
0.072 0.073 0.242762
0.073 0.074 0.236161
0.074 0.075 0.229725
0.075 0.076 0.222596
0.076 0.077 0.213961
0.077 0.078 0.206629
0.078 0.079 0.201058
0.079 0.080 0.194435
0.080 0.081 0.188246
0.081 0.082 0.181216
0.082 0.083 0.174552
0.083 0.084 0.168329
0.084 0.085 0.162859
0.085 0.086 0.157804
0.086 0.087 0.151927
0.087 0.088 0.147614
0.088 0.089 0.141987
0.089 0.090 0.135304
0.090 0.091 0.129494
0.091 0.092 0.121831
0.092 0.093 0.115622
0.093 0.094 0.113060
0.094 0.095 0.108455
0.095 0.096 0.104077
0.096 0.097 0.099594
0.097 0.098 0.093920
0.098 0.099 0.088780
0.099 0.100 0.084677
0.100 0.101 0.081061
0.101 0.102 0.076964
0.102 0.103 0.072117
0.103 0.104 0.067852
0.104 0.105 0.064794
0.105 0.106 0.061048
0.106 0.107 0.057757
0.107 0.108 0.053780
0.108 0.109 0.050499
0.109 0.110 0.047224
0.110 0.111 0.043918
0.111 0.112 0.041031
0.112 0.113 0.037168
0.113 0.114 0.033312
0.114 0.115 0.031045
0.115 0.116 0.028538
0.116 0.117 0.025969
0.117 0.118 0.023401
0.118 0.119 0.019943
0.119 0.120 0.017908
0.120 0.121 0.016822
0.121 0.122 0.014290
0.122 0.123 0.012788
0.123 0.124 0.011196
0.124 0.125 0.009291
0.125 0.126 0.007404
0.126 0.127 0.005895
0.127 0.128 0.003885
0.128 0.129 0.002924
0.129 0.130 0.002015
0.130 0.131 0.000722
0.131 0.132 0.000464
0.132 0.133 0.000000
0.133 0.134 0.000000
0.134 0.135 0.000000
0.135 0.136 0.000000
0.136 0.137 0.000000
0.137 0.138 0.000000
0.138 0.139 0.000000
0.139 0.140 0.000000
0.140 0.141 0.000000
0.141 0.142 0.000000
0.142 0.143 0.000000
0.143 0.144 0.000000
0.144 0.145 0.000000
0.145 0.146 0.000000
0.146 0.147 0.000000
0.147 0.148 0.000000
0.148 0.149 0.000000
0.149 0.150 0.000000
