1
0.000 0.001 0.000000
0.001 0.002 0.000000
0.002 0.003 0.000000
0.003 0.004 0.000000
0.004 0.005 0.000000
0.005 0.006 0.000000
0.006 0.007 0.000000
0.007 0.008 0.000000
0.008 0.009 0.000000
0.009 0.010 0.000000
0.010 0.011 0.000000
0.011 0.012 0.000000
0.012 0.013 0.000000
0.013 0.014 0.000000
0.014 0.015 0.000000
0.015 0.016 0.000000
0.016 0.017 0.000000
0.017 0.018 0.000000
0.018 0.019 0.000000
0.019 0.020 0.000000
0.020 0.021 0.000001
0.021 0.022 0.000006
0.022 0.023 0.000026
0.023 0.024 0.000091
0.024 0.025 0.000269
0.025 0.026 0.000682
0.026 0.027 0.001511
0.027 0.028 0.003022
0.028 0.029 0.005525
0.029 0.030 0.009281
0.030 0.031 0.014659
0.031 0.032 0.021862
0.032 0.033 0.031073
0.033 0.034 0.042427
0.034 0.035 0.055799
0.035 0.036 0.070872
0.036 0.037 0.087821
0.037 0.038 0.106786
0.038 0.039 0.126178
0.039 0.040 0.146156
0.040 0.041 0.167125
0.041 0.042 0.187926
0.042 0.043 0.208959
0.043 0.044 0.229779
0.044 0.045 0.250592
0.045 0.046 0.269360
0.046 0.047 0.287038
0.047 0.048 0.305919
0.048 0.049 0.322804
0.049 0.050 0.336803
0.050 0.051 0.350014
0.051 0.052 0.363647
0.052 0.053 0.375204
0.053 0.054 0.384360
0.054 0.055 0.393079
0.055 0.056 0.402784
0.056 0.057 0.411093
0.057 0.058 0.612515
0.058 0.059 1.000000
0.059 0.060 0.810472
0.060 0.061 0.440960
0.061 0.062 0.443207
0.062 0.063 0.423736
0.063 0.064 0.423430
0.064 0.065 0.420800
0.065 0.066 0.418965
0.066 0.067 0.586299
0.067 0.068 0.586593
0.068 0.069 0.448872
0.069 0.070 0.406645
0.070 0.071 0.327309
0.071 0.072 0.324777
0.072 0.073 0.320576
0.073 0.074 0.317900
0.074 0.075 0.315067
0.075 0.076 0.312097
0.076 0.077 0.306212
0.077 0.078 0.301758
0.078 0.079 0.299554
0.079 0.080 0.295923
0.080 0.081 0.290280
0.081 0.082 0.283331
0.082 0.083 0.277060
0.083 0.084 0.271488
0.084 0.085 0.266551
0.085 0.086 0.261972
0.086 0.087 0.255487
0.087 0.088 0.252166
0.088 0.089 0.246579
0.089 0.090 0.238323
0.090 0.091 0.231785
0.091 0.092 0.220915
0.092 0.093 0.214002
0.093 0.094 0.211673
0.094 0.095 0.204817
0.095 0.096 0.198057
0.096 0.097 0.191358
0.097 0.098 0.182137
0.098 0.099 0.174452
0.099 0.100 0.167880
0.100 0.101 0.161583
0.101 0.102 0.155097
0.102 0.103 0.146579
0.103 0.104 0.140233
0.104 0.105 0.134238
0.105 0.106 0.126556
0.106 0.107 0.119588
0.107 0.108 0.110901
0.108 0.109 0.103658
0.109 0.110 0.096078
0.110 0.111 0.088480
0.111 0.112 0.082597
0.112 0.113 0.074507
0.113 0.114 0.067076
0.114 0.115 0.061379
0.115 0.116 0.054825
0.116 0.117 0.048162
0.117 0.118 0.042300
0.118 0.119 0.034370
0.119 0.120 0.029719
0.120 0.121 0.027938
0.121 0.122 0.023299
0.122 0.123 0.019661
0.123 0.124 0.015430
0.124 0.125 0.011856
0.125 0.126 0.007994
0.126 0.127 0.005705
0.127 0.128 0.002918
0.128 0.129 0.000498
0.129 0.130 0.000000
0.130 0.131 0.000000
0.131 0.132 0.000000
0.132 0.133 0.000000
0.133 0.134 0.000000
0.134 0.135 0.000000
0.135 0.136 0.000000
0.136 0.137 0.000000
0.137 0.138 0.000000
0.138 0.139 0.000000
0.139 0.140 0.000000
0.140 0.141 0.000000
0.141 0.142 0.000000
0.142 0.143 0.000000
0.143 0.144 0.000000
0.144 0.145 0.000000
0.145 0.146 0.000000
0.146 0.147 0.000000
0.147 0.148 0.000000
0.148 0.149 0.000000
0.149 0.150 0.000000
