1
0.000 0.001 0.000000
0.001 0.002 0.000000
0.002 0.003 0.000000
0.003 0.004 0.000000
0.004 0.005 0.000000
0.005 0.006 0.000000
0.006 0.007 0.000000
0.007 0.008 0.000000
0.008 0.009 0.000000
0.009 0.010 0.000000
0.010 0.011 0.000000
0.011 0.012 0.000000
0.012 0.013 0.000000
0.013 0.014 0.000000
0.014 0.015 0.000004
0.015 0.016 0.000036
0.016 0.017 0.000214
0.017 0.018 0.000894
0.018 0.019 0.002862
0.019 0.020 0.007478
0.020 0.021 0.016534
0.021 0.022 0.032056
0.022 0.023 0.055595
0.023 0.024 0.088475
0.024 0.025 0.131581
0.025 0.026 0.183167
0.026 0.027 0.242185
0.027 0.028 0.308016
0.028 0.029 0.378460
0.029 0.030 0.451207
0.030 0.031 0.524250
0.031 0.032 0.593473
0.032 0.033 0.658449
0.033 0.034 0.719221
0.034 0.035 0.775636
0.035 0.036 0.826309
0.036 0.037 0.867743
0.037 0.038 0.906103
0.038 0.039 0.936816
0.039 0.040 0.959140
0.040 0.041 0.977433
0.041 0.042 0.991291
0.042 0.043 1.000000
0.043 0.044 0.998960
0.044 0.045 0.995911
0.045 0.046 0.984395
0.046 0.047 0.970886
0.047 0.048 0.956577
0.048 0.049 0.934852
0.049 0.050 0.912296
0.050 0.051 0.888801
0.051 0.052 0.860774
0.052 0.053 0.832875
0.053 0.054 0.807731
0.054 0.055 0.775243
0.055 0.056 0.733574
0.056 0.057 0.694721
0.057 0.058 0.693474
0.058 0.059 0.714096
0.059 0.060 0.642496
0.060 0.061 0.544717
0.061 0.062 0.506614
0.062 0.063 0.470652
0.063 0.064 0.429996
0.064 0.065 0.387870
0.065 0.066 0.348331
0.066 0.067 0.334370
0.067 0.068 0.297672
0.068 0.069 0.242520
0.069 0.070 0.204624
0.070 0.071 0.176427
0.071 0.072 0.149692
0.072 0.073 0.116501
0.073 0.074 0.097982
0.074 0.075 0.077130
0.075 0.076 0.060562
0.076 0.077 0.041564
0.077 0.078 0.025111
0.078 0.079 0.014673
0.079 0.080 0.002498
0.080 0.081 0.000000
0.081 0.082 0.000000
0.082 0.083 0.000000
0.083 0.084 0.000000
0.084 0.085 0.000000
0.085 0.086 0.000000
0.086 0.087 0.000000
0.087 0.088 0.000000
0.088 0.089 0.000000
0.089 0.090 0.000000
0.090 0.091 0.000000
0.091 0.092 0.000000
0.092 0.093 0.000000
0.093 0.094 0.000000
0.094 0.095 0.000000
0.095 0.096 0.000000
0.096 0.097 0.000000
0.097 0.098 0.000000
0.098 0.099 0.000000
0.099 0.100 0.000000
0.100 0.101 0.000000
0.101 0.102 0.000000
0.102 0.103 0.000000
0.103 0.104 0.000000
0.104 0.105 0.000000
0.105 0.106 0.000000
0.106 0.107 0.000000
0.107 0.108 0.000000
0.108 0.109 0.000000
0.109 0.110 0.000000
0.110 0.111 0.000000
0.111 0.112 0.000000
0.112 0.113 0.000000
0.113 0.114 0.000000
0.114 0.115 0.000000
0.115 0.116 0.000000
0.116 0.117 0.000000
0.117 0.118 0.000000
0.118 0.119 0.000000
0.119 0.120 0.000000
0.120 0.121 0.000000
0.121 0.122 0.000000
0.122 0.123 0.000000
0.123 0.124 0.000000
0.124 0.125 0.000000
0.125 0.126 0.000000
0.126 0.127 0.000000
0.127 0.128 0.000000
0.128 0.129 0.000000
0.129 0.130 0.000000
0.130 0.131 0.000000
0.131 0.132 0.000000
0.132 0.133 0.000000
0.133 0.134 0.000000
0.134 0.135 0.000000
0.135 0.136 0.000000
0.136 0.137 0.000000
0.137 0.138 0.000000
0.138 0.139 0.000000
0.139 0.140 0.000000
0.140 0.141 0.000000
0.141 0.142 0.000000
0.142 0.143 0.000000
0.143 0.144 0.000000
0.144 0.145 0.000000
0.145 0.146 0.000000
0.146 0.147 0.000000
0.147 0.148 0.000000
0.148 0.149 0.000000
0.149 0.150 0.000000
