1
0.000 0.001 0.000000
0.001 0.002 0.000000
0.002 0.003 0.000000
0.003 0.004 0.000000
0.004 0.005 0.000000
0.005 0.006 0.000000
0.006 0.007 0.000000
0.007 0.008 0.000000
0.008 0.009 0.000000
0.009 0.010 0.000000
0.010 0.011 0.000000
0.011 0.012 0.000000
0.012 0.013 0.000000
0.013 0.014 0.000000
0.014 0.015 0.000000
0.015 0.016 0.000000
0.016 0.017 0.000000
0.017 0.018 0.000000
0.018 0.019 0.000000
0.019 0.020 0.000000
0.020 0.021 0.000000
0.021 0.022 0.000002
0.022 0.023 0.000009
0.023 0.024 0.000036
0.024 0.025 0.000120
0.025 0.026 0.000338
0.026 0.027 0.000820
0.027 0.028 0.001773
0.028 0.029 0.003472
0.029 0.030 0.006201
0.030 0.031 0.010316
0.031 0.032 0.016106
0.032 0.033 0.023851
0.033 0.034 0.033724
0.034 0.035 0.045737
0.035 0.036 0.059858
0.036 0.037 0.076056
0.037 0.038 0.094349
0.038 0.039 0.113900
0.039 0.040 0.134644
0.040 0.041 0.156392
0.041 0.042 0.178617
0.042 0.043 0.201449
0.043 0.044 0.223891
0.044 0.045 0.246510
0.045 0.046 0.267608
0.046 0.047 0.287937
0.047 0.048 0.308965
0.048 0.049 0.327892
0.049 0.050 0.343967
0.050 0.051 0.360049
0.051 0.052 0.376158
0.052 0.053 0.389044
0.053 0.054 0.400259
0.054 0.055 0.410625
0.055 0.056 0.420560
0.056 0.057 0.429900
0.057 0.058 0.624874
0.058 0.059 1.000000
0.059 0.060 0.819335
0.060 0.061 0.461766
0.061 0.062 0.463993
0.062 0.063 0.444352
0.063 0.064 0.443428
0.064 0.065 0.440981
0.065 0.066 0.437735
0.066 0.067 0.601730
0.067 0.068 0.601889
0.068 0.069 0.463307
0.069 0.070 0.420451
0.070 0.071 0.340981
0.071 0.072 0.337505
0.072 0.073 0.331199
0.073 0.074 0.326994
0.074 0.075 0.323189
0.075 0.076 0.317981
0.076 0.077 0.310254
0.077 0.078 0.303575
0.078 0.079 0.300236
0.079 0.080 0.296161
0.080 0.081 0.290914
0.081 0.082 0.283563
0.082 0.083 0.275989
0.083 0.084 0.268763
0.084 0.085 0.262528
0.085 0.086 0.256626
0.086 0.087 0.249975
0.087 0.088 0.244767
0.088 0.089 0.236835
0.089 0.090 0.229194
0.090 0.091 0.222312
0.091 0.092 0.212951
0.092 0.093 0.205929
0.093 0.094 0.201848
0.094 0.095 0.194878
0.095 0.096 0.188368
0.096 0.097 0.181715
0.097 0.098 0.172977
0.098 0.099 0.164276
0.099 0.100 0.159036
0.100 0.101 0.154171
0.101 0.102 0.148309
0.102 0.103 0.141750
0.103 0.104 0.136537
0.104 0.105 0.130703
0.105 0.106 0.123620
0.106 0.107 0.117490
0.107 0.108 0.109674
0.108 0.109 0.104904
0.109 0.110 0.100440
0.110 0.111 0.095431
0.111 0.112 0.090739
0.112 0.113 0.084259
0.113 0.114 0.078244
0.114 0.115 0.073510
0.115 0.116 0.068503
0.116 0.117 0.062340
0.117 0.118 0.058316
0.118 0.119 0.053010
0.119 0.120 0.049070
0.120 0.121 0.046738
0.121 0.122 0.043003
0.122 0.123 0.039261
0.123 0.124 0.034794
0.124 0.125 0.031086
0.125 0.126 0.027333
0.126 0.127 0.024422
0.127 0.128 0.020820
0.128 0.129 0.017647
0.129 0.130 0.014038
0.130 0.131 0.011489
0.131 0.132 0.009944
0.132 0.133 0.007833
0.133 0.134 0.004942
0.134 0.135 0.003546
0.135 0.136 0.002255
0.136 0.137 0.000613
0.137 0.138 0.000000
0.138 0.139 0.000000
0.139 0.140 0.000000
0.140 0.141 0.000000
0.141 0.142 0.000000
0.142 0.143 0.000000
0.143 0.144 0.000000
0.144 0.145 0.000000
0.145 0.146 0.000000
0.146 0.147 0.000000
0.147 0.148 0.000000
0.148 0.149 0.000000
0.149 0.150 0.000000
