1
0.000 0.001 0.000000
0.001 0.002 0.000000
0.002 0.003 0.000000
0.003 0.004 0.000000
0.004 0.005 0.000000
0.005 0.006 0.000000
0.006 0.007 0.000000
0.007 0.008 0.000000
0.008 0.009 0.000000
0.009 0.010 0.000000
0.010 0.011 0.000000
0.011 0.012 0.000000
0.012 0.013 0.000000
0.013 0.014 0.000000
0.014 0.015 0.000000
0.015 0.016 0.000000
0.016 0.017 0.000002
0.017 0.018 0.000015
0.018 0.019 0.000081
0.019 0.020 0.000314
0.020 0.021 0.000973
0.021 0.022 0.002496
0.022 0.023 0.005490
0.023 0.024 0.010677
0.024 0.025 0.018807
0.025 0.026 0.030361
0.026 0.027 0.045669
0.027 0.028 0.065129
0.028 0.029 0.088501
0.029 0.030 0.115036
0.030 0.031 0.144274
0.031 0.032 0.175446
0.032 0.033 0.208016
0.033 0.034 0.241094
0.034 0.035 0.274223
0.035 0.036 0.306794
0.036 0.037 0.338081
0.037 0.038 0.367214
0.038 0.039 0.393346
0.039 0.040 0.418392
0.040 0.041 0.441120
0.041 0.042 0.460998
0.042 0.043 0.479611
0.043 0.044 0.494715
0.044 0.045 0.508786
0.045 0.046 0.519788
0.046 0.047 0.526416
0.047 0.048 0.533903
0.048 0.049 0.540443
0.049 0.050 0.541708
0.050 0.051 0.541451
0.051 0.052 0.543128
0.052 0.053 0.543712
0.053 0.054 0.540723
0.054 0.055 0.535856
0.055 0.056 0.532276
0.056 0.057 0.528538
0.057 0.058 0.689927
0.058 0.059 1.000000
0.059 0.060 0.823021
0.060 0.061 0.506111
0.061 0.062 0.496831
0.062 0.063 0.471809
0.063 0.064 0.459659
0.064 0.065 0.447239
0.065 0.066 0.437398
0.066 0.067 0.553664
0.067 0.068 0.543863
0.068 0.069 0.430268
0.069 0.070 0.387715
0.070 0.071 0.323090
0.071 0.072 0.312823
0.072 0.073 0.300342
0.073 0.074 0.293672
0.074 0.075 0.285598
0.075 0.076 0.274717
0.076 0.077 0.261444
0.077 0.078 0.250985
0.078 0.079 0.244506
0.079 0.080 0.236618
0.080 0.081 0.225799
0.081 0.082 0.213712
0.082 0.083 0.202232
0.083 0.084 0.192713
0.084 0.085 0.184206
0.085 0.086 0.176739
0.086 0.087 0.167211
0.087 0.088 0.159951
0.088 0.089 0.151835
0.089 0.090 0.143118
0.090 0.091 0.133836
0.091 0.092 0.123423
0.092 0.093 0.116025
0.093 0.094 0.110952
0.094 0.095 0.102592
0.095 0.096 0.096290
0.096 0.097 0.088851
0.097 0.098 0.080270
0.098 0.099 0.071385
0.099 0.100 0.064409
0.100 0.101 0.061346
0.101 0.102 0.056496
0.102 0.103 0.049584
0.103 0.104 0.044063
0.104 0.105 0.039369
0.105 0.106 0.035301
0.106 0.107 0.031006
0.107 0.108 0.025943
0.108 0.109 0.020896
0.109 0.110 0.017085
0.110 0.111 0.013560
0.111 0.112 0.010130
0.112 0.113 0.007670
0.113 0.114 0.005458
0.114 0.115 0.002649
0.115 0.116 0.000692
0.116 0.117 0.000000
0.117 0.118 0.000000
0.118 0.119 0.000000
0.119 0.120 0.000000
0.120 0.121 0.000000
0.121 0.122 0.000000
0.122 0.123 0.000000
0.123 0.124 0.000000
0.124 0.125 0.000000
0.125 0.126 0.000000
0.126 0.127 0.000000
0.127 0.128 0.000000
0.128 0.129 0.000000
0.129 0.130 0.000000
0.130 0.131 0.000000
0.131 0.132 0.000000
0.132 0.133 0.000000
0.133 0.134 0.000000
0.134 0.135 0.000000
0.135 0.136 0.000000
0.136 0.137 0.000000
0.137 0.138 0.000000
0.138 0.139 0.000000
0.139 0.140 0.000000
0.140 0.141 0.000000
0.141 0.142 0.000000
0.142 0.143 0.000000
0.143 0.144 0.000000
0.144 0.145 0.000000
0.145 0.146 0.000000
0.146 0.147 0.000000
0.147 0.148 0.000000
0.148 0.149 0.000000
0.149 0.150 0.000000
