1
0.000 0.001 0.000000
0.001 0.002 0.000000
0.002 0.003 0.000000
0.003 0.004 0.000000
0.004 0.005 0.000000
0.005 0.006 0.000000
0.006 0.007 0.000000
0.007 0.008 0.000000
0.008 0.009 0.000000
0.009 0.010 0.000000
0.010 0.011 0.000000
0.011 0.012 0.000000
0.012 0.013 0.000000
0.013 0.014 0.000000
0.014 0.015 0.000000
0.015 0.016 0.000000
0.016 0.017 0.000000
0.017 0.018 0.000000
0.018 0.019 0.000002
0.019 0.020 0.000015
0.020 0.021 0.000072
0.021 0.022 0.000268
0.022 0.023 0.000804
0.023 0.024 0.002037
0.024 0.025 0.004494
0.025 0.026 0.008810
0.026 0.027 0.015655
0.027 0.028 0.025747
0.028 0.029 0.039640
0.029 0.030 0.057441
0.030 0.031 0.079210
0.031 0.032 0.104776
0.032 0.033 0.133880
0.033 0.034 0.165655
0.034 0.035 0.199594
0.035 0.036 0.235338
0.036 0.037 0.271407
0.037 0.038 0.306529
0.038 0.039 0.340939
0.039 0.040 0.375341
0.040 0.041 0.407405
0.041 0.042 0.437181
0.042 0.043 0.465814
0.043 0.044 0.490718
0.044 0.045 0.513816
0.045 0.046 0.533609
0.046 0.047 0.549256
0.047 0.048 0.564446
0.048 0.049 0.577253
0.049 0.050 0.584020
0.050 0.051 0.589660
0.051 0.052 0.596158
0.052 0.053 0.600211
0.053 0.054 0.600297
0.054 0.055 0.596617
0.055 0.056 0.592945
0.056 0.057 0.590136
0.057 0.058 0.729877
0.058 0.059 1.000000
0.059 0.060 0.844580
0.060 0.061 0.561587
0.061 0.062 0.550867
0.062 0.063 0.524965
0.063 0.064 0.508864
0.064 0.065 0.493726
0.065 0.066 0.480556
0.066 0.067 0.581990
0.067 0.068 0.570971
0.068 0.069 0.460620
0.069 0.070 0.416789
0.070 0.071 0.354456
0.071 0.072 0.341240
0.072 0.073 0.324371
0.073 0.074 0.315426
0.074 0.075 0.303640
0.075 0.076 0.290472
0.076 0.077 0.275522
0.077 0.078 0.262712
0.078 0.079 0.253984
0.079 0.080 0.244057
0.080 0.081 0.231156
0.081 0.082 0.215162
0.082 0.083 0.203093
0.083 0.084 0.190590
0.084 0.085 0.179580
0.085 0.086 0.169806
0.086 0.087 0.158355
0.087 0.088 0.147290
0.088 0.089 0.139028
0.089 0.090 0.128828
0.090 0.091 0.117123
0.091 0.092 0.105875
0.092 0.093 0.096807
0.093 0.094 0.087830
0.094 0.095 0.080131
0.095 0.096 0.072915
0.096 0.097 0.063887
0.097 0.098 0.054145
0.098 0.099 0.042527
0.099 0.100 0.036556
0.100 0.101 0.033796
0.101 0.102 0.028237
0.102 0.103 0.020412
0.103 0.104 0.016004
0.104 0.105 0.012476
0.105 0.106 0.007443
0.106 0.107 0.004888
0.107 0.108 0.001292
0.108 0.109 0.000000
0.109 0.110 0.000000
0.110 0.111 0.000000
0.111 0.112 0.000000
0.112 0.113 0.000000
0.113 0.114 0.000000
0.114 0.115 0.000000
0.115 0.116 0.000000
0.116 0.117 0.000000
0.117 0.118 0.000000
0.118 0.119 0.000000
0.119 0.120 0.000000
0.120 0.121 0.000000
0.121 0.122 0.000000
0.122 0.123 0.000000
0.123 0.124 0.000000
0.124 0.125 0.000000
0.125 0.126 0.000000
0.126 0.127 0.000000
0.127 0.128 0.000000
0.128 0.129 0.000000
0.129 0.130 0.000000
0.130 0.131 0.000000
0.131 0.132 0.000000
0.132 0.133 0.000000
0.133 0.134 0.000000
0.134 0.135 0.000000
0.135 0.136 0.000000
0.136 0.137 0.000000
0.137 0.138 0.000000
0.138 0.139 0.000000
0.139 0.140 0.000000
0.140 0.141 0.000000
0.141 0.142 0.000000
0.142 0.143 0.000000
0.143 0.144 0.000000
0.144 0.145 0.000000
0.145 0.146 0.000000
0.146 0.147 0.000000
0.147 0.148 0.000000
0.148 0.149 0.000000
0.149 0.150 0.000000
