1
0.000 0.001 0.000000
0.001 0.002 0.000000
0.002 0.003 0.000000
0.003 0.004 0.000000
0.004 0.005 0.000000
0.005 0.006 0.000000
0.006 0.007 0.000000
0.007 0.008 0.000000
0.008 0.009 0.000000
0.009 0.010 0.000000
0.010 0.011 0.000000
0.011 0.012 0.000000
0.012 0.013 0.000000
0.013 0.014 0.000000
0.014 0.015 0.000000
0.015 0.016 0.000000
0.016 0.017 0.000000
0.017 0.018 0.000000
0.018 0.019 0.000000
0.019 0.020 0.000000
0.020 0.021 0.000000
0.021 0.022 0.000002
0.022 0.023 0.000012
0.023 0.024 0.000050
0.024 0.025 0.000169
0.025 0.026 0.000479
0.026 0.027 0.001165
0.027 0.028 0.002522
0.028 0.029 0.004947
0.029 0.030 0.008833
0.030 0.031 0.014669
0.031 0.032 0.022877
0.032 0.033 0.033812
0.033 0.034 0.047656
0.034 0.035 0.064526
0.035 0.036 0.084389
0.036 0.037 0.106915
0.037 0.038 0.131608
0.038 0.039 0.157957
0.039 0.040 0.186103
0.040 0.041 0.215343
0.041 0.042 0.244912
0.042 0.043 0.275055
0.043 0.044 0.304239
0.044 0.045 0.333156
0.045 0.046 0.360433
0.046 0.047 0.385156
0.047 0.048 0.410095
0.048 0.049 0.433584
0.049 0.050 0.452265
0.050 0.051 0.469276
0.051 0.052 0.486841
0.052 0.053 0.502655
0.053 0.054 0.514303
0.054 0.055 0.522391
0.055 0.056 0.530529
0.056 0.057 0.538594
0.057 0.058 0.696712
0.058 0.059 1.000000
0.059 0.060 0.847980
0.060 0.061 0.550052
0.061 0.062 0.547939
0.062 0.063 0.528345
0.063 0.064 0.519678
0.064 0.065 0.510759
0.065 0.066 0.503899
0.066 0.067 0.632058
0.067 0.068 0.627600
0.068 0.069 0.505548
0.069 0.070 0.460973
0.070 0.071 0.390906
0.071 0.072 0.380810
0.072 0.073 0.367148
0.073 0.074 0.361200
0.074 0.075 0.353100
0.075 0.076 0.339101
0.076 0.077 0.325872
0.077 0.078 0.314735
0.078 0.079 0.308409
0.079 0.080 0.300112
0.080 0.081 0.287818
0.081 0.082 0.273370
0.082 0.083 0.260132
0.083 0.084 0.245377
0.084 0.085 0.235273
0.085 0.086 0.226534
0.086 0.087 0.215050
0.087 0.088 0.206063
0.088 0.089 0.196588
0.089 0.090 0.183980
0.090 0.091 0.169113
0.091 0.092 0.156330
0.092 0.093 0.147219
0.093 0.094 0.140663
0.094 0.095 0.130788
0.095 0.096 0.121317
0.096 0.097 0.108782
0.097 0.098 0.098027
0.098 0.099 0.086116
0.099 0.100 0.077888
0.100 0.101 0.073819
0.101 0.102 0.066359
0.102 0.103 0.055105
0.103 0.104 0.048538
0.104 0.105 0.043763
0.105 0.106 0.037787
0.106 0.107 0.031370
0.107 0.108 0.023053
0.108 0.109 0.018257
0.109 0.110 0.013223
0.110 0.111 0.007545
0.111 0.112 0.005065
0.112 0.113 0.001360
0.113 0.114 0.000000
0.114 0.115 0.000000
0.115 0.116 0.000000
0.116 0.117 0.000000
0.117 0.118 0.000000
0.118 0.119 0.000000
0.119 0.120 0.000000
0.120 0.121 0.000000
0.121 0.122 0.000000
0.122 0.123 0.000000
0.123 0.124 0.000000
0.124 0.125 0.000000
0.125 0.126 0.000000
0.126 0.127 0.000000
0.127 0.128 0.000000
0.128 0.129 0.000000
0.129 0.130 0.000000
0.130 0.131 0.000000
0.131 0.132 0.000000
0.132 0.133 0.000000
0.133 0.134 0.000000
0.134 0.135 0.000000
0.135 0.136 0.000000
0.136 0.137 0.000000
0.137 0.138 0.000000
0.138 0.139 0.000000
0.139 0.140 0.000000
0.140 0.141 0.000000
0.141 0.142 0.000000
0.142 0.143 0.000000
0.143 0.144 0.000000
0.144 0.145 0.000000
0.145 0.146 0.000000
0.146 0.147 0.000000
0.147 0.148 0.000000
0.148 0.149 0.000000
0.149 0.150 0.000000
