1
0.000 0.001 0.000000
0.001 0.002 0.000000
0.002 0.003 0.000000
0.003 0.004 0.000000
0.004 0.005 0.000000
0.005 0.006 0.000000
0.006 0.007 0.000000
0.007 0.008 0.000000
0.008 0.009 0.000000
0.009 0.010 0.000000
0.010 0.011 0.000000
0.011 0.012 0.000000
0.012 0.013 0.000000
0.013 0.014 0.000000
0.014 0.015 0.000000
0.015 0.016 0.000000
0.016 0.017 0.000000
0.017 0.018 0.000001
0.018 0.019 0.000006
0.019 0.020 0.000036
0.020 0.021 0.000157
0.021 0.022 0.000541
0.022 0.023 0.001520
0.023 0.024 0.003629
0.024 0.025 0.007585
0.025 0.026 0.014201
0.026 0.027 0.024263
0.027 0.028 0.038482
0.028 0.029 0.057333
0.029 0.030 0.080906
0.030 0.031 0.108704
0.031 0.032 0.140092
0.032 0.033 0.175986
0.033 0.034 0.213958
0.034 0.035 0.252520
0.035 0.036 0.292617
0.036 0.037 0.331739
0.037 0.038 0.369729
0.038 0.039 0.408181
0.039 0.040 0.446187
0.040 0.041 0.479040
0.041 0.042 0.510144
0.042 0.043 0.538563
0.043 0.044 0.565010
0.044 0.045 0.589137
0.045 0.046 0.606196
0.046 0.047 0.623420
0.047 0.048 0.636340
0.048 0.049 0.645028
0.049 0.050 0.650767
0.050 0.051 0.657503
0.051 0.052 0.664566
0.052 0.053 0.661652
0.053 0.054 0.657546
0.054 0.055 0.656102
0.055 0.056 0.650886
0.056 0.057 0.640835
0.057 0.058 0.760399
0.058 0.059 1.000000
0.059 0.060 0.865420
0.060 0.061 0.616612
0.061 0.062 0.600673
0.062 0.063 0.569059
0.063 0.064 0.552610
0.064 0.065 0.536722
0.065 0.066 0.520528
0.066 0.067 0.607817
0.067 0.068 0.595565
0.068 0.069 0.492373
0.069 0.070 0.444708
0.070 0.071 0.386272
0.071 0.072 0.373538
0.072 0.073 0.355450
0.073 0.074 0.337855
0.074 0.075 0.319577
0.075 0.076 0.300253
0.076 0.077 0.281767
0.077 0.078 0.263303
0.078 0.079 0.246935
0.079 0.080 0.230399
0.080 0.081 0.210401
0.081 0.082 0.187213
0.082 0.083 0.166491
0.083 0.084 0.149338
0.084 0.085 0.129783
0.085 0.086 0.113741
0.086 0.087 0.094410
0.087 0.088 0.078778
0.088 0.089 0.060274
0.089 0.090 0.046331
0.090 0.091 0.037735
0.091 0.092 0.026055
0.092 0.093 0.016371
0.093 0.094 0.008449
0.094 0.095 0.001482
0.095 0.096 0.000000
0.096 0.097 0.000000
0.097 0.098 0.000000
0.098 0.099 0.000000
0.099 0.100 0.000000
0.100 0.101 0.000000
0.101 0.102 0.000000
0.102 0.103 0.000000
0.103 0.104 0.000000
0.104 0.105 0.000000
0.105 0.106 0.000000
0.106 0.107 0.000000
0.107 0.108 0.000000
0.108 0.109 0.000000
0.109 0.110 0.000000
0.110 0.111 0.000000
0.111 0.112 0.000000
0.112 0.113 0.000000
0.113 0.114 0.000000
0.114 0.115 0.000000
0.115 0.116 0.000000
0.116 0.117 0.000000
0.117 0.118 0.000000
0.118 0.119 0.000000
0.119 0.120 0.000000
0.120 0.121 0.000000
0.121 0.122 0.000000
0.122 0.123 0.000000
0.123 0.124 0.000000
0.124 0.125 0.000000
0.125 0.126 0.000000
0.126 0.127 0.000000
0.127 0.128 0.000000
0.128 0.129 0.000000
0.129 0.130 0.000000
0.130 0.131 0.000000
0.131 0.132 0.000000
0.132 0.133 0.000000
0.133 0.134 0.000000
0.134 0.135 0.000000
0.135 0.136 0.000000
0.136 0.137 0.000000
0.137 0.138 0.000000
0.138 0.139 0.000000
0.139 0.140 0.000000
0.140 0.141 0.000000
0.141 0.142 0.000000
0.142 0.143 0.000000
0.143 0.144 0.000000
0.144 0.145 0.000000
0.145 0.146 0.000000
0.146 0.147 0.000000
0.147 0.148 0.000000
0.148 0.149 0.000000
0.149 0.150 0.000000
