1
0.000 0.001 0.000000
0.001 0.002 0.000000
0.002 0.003 0.000000
0.003 0.004 0.000000
0.004 0.005 0.000000
0.005 0.006 0.000000
0.006 0.007 0.000000
0.007 0.008 0.000000
0.008 0.009 0.000000
0.009 0.010 0.000000
0.010 0.011 0.000000
0.011 0.012 0.000000
0.012 0.013 0.000000
0.013 0.014 0.000000
0.014 0.015 0.000000
0.015 0.016 0.000001
0.016 0.017 0.000013
0.017 0.018 0.000074
0.018 0.019 0.000306
0.019 0.020 0.000987
0.020 0.021 0.002609
0.021 0.022 0.005853
0.022 0.023 0.011518
0.023 0.024 0.020377
0.024 0.025 0.033052
0.025 0.026 0.049728
0.026 0.027 0.070427
0.027 0.028 0.095177
0.028 0.029 0.123139
0.029 0.030 0.153278
0.030 0.031 0.185029
0.031 0.032 0.218705
0.032 0.033 0.252527
0.033 0.034 0.286068
0.034 0.035 0.318492
0.035 0.036 0.348643
0.036 0.037 0.377191
0.037 0.038 0.404036
0.038 0.039 0.427014
0.039 0.040 0.447982
0.040 0.041 0.466450
0.041 0.042 0.481158
0.042 0.043 0.494304
0.043 0.044 0.504682
0.044 0.045 0.513633
0.045 0.046 0.518990
0.046 0.047 0.521280
0.047 0.048 0.523599
0.048 0.049 0.526321
0.049 0.050 0.524878
0.050 0.051 0.523005
0.051 0.052 0.522048
0.052 0.053 0.519193
0.053 0.054 0.514059
0.054 0.055 0.507625
0.055 0.056 0.502425
0.056 0.057 0.497019
0.057 0.058 0.668719
0.058 0.059 1.000000
0.059 0.060 0.810238
0.060 0.061 0.471909
0.061 0.062 0.462035
0.062 0.063 0.434731
0.063 0.064 0.422708
0.064 0.065 0.409071
0.065 0.066 0.399804
0.066 0.067 0.524430
0.067 0.068 0.515949
0.068 0.069 0.399666
0.069 0.070 0.358704
0.070 0.071 0.292730
0.071 0.072 0.284812
0.072 0.073 0.275081
0.073 0.074 0.268736
0.074 0.075 0.261817
0.075 0.076 0.253812
0.076 0.077 0.243871
0.077 0.078 0.235171
0.078 0.079 0.229302
0.079 0.080 0.221600
0.080 0.081 0.214007
0.081 0.082 0.205633
0.082 0.083 0.198157
0.083 0.084 0.191163
0.084 0.085 0.184825
0.085 0.086 0.179089
0.086 0.087 0.171666
0.087 0.088 0.166550
0.088 0.089 0.160226
0.089 0.090 0.152158
0.090 0.091 0.144969
0.091 0.092 0.135309
0.092 0.093 0.127728
0.093 0.094 0.125147
0.094 0.095 0.119700
0.095 0.096 0.114420
0.096 0.097 0.108784
0.097 0.098 0.101736
0.098 0.099 0.095259
0.099 0.100 0.090065
0.100 0.101 0.085943
0.101 0.102 0.081100
0.102 0.103 0.074710
0.103 0.104 0.069697
0.104 0.105 0.064683
0.105 0.106 0.060589
0.106 0.107 0.056741
0.107 0.108 0.051975
0.108 0.109 0.047948
0.109 0.110 0.043644
0.110 0.111 0.039572
0.111 0.112 0.036220
0.112 0.113 0.031804
0.113 0.114 0.027391
0.114 0.115 0.024843
0.115 0.116 0.021838
0.116 0.117 0.019101
0.117 0.118 0.016110
0.118 0.119 0.012172
0.119 0.120 0.010000
0.120 0.121 0.008121
0.121 0.122 0.006650
0.122 0.123 0.005129
0.123 0.124 0.003538
0.124 0.125 0.001311
0.125 0.126 0.000752
0.126 0.127 0.000000
0.127 0.128 0.000000
0.128 0.129 0.000000
0.129 0.130 0.000000
0.130 0.131 0.000000
0.131 0.132 0.000000
0.132 0.133 0.000000
0.133 0.134 0.000000
0.134 0.135 0.000000
0.135 0.136 0.000000
0.136 0.137 0.000000
0.137 0.138 0.000000
0.138 0.139 0.000000
0.139 0.140 0.000000
0.140 0.141 0.000000
0.141 0.142 0.000000
0.142 0.143 0.000000
0.143 0.144 0.000000
0.144 0.145 0.000000
0.145 0.146 0.000000
0.146 0.147 0.000000
0.147 0.148 0.000000
0.148 0.149 0.000000
0.149 0.150 0.000000
