1
0.000 0.001 0.000000
0.001 0.002 0.000000
0.002 0.003 0.000000
0.003 0.004 0.000000
0.004 0.005 0.000000
0.005 0.006 0.000000
0.006 0.007 0.000000
0.007 0.008 0.000000
0.008 0.009 0.000000
0.009 0.010 0.000000
0.010 0.011 0.000000
0.011 0.012 0.000000
0.012 0.013 0.000000
0.013 0.014 0.000000
0.014 0.015 0.000000
0.015 0.016 0.000000
0.016 0.017 0.000000
0.017 0.018 0.000000
0.018 0.019 0.000000
0.019 0.020 0.000001
0.020 0.021 0.000007
0.021 0.022 0.000036
0.022 0.023 0.000140
0.023 0.024 0.000440
0.024 0.025 0.001163
0.025 0.026 0.002665
0.026 0.027 0.005398
0.027 0.028 0.009973
0.028 0.029 0.017023
0.029 0.030 0.026908
0.030 0.031 0.040051
0.031 0.032 0.056640
0.032 0.033 0.076640
0.033 0.034 0.100052
0.034 0.035 0.126463
0.035 0.036 0.155536
0.036 0.037 0.186581
0.037 0.038 0.218030
0.038 0.039 0.249569
0.039 0.040 0.281812
0.040 0.041 0.313226
0.041 0.042 0.343342
0.042 0.043 0.372600
0.043 0.044 0.398848
0.044 0.045 0.423152
0.045 0.046 0.447225
0.046 0.047 0.467354
0.047 0.048 0.486974
0.048 0.049 0.504830
0.049 0.050 0.517436
0.050 0.051 0.527858
0.051 0.052 0.538177
0.052 0.053 0.547045
0.053 0.054 0.551829
0.054 0.055 0.552909
0.055 0.056 0.553988
0.056 0.057 0.553992
0.057 0.058 0.706815
0.058 0.059 1.000000
0.059 0.060 0.843301
0.060 0.061 0.548651
0.061 0.062 0.542620
0.062 0.063 0.520056
0.063 0.064 0.508003
0.064 0.065 0.496321
0.065 0.066 0.486826
0.066 0.067 0.604275
0.067 0.068 0.594469
0.068 0.069 0.474761
0.069 0.070 0.431519
0.070 0.071 0.365623
0.071 0.072 0.354981
0.072 0.073 0.341018
0.073 0.074 0.334887
0.074 0.075 0.326871
0.075 0.076 0.314103
0.076 0.077 0.298926
0.077 0.078 0.285916
0.078 0.079 0.276533
0.079 0.080 0.269100
0.080 0.081 0.257930
0.081 0.082 0.245146
0.082 0.083 0.233275
0.083 0.084 0.221013
0.084 0.085 0.210177
0.085 0.086 0.200643
0.086 0.087 0.188869
0.087 0.088 0.179109
0.088 0.089 0.168133
0.089 0.090 0.157972
0.090 0.091 0.146091
0.091 0.092 0.134167
0.092 0.093 0.125293
0.093 0.094 0.118323
0.094 0.095 0.108771
0.095 0.096 0.099676
0.096 0.097 0.087427
0.097 0.098 0.077757
0.098 0.099 0.066851
0.099 0.100 0.059427
0.100 0.101 0.055876
0.101 0.102 0.049085
0.102 0.103 0.038973
0.103 0.104 0.033540
0.104 0.105 0.029527
0.105 0.106 0.024597
0.106 0.107 0.019317
0.107 0.108 0.012331
0.108 0.109 0.009055
0.109 0.110 0.005717
0.110 0.111 0.001495
0.111 0.112 0.000000
0.112 0.113 0.000000
0.113 0.114 0.000000
0.114 0.115 0.000000
0.115 0.116 0.000000
0.116 0.117 0.000000
0.117 0.118 0.000000
0.118 0.119 0.000000
0.119 0.120 0.000000
0.120 0.121 0.000000
0.121 0.122 0.000000
0.122 0.123 0.000000
0.123 0.124 0.000000
0.124 0.125 0.000000
0.125 0.126 0.000000
0.126 0.127 0.000000
0.127 0.128 0.000000
0.128 0.129 0.000000
0.129 0.130 0.000000
0.130 0.131 0.000000
0.131 0.132 0.000000
0.132 0.133 0.000000
0.133 0.134 0.000000
0.134 0.135 0.000000
0.135 0.136 0.000000
0.136 0.137 0.000000
0.137 0.138 0.000000
0.138 0.139 0.000000
0.139 0.140 0.000000
0.140 0.141 0.000000
0.141 0.142 0.000000
0.142 0.143 0.000000
0.143 0.144 0.000000
0.144 0.145 0.000000
0.145 0.146 0.000000
0.146 0.147 0.000000
0.147 0.148 0.000000
0.148 0.149 0.000000
0.149 0.150 0.000000
