1
0.000 0.001 0.000000
0.001 0.002 0.000000
0.002 0.003 0.000000
0.003 0.004 0.000000
0.004 0.005 0.000000
0.005 0.006 0.000000
0.006 0.007 0.000000
0.007 0.008 0.000000
0.008 0.009 0.000000
0.009 0.010 0.000000
0.010 0.011 0.000000
0.011 0.012 0.000000
0.012 0.013 0.000000
0.013 0.014 0.000000
0.014 0.015 0.000000
0.015 0.016 0.000000
0.016 0.017 0.000000
0.017 0.018 0.000000
0.018 0.019 0.000001
0.019 0.020 0.000004
0.020 0.021 0.000021
0.021 0.022 0.000082
0.022 0.023 0.000259
0.023 0.024 0.000687
0.024 0.025 0.001586
0.025 0.026 0.003245
0.026 0.027 0.006010
0.027 0.028 0.010294
0.028 0.029 0.016447
0.029 0.030 0.024621
0.030 0.031 0.035150
0.031 0.032 0.047970
0.032 0.033 0.062981
0.033 0.034 0.080139
0.034 0.035 0.099127
0.035 0.036 0.119346
0.036 0.037 0.140892
0.037 0.038 0.163500
0.038 0.039 0.185470
0.039 0.040 0.207583
0.040 0.041 0.229709
0.041 0.042 0.250705
0.042 0.043 0.271438
0.043 0.044 0.291013
0.044 0.045 0.310285
0.045 0.046 0.326896
0.046 0.047 0.341510
0.047 0.048 0.357454
0.048 0.049 0.371338
0.049 0.050 0.381513
0.050 0.051 0.390843
0.051 0.052 0.400939
0.052 0.053 0.409082
0.053 0.054 0.414436
0.054 0.055 0.419043
0.055 0.056 0.424891
0.056 0.057 0.429979
0.057 0.058 0.625043
0.058 0.059 1.000000
0.059 0.060 0.808223
0.060 0.061 0.444612
0.061 0.062 0.443676
0.062 0.063 0.422268
0.063 0.064 0.418823
0.064 0.065 0.413715
0.065 0.066 0.409673
0.066 0.067 0.563735
0.067 0.068 0.560771
0.068 0.069 0.429737
0.069 0.070 0.388160
0.070 0.071 0.313365
0.071 0.072 0.309091
0.072 0.073 0.303113
0.073 0.074 0.299820
0.074 0.075 0.296228
0.075 0.076 0.291575
0.076 0.077 0.284332
0.077 0.078 0.278783
0.078 0.079 0.275771
0.079 0.080 0.271413
0.080 0.081 0.265090
0.081 0.082 0.257592
0.082 0.083 0.250520
0.083 0.084 0.243815
0.084 0.085 0.238090
0.085 0.086 0.232888
0.086 0.087 0.226146
0.087 0.088 0.222029
0.088 0.089 0.216162
0.089 0.090 0.207874
0.090 0.091 0.200430
0.091 0.092 0.190054
0.092 0.093 0.183049
0.093 0.094 0.179713
0.094 0.095 0.172715
0.095 0.096 0.165956
0.096 0.097 0.158871
0.097 0.098 0.149750
0.098 0.099 0.141532
0.099 0.100 0.134734
0.100 0.101 0.129358
0.101 0.102 0.123244
0.102 0.103 0.115429
0.103 0.104 0.109361
0.104 0.105 0.103269
0.105 0.106 0.097014
0.106 0.107 0.091318
0.107 0.108 0.084351
0.108 0.109 0.078498
0.109 0.110 0.072128
0.110 0.111 0.066960
0.111 0.112 0.062563
0.112 0.113 0.056555
0.113 0.114 0.050913
0.114 0.115 0.046881
0.115 0.116 0.042290
0.116 0.117 0.037805
0.117 0.118 0.032819
0.118 0.119 0.027358
0.119 0.120 0.024402
0.120 0.121 0.022967
0.121 0.122 0.019312
0.122 0.123 0.016606
0.123 0.124 0.013742
0.124 0.125 0.010134
0.125 0.126 0.007597
0.126 0.127 0.005186
0.127 0.128 0.003567
0.128 0.129 0.001666
0.129 0.130 0.000464
0.130 0.131 0.000000
0.131 0.132 0.000000
0.132 0.133 0.000000
0.133 0.134 0.000000
0.134 0.135 0.000000
0.135 0.136 0.000000
0.136 0.137 0.000000
0.137 0.138 0.000000
0.138 0.139 0.000000
0.139 0.140 0.000000
0.140 0.141 0.000000
0.141 0.142 0.000000
0.142 0.143 0.000000
0.143 0.144 0.000000
0.144 0.145 0.000000
0.145 0.146 0.000000
0.146 0.147 0.000000
0.147 0.148 0.000000
0.148 0.149 0.000000
0.149 0.150 0.000000
