1
0.000 0.001 0.000000
0.001 0.002 0.000000
0.002 0.003 0.000000
0.003 0.004 0.000000
0.004 0.005 0.000000
0.005 0.006 0.000000
0.006 0.007 0.000000
0.007 0.008 0.000000
0.008 0.009 0.000000
0.009 0.010 0.000000
0.010 0.011 0.000000
0.011 0.012 0.000000
0.012 0.013 0.000000
0.013 0.014 0.000000
0.014 0.015 0.000000
0.015 0.016 0.000000
0.016 0.017 0.000000
0.017 0.018 0.000000
0.018 0.019 0.000000
0.019 0.020 0.000000
0.020 0.021 0.000001
0.021 0.022 0.000005
0.022 0.023 0.000024
0.023 0.024 0.000092
0.024 0.025 0.000284
0.025 0.026 0.000747
0.026 0.027 0.001708
0.027 0.028 0.003503
0.028 0.029 0.006554
0.029 0.030 0.011255
0.030 0.031 0.018029
0.031 0.032 0.027244
0.032 0.033 0.039177
0.033 0.034 0.053907
0.034 0.035 0.071463
0.035 0.036 0.091742
0.036 0.037 0.114456
0.037 0.038 0.138706
0.038 0.039 0.164224
0.039 0.040 0.191515
0.040 0.041 0.219278
0.041 0.042 0.246988
0.042 0.043 0.275221
0.043 0.044 0.302209
0.044 0.045 0.329120
0.045 0.046 0.354597
0.046 0.047 0.376963
0.047 0.048 0.399645
0.048 0.049 0.421564
0.049 0.050 0.438659
0.050 0.051 0.454247
0.051 0.052 0.471042
0.052 0.053 0.486015
0.053 0.054 0.497050
0.054 0.055 0.505429
0.055 0.056 0.514124
0.056 0.057 0.522581
0.057 0.058 0.686449
0.058 0.059 1.000000
0.059 0.060 0.843501
0.060 0.061 0.538717
0.061 0.062 0.537277
0.062 0.063 0.518802
0.063 0.064 0.512185
0.064 0.065 0.505315
0.065 0.066 0.500713
0.066 0.067 0.633476
0.067 0.068 0.629030
0.068 0.069 0.506892
0.069 0.070 0.462327
0.070 0.071 0.392242
0.071 0.072 0.383012
0.072 0.073 0.370349
0.073 0.074 0.365334
0.074 0.075 0.358230
0.075 0.076 0.346224
0.076 0.077 0.331535
0.077 0.078 0.319144
0.078 0.079 0.311780
0.079 0.080 0.302050
0.080 0.081 0.289479
0.081 0.082 0.274806
0.082 0.083 0.261233
0.083 0.084 0.247223
0.084 0.085 0.233684
0.085 0.086 0.224299
0.086 0.087 0.212340
0.087 0.088 0.202673
0.088 0.089 0.192645
0.089 0.090 0.178893
0.090 0.091 0.165742
0.091 0.092 0.152253
0.092 0.093 0.142218
0.093 0.094 0.134410
0.094 0.095 0.122739
0.095 0.096 0.114050
0.096 0.097 0.103253
0.097 0.098 0.091127
0.098 0.099 0.077102
0.099 0.100 0.069158
0.100 0.101 0.065406
0.101 0.102 0.058183
0.102 0.103 0.047608
0.103 0.104 0.040889
0.104 0.105 0.035848
0.105 0.106 0.028894
0.106 0.107 0.023878
0.107 0.108 0.018156
0.108 0.109 0.012113
0.109 0.110 0.008226
0.110 0.111 0.003801
0.111 0.112 0.001079
0.112 0.113 0.000000
0.113 0.114 0.000000
0.114 0.115 0.000000
0.115 0.116 0.000000
0.116 0.117 0.000000
0.117 0.118 0.000000
0.118 0.119 0.000000
0.119 0.120 0.000000
0.120 0.121 0.000000
0.121 0.122 0.000000
0.122 0.123 0.000000
0.123 0.124 0.000000
0.124 0.125 0.000000
0.125 0.126 0.000000
0.126 0.127 0.000000
0.127 0.128 0.000000
0.128 0.129 0.000000
0.129 0.130 0.000000
0.130 0.131 0.000000
0.131 0.132 0.000000
0.132 0.133 0.000000
0.133 0.134 0.000000
0.134 0.135 0.000000
0.135 0.136 0.000000
0.136 0.137 0.000000
0.137 0.138 0.000000
0.138 0.139 0.000000
0.139 0.140 0.000000
0.140 0.141 0.000000
0.141 0.142 0.000000
0.142 0.143 0.000000
0.143 0.144 0.000000
0.144 0.145 0.000000
0.145 0.146 0.000000
0.146 0.147 0.000000
0.147 0.148 0.000000
0.148 0.149 0.000000
0.149 0.150 0.000000
