1
0.000 0.001 0.000000
0.001 0.002 0.000000
0.002 0.003 0.000000
0.003 0.004 0.000000
0.004 0.005 0.000000
0.005 0.006 0.000000
0.006 0.007 0.000000
0.007 0.008 0.000000
0.008 0.009 0.000000
0.009 0.010 0.000000
0.010 0.011 0.000000
0.011 0.012 0.000000
0.012 0.013 0.000000
0.013 0.014 0.000000
0.014 0.015 0.000000
0.015 0.016 0.000000
0.016 0.017 0.000004
0.017 0.018 0.000025
0.018 0.019 0.000124
0.019 0.020 0.000456
0.020 0.021 0.001344
0.021 0.022 0.003350
0.022 0.023 0.007205
0.023 0.024 0.013759
0.024 0.025 0.023852
0.025 0.026 0.038053
0.026 0.027 0.056623
0.027 0.028 0.079913
0.028 0.029 0.107504
0.029 0.030 0.138229
0.030 0.031 0.172066
0.031 0.032 0.207729
0.032 0.033 0.244424
0.033 0.034 0.281434
0.034 0.035 0.318187
0.035 0.036 0.353552
0.036 0.037 0.386035
0.037 0.038 0.415179
0.038 0.039 0.443625
0.039 0.040 0.470225
0.040 0.041 0.494153
0.041 0.042 0.514680
0.042 0.043 0.533445
0.043 0.044 0.548499
0.044 0.045 0.561512
0.045 0.046 0.570375
0.046 0.047 0.575133
0.047 0.048 0.581447
0.048 0.049 0.585429
0.049 0.050 0.582191
0.050 0.051 0.578383
0.051 0.052 0.577077
0.052 0.053 0.574263
0.053 0.054 0.565649
0.054 0.055 0.558844
0.055 0.056 0.553654
0.056 0.057 0.548768
0.057 0.058 0.702536
0.058 0.059 1.000000
0.059 0.060 0.826494
0.060 0.061 0.517538
0.061 0.062 0.506518
0.062 0.063 0.479463
0.063 0.064 0.464399
0.064 0.065 0.449727
0.065 0.066 0.437804
0.066 0.067 0.548144
0.067 0.068 0.535901
0.068 0.069 0.421505
0.069 0.070 0.380065
0.070 0.071 0.317212
0.071 0.072 0.307224
0.072 0.073 0.295014
0.073 0.074 0.288741
0.074 0.075 0.281049
0.075 0.076 0.270415
0.076 0.077 0.257783
0.077 0.078 0.246826
0.078 0.079 0.239789
0.079 0.080 0.231524
0.080 0.081 0.220492
0.081 0.082 0.208090
0.082 0.083 0.195704
0.083 0.084 0.186575
0.084 0.085 0.178627
0.085 0.086 0.171775
0.086 0.087 0.162940
0.087 0.088 0.156267
0.088 0.089 0.149160
0.089 0.090 0.139851
0.090 0.091 0.130065
0.091 0.092 0.119176
0.092 0.093 0.111167
0.093 0.094 0.104282
0.094 0.095 0.097989
0.095 0.096 0.092006
0.096 0.097 0.084832
0.097 0.098 0.076565
0.098 0.099 0.067765
0.099 0.100 0.061479
0.100 0.101 0.057994
0.101 0.102 0.052345
0.102 0.103 0.043786
0.103 0.104 0.039357
0.104 0.105 0.036180
0.105 0.106 0.032178
0.106 0.107 0.027922
0.107 0.108 0.022945
0.108 0.109 0.018454
0.109 0.110 0.012876
0.110 0.111 0.010195
0.111 0.112 0.007971
0.112 0.113 0.005378
0.113 0.114 0.002100
0.114 0.115 0.001286
0.115 0.116 0.000000
0.116 0.117 0.000000
0.117 0.118 0.000000
0.118 0.119 0.000000
0.119 0.120 0.000000
0.120 0.121 0.000000
0.121 0.122 0.000000
0.122 0.123 0.000000
0.123 0.124 0.000000
0.124 0.125 0.000000
0.125 0.126 0.000000
0.126 0.127 0.000000
0.127 0.128 0.000000
0.128 0.129 0.000000
0.129 0.130 0.000000
0.130 0.131 0.000000
0.131 0.132 0.000000
0.132 0.133 0.000000
0.133 0.134 0.000000
0.134 0.135 0.000000
0.135 0.136 0.000000
0.136 0.137 0.000000
0.137 0.138 0.000000
0.138 0.139 0.000000
0.139 0.140 0.000000
0.140 0.141 0.000000
0.141 0.142 0.000000
0.142 0.143 0.000000
0.143 0.144 0.000000
0.144 0.145 0.000000
0.145 0.146 0.000000
0.146 0.147 0.000000
0.147 0.148 0.000000
0.148 0.149 0.000000
0.149 0.150 0.000000
