1
0.000 0.001 0.000000
0.001 0.002 0.000000
0.002 0.003 0.000000
0.003 0.004 0.000000
0.004 0.005 0.000000
0.005 0.006 0.000000
0.006 0.007 0.000000
0.007 0.008 0.000000
0.008 0.009 0.000000
0.009 0.010 0.000000
0.010 0.011 0.000000
0.011 0.012 0.000000
0.012 0.013 0.000000
0.013 0.014 0.000000
0.014 0.015 0.000000
0.015 0.016 0.000000
0.016 0.017 0.000000
0.017 0.018 0.000000
0.018 0.019 0.000003
0.019 0.020 0.000016
0.020 0.021 0.000071
0.021 0.022 0.000248
0.022 0.023 0.000703
0.023 0.024 0.001703
0.024 0.025 0.003612
0.025 0.026 0.006843
0.026 0.027 0.011864
0.027 0.028 0.019089
0.028 0.029 0.028922
0.029 0.030 0.041331
0.030 0.031 0.056544
0.031 0.032 0.074296
0.032 0.033 0.094325
0.033 0.034 0.116243
0.034 0.035 0.139546
0.035 0.036 0.163692
0.036 0.037 0.188143
0.037 0.038 0.213284
0.038 0.039 0.237578
0.039 0.040 0.260821
0.040 0.041 0.283286
0.041 0.042 0.304112
0.042 0.043 0.323821
0.043 0.044 0.341866
0.044 0.045 0.358485
0.045 0.046 0.371826
0.046 0.047 0.384087
0.047 0.048 0.396353
0.048 0.049 0.405068
0.049 0.050 0.412399
0.050 0.051 0.419928
0.051 0.052 0.427476
0.052 0.053 0.431530
0.053 0.054 0.434097
0.054 0.055 0.435829
0.055 0.056 0.437686
0.056 0.057 0.439584
0.057 0.058 0.631873
0.058 0.059 1.000000
0.059 0.060 0.805112
0.060 0.061 0.443266
0.061 0.062 0.439569
0.062 0.063 0.414832
0.063 0.064 0.408809
0.064 0.065 0.401991
0.065 0.066 0.394694
0.066 0.067 0.541318
0.067 0.068 0.534818
0.068 0.069 0.406381
0.069 0.070 0.365756
0.070 0.071 0.292825
0.071 0.072 0.288457
0.072 0.073 0.281902
0.073 0.074 0.276988
0.074 0.075 0.272752
0.075 0.076 0.267572
0.076 0.077 0.260416
0.077 0.078 0.254776
0.078 0.079 0.249954
0.079 0.080 0.245067
0.080 0.081 0.239727
0.081 0.082 0.232466
0.082 0.083 0.224966
0.083 0.084 0.217779
0.084 0.085 0.210734
0.085 0.086 0.206220
0.086 0.087 0.201485
0.087 0.088 0.197672
0.088 0.089 0.192204
0.089 0.090 0.185756
0.090 0.091 0.179828
0.091 0.092 0.172180
0.092 0.093 0.166206
0.093 0.094 0.162424
0.094 0.095 0.156600
0.095 0.096 0.151277
0.096 0.097 0.145914
0.097 0.098 0.138983
0.098 0.099 0.132333
0.099 0.100 0.127262
0.100 0.101 0.121966
0.101 0.102 0.117499
0.102 0.103 0.112798
0.103 0.104 0.109020
0.104 0.105 0.104588
0.105 0.106 0.099336
0.106 0.107 0.094871
0.107 0.108 0.089606
0.108 0.109 0.085455
0.109 0.110 0.081638
0.110 0.111 0.077303
0.111 0.112 0.073163
0.112 0.113 0.067701
0.113 0.114 0.061969
0.114 0.115 0.058974
0.115 0.116 0.055892
0.116 0.117 0.052150
0.117 0.118 0.049048
0.118 0.119 0.045071
0.119 0.120 0.041831
0.120 0.121 0.039761
0.121 0.122 0.036810
0.122 0.123 0.033884
0.123 0.124 0.030816
0.124 0.125 0.026653
0.125 0.126 0.023987
0.126 0.127 0.021892
0.127 0.128 0.019232
0.128 0.129 0.016983
0.129 0.130 0.014728
0.130 0.131 0.012203
0.131 0.132 0.010632
0.132 0.133 0.008053
0.133 0.134 0.006542
0.134 0.135 0.005135
0.135 0.136 0.003847
0.136 0.137 0.002617
0.137 0.138 0.000925
0.138 0.139 0.000473
0.139 0.140 0.000000
0.140 0.141 0.000000
0.141 0.142 0.000000
0.142 0.143 0.000000
0.143 0.144 0.000000
0.144 0.145 0.000000
0.145 0.146 0.000000
0.146 0.147 0.000000
0.147 0.148 0.000000
0.148 0.149 0.000000
0.149 0.150 0.000000
