1
0.000 0.001 0.000000
0.001 0.002 0.000000
0.002 0.003 0.000000
0.003 0.004 0.000000
0.004 0.005 0.000000
0.005 0.006 0.000000
0.006 0.007 0.000000
0.007 0.008 0.000000
0.008 0.009 0.000000
0.009 0.010 0.000000
0.010 0.011 0.000000
0.011 0.012 0.000000
0.012 0.013 0.000000
0.013 0.014 0.000000
0.014 0.015 0.000000
0.015 0.016 0.000000
0.016 0.017 0.000000
0.017 0.018 0.000000
0.018 0.019 0.000003
0.019 0.020 0.000016
0.020 0.021 0.000071
0.021 0.022 0.000244
0.022 0.023 0.000692
0.023 0.024 0.001678
0.024 0.025 0.003570
0.025 0.026 0.006803
0.026 0.027 0.011848
0.027 0.028 0.019214
0.028 0.029 0.029182
0.029 0.030 0.041743
0.030 0.031 0.057295
0.031 0.032 0.075341
0.032 0.033 0.095588
0.033 0.034 0.117880
0.034 0.035 0.142254
0.035 0.036 0.167335
0.036 0.037 0.193367
0.037 0.038 0.220227
0.038 0.039 0.245712
0.039 0.040 0.270502
0.040 0.041 0.294748
0.041 0.042 0.317224
0.042 0.043 0.338520
0.043 0.044 0.358492
0.044 0.045 0.377208
0.045 0.046 0.391714
0.046 0.047 0.404458
0.047 0.048 0.418367
0.048 0.049 0.429277
0.049 0.050 0.435310
0.050 0.051 0.441554
0.051 0.052 0.448077
0.052 0.053 0.453141
0.053 0.054 0.455874
0.054 0.055 0.457775
0.055 0.056 0.460104
0.056 0.057 0.461776
0.057 0.058 0.646062
0.058 0.059 1.000000
0.059 0.060 0.812601
0.060 0.061 0.463694
0.061 0.062 0.459362
0.062 0.063 0.435098
0.063 0.064 0.428093
0.064 0.065 0.419932
0.065 0.066 0.412203
0.066 0.067 0.553244
0.067 0.068 0.546873
0.068 0.069 0.418962
0.069 0.070 0.377745
0.070 0.071 0.306292
0.071 0.072 0.300985
0.072 0.073 0.293466
0.073 0.074 0.288312
0.074 0.075 0.283149
0.075 0.076 0.276996
0.076 0.077 0.268730
0.077 0.078 0.261826
0.078 0.079 0.256705
0.079 0.080 0.250959
0.080 0.081 0.243850
0.081 0.082 0.235100
0.082 0.083 0.226721
0.083 0.084 0.217918
0.084 0.085 0.212360
0.085 0.086 0.207239
0.086 0.087 0.201047
0.087 0.088 0.196803
0.088 0.089 0.190753
0.089 0.090 0.183086
0.090 0.091 0.176327
0.091 0.092 0.167143
0.092 0.093 0.160510
0.093 0.094 0.156759
0.094 0.095 0.150176
0.095 0.096 0.143858
0.096 0.097 0.137360
0.097 0.098 0.128511
0.098 0.099 0.122587
0.099 0.100 0.117826
0.100 0.101 0.113467
0.101 0.102 0.108632
0.102 0.103 0.102694
0.103 0.104 0.098109
0.104 0.105 0.093539
0.105 0.106 0.087900
0.106 0.107 0.082858
0.107 0.108 0.076799
0.108 0.109 0.071722
0.109 0.110 0.066086
0.110 0.111 0.062217
0.111 0.112 0.058826
0.112 0.113 0.054067
0.113 0.114 0.049857
0.114 0.115 0.046301
0.115 0.116 0.042338
0.116 0.117 0.038304
0.117 0.118 0.034280
0.118 0.119 0.029016
0.119 0.120 0.025328
0.120 0.121 0.024285
0.121 0.122 0.021913
0.122 0.123 0.019506
0.123 0.124 0.016948
0.124 0.125 0.013916
0.125 0.126 0.010914
0.126 0.127 0.007943
0.127 0.128 0.006276
0.128 0.129 0.004729
0.129 0.130 0.003262
0.130 0.131 0.001169
0.131 0.132 0.000753
0.132 0.133 0.000000
0.133 0.134 0.000000
0.134 0.135 0.000000
0.135 0.136 0.000000
0.136 0.137 0.000000
0.137 0.138 0.000000
0.138 0.139 0.000000
0.139 0.140 0.000000
0.140 0.141 0.000000
0.141 0.142 0.000000
0.142 0.143 0.000000
0.143 0.144 0.000000
0.144 0.145 0.000000
0.145 0.146 0.000000
0.146 0.147 0.000000
0.147 0.148 0.000000
0.148 0.149 0.000000
0.149 0.150 0.000000
