1
0.000 0.001 0.000000
0.001 0.002 0.000000
0.002 0.003 0.000000
0.003 0.004 0.000000
0.004 0.005 0.000000
0.005 0.006 0.000000
0.006 0.007 0.000000
0.007 0.008 0.000000
0.008 0.009 0.000000
0.009 0.010 0.000000
0.010 0.011 0.000000
0.011 0.012 0.000000
0.012 0.013 0.000000
0.013 0.014 0.000000
0.014 0.015 0.000000
0.015 0.016 0.000000
0.016 0.017 0.000000
0.017 0.018 0.000000
0.018 0.019 0.000001
0.019 0.020 0.000007
0.020 0.021 0.000035
0.021 0.022 0.000130
0.022 0.023 0.000388
0.023 0.024 0.000987
0.024 0.025 0.002192
0.025 0.026 0.004334
0.026 0.027 0.007789
0.027 0.028 0.012980
0.028 0.029 0.020236
0.029 0.030 0.029623
0.030 0.031 0.041403
0.031 0.032 0.055486
0.032 0.033 0.071713
0.033 0.034 0.089936
0.034 0.035 0.109734
0.035 0.036 0.130489
0.036 0.037 0.152313
0.037 0.038 0.175208
0.038 0.039 0.197317
0.039 0.040 0.218958
0.040 0.041 0.240376
0.041 0.042 0.260795
0.042 0.043 0.280639
0.043 0.044 0.298943
0.044 0.045 0.316740
0.045 0.046 0.332132
0.046 0.047 0.345532
0.047 0.048 0.360126
0.048 0.049 0.372776
0.049 0.050 0.381530
0.050 0.051 0.390132
0.051 0.052 0.399244
0.052 0.053 0.405694
0.053 0.054 0.410018
0.054 0.055 0.413772
0.055 0.056 0.418420
0.056 0.057 0.422628
0.057 0.058 0.621216
0.058 0.059 1.000000
0.059 0.060 0.803253
0.060 0.061 0.435240
0.061 0.062 0.433860
0.062 0.063 0.411584
0.063 0.064 0.408090
0.064 0.065 0.403196
0.065 0.066 0.398631
0.066 0.067 0.552401
0.067 0.068 0.549103
0.068 0.069 0.418007
0.069 0.070 0.376946
0.070 0.071 0.302424
0.071 0.072 0.298484
0.072 0.073 0.292676
0.073 0.074 0.289043
0.074 0.075 0.285643
0.075 0.076 0.281167
0.076 0.077 0.274340
0.077 0.078 0.269322
0.078 0.079 0.266053
0.079 0.080 0.261883
0.080 0.081 0.256474
0.081 0.082 0.249662
0.082 0.083 0.242804
0.083 0.084 0.236225
0.084 0.085 0.230751
0.085 0.086 0.225713
0.086 0.087 0.219807
0.087 0.088 0.215785
0.088 0.089 0.209884
0.089 0.090 0.202207
0.090 0.091 0.195308
0.091 0.092 0.186009
0.092 0.093 0.179320
0.093 0.094 0.175689
0.094 0.095 0.169110
0.095 0.096 0.162877
0.096 0.097 0.156456
0.097 0.098 0.147971
0.098 0.099 0.140715
0.099 0.100 0.135076
0.100 0.101 0.130082
0.101 0.102 0.124220
0.102 0.103 0.117341
0.103 0.104 0.111515
0.104 0.105 0.106557
0.105 0.106 0.100484
0.106 0.107 0.095154
0.107 0.108 0.088768
0.108 0.109 0.083139
0.109 0.110 0.078710
0.110 0.111 0.074052
0.111 0.112 0.069874
0.112 0.113 0.064150
0.113 0.114 0.058944
0.114 0.115 0.054265
0.115 0.116 0.050298
0.116 0.117 0.046024
0.117 0.118 0.041976
0.118 0.119 0.036429
0.119 0.120 0.033482
0.120 0.121 0.031957
0.121 0.122 0.029008
0.122 0.123 0.026029
0.123 0.124 0.022550
0.124 0.125 0.019456
0.125 0.126 0.016359
0.126 0.127 0.013947
0.127 0.128 0.010807
0.128 0.129 0.008795
0.129 0.130 0.006830
0.130 0.131 0.004365
0.131 0.132 0.003252
0.132 0.133 0.001585
0.133 0.134 0.000412
0.134 0.135 0.000000
0.135 0.136 0.000000
0.136 0.137 0.000000
0.137 0.138 0.000000
0.138 0.139 0.000000
0.139 0.140 0.000000
0.140 0.141 0.000000
0.141 0.142 0.000000
0.142 0.143 0.000000
0.143 0.144 0.000000
0.144 0.145 0.000000
0.145 0.146 0.000000
0.146 0.147 0.000000
0.147 0.148 0.000000
0.148 0.149 0.000000
0.149 0.150 0.000000
