1
0.000 0.001 0.000000
0.001 0.002 0.000000
0.002 0.003 0.000000
0.003 0.004 0.000000
0.004 0.005 0.000000
0.005 0.006 0.000000
0.006 0.007 0.000000
0.007 0.008 0.000000
0.008 0.009 0.000000
0.009 0.010 0.000000
0.010 0.011 0.000000
0.011 0.012 0.000000
0.012 0.013 0.000000
0.013 0.014 0.000000
0.014 0.015 0.000001
0.015 0.016 0.000009
0.016 0.017 0.000065
0.017 0.018 0.000329
0.018 0.019 0.001225
0.019 0.020 0.003583
0.020 0.021 0.008717
0.021 0.022 0.018217
0.022 0.023 0.033623
0.023 0.024 0.056323
0.024 0.025 0.087093
0.025 0.026 0.125662
0.026 0.027 0.171486
0.027 0.028 0.223987
0.028 0.029 0.281597
0.029 0.030 0.341777
0.030 0.031 0.403159
0.031 0.032 0.463526
0.032 0.033 0.523547
0.033 0.034 0.579927
0.034 0.035 0.631587
0.035 0.036 0.679795
0.036 0.037 0.720933
0.037 0.038 0.756804
0.038 0.039 0.789443
0.039 0.040 0.818368
0.040 0.041 0.839079
0.041 0.042 0.855740
0.042 0.043 0.868825
0.043 0.044 0.877846
0.044 0.045 0.882384
0.045 0.046 0.878415
0.046 0.047 0.874333
0.047 0.048 0.868316
0.048 0.049 0.856970
0.049 0.050 0.840171
0.050 0.051 0.825262
0.051 0.052 0.812381
0.052 0.053 0.791381
0.053 0.054 0.771181
0.054 0.055 0.750396
0.055 0.056 0.727369
0.056 0.057 0.703365
0.057 0.058 0.799421
0.058 0.059 1.000000
0.059 0.060 0.854796
0.060 0.061 0.616305
0.061 0.062 0.592269
0.062 0.063 0.554835
0.063 0.064 0.528356
0.064 0.065 0.503681
0.065 0.066 0.479292
0.066 0.067 0.542332
0.067 0.068 0.524046
0.068 0.069 0.428093
0.069 0.070 0.382703
0.070 0.071 0.329125
0.071 0.072 0.311830
0.072 0.073 0.288619
0.073 0.074 0.273555
0.074 0.075 0.257926
0.075 0.076 0.240318
0.076 0.077 0.223031
0.077 0.078 0.206261
0.078 0.079 0.190560
0.079 0.080 0.178842
0.080 0.081 0.164586
0.081 0.082 0.148310
0.082 0.083 0.133821
0.083 0.084 0.120368
0.084 0.085 0.105252
0.085 0.086 0.094843
0.086 0.087 0.083022
0.087 0.088 0.071564
0.088 0.089 0.057656
0.089 0.090 0.048847
0.090 0.091 0.041409
0.091 0.092 0.032965
0.092 0.093 0.023471
0.093 0.094 0.017510
0.094 0.095 0.010237
0.095 0.096 0.006768
0.096 0.097 0.001806
0.097 0.098 0.000000
0.098 0.099 0.000000
0.099 0.100 0.000000
0.100 0.101 0.000000
0.101 0.102 0.000000
0.102 0.103 0.000000
0.103 0.104 0.000000
0.104 0.105 0.000000
0.105 0.106 0.000000
0.106 0.107 0.000000
0.107 0.108 0.000000
0.108 0.109 0.000000
0.109 0.110 0.000000
0.110 0.111 0.000000
0.111 0.112 0.000000
0.112 0.113 0.000000
0.113 0.114 0.000000
0.114 0.115 0.000000
0.115 0.116 0.000000
0.116 0.117 0.000000
0.117 0.118 0.000000
0.118 0.119 0.000000
0.119 0.120 0.000000
0.120 0.121 0.000000
0.121 0.122 0.000000
0.122 0.123 0.000000
0.123 0.124 0.000000
0.124 0.125 0.000000
0.125 0.126 0.000000
0.126 0.127 0.000000
0.127 0.128 0.000000
0.128 0.129 0.000000
0.129 0.130 0.000000
0.130 0.131 0.000000
0.131 0.132 0.000000
0.132 0.133 0.000000
0.133 0.134 0.000000
0.134 0.135 0.000000
0.135 0.136 0.000000
0.136 0.137 0.000000
0.137 0.138 0.000000
0.138 0.139 0.000000
0.139 0.140 0.000000
0.140 0.141 0.000000
0.141 0.142 0.000000
0.142 0.143 0.000000
0.143 0.144 0.000000
0.144 0.145 0.000000
0.145 0.146 0.000000
0.146 0.147 0.000000
0.147 0.148 0.000000
0.148 0.149 0.000000
0.149 0.150 0.000000
