1
0.000 0.001 0.000000
0.001 0.002 0.000000
0.002 0.003 0.000000
0.003 0.004 0.000000
0.004 0.005 0.000000
0.005 0.006 0.000000
0.006 0.007 0.000000
0.007 0.008 0.000000
0.008 0.009 0.000000
0.009 0.010 0.000000
0.010 0.011 0.000000
0.011 0.012 0.000000
0.012 0.013 0.000000
0.013 0.014 0.000000
0.014 0.015 0.000000
0.015 0.016 0.000000
0.016 0.017 0.000000
0.017 0.018 0.000000
0.018 0.019 0.000000
0.019 0.020 0.000000
0.020 0.021 0.000000
0.021 0.022 0.000001
0.022 0.023 0.000005
0.023 0.024 0.000024
0.024 0.025 0.000086
0.025 0.026 0.000259
0.026 0.027 0.000664
0.027 0.028 0.001509
0.028 0.029 0.003091
0.029 0.030 0.005734
0.030 0.031 0.009821
0.031 0.032 0.015791
0.032 0.033 0.024026
0.033 0.034 0.034701
0.034 0.035 0.048071
0.035 0.036 0.064455
0.036 0.037 0.083313
0.037 0.038 0.103676
0.038 0.039 0.126433
0.039 0.040 0.151699
0.040 0.041 0.177651
0.041 0.042 0.204190
0.042 0.043 0.232521
0.043 0.044 0.259735
0.044 0.045 0.287277
0.045 0.046 0.315070
0.046 0.047 0.339345
0.047 0.048 0.364645
0.048 0.049 0.390160
0.049 0.050 0.409826
0.050 0.051 0.428768
0.051 0.052 0.449564
0.052 0.053 0.469120
0.053 0.054 0.484126
0.054 0.055 0.495255
0.055 0.056 0.507886
0.056 0.057 0.522319
0.057 0.058 0.687886
0.058 0.059 1.000000
0.059 0.060 0.847806
0.060 0.061 0.547908
0.061 0.062 0.550077
0.062 0.063 0.534608
0.063 0.064 0.529177
0.064 0.065 0.525391
0.065 0.066 0.524550
0.066 0.067 0.662910
0.067 0.068 0.660082
0.068 0.069 0.535321
0.069 0.070 0.491643
0.070 0.071 0.421543
0.071 0.072 0.412731
0.072 0.073 0.399890
0.073 0.074 0.398881
0.074 0.075 0.395365
0.075 0.076 0.382535
0.076 0.077 0.366560
0.077 0.078 0.355336
0.078 0.079 0.350679
0.079 0.080 0.342952
0.080 0.081 0.330582
0.081 0.082 0.315878
0.082 0.083 0.300564
0.083 0.084 0.283063
0.084 0.085 0.269154
0.085 0.086 0.257503
0.086 0.087 0.243926
0.087 0.088 0.231544
0.088 0.089 0.218705
0.089 0.090 0.202654
0.090 0.091 0.182684
0.091 0.092 0.165269
0.092 0.093 0.150624
0.093 0.094 0.136532
0.094 0.095 0.120582
0.095 0.096 0.105562
0.096 0.097 0.086834
0.097 0.098 0.066848
0.098 0.099 0.045947
0.099 0.100 0.031460
0.100 0.101 0.022011
0.101 0.102 0.012318
0.102 0.103 0.001227
0.103 0.104 0.000000
0.104 0.105 0.000000
0.105 0.106 0.000000
0.106 0.107 0.000000
0.107 0.108 0.000000
0.108 0.109 0.000000
0.109 0.110 0.000000
0.110 0.111 0.000000
0.111 0.112 0.000000
0.112 0.113 0.000000
0.113 0.114 0.000000
0.114 0.115 0.000000
0.115 0.116 0.000000
0.116 0.117 0.000000
0.117 0.118 0.000000
0.118 0.119 0.000000
0.119 0.120 0.000000
0.120 0.121 0.000000
0.121 0.122 0.000000
0.122 0.123 0.000000
0.123 0.124 0.000000
0.124 0.125 0.000000
0.125 0.126 0.000000
0.126 0.127 0.000000
0.127 0.128 0.000000
0.128 0.129 0.000000
0.129 0.130 0.000000
0.130 0.131 0.000000
0.131 0.132 0.000000
0.132 0.133 0.000000
0.133 0.134 0.000000
0.134 0.135 0.000000
0.135 0.136 0.000000
0.136 0.137 0.000000
0.137 0.138 0.000000
0.138 0.139 0.000000
0.139 0.140 0.000000
0.140 0.141 0.000000
0.141 0.142 0.000000
0.142 0.143 0.000000
0.143 0.144 0.000000
0.144 0.145 0.000000
0.145 0.146 0.000000
0.146 0.147 0.000000
0.147 0.148 0.000000
0.148 0.149 0.000000
0.149 0.150 0.000000
