1
0.000 0.001 0.000000
0.001 0.002 0.000000
0.002 0.003 0.000000
0.003 0.004 0.000000
0.004 0.005 0.000000
0.005 0.006 0.000000
0.006 0.007 0.000000
0.007 0.008 0.000000
0.008 0.009 0.000000
0.009 0.010 0.000000
0.010 0.011 0.000000
0.011 0.012 0.000000
0.012 0.013 0.000000
0.013 0.014 0.000000
0.014 0.015 0.000000
0.015 0.016 0.000000
0.016 0.017 0.000000
0.017 0.018 0.000000
0.018 0.019 0.000000
0.019 0.020 0.000000
0.020 0.021 0.000000
0.021 0.022 0.000000
0.022 0.023 0.000003
0.023 0.024 0.000012
0.024 0.025 0.000045
0.025 0.026 0.000140
0.026 0.027 0.000373
0.027 0.028 0.000875
0.028 0.029 0.001841
0.029 0.030 0.003502
0.030 0.031 0.006159
0.031 0.032 0.010099
0.032 0.033 0.015641
0.033 0.034 0.023039
0.034 0.035 0.032414
0.035 0.036 0.043805
0.036 0.037 0.057356
0.037 0.038 0.073053
0.038 0.039 0.090257
0.039 0.040 0.109113
0.040 0.041 0.129321
0.041 0.042 0.150337
0.042 0.043 0.172327
0.043 0.044 0.194696
0.044 0.045 0.217709
0.045 0.046 0.239485
0.046 0.047 0.260570
0.047 0.048 0.282762
0.048 0.049 0.303719
0.049 0.050 0.321902
0.050 0.051 0.339795
0.051 0.052 0.358222
0.052 0.053 0.374080
0.053 0.054 0.387643
0.054 0.055 0.400610
0.055 0.056 0.413914
0.056 0.057 0.426186
0.057 0.058 0.622110
0.058 0.059 1.000000
0.059 0.060 0.824382
0.060 0.061 0.468803
0.061 0.062 0.473567
0.062 0.063 0.456384
0.063 0.064 0.457692
0.064 0.065 0.457181
0.065 0.066 0.456917
0.066 0.067 0.628269
0.067 0.068 0.630637
0.068 0.069 0.490030
0.069 0.070 0.446602
0.070 0.071 0.365410
0.071 0.072 0.362953
0.072 0.073 0.357841
0.073 0.074 0.355197
0.074 0.075 0.352276
0.075 0.076 0.347834
0.076 0.077 0.340474
0.077 0.078 0.334963
0.078 0.079 0.331868
0.079 0.080 0.327319
0.080 0.081 0.320484
0.081 0.082 0.311630
0.082 0.083 0.303120
0.083 0.084 0.294999
0.084 0.085 0.287850
0.085 0.086 0.280830
0.086 0.087 0.273072
0.087 0.088 0.267889
0.088 0.089 0.260187
0.089 0.090 0.250147
0.090 0.091 0.241322
0.091 0.092 0.228917
0.092 0.093 0.219367
0.093 0.094 0.215607
0.094 0.095 0.207815
0.095 0.096 0.200294
0.096 0.097 0.192372
0.097 0.098 0.182004
0.098 0.099 0.172616
0.099 0.100 0.164614
0.100 0.101 0.158853
0.101 0.102 0.152252
0.102 0.103 0.143972
0.103 0.104 0.137586
0.104 0.105 0.131247
0.105 0.106 0.123300
0.106 0.107 0.115543
0.107 0.108 0.108077
0.108 0.109 0.101943
0.109 0.110 0.095738
0.110 0.111 0.089415
0.111 0.112 0.083885
0.112 0.113 0.075773
0.113 0.114 0.070019
0.114 0.115 0.065146
0.115 0.116 0.059675
0.116 0.117 0.054091
0.117 0.118 0.048485
0.118 0.119 0.040623
0.119 0.120 0.036995
0.120 0.121 0.035297
0.121 0.122 0.031405
0.122 0.123 0.027425
0.123 0.124 0.022679
0.124 0.125 0.018840
0.125 0.126 0.015020
0.126 0.127 0.011463
0.127 0.128 0.008955
0.128 0.129 0.006598
0.129 0.130 0.003876
0.130 0.131 0.002358
0.131 0.132 0.000691
0.132 0.133 0.000000
0.133 0.134 0.000000
0.134 0.135 0.000000
0.135 0.136 0.000000
0.136 0.137 0.000000
0.137 0.138 0.000000
0.138 0.139 0.000000
0.139 0.140 0.000000
0.140 0.141 0.000000
0.141 0.142 0.000000
0.142 0.143 0.000000
0.143 0.144 0.000000
0.144 0.145 0.000000
0.145 0.146 0.000000
0.146 0.147 0.000000
0.147 0.148 0.000000
0.148 0.149 0.000000
0.149 0.150 0.000000
