1
0.000 0.001 0.000000
0.001 0.002 0.000000
0.002 0.003 0.000000
0.003 0.004 0.000000
0.004 0.005 0.000000
0.005 0.006 0.000000
0.006 0.007 0.000000
0.007 0.008 0.000000
0.008 0.009 0.000000
0.009 0.010 0.000000
0.010 0.011 0.000000
0.011 0.012 0.000000
0.012 0.013 0.000000
0.013 0.014 0.000000
0.014 0.015 0.000000
0.015 0.016 0.000000
0.016 0.017 0.000000
0.017 0.018 0.000000
0.018 0.019 0.000001
0.019 0.020 0.000009
0.020 0.021 0.000040
0.021 0.022 0.000144
0.022 0.023 0.000425
0.023 0.024 0.001069
0.024 0.025 0.002349
0.025 0.026 0.004606
0.026 0.027 0.008214
0.027 0.028 0.013592
0.028 0.029 0.021059
0.029 0.030 0.030678
0.030 0.031 0.042725
0.031 0.032 0.057042
0.032 0.033 0.073466
0.033 0.034 0.091887
0.034 0.035 0.111786
0.035 0.036 0.132579
0.036 0.037 0.154525
0.037 0.038 0.177370
0.038 0.039 0.199290
0.039 0.040 0.220706
0.040 0.041 0.241829
0.041 0.042 0.262121
0.042 0.043 0.281839
0.043 0.044 0.299812
0.044 0.045 0.317334
0.045 0.046 0.332425
0.046 0.047 0.345544
0.047 0.048 0.360079
0.048 0.049 0.372422
0.049 0.050 0.380875
0.050 0.051 0.389264
0.051 0.052 0.398152
0.052 0.053 0.404341
0.053 0.054 0.408495
0.054 0.055 0.412095
0.055 0.056 0.416549
0.056 0.057 0.420621
0.057 0.058 0.619660
0.058 0.059 1.000000
0.059 0.060 0.802583
0.060 0.061 0.432963
0.061 0.062 0.431548
0.062 0.063 0.409145
0.063 0.064 0.405683
0.064 0.065 0.400832
0.065 0.066 0.396208
0.066 0.067 0.550600
0.067 0.068 0.547274
0.068 0.069 0.415687
0.069 0.070 0.374703
0.070 0.071 0.300091
0.071 0.072 0.296223
0.072 0.073 0.290504
0.073 0.074 0.286867
0.074 0.075 0.283536
0.075 0.076 0.279169
0.076 0.077 0.272469
0.077 0.078 0.267572
0.078 0.079 0.264313
0.079 0.080 0.260224
0.080 0.081 0.255004
0.081 0.082 0.248364
0.082 0.083 0.241620
0.083 0.084 0.235155
0.084 0.085 0.229794
0.085 0.086 0.224854
0.086 0.087 0.219132
0.087 0.088 0.215199
0.088 0.089 0.209413
0.089 0.090 0.201911
0.090 0.091 0.195154
0.091 0.092 0.186061
0.092 0.093 0.179492
0.093 0.094 0.175922
0.094 0.095 0.169478
0.095 0.096 0.163401
0.096 0.097 0.157161
0.097 0.098 0.149057
0.098 0.099 0.141391
0.099 0.100 0.135906
0.100 0.101 0.131038
0.101 0.102 0.125293
0.102 0.103 0.118586
0.103 0.104 0.113250
0.104 0.105 0.107335
0.105 0.106 0.101359
0.106 0.107 0.096144
0.107 0.108 0.089896
0.108 0.109 0.084773
0.109 0.110 0.079478
0.110 0.111 0.074945
0.111 0.112 0.070837
0.112 0.113 0.065208
0.113 0.114 0.060064
0.114 0.115 0.055504
0.115 0.116 0.051667
0.116 0.117 0.047469
0.117 0.118 0.043542
0.118 0.119 0.038396
0.119 0.120 0.034694
0.120 0.121 0.033142
0.121 0.122 0.030272
0.122 0.123 0.027384
0.123 0.124 0.024327
0.124 0.125 0.020362
0.125 0.126 0.017337
0.126 0.127 0.014977
0.127 0.128 0.011878
0.128 0.129 0.009917
0.129 0.130 0.007983
0.130 0.131 0.005556
0.131 0.132 0.004542
0.132 0.133 0.003222
0.133 0.134 0.001474
0.134 0.135 0.000387
0.135 0.136 0.000000
0.136 0.137 0.000000
0.137 0.138 0.000000
0.138 0.139 0.000000
0.139 0.140 0.000000
0.140 0.141 0.000000
0.141 0.142 0.000000
0.142 0.143 0.000000
0.143 0.144 0.000000
0.144 0.145 0.000000
0.145 0.146 0.000000
0.146 0.147 0.000000
0.147 0.148 0.000000
0.148 0.149 0.000000
0.149 0.150 0.000000
