1
0.000 0.001 0.000000
0.001 0.002 0.000000
0.002 0.003 0.000000
0.003 0.004 0.000000
0.004 0.005 0.000000
0.005 0.006 0.000000
0.006 0.007 0.000000
0.007 0.008 0.000000
0.008 0.009 0.000000
0.009 0.010 0.000000
0.010 0.011 0.000000
0.011 0.012 0.000000
0.012 0.013 0.000000
0.013 0.014 0.000000
0.014 0.015 0.000000
0.015 0.016 0.000000
0.016 0.017 0.000000
0.017 0.018 0.000000
0.018 0.019 0.000000
0.019 0.020 0.000000
0.020 0.021 0.000001
0.021 0.022 0.000006
0.022 0.023 0.000031
0.023 0.024 0.000123
0.024 0.025 0.000394
0.025 0.026 0.001068
0.026 0.027 0.002513
0.027 0.028 0.005274
0.028 0.029 0.010046
0.029 0.030 0.017591
0.030 0.031 0.028679
0.031 0.032 0.043759
0.032 0.033 0.063559
0.033 0.034 0.088205
0.034 0.035 0.117572
0.035 0.036 0.151476
0.036 0.037 0.188672
0.037 0.038 0.230131
0.038 0.039 0.274734
0.039 0.040 0.320639
0.040 0.041 0.367151
0.041 0.042 0.414695
0.042 0.043 0.461070
0.043 0.044 0.505351
0.044 0.045 0.549249
0.045 0.046 0.586319
0.046 0.047 0.623242
0.047 0.048 0.656331
0.048 0.049 0.682553
0.049 0.050 0.707185
0.050 0.051 0.729896
0.051 0.052 0.748913
0.052 0.053 0.759851
0.053 0.054 0.770160
0.054 0.055 0.777527
0.055 0.056 0.773181
0.056 0.057 0.764313
0.057 0.058 0.842736
0.058 0.059 1.000000
0.059 0.060 0.909560
0.060 0.061 0.733690
0.061 0.062 0.713345
0.062 0.063 0.683703
0.063 0.064 0.658511
0.064 0.065 0.630201
0.065 0.066 0.594796
0.066 0.067 0.639861
0.067 0.068 0.614661
0.068 0.069 0.515830
0.069 0.070 0.456863
0.070 0.071 0.401214
0.071 0.072 0.374218
0.072 0.073 0.336154
0.073 0.074 0.308687
0.074 0.075 0.280359
0.075 0.076 0.249554
0.076 0.077 0.226104
0.077 0.078 0.198353
0.078 0.079 0.166807
0.079 0.080 0.146163
0.080 0.081 0.125466
0.081 0.082 0.096502
0.082 0.083 0.077840
0.083 0.084 0.059117
0.084 0.085 0.044383
0.085 0.086 0.026323
0.086 0.087 0.012335
0.087 0.088 0.003222
0.088 0.089 0.000000
0.089 0.090 0.000000
0.090 0.091 0.000000
0.091 0.092 0.000000
0.092 0.093 0.000000
0.093 0.094 0.000000
0.094 0.095 0.000000
0.095 0.096 0.000000
0.096 0.097 0.000000
0.097 0.098 0.000000
0.098 0.099 0.000000
0.099 0.100 0.000000
0.100 0.101 0.000000
0.101 0.102 0.000000
0.102 0.103 0.000000
0.103 0.104 0.000000
0.104 0.105 0.000000
0.105 0.106 0.000000
0.106 0.107 0.000000
0.107 0.108 0.000000
0.108 0.109 0.000000
0.109 0.110 0.000000
0.110 0.111 0.000000
0.111 0.112 0.000000
0.112 0.113 0.000000
0.113 0.114 0.000000
0.114 0.115 0.000000
0.115 0.116 0.000000
0.116 0.117 0.000000
0.117 0.118 0.000000
0.118 0.119 0.000000
0.119 0.120 0.000000
0.120 0.121 0.000000
0.121 0.122 0.000000
0.122 0.123 0.000000
0.123 0.124 0.000000
0.124 0.125 0.000000
0.125 0.126 0.000000
0.126 0.127 0.000000
0.127 0.128 0.000000
0.128 0.129 0.000000
0.129 0.130 0.000000
0.130 0.131 0.000000
0.131 0.132 0.000000
0.132 0.133 0.000000
0.133 0.134 0.000000
0.134 0.135 0.000000
0.135 0.136 0.000000
0.136 0.137 0.000000
0.137 0.138 0.000000
0.138 0.139 0.000000
0.139 0.140 0.000000
0.140 0.141 0.000000
0.141 0.142 0.000000
0.142 0.143 0.000000
0.143 0.144 0.000000
0.144 0.145 0.000000
0.145 0.146 0.000000
0.146 0.147 0.000000
0.147 0.148 0.000000
0.148 0.149 0.000000
0.149 0.150 0.000000
