1
0.000 0.001 0.000000
0.001 0.002 0.000000
0.002 0.003 0.000000
0.003 0.004 0.000000
0.004 0.005 0.000000
0.005 0.006 0.000000
0.006 0.007 0.000000
0.007 0.008 0.000000
0.008 0.009 0.000000
0.009 0.010 0.000000
0.010 0.011 0.000000
0.011 0.012 0.000000
0.012 0.013 0.000000
0.013 0.014 0.000000
0.014 0.015 0.000000
0.015 0.016 0.000000
0.016 0.017 0.000000
0.017 0.018 0.000000
0.018 0.019 0.000000
0.019 0.020 0.000002
0.020 0.021 0.000012
0.021 0.022 0.000051
0.022 0.023 0.000178
0.023 0.024 0.000511
0.024 0.025 0.001261
0.025 0.026 0.002725
0.026 0.027 0.005270
0.027 0.028 0.009373
0.028 0.029 0.015476
0.029 0.030 0.023784
0.030 0.031 0.034667
0.031 0.032 0.048216
0.032 0.033 0.064229
0.033 0.034 0.082820
0.034 0.035 0.103770
0.035 0.036 0.126452
0.036 0.037 0.151114
0.037 0.038 0.176050
0.038 0.039 0.199969
0.039 0.040 0.224744
0.040 0.041 0.250094
0.041 0.042 0.274033
0.042 0.043 0.297979
0.043 0.044 0.319828
0.044 0.045 0.341174
0.045 0.046 0.361549
0.046 0.047 0.377097
0.047 0.048 0.394343
0.048 0.049 0.411748
0.049 0.050 0.423218
0.050 0.051 0.432247
0.051 0.052 0.443214
0.052 0.053 0.455134
0.053 0.054 0.462159
0.054 0.055 0.465709
0.055 0.056 0.471999
0.056 0.057 0.479107
0.057 0.058 0.658247
0.058 0.059 1.000000
0.059 0.060 0.821582
0.060 0.061 0.485680
0.061 0.062 0.484329
0.062 0.063 0.465523
0.063 0.064 0.458954
0.064 0.065 0.451974
0.065 0.066 0.448779
0.066 0.067 0.589395
0.067 0.068 0.584849
0.068 0.069 0.460903
0.069 0.070 0.418821
0.070 0.071 0.347760
0.071 0.072 0.339993
0.072 0.073 0.330636
0.073 0.074 0.329433
0.074 0.075 0.326054
0.075 0.076 0.318264
0.076 0.077 0.307068
0.077 0.078 0.298616
0.078 0.079 0.295774
0.079 0.080 0.290420
0.080 0.081 0.281194
0.081 0.082 0.270960
0.082 0.083 0.261550
0.083 0.084 0.251448
0.084 0.085 0.243198
0.085 0.086 0.236512
0.086 0.087 0.227191
0.087 0.088 0.221075
0.088 0.089 0.215198
0.089 0.090 0.204743
0.090 0.091 0.192150
0.091 0.092 0.178783
0.092 0.093 0.170032
0.093 0.094 0.164760
0.094 0.095 0.155366
0.095 0.096 0.146451
0.096 0.097 0.135376
0.097 0.098 0.122486
0.098 0.099 0.108085
0.099 0.100 0.098390
0.100 0.101 0.094042
0.101 0.102 0.085475
0.102 0.103 0.073141
0.103 0.104 0.063121
0.104 0.105 0.055709
0.105 0.106 0.046352
0.106 0.107 0.036619
0.107 0.108 0.026851
0.108 0.109 0.018804
0.109 0.110 0.011637
0.110 0.111 0.005264
0.111 0.112 0.000714
0.112 0.113 0.000000
0.113 0.114 0.000000
0.114 0.115 0.000000
0.115 0.116 0.000000
0.116 0.117 0.000000
0.117 0.118 0.000000
0.118 0.119 0.000000
0.119 0.120 0.000000
0.120 0.121 0.000000
0.121 0.122 0.000000
0.122 0.123 0.000000
0.123 0.124 0.000000
0.124 0.125 0.000000
0.125 0.126 0.000000
0.126 0.127 0.000000
0.127 0.128 0.000000
0.128 0.129 0.000000
0.129 0.130 0.000000
0.130 0.131 0.000000
0.131 0.132 0.000000
0.132 0.133 0.000000
0.133 0.134 0.000000
0.134 0.135 0.000000
0.135 0.136 0.000000
0.136 0.137 0.000000
0.137 0.138 0.000000
0.138 0.139 0.000000
0.139 0.140 0.000000
0.140 0.141 0.000000
0.141 0.142 0.000000
0.142 0.143 0.000000
0.143 0.144 0.000000
0.144 0.145 0.000000
0.145 0.146 0.000000
0.146 0.147 0.000000
0.147 0.148 0.000000
0.148 0.149 0.000000
0.149 0.150 0.000000
