1
0.000 0.001 0.000000
0.001 0.002 0.000000
0.002 0.003 0.000000
0.003 0.004 0.000000
0.004 0.005 0.000000
0.005 0.006 0.000000
0.006 0.007 0.000000
0.007 0.008 0.000000
0.008 0.009 0.000000
0.009 0.010 0.000000
0.010 0.011 0.000000
0.011 0.012 0.000000
0.012 0.013 0.000000
0.013 0.014 0.000000
0.014 0.015 0.000000
0.015 0.016 0.000000
0.016 0.017 0.000000
0.017 0.018 0.000000
0.018 0.019 0.000000
0.019 0.020 0.000000
0.020 0.021 0.000001
0.021 0.022 0.000009
0.022 0.023 0.000042
0.023 0.024 0.000153
0.024 0.025 0.000462
0.025 0.026 0.001187
0.026 0.027 0.002656
0.027 0.028 0.005342
0.028 0.029 0.009822
0.029 0.030 0.016579
0.030 0.031 0.026138
0.031 0.032 0.038967
0.032 0.033 0.055319
0.033 0.034 0.075061
0.034 0.035 0.098110
0.035 0.036 0.124569
0.036 0.037 0.153524
0.037 0.038 0.183642
0.038 0.039 0.215097
0.039 0.040 0.248393
0.040 0.041 0.281257
0.041 0.042 0.312759
0.042 0.043 0.345493
0.043 0.044 0.376194
0.044 0.045 0.405838
0.045 0.046 0.432725
0.046 0.047 0.455616
0.047 0.048 0.478341
0.048 0.049 0.499144
0.049 0.050 0.513447
0.050 0.051 0.526603
0.051 0.052 0.539552
0.052 0.053 0.551994
0.053 0.054 0.561259
0.054 0.055 0.566991
0.055 0.056 0.570957
0.056 0.057 0.574474
0.057 0.058 0.719870
0.058 0.059 1.000000
0.059 0.060 0.852028
0.060 0.061 0.569021
0.061 0.062 0.561924
0.062 0.063 0.537496
0.063 0.064 0.526978
0.064 0.065 0.516769
0.065 0.066 0.507930
0.066 0.067 0.623270
0.067 0.068 0.614486
0.068 0.069 0.497397
0.069 0.070 0.451804
0.070 0.071 0.385048
0.071 0.072 0.370013
0.072 0.073 0.355673
0.073 0.074 0.349435
0.074 0.075 0.341270
0.075 0.076 0.327612
0.076 0.077 0.311669
0.077 0.078 0.298007
0.078 0.079 0.288948
0.079 0.080 0.278283
0.080 0.081 0.262594
0.081 0.082 0.248904
0.082 0.083 0.235873
0.083 0.084 0.222203
0.084 0.085 0.210193
0.085 0.086 0.199564
0.086 0.087 0.186843
0.087 0.088 0.175650
0.088 0.089 0.162999
0.089 0.090 0.151911
0.090 0.091 0.138792
0.091 0.092 0.126300
0.092 0.093 0.116376
0.093 0.094 0.107685
0.094 0.095 0.096949
0.095 0.096 0.085350
0.096 0.097 0.075672
0.097 0.098 0.065078
0.098 0.099 0.053051
0.099 0.100 0.044692
0.100 0.101 0.039047
0.101 0.102 0.033621
0.102 0.103 0.026513
0.103 0.104 0.020305
0.104 0.105 0.013970
0.105 0.106 0.010562
0.106 0.107 0.006945
0.107 0.108 0.001838
0.108 0.109 0.000000
0.109 0.110 0.000000
0.110 0.111 0.000000
0.111 0.112 0.000000
0.112 0.113 0.000000
0.113 0.114 0.000000
0.114 0.115 0.000000
0.115 0.116 0.000000
0.116 0.117 0.000000
0.117 0.118 0.000000
0.118 0.119 0.000000
0.119 0.120 0.000000
0.120 0.121 0.000000
0.121 0.122 0.000000
0.122 0.123 0.000000
0.123 0.124 0.000000
0.124 0.125 0.000000
0.125 0.126 0.000000
0.126 0.127 0.000000
0.127 0.128 0.000000
0.128 0.129 0.000000
0.129 0.130 0.000000
0.130 0.131 0.000000
0.131 0.132 0.000000
0.132 0.133 0.000000
0.133 0.134 0.000000
0.134 0.135 0.000000
0.135 0.136 0.000000
0.136 0.137 0.000000
0.137 0.138 0.000000
0.138 0.139 0.000000
0.139 0.140 0.000000
0.140 0.141 0.000000
0.141 0.142 0.000000
0.142 0.143 0.000000
0.143 0.144 0.000000
0.144 0.145 0.000000
0.145 0.146 0.000000
0.146 0.147 0.000000
0.147 0.148 0.000000
0.148 0.149 0.000000
0.149 0.150 0.000000
