1
0.000 0.001 0.000000
0.001 0.002 0.000000
0.002 0.003 0.000000
0.003 0.004 0.000000
0.004 0.005 0.000000
0.005 0.006 0.000000
0.006 0.007 0.000000
0.007 0.008 0.000000
0.008 0.009 0.000000
0.009 0.010 0.000000
0.010 0.011 0.000000
0.011 0.012 0.000000
0.012 0.013 0.000000
0.013 0.014 0.000001
0.014 0.015 0.000007
0.015 0.016 0.000052
0.016 0.017 0.000252
0.017 0.018 0.000900
0.018 0.019 0.002518
0.019 0.020 0.005868
0.020 0.021 0.011842
0.021 0.022 0.021185
0.022 0.023 0.034489
0.023 0.024 0.052086
0.024 0.025 0.073826
0.025 0.026 0.099068
0.026 0.027 0.127198
0.027 0.028 0.157941
0.028 0.029 0.190136
0.029 0.030 0.222144
0.030 0.031 0.253942
0.031 0.032 0.284948
0.032 0.033 0.314814
0.033 0.034 0.343037
0.034 0.035 0.368836
0.035 0.036 0.391654
0.036 0.037 0.412657
0.037 0.038 0.432064
0.038 0.039 0.447038
0.039 0.040 0.460066
0.040 0.041 0.471315
0.041 0.042 0.479695
0.042 0.043 0.487368
0.043 0.044 0.492785
0.044 0.045 0.497476
0.045 0.046 0.498870
0.046 0.047 0.498079
0.047 0.048 0.499381
0.048 0.049 0.498690
0.049 0.050 0.494052
0.050 0.051 0.489623
0.051 0.052 0.486945
0.052 0.053 0.482333
0.053 0.054 0.475604
0.054 0.055 0.468871
0.055 0.056 0.464255
0.056 0.057 0.459232
0.057 0.058 0.645036
0.058 0.059 1.000000
0.059 0.060 0.797210
0.060 0.061 0.439753
0.061 0.062 0.431614
0.062 0.063 0.404876
0.063 0.064 0.395595
0.064 0.065 0.385522
0.065 0.066 0.376982
0.066 0.067 0.507049
0.067 0.068 0.498748
0.068 0.069 0.380426
0.069 0.070 0.340533
0.070 0.071 0.274068
0.071 0.072 0.267742
0.072 0.073 0.259978
0.073 0.074 0.254728
0.074 0.075 0.249357
0.075 0.076 0.243067
0.076 0.077 0.234954
0.077 0.078 0.228451
0.078 0.079 0.224211
0.079 0.080 0.218953
0.080 0.081 0.212101
0.081 0.082 0.204353
0.082 0.083 0.197120
0.083 0.084 0.190294
0.084 0.085 0.184316
0.085 0.086 0.178870
0.086 0.087 0.172263
0.087 0.088 0.167625
0.088 0.089 0.161655
0.089 0.090 0.154144
0.090 0.091 0.147241
0.091 0.092 0.138783
0.092 0.093 0.132794
0.093 0.094 0.129406
0.094 0.095 0.123479
0.095 0.096 0.117782
0.096 0.097 0.111498
0.097 0.098 0.104916
0.098 0.099 0.098965
0.099 0.100 0.094180
0.100 0.101 0.090080
0.101 0.102 0.085417
0.102 0.103 0.079326
0.103 0.104 0.075416
0.104 0.105 0.071732
0.105 0.106 0.067166
0.106 0.107 0.063011
0.107 0.108 0.058008
0.108 0.109 0.053482
0.109 0.110 0.049799
0.110 0.111 0.046165
0.111 0.112 0.043068
0.112 0.113 0.038880
0.113 0.114 0.034907
0.114 0.115 0.032171
0.115 0.116 0.029074
0.116 0.117 0.026044
0.117 0.118 0.022923
0.118 0.119 0.018586
0.119 0.120 0.016665
0.120 0.121 0.015757
0.121 0.122 0.013633
0.122 0.123 0.011185
0.123 0.124 0.009447
0.124 0.125 0.007435
0.125 0.126 0.005208
0.126 0.127 0.004057
0.127 0.128 0.002788
0.128 0.129 0.001302
0.129 0.130 0.000362
0.130 0.131 0.000000
0.131 0.132 0.000000
0.132 0.133 0.000000
0.133 0.134 0.000000
0.134 0.135 0.000000
0.135 0.136 0.000000
0.136 0.137 0.000000
0.137 0.138 0.000000
0.138 0.139 0.000000
0.139 0.140 0.000000
0.140 0.141 0.000000
0.141 0.142 0.000000
0.142 0.143 0.000000
0.143 0.144 0.000000
0.144 0.145 0.000000
0.145 0.146 0.000000
0.146 0.147 0.000000
0.147 0.148 0.000000
0.148 0.149 0.000000
0.149 0.150 0.000000
