1
0.000 0.001 0.000000
0.001 0.002 0.000000
0.002 0.003 0.000000
0.003 0.004 0.000000
0.004 0.005 0.000000
0.005 0.006 0.000000
0.006 0.007 0.000000
0.007 0.008 0.000000
0.008 0.009 0.000000
0.009 0.010 0.000000
0.010 0.011 0.000000
0.011 0.012 0.000000
0.012 0.013 0.000000
0.013 0.014 0.000000
0.014 0.015 0.000000
0.015 0.016 0.000001
0.016 0.017 0.000007
0.017 0.018 0.000054
0.018 0.019 0.000283
0.019 0.020 0.001092
0.020 0.021 0.003350
0.021 0.022 0.008463
0.022 0.023 0.018228
0.023 0.024 0.034665
0.024 0.025 0.059683
0.025 0.026 0.094195
0.026 0.027 0.138139
0.027 0.028 0.191326
0.028 0.029 0.252604
0.029 0.030 0.319573
0.030 0.031 0.389564
0.031 0.032 0.463998
0.032 0.033 0.537776
0.033 0.034 0.609144
0.034 0.035 0.677123
0.035 0.036 0.740317
0.036 0.037 0.794135
0.037 0.038 0.843875
0.038 0.039 0.886716
0.039 0.040 0.920761
0.040 0.041 0.946805
0.041 0.042 0.961769
0.042 0.043 0.981148
0.043 0.044 0.993262
0.044 0.045 1.000000
0.045 0.046 0.993762
0.046 0.047 0.984644
0.047 0.048 0.974558
0.048 0.049 0.955436
0.049 0.050 0.930171
0.050 0.051 0.904865
0.051 0.052 0.876569
0.052 0.053 0.854174
0.053 0.054 0.833132
0.054 0.055 0.805500
0.055 0.056 0.766854
0.056 0.057 0.729151
0.057 0.058 0.749070
0.058 0.059 0.811487
0.059 0.060 0.724669
0.060 0.061 0.587115
0.061 0.062 0.557286
0.062 0.063 0.525738
0.063 0.064 0.492974
0.064 0.065 0.458724
0.065 0.066 0.420614
0.066 0.067 0.423383
0.067 0.068 0.391514
0.068 0.069 0.318060
0.069 0.070 0.280046
0.070 0.071 0.243600
0.071 0.072 0.218398
0.072 0.073 0.187297
0.073 0.074 0.163578
0.074 0.075 0.135468
0.075 0.076 0.118558
0.076 0.077 0.101369
0.077 0.078 0.081280
0.078 0.079 0.060045
0.079 0.080 0.039588
0.080 0.081 0.030746
0.081 0.082 0.019056
0.082 0.083 0.005145
0.083 0.084 0.000000
0.084 0.085 0.000000
0.085 0.086 0.000000
0.086 0.087 0.000000
0.087 0.088 0.000000
0.088 0.089 0.000000
0.089 0.090 0.000000
0.090 0.091 0.000000
0.091 0.092 0.000000
0.092 0.093 0.000000
0.093 0.094 0.000000
0.094 0.095 0.000000
0.095 0.096 0.000000
0.096 0.097 0.000000
0.097 0.098 0.000000
0.098 0.099 0.000000
0.099 0.100 0.000000
0.100 0.101 0.000000
0.101 0.102 0.000000
0.102 0.103 0.000000
0.103 0.104 0.000000
0.104 0.105 0.000000
0.105 0.106 0.000000
0.106 0.107 0.000000
0.107 0.108 0.000000
0.108 0.109 0.000000
0.109 0.110 0.000000
0.110 0.111 0.000000
0.111 0.112 0.000000
0.112 0.113 0.000000
0.113 0.114 0.000000
0.114 0.115 0.000000
0.115 0.116 0.000000
0.116 0.117 0.000000
0.117 0.118 0.000000
0.118 0.119 0.000000
0.119 0.120 0.000000
0.120 0.121 0.000000
0.121 0.122 0.000000
0.122 0.123 0.000000
0.123 0.124 0.000000
0.124 0.125 0.000000
0.125 0.126 0.000000
0.126 0.127 0.000000
0.127 0.128 0.000000
0.128 0.129 0.000000
0.129 0.130 0.000000
0.130 0.131 0.000000
0.131 0.132 0.000000
0.132 0.133 0.000000
0.133 0.134 0.000000
0.134 0.135 0.000000
0.135 0.136 0.000000
0.136 0.137 0.000000
0.137 0.138 0.000000
0.138 0.139 0.000000
0.139 0.140 0.000000
0.140 0.141 0.000000
0.141 0.142 0.000000
0.142 0.143 0.000000
0.143 0.144 0.000000
0.144 0.145 0.000000
0.145 0.146 0.000000
0.146 0.147 0.000000
0.147 0.148 0.000000
0.148 0.149 0.000000
0.149 0.150 0.000000
