1
0.000 0.001 0.000000
0.001 0.002 0.000000
0.002 0.003 0.000000
0.003 0.004 0.000000
0.004 0.005 0.000000
0.005 0.006 0.000000
0.006 0.007 0.000000
0.007 0.008 0.000000
0.008 0.009 0.000000
0.009 0.010 0.000000
0.010 0.011 0.000000
0.011 0.012 0.000000
0.012 0.013 0.000000
0.013 0.014 0.000000
0.014 0.015 0.000000
0.015 0.016 0.000001
0.016 0.017 0.000016
0.017 0.018 0.000108
0.018 0.019 0.000516
0.019 0.020 0.001835
0.020 0.021 0.005191
0.021 0.022 0.012257
0.022 0.023 0.024920
0.023 0.024 0.045086
0.024 0.025 0.074424
0.025 0.026 0.113346
0.026 0.027 0.161615
0.027 0.028 0.218693
0.028 0.029 0.282893
0.029 0.030 0.352767
0.030 0.031 0.425462
0.031 0.032 0.497292
0.032 0.033 0.567901
0.033 0.034 0.635731
0.034 0.035 0.699902
0.035 0.036 0.759184
0.036 0.037 0.809910
0.037 0.038 0.857470
0.038 0.039 0.898519
0.039 0.040 0.930235
0.040 0.041 0.956460
0.041 0.042 0.977764
0.042 0.043 0.991566
0.043 0.044 0.996705
0.044 0.045 1.000000
0.045 0.046 0.993297
0.046 0.047 0.983520
0.047 0.048 0.970372
0.048 0.049 0.949318
0.049 0.050 0.928023
0.050 0.051 0.904801
0.051 0.052 0.876894
0.052 0.053 0.845581
0.053 0.054 0.821366
0.054 0.055 0.789774
0.055 0.056 0.747308
0.056 0.057 0.707678
0.057 0.058 0.717938
0.058 0.059 0.774931
0.059 0.060 0.694352
0.060 0.061 0.570669
0.061 0.062 0.535627
0.062 0.063 0.497325
0.063 0.064 0.464403
0.064 0.065 0.430228
0.065 0.066 0.392629
0.066 0.067 0.389431
0.067 0.068 0.362663
0.068 0.069 0.301340
0.069 0.070 0.262092
0.070 0.071 0.222471
0.071 0.072 0.199172
0.072 0.073 0.170406
0.073 0.074 0.149013
0.074 0.075 0.125055
0.075 0.076 0.107067
0.076 0.077 0.088762
0.077 0.078 0.065600
0.078 0.079 0.048303
0.079 0.080 0.032519
0.080 0.081 0.024001
0.081 0.082 0.010940
0.082 0.083 0.002952
0.083 0.084 0.000000
0.084 0.085 0.000000
0.085 0.086 0.000000
0.086 0.087 0.000000
0.087 0.088 0.000000
0.088 0.089 0.000000
0.089 0.090 0.000000
0.090 0.091 0.000000
0.091 0.092 0.000000
0.092 0.093 0.000000
0.093 0.094 0.000000
0.094 0.095 0.000000
0.095 0.096 0.000000
0.096 0.097 0.000000
0.097 0.098 0.000000
0.098 0.099 0.000000
0.099 0.100 0.000000
0.100 0.101 0.000000
0.101 0.102 0.000000
0.102 0.103 0.000000
0.103 0.104 0.000000
0.104 0.105 0.000000
0.105 0.106 0.000000
0.106 0.107 0.000000
0.107 0.108 0.000000
0.108 0.109 0.000000
0.109 0.110 0.000000
0.110 0.111 0.000000
0.111 0.112 0.000000
0.112 0.113 0.000000
0.113 0.114 0.000000
0.114 0.115 0.000000
0.115 0.116 0.000000
0.116 0.117 0.000000
0.117 0.118 0.000000
0.118 0.119 0.000000
0.119 0.120 0.000000
0.120 0.121 0.000000
0.121 0.122 0.000000
0.122 0.123 0.000000
0.123 0.124 0.000000
0.124 0.125 0.000000
0.125 0.126 0.000000
0.126 0.127 0.000000
0.127 0.128 0.000000
0.128 0.129 0.000000
0.129 0.130 0.000000
0.130 0.131 0.000000
0.131 0.132 0.000000
0.132 0.133 0.000000
0.133 0.134 0.000000
0.134 0.135 0.000000
0.135 0.136 0.000000
0.136 0.137 0.000000
0.137 0.138 0.000000
0.138 0.139 0.000000
0.139 0.140 0.000000
0.140 0.141 0.000000
0.141 0.142 0.000000
0.142 0.143 0.000000
0.143 0.144 0.000000
0.144 0.145 0.000000
0.145 0.146 0.000000
0.146 0.147 0.000000
0.147 0.148 0.000000
0.148 0.149 0.000000
0.149 0.150 0.000000
