1
0.000 0.001 0.000000
0.001 0.002 0.000000
0.002 0.003 0.000000
0.003 0.004 0.000000
0.004 0.005 0.000000
0.005 0.006 0.000000
0.006 0.007 0.000000
0.007 0.008 0.000000
0.008 0.009 0.000000
0.009 0.010 0.000000
0.010 0.011 0.000000
0.011 0.012 0.000000
0.012 0.013 0.000000
0.013 0.014 0.000000
0.014 0.015 0.000000
0.015 0.016 0.000000
0.016 0.017 0.000000
0.017 0.018 0.000000
0.018 0.019 0.000000
0.019 0.020 0.000000
0.020 0.021 0.000002
0.021 0.022 0.000010
0.022 0.023 0.000042
0.023 0.024 0.000145
0.024 0.025 0.000414
0.025 0.026 0.001017
0.026 0.027 0.002202
0.027 0.028 0.004301
0.028 0.029 0.007705
0.029 0.030 0.012727
0.030 0.031 0.019777
0.031 0.032 0.029030
0.032 0.033 0.040634
0.033 0.034 0.054745
0.034 0.035 0.071001
0.035 0.036 0.089474
0.036 0.037 0.110004
0.037 0.038 0.132316
0.038 0.039 0.155219
0.039 0.040 0.178900
0.040 0.041 0.203078
0.041 0.042 0.226982
0.042 0.043 0.250680
0.043 0.044 0.273692
0.044 0.045 0.296355
0.045 0.046 0.316240
0.046 0.047 0.334502
0.047 0.048 0.353862
0.048 0.049 0.370721
0.049 0.050 0.383170
0.050 0.051 0.395617
0.051 0.052 0.408707
0.052 0.053 0.417448
0.053 0.054 0.425990
0.054 0.055 0.433648
0.055 0.056 0.441289
0.056 0.057 0.447963
0.057 0.058 0.637033
0.058 0.059 1.000000
0.059 0.060 0.818868
0.060 0.061 0.468686
0.061 0.062 0.468379
0.062 0.063 0.447036
0.063 0.064 0.443398
0.064 0.065 0.438317
0.065 0.066 0.433191
0.066 0.067 0.586690
0.067 0.068 0.583581
0.068 0.069 0.449802
0.069 0.070 0.405390
0.070 0.071 0.329722
0.071 0.072 0.325809
0.072 0.073 0.319384
0.073 0.074 0.315180
0.074 0.075 0.311016
0.075 0.076 0.305701
0.076 0.077 0.297941
0.077 0.078 0.291693
0.078 0.079 0.287128
0.079 0.080 0.281849
0.080 0.081 0.275134
0.081 0.082 0.266396
0.082 0.083 0.257930
0.083 0.084 0.249844
0.084 0.085 0.241681
0.085 0.086 0.236634
0.086 0.087 0.230483
0.087 0.088 0.226345
0.088 0.089 0.220109
0.089 0.090 0.212007
0.090 0.091 0.204830
0.091 0.092 0.194944
0.092 0.093 0.187833
0.093 0.094 0.183923
0.094 0.095 0.176823
0.095 0.096 0.170022
0.096 0.097 0.162991
0.097 0.098 0.153969
0.098 0.099 0.145206
0.099 0.100 0.140059
0.100 0.101 0.135246
0.101 0.102 0.129868
0.102 0.103 0.123340
0.103 0.104 0.118318
0.104 0.105 0.113149
0.105 0.106 0.106727
0.106 0.107 0.101051
0.107 0.108 0.094178
0.108 0.109 0.088482
0.109 0.110 0.082881
0.110 0.111 0.076406
0.111 0.112 0.072521
0.112 0.113 0.067010
0.113 0.114 0.062081
0.114 0.115 0.058026
0.115 0.116 0.053544
0.116 0.117 0.048852
0.117 0.118 0.044246
0.118 0.119 0.038125
0.119 0.120 0.034281
0.120 0.121 0.031394
0.121 0.122 0.028663
0.122 0.123 0.025902
0.123 0.124 0.022958
0.124 0.125 0.019386
0.125 0.126 0.015825
0.126 0.127 0.012991
0.127 0.128 0.009134
0.128 0.129 0.007333
0.129 0.130 0.005577
0.130 0.131 0.003603
0.131 0.132 0.001484
0.132 0.133 0.000913
0.133 0.134 0.000000
0.134 0.135 0.000000
0.135 0.136 0.000000
0.136 0.137 0.000000
0.137 0.138 0.000000
0.138 0.139 0.000000
0.139 0.140 0.000000
0.140 0.141 0.000000
0.141 0.142 0.000000
0.142 0.143 0.000000
0.143 0.144 0.000000
0.144 0.145 0.000000
0.145 0.146 0.000000
0.146 0.147 0.000000
0.147 0.148 0.000000
0.148 0.149 0.000000
0.149 0.150 0.000000
