1
0.000 0.001 0.000000
0.001 0.002 0.000000
0.002 0.003 0.000000
0.003 0.004 0.000000
0.004 0.005 0.000000
0.005 0.006 0.000000
0.006 0.007 0.000000
0.007 0.008 0.000000
0.008 0.009 0.000000
0.009 0.010 0.000000
0.010 0.011 0.000000
0.011 0.012 0.000000
0.012 0.013 0.000000
0.013 0.014 0.000000
0.014 0.015 0.000001
0.015 0.016 0.000013
0.016 0.017 0.000076
0.017 0.018 0.000320
0.018 0.019 0.001032
0.019 0.020 0.002733
0.020 0.021 0.006141
0.021 0.022 0.012137
0.022 0.023 0.021480
0.023 0.024 0.034763
0.024 0.025 0.052490
0.025 0.026 0.074376
0.026 0.027 0.100007
0.027 0.028 0.129578
0.028 0.029 0.162081
0.029 0.030 0.195609
0.030 0.031 0.229883
0.031 0.032 0.265303
0.032 0.033 0.300210
0.033 0.034 0.333037
0.034 0.035 0.364537
0.035 0.036 0.395882
0.036 0.037 0.424965
0.037 0.038 0.447456
0.038 0.039 0.466402
0.039 0.040 0.485854
0.040 0.041 0.502332
0.041 0.042 0.514725
0.042 0.043 0.527703
0.043 0.044 0.535711
0.044 0.045 0.543063
0.045 0.046 0.550074
0.046 0.047 0.549763
0.047 0.048 0.552452
0.048 0.049 0.556120
0.049 0.050 0.552049
0.050 0.051 0.546820
0.051 0.052 0.545125
0.052 0.053 0.544839
0.053 0.054 0.539598
0.054 0.055 0.530501
0.055 0.056 0.525266
0.056 0.057 0.522746
0.057 0.058 0.687068
0.058 0.059 1.000000
0.059 0.060 0.814631
0.060 0.061 0.490347
0.061 0.062 0.481327
0.062 0.063 0.457133
0.063 0.064 0.443753
0.064 0.065 0.431596
0.065 0.066 0.423363
0.066 0.067 0.538420
0.067 0.068 0.527763
0.068 0.069 0.416001
0.069 0.070 0.375414
0.070 0.071 0.312745
0.071 0.072 0.302381
0.072 0.073 0.290264
0.073 0.074 0.287156
0.074 0.075 0.282268
0.075 0.076 0.271976
0.076 0.077 0.259233
0.077 0.078 0.249723
0.078 0.079 0.245271
0.079 0.080 0.238877
0.080 0.081 0.229506
0.081 0.082 0.219170
0.082 0.083 0.209006
0.083 0.084 0.197820
0.084 0.085 0.188968
0.085 0.086 0.181711
0.086 0.087 0.172992
0.087 0.088 0.166134
0.088 0.089 0.159684
0.089 0.090 0.149970
0.090 0.091 0.137633
0.091 0.092 0.126434
0.092 0.093 0.118217
0.093 0.094 0.111734
0.094 0.095 0.103030
0.095 0.096 0.094955
0.096 0.097 0.084699
0.097 0.098 0.073479
0.098 0.099 0.060576
0.099 0.100 0.051973
0.100 0.101 0.048015
0.101 0.102 0.039846
0.102 0.103 0.029955
0.103 0.104 0.022085
0.104 0.105 0.016336
0.105 0.106 0.010589
0.106 0.107 0.005031
0.107 0.108 0.000633
0.108 0.109 0.000000
0.109 0.110 0.000000
0.110 0.111 0.000000
0.111 0.112 0.000000
0.112 0.113 0.000000
0.113 0.114 0.000000
0.114 0.115 0.000000
0.115 0.116 0.000000
0.116 0.117 0.000000
0.117 0.118 0.000000
0.118 0.119 0.000000
0.119 0.120 0.000000
0.120 0.121 0.000000
0.121 0.122 0.000000
0.122 0.123 0.000000
0.123 0.124 0.000000
0.124 0.125 0.000000
0.125 0.126 0.000000
0.126 0.127 0.000000
0.127 0.128 0.000000
0.128 0.129 0.000000
0.129 0.130 0.000000
0.130 0.131 0.000000
0.131 0.132 0.000000
0.132 0.133 0.000000
0.133 0.134 0.000000
0.134 0.135 0.000000
0.135 0.136 0.000000
0.136 0.137 0.000000
0.137 0.138 0.000000
0.138 0.139 0.000000
0.139 0.140 0.000000
0.140 0.141 0.000000
0.141 0.142 0.000000
0.142 0.143 0.000000
0.143 0.144 0.000000
0.144 0.145 0.000000
0.145 0.146 0.000000
0.146 0.147 0.000000
0.147 0.148 0.000000
0.148 0.149 0.000000
0.149 0.150 0.000000
