1
0.000 0.001 0.000000
0.001 0.002 0.000000
0.002 0.003 0.000000
0.003 0.004 0.000000
0.004 0.005 0.000000
0.005 0.006 0.000000
0.006 0.007 0.000000
0.007 0.008 0.000000
0.008 0.009 0.000000
0.009 0.010 0.000000
0.010 0.011 0.000000
0.011 0.012 0.000000
0.012 0.013 0.000000
0.013 0.014 0.000000
0.014 0.015 0.000000
0.015 0.016 0.000001
0.016 0.017 0.000007
0.017 0.018 0.000043
0.018 0.019 0.000188
0.019 0.020 0.000626
0.020 0.021 0.001705
0.021 0.022 0.003928
0.022 0.023 0.007905
0.023 0.024 0.014291
0.024 0.025 0.023667
0.025 0.026 0.036353
0.026 0.027 0.052467
0.027 0.028 0.071964
0.028 0.029 0.094606
0.029 0.030 0.119600
0.030 0.031 0.146360
0.031 0.032 0.174112
0.032 0.033 0.202767
0.033 0.034 0.231662
0.034 0.035 0.259513
0.035 0.036 0.286082
0.036 0.037 0.311710
0.037 0.038 0.336005
0.038 0.039 0.357185
0.039 0.040 0.376294
0.040 0.041 0.393442
0.041 0.042 0.408526
0.042 0.043 0.422719
0.043 0.044 0.434011
0.044 0.045 0.444587
0.045 0.046 0.451356
0.046 0.047 0.456880
0.047 0.048 0.462977
0.048 0.049 0.465883
0.049 0.050 0.465968
0.050 0.051 0.466053
0.051 0.052 0.466153
0.052 0.053 0.463231
0.053 0.054 0.459257
0.054 0.055 0.455133
0.055 0.056 0.451081
0.056 0.057 0.446250
0.057 0.058 0.636454
0.058 0.059 1.000000
0.059 0.060 0.798906
0.060 0.061 0.436653
0.061 0.062 0.430154
0.062 0.063 0.403577
0.063 0.064 0.395808
0.064 0.065 0.387274
0.065 0.066 0.378258
0.066 0.067 0.515922
0.067 0.068 0.508272
0.068 0.069 0.383437
0.069 0.070 0.342759
0.070 0.071 0.272759
0.071 0.072 0.265861
0.072 0.073 0.259002
0.073 0.074 0.253575
0.074 0.075 0.248858
0.075 0.076 0.243414
0.076 0.077 0.236299
0.077 0.078 0.230651
0.078 0.079 0.225851
0.079 0.080 0.220952
0.080 0.081 0.215605
0.081 0.082 0.208678
0.082 0.083 0.201606
0.083 0.084 0.194927
0.084 0.085 0.189066
0.085 0.086 0.182944
0.086 0.087 0.178294
0.087 0.088 0.174511
0.088 0.089 0.169233
0.089 0.090 0.163186
0.090 0.091 0.157723
0.091 0.092 0.150700
0.092 0.093 0.145167
0.093 0.094 0.141592
0.094 0.095 0.136242
0.095 0.096 0.131341
0.096 0.097 0.126460
0.097 0.098 0.120242
0.098 0.099 0.113977
0.099 0.100 0.110274
0.100 0.101 0.106766
0.101 0.102 0.102611
0.102 0.103 0.098215
0.103 0.104 0.094659
0.104 0.105 0.090582
0.105 0.106 0.085782
0.106 0.107 0.081670
0.107 0.108 0.076876
0.108 0.109 0.073048
0.109 0.110 0.069555
0.110 0.111 0.065237
0.111 0.112 0.062205
0.112 0.113 0.058090
0.113 0.114 0.054232
0.114 0.115 0.051345
0.115 0.116 0.048343
0.116 0.117 0.044825
0.117 0.118 0.041849
0.118 0.119 0.038146
0.119 0.120 0.035086
0.120 0.121 0.032623
0.121 0.122 0.030520
0.122 0.123 0.028459
0.123 0.124 0.026292
0.124 0.125 0.023601
0.125 0.126 0.020889
0.126 0.127 0.018730
0.127 0.128 0.016098
0.128 0.129 0.013466
0.129 0.130 0.011825
0.130 0.131 0.009987
0.131 0.132 0.008925
0.132 0.133 0.007426
0.133 0.134 0.005645
0.134 0.135 0.003691
0.135 0.136 0.002763
0.136 0.137 0.001879
0.137 0.138 0.000664
0.138 0.139 0.000339
0.139 0.140 0.000000
0.140 0.141 0.000000
0.141 0.142 0.000000
0.142 0.143 0.000000
0.143 0.144 0.000000
0.144 0.145 0.000000
0.145 0.146 0.000000
0.146 0.147 0.000000
0.147 0.148 0.000000
0.148 0.149 0.000000
0.149 0.150 0.000000
