1
0.000 0.001 0.000000
0.001 0.002 0.000000
0.002 0.003 0.000000
0.003 0.004 0.000000
0.004 0.005 0.000000
0.005 0.006 0.000000
0.006 0.007 0.000000
0.007 0.008 0.000000
0.008 0.009 0.000000
0.009 0.010 0.000000
0.010 0.011 0.000000
0.011 0.012 0.000000
0.012 0.013 0.000002
0.013 0.014 0.000025
0.014 0.015 0.000164
0.015 0.016 0.000721
0.016 0.017 0.002337
0.017 0.018 0.006045
0.018 0.019 0.013076
0.019 0.020 0.024743
0.020 0.021 0.042046
0.021 0.022 0.065393
0.022 0.023 0.094539
0.023 0.024 0.128905
0.024 0.025 0.167689
0.025 0.026 0.209089
0.026 0.027 0.252105
0.027 0.028 0.296464
0.028 0.029 0.340188
0.029 0.030 0.381318
0.030 0.031 0.420664
0.031 0.032 0.456558
0.032 0.033 0.488942
0.033 0.034 0.518296
0.034 0.035 0.544138
0.035 0.036 0.565463
0.036 0.037 0.583648
0.037 0.038 0.599250
0.038 0.039 0.609650
0.039 0.040 0.618148
0.040 0.041 0.624148
0.041 0.042 0.626304
0.042 0.043 0.627955
0.043 0.044 0.627134
0.044 0.045 0.625230
0.045 0.046 0.620016
0.046 0.047 0.612287
0.047 0.048 0.607014
0.048 0.049 0.599830
0.049 0.050 0.588246
0.050 0.051 0.576961
0.051 0.052 0.567843
0.052 0.053 0.557428
0.053 0.054 0.544444
0.054 0.055 0.532160
0.055 0.056 0.521682
0.056 0.057 0.511174
0.057 0.058 0.677584
0.058 0.059 1.000000
0.059 0.060 0.806334
0.060 0.061 0.470417
0.061 0.062 0.457542
0.062 0.063 0.428091
0.063 0.064 0.413750
0.064 0.065 0.398322
0.065 0.066 0.386877
0.066 0.067 0.502107
0.067 0.068 0.491182
0.068 0.069 0.379280
0.069 0.070 0.338863
0.070 0.071 0.275955
0.071 0.072 0.266942
0.072 0.073 0.256327
0.073 0.074 0.249190
0.074 0.075 0.241506
0.075 0.076 0.232083
0.076 0.077 0.223011
0.077 0.078 0.215225
0.078 0.079 0.210084
0.079 0.080 0.203965
0.080 0.081 0.195914
0.081 0.082 0.186995
0.082 0.083 0.179076
0.083 0.084 0.171667
0.084 0.085 0.164826
0.085 0.086 0.157950
0.086 0.087 0.151403
0.087 0.088 0.146958
0.088 0.089 0.141562
0.089 0.090 0.134507
0.090 0.091 0.128056
0.091 0.092 0.119624
0.092 0.093 0.113759
0.093 0.094 0.110370
0.094 0.095 0.104453
0.095 0.096 0.098195
0.096 0.097 0.093152
0.097 0.098 0.086910
0.098 0.099 0.081202
0.099 0.100 0.076589
0.100 0.101 0.072924
0.101 0.102 0.068670
0.102 0.103 0.063057
0.103 0.104 0.058240
0.104 0.105 0.055301
0.105 0.106 0.051580
0.106 0.107 0.048033
0.107 0.108 0.043679
0.108 0.109 0.039974
0.109 0.110 0.036026
0.110 0.111 0.032305
0.111 0.112 0.028813
0.112 0.113 0.025676
0.113 0.114 0.023059
0.114 0.115 0.020511
0.115 0.116 0.017533
0.116 0.117 0.014839
0.117 0.118 0.011580
0.118 0.119 0.008757
0.119 0.120 0.007270
0.120 0.121 0.006421
0.121 0.122 0.004265
0.122 0.123 0.003199
0.123 0.124 0.002088
0.124 0.125 0.000552
0.125 0.126 0.000000
0.126 0.127 0.000000
0.127 0.128 0.000000
0.128 0.129 0.000000
0.129 0.130 0.000000
0.130 0.131 0.000000
0.131 0.132 0.000000
0.132 0.133 0.000000
0.133 0.134 0.000000
0.134 0.135 0.000000
0.135 0.136 0.000000
0.136 0.137 0.000000
0.137 0.138 0.000000
0.138 0.139 0.000000
0.139 0.140 0.000000
0.140 0.141 0.000000
0.141 0.142 0.000000
0.142 0.143 0.000000
0.143 0.144 0.000000
0.144 0.145 0.000000
0.145 0.146 0.000000
0.146 0.147 0.000000
0.147 0.148 0.000000
0.148 0.149 0.000000
0.149 0.150 0.000000
