1
0.000 0.001 0.000000
0.001 0.002 0.000000
0.002 0.003 0.000000
0.003 0.004 0.000000
0.004 0.005 0.000000
0.005 0.006 0.000000
0.006 0.007 0.000000
0.007 0.008 0.000000
0.008 0.009 0.000000
0.009 0.010 0.000000
0.010 0.011 0.000000
0.011 0.012 0.000000
0.012 0.013 0.000000
0.013 0.014 0.000000
0.014 0.015 0.000000
0.015 0.016 0.000000
0.016 0.017 0.000001
0.017 0.018 0.000006
0.018 0.019 0.000038
0.019 0.020 0.000176
0.020 0.021 0.000632
0.021 0.022 0.001829
0.022 0.023 0.004449
0.023 0.024 0.009400
0.024 0.025 0.017701
0.025 0.026 0.030262
0.026 0.027 0.047765
0.027 0.028 0.070776
0.028 0.029 0.099296
0.029 0.030 0.132420
0.030 0.031 0.169509
0.031 0.032 0.209903
0.032 0.033 0.252713
0.033 0.034 0.296112
0.034 0.035 0.338296
0.035 0.036 0.382945
0.036 0.037 0.425269
0.037 0.038 0.463845
0.038 0.039 0.500790
0.039 0.040 0.536290
0.040 0.041 0.566585
0.041 0.042 0.592309
0.042 0.043 0.616569
0.043 0.044 0.635910
0.044 0.045 0.652412
0.045 0.046 0.663776
0.046 0.047 0.669862
0.047 0.048 0.674482
0.048 0.049 0.676853
0.049 0.050 0.672194
0.050 0.051 0.671958
0.051 0.052 0.671707
0.052 0.053 0.667356
0.053 0.054 0.661404
0.054 0.055 0.653026
0.055 0.056 0.641938
0.056 0.057 0.630516
0.057 0.058 0.755008
0.058 0.059 1.000000
0.059 0.060 0.847498
0.060 0.061 0.578755
0.061 0.062 0.561141
0.062 0.063 0.527960
0.063 0.064 0.510711
0.064 0.065 0.494544
0.065 0.066 0.479349
0.066 0.067 0.569280
0.067 0.068 0.554845
0.068 0.069 0.449763
0.069 0.070 0.405368
0.070 0.071 0.346869
0.071 0.072 0.331586
0.072 0.073 0.312202
0.073 0.074 0.300106
0.074 0.075 0.284704
0.075 0.076 0.270427
0.076 0.077 0.255194
0.077 0.078 0.242021
0.078 0.079 0.232319
0.079 0.080 0.221753
0.080 0.081 0.208467
0.081 0.082 0.192971
0.082 0.083 0.178382
0.083 0.084 0.163614
0.084 0.085 0.148168
0.085 0.086 0.139183
0.086 0.087 0.128895
0.087 0.088 0.119292
0.088 0.089 0.108882
0.089 0.090 0.097993
0.090 0.091 0.086484
0.091 0.092 0.075353
0.092 0.093 0.063782
0.093 0.094 0.057224
0.094 0.095 0.049970
0.095 0.096 0.043164
0.096 0.097 0.034881
0.097 0.098 0.026343
0.098 0.099 0.016122
0.099 0.100 0.011877
0.100 0.101 0.009272
0.101 0.102 0.003613
0.102 0.103 0.002097
0.103 0.104 0.000000
0.104 0.105 0.000000
0.105 0.106 0.000000
0.106 0.107 0.000000
0.107 0.108 0.000000
0.108 0.109 0.000000
0.109 0.110 0.000000
0.110 0.111 0.000000
0.111 0.112 0.000000
0.112 0.113 0.000000
0.113 0.114 0.000000
0.114 0.115 0.000000
0.115 0.116 0.000000
0.116 0.117 0.000000
0.117 0.118 0.000000
0.118 0.119 0.000000
0.119 0.120 0.000000
0.120 0.121 0.000000
0.121 0.122 0.000000
0.122 0.123 0.000000
0.123 0.124 0.000000
0.124 0.125 0.000000
0.125 0.126 0.000000
0.126 0.127 0.000000
0.127 0.128 0.000000
0.128 0.129 0.000000
0.129 0.130 0.000000
0.130 0.131 0.000000
0.131 0.132 0.000000
0.132 0.133 0.000000
0.133 0.134 0.000000
0.134 0.135 0.000000
0.135 0.136 0.000000
0.136 0.137 0.000000
0.137 0.138 0.000000
0.138 0.139 0.000000
0.139 0.140 0.000000
0.140 0.141 0.000000
0.141 0.142 0.000000
0.142 0.143 0.000000
0.143 0.144 0.000000
0.144 0.145 0.000000
0.145 0.146 0.000000
0.146 0.147 0.000000
0.147 0.148 0.000000
0.148 0.149 0.000000
0.149 0.150 0.000000
