1
0.000 0.001 0.000000
0.001 0.002 0.000000
0.002 0.003 0.000000
0.003 0.004 0.000000
0.004 0.005 0.000000
0.005 0.006 0.000000
0.006 0.007 0.000000
0.007 0.008 0.000000
0.008 0.009 0.000000
0.009 0.010 0.000000
0.010 0.011 0.000000
0.011 0.012 0.000000
0.012 0.013 0.000000
0.013 0.014 0.000000
0.014 0.015 0.000000
0.015 0.016 0.000000
0.016 0.017 0.000002
0.017 0.018 0.000015
0.018 0.019 0.000073
0.019 0.020 0.000269
0.020 0.021 0.000799
0.021 0.022 0.001984
0.022 0.023 0.004268
0.023 0.024 0.008176
0.024 0.025 0.014239
0.025 0.026 0.022825
0.026 0.027 0.034256
0.027 0.028 0.048741
0.028 0.029 0.066099
0.029 0.030 0.085895
0.030 0.031 0.107914
0.031 0.032 0.131467
0.032 0.033 0.156483
0.033 0.034 0.182100
0.034 0.035 0.207495
0.035 0.036 0.232522
0.036 0.037 0.257255
0.037 0.038 0.281318
0.038 0.039 0.303057
0.039 0.040 0.323351
0.040 0.041 0.342047
0.041 0.042 0.359029
0.042 0.043 0.374868
0.043 0.044 0.388354
0.044 0.045 0.401137
0.045 0.046 0.410724
0.046 0.047 0.418291
0.047 0.048 0.427300
0.048 0.049 0.433748
0.049 0.050 0.436208
0.050 0.051 0.439155
0.051 0.052 0.442856
0.052 0.053 0.443297
0.053 0.054 0.442155
0.054 0.055 0.440922
0.055 0.056 0.440407
0.056 0.057 0.439582
0.057 0.058 0.632302
0.058 0.059 1.000000
0.059 0.060 0.799655
0.060 0.061 0.436054
0.061 0.062 0.430903
0.062 0.063 0.405773
0.063 0.064 0.399345
0.064 0.065 0.391936
0.065 0.066 0.384664
0.066 0.067 0.525796
0.067 0.068 0.519640
0.068 0.069 0.394771
0.069 0.070 0.354308
0.070 0.071 0.283994
0.071 0.072 0.278849
0.072 0.073 0.271787
0.073 0.074 0.266597
0.074 0.075 0.261831
0.075 0.076 0.256132
0.076 0.077 0.248603
0.077 0.078 0.242692
0.078 0.079 0.238173
0.079 0.080 0.233132
0.080 0.081 0.227167
0.081 0.082 0.219793
0.082 0.083 0.212410
0.083 0.084 0.205162
0.084 0.085 0.199513
0.085 0.086 0.194261
0.086 0.087 0.188436
0.087 0.088 0.183955
0.088 0.089 0.177794
0.089 0.090 0.170572
0.090 0.091 0.164149
0.091 0.092 0.155798
0.092 0.093 0.148972
0.093 0.094 0.145659
0.094 0.095 0.140166
0.095 0.096 0.135043
0.096 0.097 0.129819
0.097 0.098 0.123116
0.098 0.099 0.116861
0.099 0.100 0.112009
0.100 0.101 0.107274
0.101 0.102 0.102829
0.102 0.103 0.097814
0.103 0.104 0.093830
0.104 0.105 0.089530
0.105 0.106 0.084372
0.106 0.107 0.079882
0.107 0.108 0.074269
0.108 0.109 0.070615
0.109 0.110 0.067159
0.110 0.111 0.063411
0.111 0.112 0.059959
0.112 0.113 0.055286
0.113 0.114 0.050968
0.114 0.115 0.047170
0.115 0.116 0.044153
0.116 0.117 0.040747
0.117 0.118 0.037672
0.118 0.119 0.033681
0.119 0.120 0.030829
0.120 0.121 0.028794
0.121 0.122 0.026606
0.122 0.123 0.024425
0.123 0.124 0.022118
0.124 0.125 0.019293
0.125 0.126 0.016466
0.126 0.127 0.013955
0.127 0.128 0.011848
0.128 0.129 0.010007
0.129 0.130 0.008189
0.130 0.131 0.005911
0.131 0.132 0.004990
0.132 0.133 0.003763
0.133 0.134 0.002111
0.134 0.135 0.001322
0.135 0.136 0.000352
0.136 0.137 0.000000
0.137 0.138 0.000000
0.138 0.139 0.000000
0.139 0.140 0.000000
0.140 0.141 0.000000
0.141 0.142 0.000000
0.142 0.143 0.000000
0.143 0.144 0.000000
0.144 0.145 0.000000
0.145 0.146 0.000000
0.146 0.147 0.000000
0.147 0.148 0.000000
0.148 0.149 0.000000
0.149 0.150 0.000000
