1
0.000 0.001 0.000000
0.001 0.002 0.000000
0.002 0.003 0.000000
0.003 0.004 0.000000
0.004 0.005 0.000000
0.005 0.006 0.000000
0.006 0.007 0.000000
0.007 0.008 0.000000
0.008 0.009 0.000000
0.009 0.010 0.000000
0.010 0.011 0.000000
0.011 0.012 0.000000
0.012 0.013 0.000000
0.013 0.014 0.000000
0.014 0.015 0.000000
0.015 0.016 0.000000
0.016 0.017 0.000000
0.017 0.018 0.000000
0.018 0.019 0.000002
0.019 0.020 0.000015
0.020 0.021 0.000064
0.021 0.022 0.000221
0.022 0.023 0.000624
0.023 0.024 0.001507
0.024 0.025 0.003198
0.025 0.026 0.006082
0.026 0.027 0.010558
0.027 0.028 0.017070
0.028 0.029 0.025906
0.029 0.030 0.036993
0.030 0.031 0.050667
0.031 0.032 0.066688
0.032 0.033 0.084737
0.033 0.034 0.104760
0.034 0.035 0.126115
0.035 0.036 0.148037
0.036 0.037 0.170927
0.037 0.038 0.194660
0.038 0.039 0.216916
0.039 0.040 0.238638
0.040 0.041 0.260157
0.041 0.042 0.280103
0.042 0.043 0.299396
0.043 0.044 0.317234
0.044 0.045 0.334586
0.045 0.046 0.349025
0.046 0.047 0.361410
0.047 0.048 0.375164
0.048 0.049 0.386714
0.049 0.050 0.394547
0.050 0.051 0.401606
0.051 0.052 0.409429
0.052 0.053 0.415305
0.053 0.054 0.418603
0.054 0.055 0.421282
0.055 0.056 0.425362
0.056 0.057 0.428598
0.057 0.058 0.624745
0.058 0.059 1.000000
0.059 0.060 0.803554
0.060 0.061 0.437674
0.061 0.062 0.435577
0.062 0.063 0.413169
0.063 0.064 0.408943
0.064 0.065 0.403036
0.065 0.066 0.398263
0.066 0.067 0.549197
0.067 0.068 0.545413
0.068 0.069 0.416236
0.069 0.070 0.375121
0.070 0.071 0.301515
0.071 0.072 0.297132
0.072 0.073 0.291217
0.073 0.074 0.287614
0.074 0.075 0.283837
0.075 0.076 0.279352
0.076 0.077 0.272371
0.077 0.078 0.266978
0.078 0.079 0.263903
0.079 0.080 0.259604
0.080 0.081 0.253535
0.081 0.082 0.246367
0.082 0.083 0.239686
0.083 0.084 0.233449
0.084 0.085 0.228077
0.085 0.086 0.223182
0.086 0.087 0.216816
0.087 0.088 0.213030
0.088 0.089 0.207550
0.089 0.090 0.199761
0.090 0.091 0.192947
0.091 0.092 0.183144
0.092 0.093 0.176618
0.093 0.094 0.173714
0.094 0.095 0.167246
0.095 0.096 0.160984
0.096 0.097 0.154522
0.097 0.098 0.146082
0.098 0.099 0.138554
0.099 0.100 0.132467
0.100 0.101 0.127177
0.101 0.102 0.121222
0.102 0.103 0.113620
0.103 0.104 0.107574
0.104 0.105 0.102403
0.105 0.106 0.095931
0.106 0.107 0.090008
0.107 0.108 0.082475
0.108 0.109 0.077128
0.109 0.110 0.071622
0.110 0.111 0.066189
0.111 0.112 0.061209
0.112 0.113 0.055642
0.113 0.114 0.050802
0.114 0.115 0.046474
0.115 0.116 0.041252
0.116 0.117 0.037133
0.117 0.118 0.032835
0.118 0.119 0.027044
0.119 0.120 0.023558
0.120 0.121 0.022301
0.121 0.122 0.019280
0.122 0.123 0.015859
0.123 0.124 0.013235
0.124 0.125 0.009906
0.125 0.126 0.007559
0.126 0.127 0.005646
0.127 0.128 0.003282
0.128 0.129 0.001533
0.129 0.130 0.000427
0.130 0.131 0.000000
0.131 0.132 0.000000
0.132 0.133 0.000000
0.133 0.134 0.000000
0.134 0.135 0.000000
0.135 0.136 0.000000
0.136 0.137 0.000000
0.137 0.138 0.000000
0.138 0.139 0.000000
0.139 0.140 0.000000
0.140 0.141 0.000000
0.141 0.142 0.000000
0.142 0.143 0.000000
0.143 0.144 0.000000
0.144 0.145 0.000000
0.145 0.146 0.000000
0.146 0.147 0.000000
0.147 0.148 0.000000
0.148 0.149 0.000000
0.149 0.150 0.000000
