1
0.000 0.001 0.000000
0.001 0.002 0.000000
0.002 0.003 0.000000
0.003 0.004 0.000000
0.004 0.005 0.000000
0.005 0.006 0.000000
0.006 0.007 0.000000
0.007 0.008 0.000000
0.008 0.009 0.000000
0.009 0.010 0.000000
0.010 0.011 0.000000
0.011 0.012 0.000000
0.012 0.013 0.000000
0.013 0.014 0.000000
0.014 0.015 0.000000
0.015 0.016 0.000000
0.016 0.017 0.000000
0.017 0.018 0.000000
0.018 0.019 0.000000
0.019 0.020 0.000000
0.020 0.021 0.000003
0.021 0.022 0.000017
0.022 0.023 0.000071
0.023 0.024 0.000234
0.024 0.025 0.000651
0.025 0.026 0.001560
0.026 0.027 0.003301
0.027 0.028 0.006341
0.028 0.029 0.011198
0.029 0.030 0.018265
0.030 0.031 0.028043
0.031 0.032 0.040788
0.032 0.033 0.056689
0.033 0.034 0.075639
0.034 0.035 0.097617
0.035 0.036 0.122315
0.036 0.037 0.149128
0.037 0.038 0.177427
0.038 0.039 0.206295
0.039 0.040 0.236132
0.040 0.041 0.266184
0.041 0.042 0.295555
0.042 0.043 0.324518
0.043 0.044 0.351473
0.044 0.045 0.377729
0.045 0.046 0.401254
0.046 0.047 0.422532
0.047 0.048 0.443635
0.048 0.049 0.462967
0.049 0.050 0.477560
0.050 0.051 0.489977
0.051 0.052 0.502366
0.052 0.053 0.513393
0.053 0.054 0.520296
0.054 0.055 0.523904
0.055 0.056 0.527719
0.056 0.057 0.530393
0.057 0.058 0.691690
0.058 0.059 1.000000
0.059 0.060 0.839255
0.060 0.061 0.533905
0.061 0.062 0.529726
0.062 0.063 0.508103
0.063 0.064 0.498120
0.064 0.065 0.487846
0.065 0.066 0.479834
0.066 0.067 0.605709
0.067 0.068 0.600051
0.068 0.069 0.479685
0.069 0.070 0.435943
0.070 0.071 0.366992
0.071 0.072 0.357228
0.072 0.073 0.344467
0.073 0.074 0.338670
0.074 0.075 0.330953
0.075 0.076 0.319330
0.076 0.077 0.303882
0.077 0.078 0.293968
0.078 0.079 0.288712
0.079 0.080 0.281439
0.080 0.081 0.270344
0.081 0.082 0.257652
0.082 0.083 0.246206
0.083 0.084 0.234706
0.084 0.085 0.224251
0.085 0.086 0.214906
0.086 0.087 0.201898
0.087 0.088 0.194890
0.088 0.089 0.187347
0.089 0.090 0.176786
0.090 0.091 0.165339
0.091 0.092 0.152539
0.092 0.093 0.143354
0.093 0.094 0.136899
0.094 0.095 0.126041
0.095 0.096 0.118640
0.096 0.097 0.109672
0.097 0.098 0.099233
0.098 0.099 0.088108
0.099 0.100 0.080114
0.100 0.101 0.075640
0.101 0.102 0.067410
0.102 0.103 0.059473
0.103 0.104 0.053221
0.104 0.105 0.048665
0.105 0.106 0.042932
0.106 0.107 0.036835
0.107 0.108 0.028816
0.108 0.109 0.024265
0.109 0.110 0.019350
0.110 0.111 0.014759
0.111 0.112 0.009966
0.112 0.113 0.007280
0.113 0.114 0.004819
0.114 0.115 0.001338
0.115 0.116 0.000000
0.116 0.117 0.000000
0.117 0.118 0.000000
0.118 0.119 0.000000
0.119 0.120 0.000000
0.120 0.121 0.000000
0.121 0.122 0.000000
0.122 0.123 0.000000
0.123 0.124 0.000000
0.124 0.125 0.000000
0.125 0.126 0.000000
0.126 0.127 0.000000
0.127 0.128 0.000000
0.128 0.129 0.000000
0.129 0.130 0.000000
0.130 0.131 0.000000
0.131 0.132 0.000000
0.132 0.133 0.000000
0.133 0.134 0.000000
0.134 0.135 0.000000
0.135 0.136 0.000000
0.136 0.137 0.000000
0.137 0.138 0.000000
0.138 0.139 0.000000
0.139 0.140 0.000000
0.140 0.141 0.000000
0.141 0.142 0.000000
0.142 0.143 0.000000
0.143 0.144 0.000000
0.144 0.145 0.000000
0.145 0.146 0.000000
0.146 0.147 0.000000
0.147 0.148 0.000000
0.148 0.149 0.000000
0.149 0.150 0.000000
