1
0.000 0.001 0.000000
0.001 0.002 0.000000
0.002 0.003 0.000000
0.003 0.004 0.000000
0.004 0.005 0.000000
0.005 0.006 0.000000
0.006 0.007 0.000000
0.007 0.008 0.000000
0.008 0.009 0.000000
0.009 0.010 0.000000
0.010 0.011 0.000000
0.011 0.012 0.000000
0.012 0.013 0.000000
0.013 0.014 0.000000
0.014 0.015 0.000000
0.015 0.016 0.000000
0.016 0.017 0.000000
0.017 0.018 0.000000
0.018 0.019 0.000002
0.019 0.020 0.000016
0.020 0.021 0.000075
0.021 0.022 0.000272
0.022 0.023 0.000804
0.023 0.024 0.002008
0.024 0.025 0.004374
0.025 0.026 0.008489
0.026 0.027 0.014925
0.027 0.028 0.024355
0.028 0.029 0.037239
0.029 0.030 0.053839
0.030 0.031 0.074131
0.031 0.032 0.098026
0.032 0.033 0.125098
0.033 0.034 0.154484
0.034 0.035 0.186073
0.035 0.036 0.219185
0.036 0.037 0.252810
0.037 0.038 0.285585
0.038 0.039 0.316977
0.039 0.040 0.347855
0.040 0.041 0.376707
0.041 0.042 0.403458
0.042 0.043 0.429034
0.043 0.044 0.451072
0.044 0.045 0.470260
0.045 0.046 0.488975
0.046 0.047 0.503515
0.047 0.048 0.518169
0.048 0.049 0.531412
0.049 0.050 0.538881
0.050 0.051 0.543702
0.051 0.052 0.549807
0.052 0.053 0.554899
0.053 0.054 0.555271
0.054 0.055 0.552579
0.055 0.056 0.550551
0.056 0.057 0.548520
0.057 0.058 0.702576
0.058 0.059 1.000000
0.059 0.060 0.834783
0.060 0.061 0.529491
0.061 0.062 0.522130
0.062 0.063 0.498483
0.063 0.064 0.486633
0.064 0.065 0.474645
0.065 0.066 0.464789
0.066 0.067 0.582627
0.067 0.068 0.572787
0.068 0.069 0.455592
0.069 0.070 0.411345
0.070 0.071 0.344716
0.071 0.072 0.332740
0.072 0.073 0.316879
0.073 0.074 0.311479
0.074 0.075 0.304432
0.075 0.076 0.293930
0.076 0.077 0.281201
0.077 0.078 0.270353
0.078 0.079 0.263756
0.079 0.080 0.255658
0.080 0.081 0.244334
0.081 0.082 0.231360
0.082 0.083 0.219579
0.083 0.084 0.207685
0.084 0.085 0.195531
0.085 0.086 0.188435
0.086 0.087 0.179181
0.087 0.088 0.172183
0.088 0.089 0.164752
0.089 0.090 0.154765
0.090 0.091 0.143952
0.091 0.092 0.132166
0.092 0.093 0.123513
0.093 0.094 0.117133
0.094 0.095 0.106792
0.095 0.096 0.100265
0.096 0.097 0.092311
0.097 0.098 0.083149
0.098 0.099 0.073232
0.099 0.100 0.066247
0.100 0.101 0.062543
0.101 0.102 0.056240
0.102 0.103 0.046648
0.103 0.104 0.041660
0.104 0.105 0.038097
0.105 0.106 0.033610
0.106 0.107 0.028800
0.107 0.108 0.023208
0.108 0.109 0.018124
0.109 0.110 0.011850
0.110 0.111 0.008814
0.111 0.112 0.006231
0.112 0.113 0.002350
0.113 0.114 0.001442
0.114 0.115 0.000000
0.115 0.116 0.000000
0.116 0.117 0.000000
0.117 0.118 0.000000
0.118 0.119 0.000000
0.119 0.120 0.000000
0.120 0.121 0.000000
0.121 0.122 0.000000
0.122 0.123 0.000000
0.123 0.124 0.000000
0.124 0.125 0.000000
0.125 0.126 0.000000
0.126 0.127 0.000000
0.127 0.128 0.000000
0.128 0.129 0.000000
0.129 0.130 0.000000
0.130 0.131 0.000000
0.131 0.132 0.000000
0.132 0.133 0.000000
0.133 0.134 0.000000
0.134 0.135 0.000000
0.135 0.136 0.000000
0.136 0.137 0.000000
0.137 0.138 0.000000
0.138 0.139 0.000000
0.139 0.140 0.000000
0.140 0.141 0.000000
0.141 0.142 0.000000
0.142 0.143 0.000000
0.143 0.144 0.000000
0.144 0.145 0.000000
0.145 0.146 0.000000
0.146 0.147 0.000000
0.147 0.148 0.000000
0.148 0.149 0.000000
0.149 0.150 0.000000
