1
0.000 0.001 0.000000
0.001 0.002 0.000000
0.002 0.003 0.000000
0.003 0.004 0.000000
0.004 0.005 0.000000
0.005 0.006 0.000000
0.006 0.007 0.000000
0.007 0.008 0.000000
0.008 0.009 0.000000
0.009 0.010 0.000000
0.010 0.011 0.000000
0.011 0.012 0.000000
0.012 0.013 0.000000
0.013 0.014 0.000000
0.014 0.015 0.000000
0.015 0.016 0.000000
0.016 0.017 0.000000
0.017 0.018 0.000000
0.018 0.019 0.000002
0.019 0.020 0.000012
0.020 0.021 0.000056
0.021 0.022 0.000202
0.022 0.023 0.000597
0.023 0.024 0.001491
0.024 0.025 0.003252
0.025 0.026 0.006322
0.026 0.027 0.011184
0.027 0.028 0.018325
0.028 0.029 0.028129
0.029 0.030 0.040687
0.030 0.031 0.056152
0.031 0.032 0.074304
0.032 0.033 0.094982
0.033 0.034 0.117897
0.034 0.035 0.142293
0.035 0.036 0.167475
0.036 0.037 0.193440
0.037 0.038 0.220287
0.038 0.039 0.245923
0.039 0.040 0.270996
0.040 0.041 0.295238
0.041 0.042 0.317593
0.042 0.043 0.339222
0.043 0.044 0.359050
0.044 0.045 0.377861
0.045 0.046 0.393070
0.046 0.047 0.406122
0.047 0.048 0.419747
0.048 0.049 0.430733
0.049 0.050 0.437813
0.050 0.051 0.444538
0.051 0.052 0.451942
0.052 0.053 0.456239
0.053 0.054 0.458752
0.054 0.055 0.460373
0.055 0.056 0.461893
0.056 0.057 0.462600
0.057 0.058 0.646424
0.058 0.059 1.000000
0.059 0.060 0.811962
0.060 0.061 0.462184
0.061 0.062 0.457238
0.062 0.063 0.432723
0.063 0.064 0.424707
0.064 0.065 0.417537
0.065 0.066 0.410611
0.066 0.067 0.552158
0.067 0.068 0.546812
0.068 0.069 0.420755
0.069 0.070 0.379013
0.070 0.071 0.307423
0.071 0.072 0.301282
0.072 0.073 0.292878
0.073 0.074 0.287021
0.074 0.075 0.281151
0.075 0.076 0.273441
0.076 0.077 0.265785
0.077 0.078 0.259662
0.078 0.079 0.255381
0.079 0.080 0.250239
0.080 0.081 0.243596
0.081 0.082 0.235470
0.082 0.083 0.227736
0.083 0.084 0.220476
0.084 0.085 0.213992
0.085 0.086 0.207897
0.086 0.087 0.200722
0.087 0.088 0.194854
0.088 0.089 0.189193
0.089 0.090 0.181838
0.090 0.091 0.175280
0.091 0.092 0.166401
0.092 0.093 0.160059
0.093 0.094 0.156573
0.094 0.095 0.150285
0.095 0.096 0.144266
0.096 0.097 0.138034
0.097 0.098 0.130124
0.098 0.099 0.122524
0.099 0.100 0.117783
0.100 0.101 0.113478
0.101 0.102 0.108641
0.102 0.103 0.102724
0.103 0.104 0.098146
0.104 0.105 0.093570
0.105 0.106 0.087916
0.106 0.107 0.082864
0.107 0.108 0.076808
0.108 0.109 0.071215
0.109 0.110 0.067224
0.110 0.111 0.063120
0.111 0.112 0.059518
0.112 0.113 0.054527
0.113 0.114 0.050076
0.114 0.115 0.046284
0.115 0.116 0.042114
0.116 0.117 0.037357
0.117 0.118 0.034081
0.118 0.119 0.029567
0.119 0.120 0.026925
0.120 0.121 0.025636
0.121 0.122 0.022851
0.122 0.123 0.020014
0.123 0.124 0.016538
0.124 0.125 0.014018
0.125 0.126 0.011503
0.126 0.127 0.009537
0.127 0.128 0.007277
0.128 0.129 0.004723
0.129 0.130 0.003500
0.130 0.131 0.002127
0.131 0.132 0.000623
0.132 0.133 0.000000
0.133 0.134 0.000000
0.134 0.135 0.000000
0.135 0.136 0.000000
0.136 0.137 0.000000
0.137 0.138 0.000000
0.138 0.139 0.000000
0.139 0.140 0.000000
0.140 0.141 0.000000
0.141 0.142 0.000000
0.142 0.143 0.000000
0.143 0.144 0.000000
0.144 0.145 0.000000
0.145 0.146 0.000000
0.146 0.147 0.000000
0.147 0.148 0.000000
0.148 0.149 0.000000
0.149 0.150 0.000000
