1
0.000 0.001 0.000000
0.001 0.002 0.000000
0.002 0.003 0.000000
0.003 0.004 0.000000
0.004 0.005 0.000000
0.005 0.006 0.000000
0.006 0.007 0.000000
0.007 0.008 0.000000
0.008 0.009 0.000000
0.009 0.010 0.000000
0.010 0.011 0.000000
0.011 0.012 0.000000
0.012 0.013 0.000000
0.013 0.014 0.000000
0.014 0.015 0.000000
0.015 0.016 0.000000
0.016 0.017 0.000000
0.017 0.018 0.000000
0.018 0.019 0.000001
0.019 0.020 0.000006
0.020 0.021 0.000033
0.021 0.022 0.000132
0.022 0.023 0.000417
0.023 0.024 0.001105
0.024 0.025 0.002537
0.025 0.026 0.005155
0.026 0.027 0.009448
0.027 0.028 0.015961
0.028 0.029 0.025151
0.029 0.030 0.037132
0.030 0.031 0.052227
0.031 0.032 0.070224
0.032 0.033 0.090891
0.033 0.034 0.113995
0.034 0.035 0.139088
0.035 0.036 0.165161
0.036 0.037 0.191979
0.037 0.038 0.218997
0.038 0.039 0.246200
0.039 0.040 0.273368
0.040 0.041 0.299547
0.041 0.042 0.323819
0.042 0.043 0.347395
0.043 0.044 0.369148
0.044 0.045 0.389511
0.045 0.046 0.406553
0.046 0.047 0.421004
0.047 0.048 0.436493
0.048 0.049 0.449193
0.049 0.050 0.456599
0.050 0.051 0.463191
0.051 0.052 0.470823
0.052 0.053 0.476063
0.053 0.054 0.476883
0.054 0.055 0.478968
0.055 0.056 0.481918
0.056 0.057 0.483938
0.057 0.058 0.660564
0.058 0.059 1.000000
0.059 0.060 0.819995
0.060 0.061 0.484162
0.061 0.062 0.479510
0.062 0.063 0.455952
0.063 0.064 0.447763
0.064 0.065 0.438501
0.065 0.066 0.430824
0.066 0.067 0.566785
0.067 0.068 0.560004
0.068 0.069 0.434355
0.069 0.070 0.392546
0.070 0.071 0.322256
0.071 0.072 0.315757
0.072 0.073 0.307154
0.073 0.074 0.302074
0.074 0.075 0.296204
0.075 0.076 0.288951
0.076 0.077 0.279315
0.077 0.078 0.271012
0.078 0.079 0.265654
0.079 0.080 0.259104
0.080 0.081 0.250192
0.081 0.082 0.239830
0.082 0.083 0.229620
0.083 0.084 0.222374
0.084 0.085 0.215943
0.085 0.086 0.210209
0.086 0.087 0.202475
0.087 0.088 0.197381
0.088 0.089 0.190848
0.089 0.090 0.182082
0.090 0.091 0.174140
0.091 0.092 0.163357
0.092 0.093 0.155908
0.093 0.094 0.151732
0.094 0.095 0.144086
0.095 0.096 0.135748
0.096 0.097 0.129478
0.097 0.098 0.121487
0.098 0.099 0.114175
0.099 0.100 0.108299
0.100 0.101 0.103628
0.101 0.102 0.098133
0.102 0.103 0.090718
0.103 0.104 0.084969
0.104 0.105 0.080005
0.105 0.106 0.073018
0.106 0.107 0.068573
0.107 0.108 0.063004
0.108 0.109 0.058314
0.109 0.110 0.053252
0.110 0.111 0.048468
0.111 0.112 0.044557
0.112 0.113 0.039329
0.113 0.114 0.034835
0.114 0.115 0.029738
0.115 0.116 0.026167
0.116 0.117 0.022912
0.117 0.118 0.019344
0.118 0.119 0.014630
0.119 0.120 0.012031
0.120 0.121 0.009780
0.121 0.122 0.008015
0.122 0.123 0.006188
0.123 0.124 0.004272
0.124 0.125 0.001585
0.125 0.126 0.000910
0.126 0.127 0.000000
0.127 0.128 0.000000
0.128 0.129 0.000000
0.129 0.130 0.000000
0.130 0.131 0.000000
0.131 0.132 0.000000
0.132 0.133 0.000000
0.133 0.134 0.000000
0.134 0.135 0.000000
0.135 0.136 0.000000
0.136 0.137 0.000000
0.137 0.138 0.000000
0.138 0.139 0.000000
0.139 0.140 0.000000
0.140 0.141 0.000000
0.141 0.142 0.000000
0.142 0.143 0.000000
0.143 0.144 0.000000
0.144 0.145 0.000000
0.145 0.146 0.000000
0.146 0.147 0.000000
0.147 0.148 0.000000
0.148 0.149 0.000000
0.149 0.150 0.000000
