1
0.000 0.001 0.000000
0.001 0.002 0.000000
0.002 0.003 0.000000
0.003 0.004 0.000000
0.004 0.005 0.000000
0.005 0.006 0.000000
0.006 0.007 0.000000
0.007 0.008 0.000000
0.008 0.009 0.000000
0.009 0.010 0.000000
0.010 0.011 0.000000
0.011 0.012 0.000000
0.012 0.013 0.000000
0.013 0.014 0.000000
0.014 0.015 0.000000
0.015 0.016 0.000000
0.016 0.017 0.000000
0.017 0.018 0.000000
0.018 0.019 0.000003
0.019 0.020 0.000018
0.020 0.021 0.000080
0.021 0.022 0.000275
0.022 0.023 0.000782
0.023 0.024 0.001892
0.024 0.025 0.004027
0.025 0.026 0.007676
0.026 0.027 0.013336
0.027 0.028 0.021531
0.028 0.029 0.032626
0.029 0.030 0.046584
0.030 0.031 0.063649
0.031 0.032 0.083461
0.032 0.033 0.105818
0.033 0.034 0.130263
0.034 0.035 0.156161
0.035 0.036 0.182876
0.036 0.037 0.209851
0.037 0.038 0.236711
0.038 0.039 0.263444
0.039 0.040 0.289506
0.040 0.041 0.314665
0.041 0.042 0.337792
0.042 0.043 0.359878
0.043 0.044 0.380235
0.044 0.045 0.399354
0.045 0.046 0.414655
0.046 0.047 0.427760
0.047 0.048 0.441811
0.048 0.049 0.452878
0.049 0.050 0.459298
0.050 0.051 0.464824
0.051 0.052 0.470921
0.052 0.053 0.474635
0.053 0.054 0.475236
0.054 0.055 0.474062
0.055 0.056 0.476078
0.056 0.057 0.477031
0.057 0.058 0.655884
0.058 0.059 1.000000
0.059 0.060 0.816537
0.060 0.061 0.475784
0.061 0.062 0.470755
0.062 0.063 0.446616
0.063 0.064 0.438621
0.064 0.065 0.429449
0.065 0.066 0.421410
0.066 0.067 0.557810
0.067 0.068 0.550844
0.068 0.069 0.426038
0.069 0.070 0.382132
0.070 0.071 0.312066
0.071 0.072 0.305971
0.072 0.073 0.297824
0.073 0.074 0.292633
0.074 0.075 0.286934
0.075 0.076 0.280133
0.076 0.077 0.271110
0.077 0.078 0.263385
0.078 0.079 0.258182
0.079 0.080 0.251989
0.080 0.081 0.243778
0.081 0.082 0.234116
0.082 0.083 0.225306
0.083 0.084 0.216072
0.084 0.085 0.210082
0.085 0.086 0.204671
0.086 0.087 0.197601
0.087 0.088 0.192957
0.088 0.089 0.186769
0.089 0.090 0.178573
0.090 0.091 0.171265
0.091 0.092 0.161253
0.092 0.093 0.154295
0.093 0.094 0.150481
0.094 0.095 0.143436
0.095 0.096 0.136573
0.096 0.097 0.128612
0.097 0.098 0.121291
0.098 0.099 0.114754
0.099 0.100 0.109446
0.100 0.101 0.104968
0.101 0.102 0.099906
0.102 0.103 0.093207
0.103 0.104 0.088067
0.104 0.105 0.083463
0.105 0.106 0.077690
0.106 0.107 0.072278
0.107 0.108 0.065083
0.108 0.109 0.060864
0.109 0.110 0.056405
0.110 0.111 0.052107
0.111 0.112 0.048548
0.112 0.113 0.043665
0.113 0.114 0.039485
0.114 0.115 0.035574
0.115 0.116 0.031092
0.116 0.117 0.026258
0.117 0.118 0.023027
0.118 0.119 0.018573
0.119 0.120 0.016255
0.120 0.121 0.015111
0.121 0.122 0.012418
0.122 0.123 0.009028
0.123 0.124 0.007342
0.124 0.125 0.005432
0.125 0.126 0.003565
0.126 0.127 0.001385
0.127 0.128 0.000828
0.128 0.129 0.000000
0.129 0.130 0.000000
0.130 0.131 0.000000
0.131 0.132 0.000000
0.132 0.133 0.000000
0.133 0.134 0.000000
0.134 0.135 0.000000
0.135 0.136 0.000000
0.136 0.137 0.000000
0.137 0.138 0.000000
0.138 0.139 0.000000
0.139 0.140 0.000000
0.140 0.141 0.000000
0.141 0.142 0.000000
0.142 0.143 0.000000
0.143 0.144 0.000000
0.144 0.145 0.000000
0.145 0.146 0.000000
0.146 0.147 0.000000
0.147 0.148 0.000000
0.148 0.149 0.000000
0.149 0.150 0.000000
