1
0.000 0.001 0.000000
0.001 0.002 0.000000
0.002 0.003 0.000000
0.003 0.004 0.000000
0.004 0.005 0.000000
0.005 0.006 0.000000
0.006 0.007 0.000000
0.007 0.008 0.000000
0.008 0.009 0.000000
0.009 0.010 0.000000
0.010 0.011 0.000000
0.011 0.012 0.000000
0.012 0.013 0.000000
0.013 0.014 0.000000
0.014 0.015 0.000000
0.015 0.016 0.000000
0.016 0.017 0.000000
0.017 0.018 0.000003
0.018 0.019 0.000021
0.019 0.020 0.000096
0.020 0.021 0.000344
0.021 0.022 0.000992
0.022 0.023 0.002403
0.023 0.024 0.005080
0.024 0.025 0.009591
0.025 0.026 0.016432
0.026 0.027 0.026012
0.027 0.028 0.038739
0.028 0.029 0.054599
0.029 0.030 0.072961
0.030 0.031 0.094573
0.031 0.032 0.118344
0.032 0.033 0.143781
0.033 0.034 0.170647
0.034 0.035 0.197823
0.035 0.036 0.224767
0.036 0.037 0.251346
0.037 0.038 0.277682
0.038 0.039 0.301785
0.039 0.040 0.324184
0.040 0.041 0.345187
0.041 0.042 0.364232
0.042 0.043 0.381959
0.043 0.044 0.396985
0.044 0.045 0.410568
0.045 0.046 0.420589
0.046 0.047 0.429223
0.047 0.048 0.438720
0.048 0.049 0.443840
0.049 0.050 0.447253
0.050 0.051 0.451402
0.051 0.052 0.455839
0.052 0.053 0.456836
0.053 0.054 0.456297
0.054 0.055 0.454990
0.055 0.056 0.454320
0.056 0.057 0.453579
0.057 0.058 0.640961
0.058 0.059 1.000000
0.059 0.060 0.804393
0.060 0.061 0.447546
0.061 0.062 0.441803
0.062 0.063 0.415919
0.063 0.064 0.408074
0.064 0.065 0.399473
0.065 0.066 0.391041
0.066 0.067 0.530285
0.067 0.068 0.522243
0.068 0.069 0.397743
0.069 0.070 0.357401
0.070 0.071 0.287127
0.071 0.072 0.281988
0.072 0.073 0.274768
0.073 0.074 0.269448
0.074 0.075 0.264576
0.075 0.076 0.258811
0.076 0.077 0.251149
0.077 0.078 0.244978
0.078 0.079 0.239962
0.079 0.080 0.234681
0.080 0.081 0.228671
0.081 0.082 0.220959
0.082 0.083 0.213296
0.083 0.084 0.205984
0.084 0.085 0.198801
0.085 0.086 0.194140
0.086 0.087 0.188987
0.087 0.088 0.185146
0.088 0.089 0.179664
0.089 0.090 0.172975
0.090 0.091 0.166944
0.091 0.092 0.159080
0.092 0.093 0.153161
0.093 0.094 0.149587
0.094 0.095 0.143804
0.095 0.096 0.138390
0.096 0.097 0.132869
0.097 0.098 0.125846
0.098 0.099 0.119390
0.099 0.100 0.113804
0.100 0.101 0.109992
0.101 0.102 0.105663
0.102 0.103 0.100788
0.103 0.104 0.096959
0.104 0.105 0.092766
0.105 0.106 0.087695
0.106 0.107 0.083318
0.107 0.108 0.078116
0.108 0.109 0.073886
0.109 0.110 0.069871
0.110 0.111 0.065544
0.111 0.112 0.061002
0.112 0.113 0.056775
0.113 0.114 0.052883
0.114 0.115 0.049884
0.115 0.116 0.046697
0.116 0.117 0.043121
0.117 0.118 0.039856
0.118 0.119 0.035557
0.119 0.120 0.032585
0.120 0.121 0.030839
0.121 0.122 0.027906
0.122 0.123 0.024453
0.123 0.124 0.022353
0.124 0.125 0.019733
0.125 0.126 0.017097
0.126 0.127 0.015057
0.127 0.128 0.012583
0.128 0.129 0.010364
0.129 0.130 0.007742
0.130 0.131 0.006255
0.131 0.132 0.005351
0.132 0.133 0.004125
0.133 0.134 0.002714
0.134 0.135 0.001003
0.135 0.136 0.000590
0.136 0.137 0.000000
0.137 0.138 0.000000
0.138 0.139 0.000000
0.139 0.140 0.000000
0.140 0.141 0.000000
0.141 0.142 0.000000
0.142 0.143 0.000000
0.143 0.144 0.000000
0.144 0.145 0.000000
0.145 0.146 0.000000
0.146 0.147 0.000000
0.147 0.148 0.000000
0.148 0.149 0.000000
0.149 0.150 0.000000
