1
0.000 0.001 0.000000
0.001 0.002 0.000000
0.002 0.003 0.000000
0.003 0.004 0.000000
0.004 0.005 0.000000
0.005 0.006 0.000000
0.006 0.007 0.000000
0.007 0.008 0.000000
0.008 0.009 0.000000
0.009 0.010 0.000000
0.010 0.011 0.000000
0.011 0.012 0.000000
0.012 0.013 0.000000
0.013 0.014 0.000000
0.014 0.015 0.000000
0.015 0.016 0.000000
0.016 0.017 0.000000
0.017 0.018 0.000000
0.018 0.019 0.000001
0.019 0.020 0.000005
0.020 0.021 0.000023
0.021 0.022 0.000088
0.022 0.023 0.000274
0.023 0.024 0.000717
0.024 0.025 0.001633
0.025 0.026 0.003302
0.026 0.027 0.006056
0.027 0.028 0.010250
0.028 0.029 0.016195
0.029 0.030 0.024045
0.030 0.031 0.034027
0.031 0.032 0.046072
0.032 0.033 0.060182
0.033 0.034 0.076219
0.034 0.035 0.093654
0.035 0.036 0.112114
0.036 0.037 0.131711
0.037 0.038 0.152540
0.038 0.039 0.172849
0.039 0.040 0.192787
0.040 0.041 0.212681
0.041 0.042 0.231836
0.042 0.043 0.250546
0.043 0.044 0.268124
0.044 0.045 0.285384
0.045 0.046 0.299930
0.046 0.047 0.313608
0.047 0.048 0.328166
0.048 0.049 0.339938
0.049 0.050 0.349192
0.050 0.051 0.358639
0.051 0.052 0.368001
0.052 0.053 0.374077
0.053 0.054 0.378974
0.054 0.055 0.383912
0.055 0.056 0.388923
0.056 0.057 0.393529
0.057 0.058 0.601881
0.058 0.059 1.000000
0.059 0.060 0.796322
0.060 0.061 0.412300
0.061 0.062 0.412096
0.062 0.063 0.389383
0.063 0.064 0.387816
0.064 0.065 0.384691
0.065 0.066 0.380436
0.066 0.067 0.543480
0.067 0.068 0.541437
0.068 0.069 0.405203
0.069 0.070 0.364557
0.070 0.071 0.287250
0.071 0.072 0.284893
0.072 0.073 0.280690
0.073 0.074 0.276899
0.074 0.075 0.274234
0.075 0.076 0.271359
0.076 0.077 0.266332
0.077 0.078 0.262871
0.078 0.079 0.259775
0.079 0.080 0.256505
0.080 0.081 0.253077
0.081 0.082 0.247976
0.082 0.083 0.242308
0.083 0.084 0.237108
0.084 0.085 0.232808
0.085 0.086 0.228668
0.086 0.087 0.224457
0.087 0.088 0.221254
0.088 0.089 0.215927
0.089 0.090 0.209742
0.090 0.091 0.204687
0.091 0.092 0.197141
0.092 0.093 0.191348
0.093 0.094 0.188228
0.094 0.095 0.182740
0.095 0.096 0.177747
0.096 0.097 0.173110
0.097 0.098 0.166576
0.098 0.099 0.160615
0.099 0.100 0.156039
0.100 0.101 0.151316
0.101 0.102 0.145981
0.102 0.103 0.140465
0.103 0.104 0.136050
0.104 0.105 0.130694
0.105 0.106 0.124341
0.106 0.107 0.119028
0.107 0.108 0.112727
0.108 0.109 0.107802
0.109 0.110 0.103292
0.110 0.111 0.098140
0.111 0.112 0.093224
0.112 0.113 0.086461
0.113 0.114 0.080543
0.114 0.115 0.076024
0.115 0.116 0.071300
0.116 0.117 0.065550
0.117 0.118 0.061420
0.118 0.119 0.056176
0.119 0.120 0.051920
0.120 0.121 0.048856
0.121 0.122 0.045476
0.122 0.123 0.042138
0.123 0.124 0.038626
0.124 0.125 0.034065
0.125 0.126 0.030295
0.126 0.127 0.027319
0.127 0.128 0.023634
0.128 0.129 0.020191
0.129 0.130 0.017500
0.130 0.131 0.014484
0.131 0.132 0.012372
0.132 0.133 0.010346
0.133 0.134 0.007689
0.134 0.135 0.005915
0.135 0.136 0.004287
0.136 0.137 0.002511
0.137 0.138 0.001109
0.138 0.139 0.000256
0.139 0.140 0.000000
0.140 0.141 0.000000
0.141 0.142 0.000000
0.142 0.143 0.000000
0.143 0.144 0.000000
0.144 0.145 0.000000
0.145 0.146 0.000000
0.146 0.147 0.000000
0.147 0.148 0.000000
0.148 0.149 0.000000
0.149 0.150 0.000000
