1
0.000 0.001 0.000000
0.001 0.002 0.000000
0.002 0.003 0.000000
0.003 0.004 0.000000
0.004 0.005 0.000000
0.005 0.006 0.000000
0.006 0.007 0.000000
0.007 0.008 0.000000
0.008 0.009 0.000000
0.009 0.010 0.000000
0.010 0.011 0.000000
0.011 0.012 0.000000
0.012 0.013 0.000000
0.013 0.014 0.000000
0.014 0.015 0.000000
0.015 0.016 0.000000
0.016 0.017 0.000000
0.017 0.018 0.000000
0.018 0.019 0.000000
0.019 0.020 0.000003
0.020 0.021 0.000019
0.021 0.022 0.000082
0.022 0.023 0.000283
0.023 0.024 0.000801
0.024 0.025 0.001947
0.025 0.026 0.004150
0.026 0.027 0.007918
0.027 0.028 0.013886
0.028 0.029 0.022636
0.029 0.030 0.034397
0.030 0.031 0.049503
0.031 0.032 0.068033
0.032 0.033 0.089850
0.033 0.034 0.114643
0.034 0.035 0.141921
0.035 0.036 0.171203
0.036 0.037 0.201900
0.037 0.038 0.233022
0.038 0.039 0.263745
0.039 0.040 0.294778
0.040 0.041 0.324916
0.041 0.042 0.353257
0.042 0.043 0.381096
0.043 0.044 0.406204
0.044 0.045 0.430146
0.045 0.046 0.451071
0.046 0.047 0.467720
0.047 0.048 0.484677
0.048 0.049 0.500151
0.049 0.050 0.509865
0.050 0.051 0.517636
0.051 0.052 0.526202
0.052 0.053 0.532442
0.053 0.054 0.536585
0.054 0.055 0.537904
0.055 0.056 0.538921
0.056 0.057 0.539264
0.057 0.058 0.696911
0.058 0.059 1.000000
0.059 0.060 0.834358
0.060 0.061 0.527275
0.061 0.062 0.519640
0.062 0.063 0.494498
0.063 0.064 0.484170
0.064 0.065 0.473457
0.065 0.066 0.464874
0.066 0.067 0.586490
0.067 0.068 0.578049
0.068 0.069 0.459883
0.069 0.070 0.415851
0.070 0.071 0.348206
0.071 0.072 0.335789
0.072 0.073 0.324062
0.073 0.074 0.318684
0.074 0.075 0.311609
0.075 0.076 0.301105
0.076 0.077 0.288174
0.077 0.078 0.277046
0.078 0.079 0.270328
0.079 0.080 0.261896
0.080 0.081 0.249093
0.081 0.082 0.237780
0.082 0.083 0.227567
0.083 0.084 0.217263
0.084 0.085 0.208082
0.085 0.086 0.200057
0.086 0.087 0.189616
0.087 0.088 0.181624
0.088 0.089 0.173301
0.089 0.090 0.161473
0.090 0.091 0.151187
0.091 0.092 0.139861
0.092 0.093 0.131923
0.093 0.094 0.126522
0.094 0.095 0.118054
0.095 0.096 0.109919
0.096 0.097 0.099406
0.097 0.098 0.090294
0.098 0.099 0.080497
0.099 0.100 0.073593
0.100 0.101 0.069958
0.101 0.102 0.063790
0.102 0.103 0.055154
0.103 0.104 0.047345
0.104 0.105 0.043462
0.105 0.106 0.038552
0.106 0.107 0.033319
0.107 0.108 0.027210
0.108 0.109 0.020874
0.109 0.110 0.016640
0.110 0.111 0.012689
0.111 0.112 0.008567
0.112 0.113 0.006256
0.113 0.114 0.004140
0.114 0.115 0.001150
0.115 0.116 0.000000
0.116 0.117 0.000000
0.117 0.118 0.000000
0.118 0.119 0.000000
0.119 0.120 0.000000
0.120 0.121 0.000000
0.121 0.122 0.000000
0.122 0.123 0.000000
0.123 0.124 0.000000
0.124 0.125 0.000000
0.125 0.126 0.000000
0.126 0.127 0.000000
0.127 0.128 0.000000
0.128 0.129 0.000000
0.129 0.130 0.000000
0.130 0.131 0.000000
0.131 0.132 0.000000
0.132 0.133 0.000000
0.133 0.134 0.000000
0.134 0.135 0.000000
0.135 0.136 0.000000
0.136 0.137 0.000000
0.137 0.138 0.000000
0.138 0.139 0.000000
0.139 0.140 0.000000
0.140 0.141 0.000000
0.141 0.142 0.000000
0.142 0.143 0.000000
0.143 0.144 0.000000
0.144 0.145 0.000000
0.145 0.146 0.000000
0.146 0.147 0.000000
0.147 0.148 0.000000
0.148 0.149 0.000000
0.149 0.150 0.000000
