1
0.000 0.001 0.000000
0.001 0.002 0.000000
0.002 0.003 0.000000
0.003 0.004 0.000000
0.004 0.005 0.000000
0.005 0.006 0.000000
0.006 0.007 0.000000
0.007 0.008 0.000000
0.008 0.009 0.000000
0.009 0.010 0.000000
0.010 0.011 0.000000
0.011 0.012 0.000000
0.012 0.013 0.000000
0.013 0.014 0.000000
0.014 0.015 0.000000
0.015 0.016 0.000000
0.016 0.017 0.000000
0.017 0.018 0.000000
0.018 0.019 0.000000
0.019 0.020 0.000000
0.020 0.021 0.000001
0.021 0.022 0.000005
0.022 0.023 0.000024
0.023 0.024 0.000096
0.024 0.025 0.000305
0.025 0.026 0.000822
0.026 0.027 0.001920
0.027 0.028 0.004006
0.028 0.029 0.007599
0.029 0.030 0.013223
0.030 0.031 0.021391
0.031 0.032 0.032468
0.032 0.033 0.047252
0.033 0.034 0.065577
0.034 0.035 0.086928
0.035 0.036 0.111665
0.036 0.037 0.139023
0.037 0.038 0.168524
0.038 0.039 0.200833
0.039 0.040 0.235638
0.040 0.041 0.269473
0.041 0.042 0.303887
0.042 0.043 0.338150
0.043 0.044 0.372887
0.044 0.045 0.406379
0.045 0.046 0.434953
0.046 0.047 0.464849
0.047 0.048 0.491198
0.048 0.049 0.514043
0.049 0.050 0.533964
0.050 0.051 0.554690
0.051 0.052 0.575518
0.052 0.053 0.585650
0.053 0.054 0.593638
0.054 0.055 0.605325
0.055 0.056 0.613348
0.056 0.057 0.614286
0.057 0.058 0.744164
0.058 0.059 1.000000
0.059 0.060 0.877227
0.060 0.061 0.631557
0.061 0.062 0.623168
0.062 0.063 0.595024
0.063 0.064 0.584496
0.064 0.065 0.574590
0.065 0.066 0.563935
0.066 0.067 0.669014
0.067 0.068 0.662598
0.068 0.069 0.551464
0.069 0.070 0.502269
0.070 0.071 0.440017
0.071 0.072 0.430541
0.072 0.073 0.414973
0.073 0.074 0.396916
0.074 0.075 0.377775
0.075 0.076 0.358009
0.076 0.077 0.339600
0.077 0.078 0.321212
0.078 0.079 0.305706
0.079 0.080 0.288259
0.080 0.081 0.264922
0.081 0.082 0.238566
0.082 0.083 0.215988
0.083 0.084 0.196428
0.084 0.085 0.174558
0.085 0.086 0.152560
0.086 0.087 0.126633
0.087 0.088 0.101160
0.088 0.089 0.072299
0.089 0.090 0.047776
0.090 0.091 0.024801
0.091 0.092 0.001823
0.092 0.093 0.000000
0.093 0.094 0.000000
0.094 0.095 0.000000
0.095 0.096 0.000000
0.096 0.097 0.000000
0.097 0.098 0.000000
0.098 0.099 0.000000
0.099 0.100 0.000000
0.100 0.101 0.000000
0.101 0.102 0.000000
0.102 0.103 0.000000
0.103 0.104 0.000000
0.104 0.105 0.000000
0.105 0.106 0.000000
0.106 0.107 0.000000
0.107 0.108 0.000000
0.108 0.109 0.000000
0.109 0.110 0.000000
0.110 0.111 0.000000
0.111 0.112 0.000000
0.112 0.113 0.000000
0.113 0.114 0.000000
0.114 0.115 0.000000
0.115 0.116 0.000000
0.116 0.117 0.000000
0.117 0.118 0.000000
0.118 0.119 0.000000
0.119 0.120 0.000000
0.120 0.121 0.000000
0.121 0.122 0.000000
0.122 0.123 0.000000
0.123 0.124 0.000000
0.124 0.125 0.000000
0.125 0.126 0.000000
0.126 0.127 0.000000
0.127 0.128 0.000000
0.128 0.129 0.000000
0.129 0.130 0.000000
0.130 0.131 0.000000
0.131 0.132 0.000000
0.132 0.133 0.000000
0.133 0.134 0.000000
0.134 0.135 0.000000
0.135 0.136 0.000000
0.136 0.137 0.000000
0.137 0.138 0.000000
0.138 0.139 0.000000
0.139 0.140 0.000000
0.140 0.141 0.000000
0.141 0.142 0.000000
0.142 0.143 0.000000
0.143 0.144 0.000000
0.144 0.145 0.000000
0.145 0.146 0.000000
0.146 0.147 0.000000
0.147 0.148 0.000000
0.148 0.149 0.000000
0.149 0.150 0.000000
