1
0.000 0.001 0.000000
0.001 0.002 0.000000
0.002 0.003 0.000000
0.003 0.004 0.000000
0.004 0.005 0.000000
0.005 0.006 0.000000
0.006 0.007 0.000000
0.007 0.008 0.000000
0.008 0.009 0.000000
0.009 0.010 0.000000
0.010 0.011 0.000000
0.011 0.012 0.000000
0.012 0.013 0.000000
0.013 0.014 0.000000
0.014 0.015 0.000000
0.015 0.016 0.000000
0.016 0.017 0.000000
0.017 0.018 0.000000
0.018 0.019 0.000000
0.019 0.020 0.000002
0.020 0.021 0.000014
0.021 0.022 0.000066
0.022 0.023 0.000240
0.023 0.024 0.000710
0.024 0.025 0.001795
0.025 0.026 0.003952
0.026 0.027 0.007742
0.027 0.028 0.013955
0.028 0.029 0.023286
0.029 0.030 0.036176
0.030 0.031 0.053060
0.031 0.032 0.074033
0.032 0.033 0.099200
0.033 0.034 0.128124
0.034 0.035 0.160161
0.035 0.036 0.194806
0.036 0.037 0.230563
0.037 0.038 0.266623
0.038 0.039 0.303303
0.039 0.040 0.340599
0.040 0.041 0.374526
0.041 0.042 0.409190
0.042 0.043 0.442955
0.043 0.044 0.473758
0.044 0.045 0.502666
0.045 0.046 0.527116
0.046 0.047 0.548262
0.047 0.048 0.568787
0.048 0.049 0.585137
0.049 0.050 0.594046
0.050 0.051 0.603193
0.051 0.052 0.613190
0.052 0.053 0.618118
0.053 0.054 0.617071
0.054 0.055 0.617837
0.055 0.056 0.617124
0.056 0.057 0.616840
0.057 0.058 0.747678
0.058 0.059 1.000000
0.059 0.060 0.857649
0.060 0.061 0.594706
0.061 0.062 0.583328
0.062 0.063 0.556586
0.063 0.064 0.538940
0.064 0.065 0.522622
0.065 0.066 0.505346
0.066 0.067 0.605613
0.067 0.068 0.594788
0.068 0.069 0.485937
0.069 0.070 0.441058
0.070 0.071 0.379900
0.071 0.072 0.365834
0.072 0.073 0.346915
0.073 0.074 0.335967
0.074 0.075 0.323394
0.075 0.076 0.305237
0.076 0.077 0.283620
0.077 0.078 0.270467
0.078 0.079 0.261182
0.079 0.080 0.250613
0.080 0.081 0.236722
0.081 0.082 0.220346
0.082 0.083 0.204824
0.083 0.084 0.189024
0.084 0.085 0.174458
0.085 0.086 0.158940
0.086 0.087 0.147885
0.087 0.088 0.137533
0.088 0.089 0.126159
0.089 0.090 0.114155
0.090 0.091 0.101309
0.091 0.092 0.088931
0.092 0.093 0.077855
0.093 0.094 0.065104
0.094 0.095 0.056947
0.095 0.096 0.049270
0.096 0.097 0.039878
0.097 0.098 0.030161
0.098 0.099 0.018486
0.099 0.100 0.013637
0.100 0.101 0.010659
0.101 0.102 0.004160
0.102 0.103 0.002417
0.103 0.104 0.000000
0.104 0.105 0.000000
0.105 0.106 0.000000
0.106 0.107 0.000000
0.107 0.108 0.000000
0.108 0.109 0.000000
0.109 0.110 0.000000
0.110 0.111 0.000000
0.111 0.112 0.000000
0.112 0.113 0.000000
0.113 0.114 0.000000
0.114 0.115 0.000000
0.115 0.116 0.000000
0.116 0.117 0.000000
0.117 0.118 0.000000
0.118 0.119 0.000000
0.119 0.120 0.000000
0.120 0.121 0.000000
0.121 0.122 0.000000
0.122 0.123 0.000000
0.123 0.124 0.000000
0.124 0.125 0.000000
0.125 0.126 0.000000
0.126 0.127 0.000000
0.127 0.128 0.000000
0.128 0.129 0.000000
0.129 0.130 0.000000
0.130 0.131 0.000000
0.131 0.132 0.000000
0.132 0.133 0.000000
0.133 0.134 0.000000
0.134 0.135 0.000000
0.135 0.136 0.000000
0.136 0.137 0.000000
0.137 0.138 0.000000
0.138 0.139 0.000000
0.139 0.140 0.000000
0.140 0.141 0.000000
0.141 0.142 0.000000
0.142 0.143 0.000000
0.143 0.144 0.000000
0.144 0.145 0.000000
0.145 0.146 0.000000
0.146 0.147 0.000000
0.147 0.148 0.000000
0.148 0.149 0.000000
0.149 0.150 0.000000
