1
0.000 0.001 0.000000
0.001 0.002 0.000000
0.002 0.003 0.000000
0.003 0.004 0.000000
0.004 0.005 0.000000
0.005 0.006 0.000000
0.006 0.007 0.000000
0.007 0.008 0.000000
0.008 0.009 0.000000
0.009 0.010 0.000000
0.010 0.011 0.000000
0.011 0.012 0.000000
0.012 0.013 0.000000
0.013 0.014 0.000000
0.014 0.015 0.000000
0.015 0.016 0.000000
0.016 0.017 0.000000
0.017 0.018 0.000000
0.018 0.019 0.000000
0.019 0.020 0.000000
0.020 0.021 0.000000
0.021 0.022 0.000000
0.022 0.023 0.000002
0.023 0.024 0.000008
0.024 0.025 0.000034
0.025 0.026 0.000112
0.026 0.027 0.000311
0.027 0.028 0.000760
0.028 0.029 0.001656
0.029 0.030 0.003242
0.030 0.031 0.005846
0.031 0.032 0.009814
0.032 0.033 0.015492
0.033 0.034 0.023186
0.034 0.035 0.033113
0.035 0.036 0.045387
0.036 0.037 0.060090
0.037 0.038 0.077119
0.038 0.039 0.096015
0.039 0.040 0.116963
0.040 0.041 0.139571
0.041 0.042 0.163149
0.042 0.043 0.188132
0.043 0.044 0.213427
0.044 0.045 0.239413
0.045 0.046 0.264684
0.046 0.047 0.288500
0.047 0.048 0.313262
0.048 0.049 0.337603
0.049 0.050 0.358600
0.050 0.051 0.378181
0.051 0.052 0.398762
0.052 0.053 0.417980
0.053 0.054 0.433760
0.054 0.055 0.447846
0.055 0.056 0.462374
0.056 0.057 0.475759
0.057 0.058 0.655130
0.058 0.059 1.000000
0.059 0.060 0.841052
0.060 0.061 0.516452
0.061 0.062 0.520518
0.062 0.063 0.505212
0.063 0.064 0.504282
0.064 0.065 0.501751
0.065 0.066 0.501162
0.066 0.067 0.658316
0.067 0.068 0.659275
0.068 0.069 0.525906
0.069 0.070 0.481016
0.070 0.071 0.403496
0.071 0.072 0.397672
0.072 0.073 0.388916
0.073 0.074 0.385732
0.074 0.075 0.380556
0.075 0.076 0.372323
0.076 0.077 0.360761
0.077 0.078 0.350893
0.078 0.079 0.345503
0.079 0.080 0.338951
0.080 0.081 0.327973
0.081 0.082 0.315089
0.082 0.083 0.303790
0.083 0.084 0.292708
0.084 0.085 0.282367
0.085 0.086 0.272150
0.086 0.087 0.261214
0.087 0.088 0.253833
0.088 0.089 0.245250
0.089 0.090 0.232965
0.090 0.091 0.220710
0.091 0.092 0.204331
0.092 0.093 0.195208
0.093 0.094 0.190247
0.094 0.095 0.180449
0.095 0.096 0.170866
0.096 0.097 0.159842
0.097 0.098 0.145825
0.098 0.099 0.134332
0.099 0.100 0.125621
0.100 0.101 0.119999
0.101 0.102 0.112133
0.102 0.103 0.100859
0.103 0.104 0.091239
0.104 0.105 0.085711
0.105 0.106 0.078532
0.106 0.107 0.071133
0.107 0.108 0.061371
0.108 0.109 0.054968
0.109 0.110 0.047833
0.110 0.111 0.041257
0.111 0.112 0.035922
0.112 0.113 0.028519
0.113 0.114 0.024084
0.114 0.115 0.019413
0.115 0.116 0.013338
0.116 0.117 0.009900
0.117 0.118 0.005630
0.118 0.119 0.003120
0.119 0.120 0.000832
0.120 0.121 0.000000
0.121 0.122 0.000000
0.122 0.123 0.000000
0.123 0.124 0.000000
0.124 0.125 0.000000
0.125 0.126 0.000000
0.126 0.127 0.000000
0.127 0.128 0.000000
0.128 0.129 0.000000
0.129 0.130 0.000000
0.130 0.131 0.000000
0.131 0.132 0.000000
0.132 0.133 0.000000
0.133 0.134 0.000000
0.134 0.135 0.000000
0.135 0.136 0.000000
0.136 0.137 0.000000
0.137 0.138 0.000000
0.138 0.139 0.000000
0.139 0.140 0.000000
0.140 0.141 0.000000
0.141 0.142 0.000000
0.142 0.143 0.000000
0.143 0.144 0.000000
0.144 0.145 0.000000
0.145 0.146 0.000000
0.146 0.147 0.000000
0.147 0.148 0.000000
0.148 0.149 0.000000
0.149 0.150 0.000000
