1
0.000 0.001 0.000000
0.001 0.002 0.000000
0.002 0.003 0.000000
0.003 0.004 0.000000
0.004 0.005 0.000000
0.005 0.006 0.000000
0.006 0.007 0.000000
0.007 0.008 0.000000
0.008 0.009 0.000000
0.009 0.010 0.000000
0.010 0.011 0.000000
0.011 0.012 0.000000
0.012 0.013 0.000000
0.013 0.014 0.000000
0.014 0.015 0.000000
0.015 0.016 0.000000
0.016 0.017 0.000000
0.017 0.018 0.000000
0.018 0.019 0.000001
0.019 0.020 0.000007
0.020 0.021 0.000038
0.021 0.022 0.000160
0.022 0.023 0.000534
0.023 0.024 0.001474
0.024 0.025 0.003502
0.025 0.026 0.007327
0.026 0.027 0.013747
0.027 0.028 0.023671
0.028 0.029 0.037930
0.029 0.030 0.056726
0.030 0.031 0.080772
0.031 0.032 0.109736
0.032 0.033 0.143566
0.033 0.034 0.181154
0.034 0.035 0.221436
0.035 0.036 0.264264
0.036 0.037 0.307258
0.037 0.038 0.350139
0.038 0.039 0.392985
0.039 0.040 0.434569
0.040 0.041 0.475159
0.041 0.042 0.513084
0.042 0.043 0.549296
0.043 0.044 0.582604
0.044 0.045 0.611994
0.045 0.046 0.633851
0.046 0.047 0.653537
0.047 0.048 0.670339
0.048 0.049 0.682092
0.049 0.050 0.687526
0.050 0.051 0.692026
0.051 0.052 0.700133
0.052 0.053 0.700918
0.053 0.054 0.699143
0.054 0.055 0.696086
0.055 0.056 0.688000
0.056 0.057 0.676707
0.057 0.058 0.784221
0.058 0.059 1.000000
0.059 0.060 0.869219
0.060 0.061 0.629355
0.061 0.062 0.613856
0.062 0.063 0.583670
0.063 0.064 0.564109
0.064 0.065 0.545218
0.065 0.066 0.525378
0.066 0.067 0.604035
0.067 0.068 0.587007
0.068 0.069 0.481907
0.069 0.070 0.430361
0.070 0.071 0.374005
0.071 0.072 0.359322
0.072 0.073 0.339027
0.073 0.074 0.322749
0.074 0.075 0.305439
0.075 0.076 0.285258
0.076 0.077 0.265099
0.077 0.078 0.243079
0.078 0.079 0.230285
0.079 0.080 0.216980
0.080 0.081 0.200512
0.081 0.082 0.181252
0.082 0.083 0.163991
0.083 0.084 0.147791
0.084 0.085 0.128954
0.085 0.086 0.117064
0.086 0.087 0.103339
0.087 0.088 0.089955
0.088 0.089 0.074909
0.089 0.090 0.059848
0.090 0.091 0.051476
0.091 0.092 0.042179
0.092 0.093 0.033134
0.093 0.094 0.021804
0.094 0.095 0.016191
0.095 0.096 0.010731
0.096 0.097 0.002870
0.097 0.098 0.000000
0.098 0.099 0.000000
0.099 0.100 0.000000
0.100 0.101 0.000000
0.101 0.102 0.000000
0.102 0.103 0.000000
0.103 0.104 0.000000
0.104 0.105 0.000000
0.105 0.106 0.000000
0.106 0.107 0.000000
0.107 0.108 0.000000
0.108 0.109 0.000000
0.109 0.110 0.000000
0.110 0.111 0.000000
0.111 0.112 0.000000
0.112 0.113 0.000000
0.113 0.114 0.000000
0.114 0.115 0.000000
0.115 0.116 0.000000
0.116 0.117 0.000000
0.117 0.118 0.000000
0.118 0.119 0.000000
0.119 0.120 0.000000
0.120 0.121 0.000000
0.121 0.122 0.000000
0.122 0.123 0.000000
0.123 0.124 0.000000
0.124 0.125 0.000000
0.125 0.126 0.000000
0.126 0.127 0.000000
0.127 0.128 0.000000
0.128 0.129 0.000000
0.129 0.130 0.000000
0.130 0.131 0.000000
0.131 0.132 0.000000
0.132 0.133 0.000000
0.133 0.134 0.000000
0.134 0.135 0.000000
0.135 0.136 0.000000
0.136 0.137 0.000000
0.137 0.138 0.000000
0.138 0.139 0.000000
0.139 0.140 0.000000
0.140 0.141 0.000000
0.141 0.142 0.000000
0.142 0.143 0.000000
0.143 0.144 0.000000
0.144 0.145 0.000000
0.145 0.146 0.000000
0.146 0.147 0.000000
0.147 0.148 0.000000
0.148 0.149 0.000000
0.149 0.150 0.000000
