1
0.000 0.001 0.000000
0.001 0.002 0.000000
0.002 0.003 0.000000
0.003 0.004 0.000000
0.004 0.005 0.000000
0.005 0.006 0.000000
0.006 0.007 0.000000
0.007 0.008 0.000000
0.008 0.009 0.000000
0.009 0.010 0.000000
0.010 0.011 0.000000
0.011 0.012 0.000000
0.012 0.013 0.000000
0.013 0.014 0.000000
0.014 0.015 0.000000
0.015 0.016 0.000000
0.016 0.017 0.000000
0.017 0.018 0.000000
0.018 0.019 0.000002
0.019 0.020 0.000010
0.020 0.021 0.000044
0.021 0.022 0.000157
0.022 0.023 0.000456
0.023 0.024 0.001129
0.024 0.025 0.002454
0.025 0.026 0.004767
0.026 0.027 0.008437
0.027 0.028 0.013874
0.028 0.029 0.021386
0.029 0.030 0.031022
0.030 0.031 0.043056
0.031 0.032 0.057252
0.032 0.033 0.073520
0.033 0.034 0.091760
0.034 0.035 0.111440
0.035 0.036 0.131913
0.036 0.037 0.153550
0.037 0.038 0.176264
0.038 0.039 0.197804
0.039 0.040 0.218853
0.040 0.041 0.239869
0.041 0.042 0.259761
0.042 0.043 0.278923
0.043 0.044 0.296892
0.044 0.045 0.314368
0.045 0.046 0.329048
0.046 0.047 0.341823
0.047 0.048 0.355963
0.048 0.049 0.368158
0.049 0.050 0.376713
0.050 0.051 0.384914
0.051 0.052 0.393573
0.052 0.053 0.399665
0.053 0.054 0.403667
0.054 0.055 0.407368
0.055 0.056 0.412010
0.056 0.057 0.415874
0.057 0.058 0.616558
0.058 0.059 1.000000
0.059 0.060 0.801136
0.060 0.061 0.429046
0.061 0.062 0.427707
0.062 0.063 0.405316
0.063 0.064 0.402163
0.064 0.065 0.397248
0.065 0.066 0.392689
0.066 0.067 0.547892
0.067 0.068 0.544776
0.068 0.069 0.413321
0.069 0.070 0.372332
0.070 0.071 0.297396
0.071 0.072 0.293797
0.072 0.073 0.288522
0.073 0.074 0.284844
0.074 0.075 0.281431
0.075 0.076 0.277555
0.076 0.077 0.271295
0.077 0.078 0.266587
0.078 0.079 0.263526
0.079 0.080 0.259566
0.080 0.081 0.254368
0.081 0.082 0.247896
0.082 0.083 0.241567
0.083 0.084 0.235716
0.084 0.085 0.230750
0.085 0.086 0.226114
0.086 0.087 0.220458
0.087 0.088 0.216980
0.088 0.089 0.211542
0.089 0.090 0.204212
0.090 0.091 0.198021
0.091 0.092 0.188896
0.092 0.093 0.182620
0.093 0.094 0.179779
0.094 0.095 0.173673
0.095 0.096 0.167830
0.096 0.097 0.161990
0.097 0.098 0.154146
0.098 0.099 0.147227
0.099 0.100 0.141662
0.100 0.101 0.136499
0.101 0.102 0.130797
0.102 0.103 0.123864
0.103 0.104 0.118512
0.104 0.105 0.113104
0.105 0.106 0.106437
0.106 0.107 0.100328
0.107 0.108 0.093548
0.108 0.109 0.087953
0.109 0.110 0.082395
0.110 0.111 0.076402
0.111 0.112 0.071976
0.112 0.113 0.065885
0.113 0.114 0.060422
0.114 0.115 0.055449
0.115 0.116 0.051021
0.116 0.117 0.046411
0.117 0.118 0.041896
0.118 0.119 0.035707
0.119 0.120 0.032496
0.120 0.121 0.030843
0.121 0.122 0.027193
0.122 0.123 0.024404
0.123 0.124 0.021440
0.124 0.125 0.017898
0.125 0.126 0.014102
0.126 0.127 0.011826
0.127 0.128 0.008898
0.128 0.129 0.006994
0.129 0.130 0.005159
0.130 0.131 0.002861
0.131 0.132 0.001466
0.132 0.133 0.000409
0.133 0.134 0.000000
0.134 0.135 0.000000
0.135 0.136 0.000000
0.136 0.137 0.000000
0.137 0.138 0.000000
0.138 0.139 0.000000
0.139 0.140 0.000000
0.140 0.141 0.000000
0.141 0.142 0.000000
0.142 0.143 0.000000
0.143 0.144 0.000000
0.144 0.145 0.000000
0.145 0.146 0.000000
0.146 0.147 0.000000
0.147 0.148 0.000000
0.148 0.149 0.000000
0.149 0.150 0.000000
