1
0.000 0.001 0.000000
0.001 0.002 0.000000
0.002 0.003 0.000000
0.003 0.004 0.000000
0.004 0.005 0.000000
0.005 0.006 0.000000
0.006 0.007 0.000000
0.007 0.008 0.000000
0.008 0.009 0.000000
0.009 0.010 0.000000
0.010 0.011 0.000000
0.011 0.012 0.000000
0.012 0.013 0.000000
0.013 0.014 0.000000
0.014 0.015 0.000000
0.015 0.016 0.000000
0.016 0.017 0.000001
0.017 0.018 0.000009
0.018 0.019 0.000053
0.019 0.020 0.000223
0.020 0.021 0.000727
0.021 0.022 0.001946
0.022 0.023 0.004429
0.023 0.024 0.008858
0.024 0.025 0.015967
0.025 0.026 0.026337
0.026 0.027 0.040297
0.027 0.028 0.058251
0.028 0.029 0.080087
0.029 0.030 0.105034
0.030 0.031 0.132896
0.031 0.032 0.162718
0.032 0.033 0.194051
0.033 0.034 0.226389
0.034 0.035 0.258670
0.035 0.036 0.289685
0.036 0.037 0.320028
0.037 0.038 0.349086
0.038 0.039 0.374847
0.039 0.040 0.399050
0.040 0.041 0.421038
0.041 0.042 0.439832
0.042 0.043 0.457235
0.043 0.044 0.471427
0.044 0.045 0.484877
0.045 0.046 0.495048
0.046 0.047 0.502042
0.047 0.048 0.509786
0.048 0.049 0.515199
0.049 0.050 0.516065
0.050 0.051 0.515709
0.051 0.052 0.516015
0.052 0.053 0.514856
0.053 0.054 0.510733
0.054 0.055 0.505377
0.055 0.056 0.500397
0.056 0.057 0.497193
0.057 0.058 0.669060
0.058 0.059 1.000000
0.059 0.060 0.814561
0.060 0.061 0.480003
0.061 0.062 0.471809
0.062 0.063 0.445798
0.063 0.064 0.434860
0.064 0.065 0.423135
0.065 0.066 0.413348
0.066 0.067 0.538679
0.067 0.068 0.529455
0.068 0.069 0.409770
0.069 0.070 0.368626
0.070 0.071 0.301924
0.071 0.072 0.294273
0.072 0.073 0.284794
0.073 0.074 0.278880
0.074 0.075 0.272206
0.075 0.076 0.264303
0.076 0.077 0.254317
0.077 0.078 0.245612
0.078 0.079 0.239928
0.079 0.080 0.233032
0.080 0.081 0.223094
0.081 0.082 0.214338
0.082 0.083 0.206590
0.083 0.084 0.199294
0.084 0.085 0.192662
0.085 0.086 0.186705
0.086 0.087 0.178846
0.087 0.088 0.173460
0.088 0.089 0.166969
0.089 0.090 0.158463
0.090 0.091 0.150701
0.091 0.092 0.139741
0.092 0.093 0.133832
0.093 0.094 0.130895
0.094 0.095 0.124873
0.095 0.096 0.119021
0.096 0.097 0.112686
0.097 0.098 0.104880
0.098 0.099 0.097662
0.099 0.100 0.091826
0.100 0.101 0.087230
0.101 0.102 0.081192
0.102 0.103 0.075248
0.103 0.104 0.070767
0.104 0.105 0.067060
0.105 0.106 0.062331
0.106 0.107 0.057754
0.107 0.108 0.052164
0.108 0.109 0.047352
0.109 0.110 0.041683
0.110 0.111 0.037958
0.111 0.112 0.034962
0.112 0.113 0.030920
0.113 0.114 0.027536
0.114 0.115 0.024181
0.115 0.116 0.020271
0.116 0.117 0.016225
0.117 0.118 0.013468
0.118 0.119 0.009869
0.119 0.120 0.007867
0.120 0.121 0.006078
0.121 0.122 0.004695
0.122 0.123 0.003259
0.123 0.124 0.001254
0.124 0.125 0.000734
0.125 0.126 0.000000
0.126 0.127 0.000000
0.127 0.128 0.000000
0.128 0.129 0.000000
0.129 0.130 0.000000
0.130 0.131 0.000000
0.131 0.132 0.000000
0.132 0.133 0.000000
0.133 0.134 0.000000
0.134 0.135 0.000000
0.135 0.136 0.000000
0.136 0.137 0.000000
0.137 0.138 0.000000
0.138 0.139 0.000000
0.139 0.140 0.000000
0.140 0.141 0.000000
0.141 0.142 0.000000
0.142 0.143 0.000000
0.143 0.144 0.000000
0.144 0.145 0.000000
0.145 0.146 0.000000
0.146 0.147 0.000000
0.147 0.148 0.000000
0.148 0.149 0.000000
0.149 0.150 0.000000
