1
0.000 0.001 0.000000
0.001 0.002 0.000000
0.002 0.003 0.000000
0.003 0.004 0.000000
0.004 0.005 0.000000
0.005 0.006 0.000000
0.006 0.007 0.000000
0.007 0.008 0.000000
0.008 0.009 0.000000
0.009 0.010 0.000000
0.010 0.011 0.000000
0.011 0.012 0.000000
0.012 0.013 0.000000
0.013 0.014 0.000000
0.014 0.015 0.000000
0.015 0.016 0.000000
0.016 0.017 0.000000
0.017 0.018 0.000000
0.018 0.019 0.000002
0.019 0.020 0.000013
0.020 0.021 0.000060
0.021 0.022 0.000221
0.022 0.023 0.000659
0.023 0.024 0.001661
0.024 0.025 0.003659
0.025 0.026 0.007166
0.026 0.027 0.012734
0.027 0.028 0.020987
0.028 0.029 0.032378
0.029 0.030 0.047054
0.030 0.031 0.065207
0.031 0.032 0.086466
0.032 0.033 0.110741
0.033 0.034 0.137659
0.034 0.035 0.166546
0.035 0.036 0.196745
0.036 0.037 0.227684
0.037 0.038 0.258549
0.038 0.039 0.288303
0.039 0.040 0.317921
0.040 0.041 0.346291
0.041 0.042 0.372371
0.042 0.043 0.397768
0.043 0.044 0.420601
0.044 0.045 0.442043
0.045 0.046 0.460147
0.046 0.047 0.474288
0.047 0.048 0.488965
0.048 0.049 0.501893
0.049 0.050 0.509354
0.050 0.051 0.515001
0.051 0.052 0.521496
0.052 0.053 0.526439
0.053 0.054 0.527349
0.054 0.055 0.527141
0.055 0.056 0.527176
0.056 0.057 0.526655
0.057 0.058 0.688153
0.058 0.059 1.000000
0.059 0.060 0.828941
0.060 0.061 0.513142
0.061 0.062 0.505395
0.062 0.063 0.480951
0.063 0.064 0.468121
0.064 0.065 0.457521
0.065 0.066 0.448984
0.066 0.067 0.572622
0.067 0.068 0.564454
0.068 0.069 0.446346
0.069 0.070 0.403130
0.070 0.071 0.335740
0.071 0.072 0.325473
0.072 0.073 0.312849
0.073 0.074 0.305146
0.074 0.075 0.298529
0.075 0.076 0.289290
0.076 0.077 0.277716
0.077 0.078 0.267753
0.078 0.079 0.261826
0.079 0.080 0.254344
0.080 0.081 0.243741
0.081 0.082 0.231770
0.082 0.083 0.220221
0.083 0.084 0.211232
0.084 0.085 0.203240
0.085 0.086 0.196283
0.086 0.087 0.186983
0.087 0.088 0.180271
0.088 0.089 0.172942
0.089 0.090 0.163011
0.090 0.091 0.152867
0.091 0.092 0.140074
0.092 0.093 0.133099
0.093 0.094 0.128948
0.094 0.095 0.121585
0.095 0.096 0.114500
0.096 0.097 0.106249
0.097 0.098 0.096599
0.098 0.099 0.086876
0.099 0.100 0.078909
0.100 0.101 0.075306
0.101 0.102 0.070027
0.102 0.103 0.062420
0.103 0.104 0.056429
0.104 0.105 0.051884
0.105 0.106 0.045479
0.106 0.107 0.041034
0.107 0.108 0.035643
0.108 0.109 0.030893
0.109 0.110 0.025749
0.110 0.111 0.020341
0.111 0.112 0.017607
0.112 0.113 0.014204
0.113 0.114 0.011232
0.114 0.115 0.007429
0.115 0.116 0.005319
0.116 0.117 0.003426
0.117 0.118 0.000913
0.118 0.119 0.000000
0.119 0.120 0.000000
0.120 0.121 0.000000
0.121 0.122 0.000000
0.122 0.123 0.000000
0.123 0.124 0.000000
0.124 0.125 0.000000
0.125 0.126 0.000000
0.126 0.127 0.000000
0.127 0.128 0.000000
0.128 0.129 0.000000
0.129 0.130 0.000000
0.130 0.131 0.000000
0.131 0.132 0.000000
0.132 0.133 0.000000
0.133 0.134 0.000000
0.134 0.135 0.000000
0.135 0.136 0.000000
0.136 0.137 0.000000
0.137 0.138 0.000000
0.138 0.139 0.000000
0.139 0.140 0.000000
0.140 0.141 0.000000
0.141 0.142 0.000000
0.142 0.143 0.000000
0.143 0.144 0.000000
0.144 0.145 0.000000
0.145 0.146 0.000000
0.146 0.147 0.000000
0.147 0.148 0.000000
0.148 0.149 0.000000
0.149 0.150 0.000000
