1
0.000 0.001 0.000000
0.001 0.002 0.000000
0.002 0.003 0.000000
0.003 0.004 0.000000
0.004 0.005 0.000000
0.005 0.006 0.000000
0.006 0.007 0.000000
0.007 0.008 0.000000
0.008 0.009 0.000000
0.009 0.010 0.000000
0.010 0.011 0.000000
0.011 0.012 0.000000
0.012 0.013 0.000000
0.013 0.014 0.000000
0.014 0.015 0.000000
0.015 0.016 0.000004
0.016 0.017 0.000031
0.017 0.018 0.000165
0.018 0.019 0.000644
0.019 0.020 0.001968
0.020 0.021 0.004942
0.021 0.022 0.010617
0.022 0.023 0.020071
0.023 0.024 0.034272
0.024 0.025 0.053914
0.025 0.026 0.078970
0.026 0.027 0.109185
0.027 0.028 0.144302
0.028 0.029 0.183321
0.029 0.030 0.224720
0.030 0.031 0.267359
0.031 0.032 0.310347
0.032 0.033 0.352909
0.033 0.034 0.393916
0.034 0.035 0.432844
0.035 0.036 0.469548
0.036 0.037 0.503277
0.037 0.038 0.531886
0.038 0.039 0.556384
0.039 0.040 0.579608
0.040 0.041 0.598843
0.041 0.042 0.614271
0.042 0.043 0.628306
0.043 0.044 0.637686
0.044 0.045 0.645368
0.045 0.046 0.649837
0.046 0.047 0.649464
0.047 0.048 0.650166
0.048 0.049 0.649721
0.049 0.050 0.643210
0.050 0.051 0.635953
0.051 0.052 0.630874
0.052 0.053 0.624717
0.053 0.054 0.615191
0.054 0.055 0.602935
0.055 0.056 0.591866
0.056 0.057 0.581713
0.057 0.058 0.723671
0.058 0.059 1.000000
0.059 0.060 0.828812
0.060 0.061 0.531297
0.061 0.062 0.517305
0.062 0.063 0.488833
0.063 0.064 0.471182
0.064 0.065 0.454476
0.065 0.066 0.440317
0.066 0.067 0.538844
0.067 0.068 0.524419
0.068 0.069 0.415510
0.069 0.070 0.373802
0.070 0.071 0.314089
0.071 0.072 0.301846
0.072 0.073 0.287000
0.073 0.074 0.279134
0.074 0.075 0.269912
0.075 0.076 0.256928
0.076 0.077 0.241365
0.077 0.078 0.230569
0.078 0.079 0.223635
0.079 0.080 0.215491
0.080 0.081 0.204695
0.081 0.082 0.192523
0.082 0.083 0.181260
0.083 0.084 0.168949
0.084 0.085 0.160354
0.085 0.086 0.152917
0.086 0.087 0.143891
0.087 0.088 0.136466
0.088 0.089 0.128874
0.089 0.090 0.119387
0.090 0.091 0.108170
0.091 0.092 0.099049
0.092 0.093 0.092247
0.093 0.094 0.086886
0.094 0.095 0.079695
0.095 0.096 0.072906
0.096 0.097 0.063989
0.097 0.098 0.056497
0.098 0.099 0.048122
0.099 0.100 0.042389
0.100 0.101 0.039551
0.101 0.102 0.033645
0.102 0.103 0.028196
0.103 0.104 0.023682
0.104 0.105 0.020241
0.105 0.106 0.015459
0.106 0.107 0.012405
0.107 0.108 0.008991
0.108 0.109 0.005199
0.109 0.110 0.003276
0.110 0.111 0.000855
0.111 0.112 0.000000
0.112 0.113 0.000000
0.113 0.114 0.000000
0.114 0.115 0.000000
0.115 0.116 0.000000
0.116 0.117 0.000000
0.117 0.118 0.000000
0.118 0.119 0.000000
0.119 0.120 0.000000
0.120 0.121 0.000000
0.121 0.122 0.000000
0.122 0.123 0.000000
0.123 0.124 0.000000
0.124 0.125 0.000000
0.125 0.126 0.000000
0.126 0.127 0.000000
0.127 0.128 0.000000
0.128 0.129 0.000000
0.129 0.130 0.000000
0.130 0.131 0.000000
0.131 0.132 0.000000
0.132 0.133 0.000000
0.133 0.134 0.000000
0.134 0.135 0.000000
0.135 0.136 0.000000
0.136 0.137 0.000000
0.137 0.138 0.000000
0.138 0.139 0.000000
0.139 0.140 0.000000
0.140 0.141 0.000000
0.141 0.142 0.000000
0.142 0.143 0.000000
0.143 0.144 0.000000
0.144 0.145 0.000000
0.145 0.146 0.000000
0.146 0.147 0.000000
0.147 0.148 0.000000
0.148 0.149 0.000000
0.149 0.150 0.000000
