1
0.000 0.001 0.000000
0.001 0.002 0.000000
0.002 0.003 0.000000
0.003 0.004 0.000000
0.004 0.005 0.000000
0.005 0.006 0.000000
0.006 0.007 0.000000
0.007 0.008 0.000000
0.008 0.009 0.000000
0.009 0.010 0.000000
0.010 0.011 0.000000
0.011 0.012 0.000000
0.012 0.013 0.000000
0.013 0.014 0.000000
0.014 0.015 0.000000
0.015 0.016 0.000000
0.016 0.017 0.000000
0.017 0.018 0.000000
0.018 0.019 0.000000
0.019 0.020 0.000000
0.020 0.021 0.000001
0.021 0.022 0.000004
0.022 0.023 0.000020
0.023 0.024 0.000080
0.024 0.025 0.000265
0.025 0.026 0.000739
0.026 0.027 0.001781
0.027 0.028 0.003816
0.028 0.029 0.007409
0.029 0.030 0.013198
0.030 0.031 0.021830
0.031 0.032 0.033721
0.032 0.033 0.049638
0.033 0.034 0.069663
0.034 0.035 0.093651
0.035 0.036 0.121699
0.036 0.037 0.152791
0.037 0.038 0.187626
0.038 0.039 0.225851
0.039 0.040 0.265763
0.040 0.041 0.306017
0.041 0.042 0.347621
0.042 0.043 0.388485
0.043 0.044 0.428437
0.044 0.045 0.468865
0.045 0.046 0.503393
0.046 0.047 0.538217
0.047 0.048 0.569190
0.048 0.049 0.594964
0.049 0.050 0.620049
0.050 0.051 0.643779
0.051 0.052 0.665451
0.052 0.053 0.678091
0.053 0.054 0.690334
0.054 0.055 0.702459
0.055 0.056 0.704095
0.056 0.057 0.700230
0.057 0.058 0.800608
0.058 0.059 1.000000
0.059 0.060 0.902033
0.060 0.061 0.700811
0.061 0.062 0.686939
0.062 0.063 0.662576
0.063 0.064 0.647639
0.064 0.065 0.629158
0.065 0.066 0.605586
0.066 0.067 0.675084
0.067 0.068 0.659236
0.068 0.069 0.557377
0.069 0.070 0.503303
0.070 0.071 0.443073
0.071 0.072 0.421091
0.072 0.073 0.390123
0.073 0.074 0.360332
0.074 0.075 0.332151
0.075 0.076 0.304054
0.076 0.077 0.274510
0.077 0.078 0.247020
0.078 0.079 0.217106
0.079 0.080 0.195480
0.080 0.081 0.172142
0.081 0.082 0.141248
0.082 0.083 0.119846
0.083 0.084 0.099407
0.084 0.085 0.081305
0.085 0.086 0.060380
0.086 0.087 0.041552
0.087 0.088 0.028507
0.088 0.089 0.013726
0.089 0.090 0.002257
0.090 0.091 0.000000
0.091 0.092 0.000000
0.092 0.093 0.000000
0.093 0.094 0.000000
0.094 0.095 0.000000
0.095 0.096 0.000000
0.096 0.097 0.000000
0.097 0.098 0.000000
0.098 0.099 0.000000
0.099 0.100 0.000000
0.100 0.101 0.000000
0.101 0.102 0.000000
0.102 0.103 0.000000
0.103 0.104 0.000000
0.104 0.105 0.000000
0.105 0.106 0.000000
0.106 0.107 0.000000
0.107 0.108 0.000000
0.108 0.109 0.000000
0.109 0.110 0.000000
0.110 0.111 0.000000
0.111 0.112 0.000000
0.112 0.113 0.000000
0.113 0.114 0.000000
0.114 0.115 0.000000
0.115 0.116 0.000000
0.116 0.117 0.000000
0.117 0.118 0.000000
0.118 0.119 0.000000
0.119 0.120 0.000000
0.120 0.121 0.000000
0.121 0.122 0.000000
0.122 0.123 0.000000
0.123 0.124 0.000000
0.124 0.125 0.000000
0.125 0.126 0.000000
0.126 0.127 0.000000
0.127 0.128 0.000000
0.128 0.129 0.000000
0.129 0.130 0.000000
0.130 0.131 0.000000
0.131 0.132 0.000000
0.132 0.133 0.000000
0.133 0.134 0.000000
0.134 0.135 0.000000
0.135 0.136 0.000000
0.136 0.137 0.000000
0.137 0.138 0.000000
0.138 0.139 0.000000
0.139 0.140 0.000000
0.140 0.141 0.000000
0.141 0.142 0.000000
0.142 0.143 0.000000
0.143 0.144 0.000000
0.144 0.145 0.000000
0.145 0.146 0.000000
0.146 0.147 0.000000
0.147 0.148 0.000000
0.148 0.149 0.000000
0.149 0.150 0.000000
