1
0.000 0.001 0.000000
0.001 0.002 0.000000
0.002 0.003 0.000000
0.003 0.004 0.000000
0.004 0.005 0.000000
0.005 0.006 0.000000
0.006 0.007 0.000000
0.007 0.008 0.000000
0.008 0.009 0.000000
0.009 0.010 0.000000
0.010 0.011 0.000000
0.011 0.012 0.000000
0.012 0.013 0.000000
0.013 0.014 0.000001
0.014 0.015 0.000008
0.015 0.016 0.000064
0.016 0.017 0.000339
0.017 0.018 0.001289
0.018 0.019 0.003817
0.019 0.020 0.009332
0.020 0.021 0.019552
0.021 0.022 0.036220
0.022 0.023 0.060547
0.023 0.024 0.093202
0.024 0.025 0.134508
0.025 0.026 0.182924
0.026 0.027 0.236875
0.027 0.028 0.295783
0.028 0.029 0.357588
0.029 0.030 0.419821
0.030 0.031 0.480068
0.031 0.032 0.538776
0.032 0.033 0.595359
0.033 0.034 0.646690
0.034 0.035 0.691332
0.035 0.036 0.732734
0.036 0.037 0.766856
0.037 0.038 0.791920
0.038 0.039 0.813835
0.039 0.040 0.834135
0.040 0.041 0.845149
0.041 0.042 0.848774
0.042 0.043 0.856844
0.043 0.044 0.859973
0.044 0.045 0.860117
0.045 0.046 0.853310
0.046 0.047 0.843141
0.047 0.048 0.832816
0.048 0.049 0.819834
0.049 0.050 0.800398
0.050 0.051 0.782795
0.051 0.052 0.766328
0.052 0.053 0.749205
0.053 0.054 0.731516
0.054 0.055 0.713229
0.055 0.056 0.691838
0.056 0.057 0.669717
0.057 0.058 0.778432
0.058 0.059 1.000000
0.059 0.060 0.847698
0.060 0.061 0.589643
0.061 0.062 0.563864
0.062 0.063 0.530798
0.063 0.064 0.508333
0.064 0.065 0.487370
0.065 0.066 0.467028
0.066 0.067 0.541269
0.067 0.068 0.522717
0.068 0.069 0.423271
0.069 0.070 0.378186
0.070 0.071 0.322610
0.071 0.072 0.303479
0.072 0.073 0.285859
0.073 0.074 0.273517
0.074 0.075 0.260381
0.075 0.076 0.243978
0.076 0.077 0.227296
0.077 0.078 0.211931
0.078 0.079 0.199566
0.079 0.080 0.185453
0.080 0.081 0.173089
0.081 0.082 0.159111
0.082 0.083 0.146218
0.083 0.084 0.133682
0.084 0.085 0.121818
0.085 0.086 0.110706
0.086 0.087 0.097006
0.087 0.088 0.088226
0.088 0.089 0.078414
0.089 0.090 0.069027
0.090 0.091 0.059921
0.091 0.092 0.050696
0.092 0.093 0.040746
0.093 0.094 0.034748
0.094 0.095 0.028471
0.095 0.096 0.022503
0.096 0.097 0.014379
0.097 0.098 0.010158
0.098 0.099 0.005963
0.099 0.100 0.001500
0.100 0.101 0.000000
0.101 0.102 0.000000
0.102 0.103 0.000000
0.103 0.104 0.000000
0.104 0.105 0.000000
0.105 0.106 0.000000
0.106 0.107 0.000000
0.107 0.108 0.000000
0.108 0.109 0.000000
0.109 0.110 0.000000
0.110 0.111 0.000000
0.111 0.112 0.000000
0.112 0.113 0.000000
0.113 0.114 0.000000
0.114 0.115 0.000000
0.115 0.116 0.000000
0.116 0.117 0.000000
0.117 0.118 0.000000
0.118 0.119 0.000000
0.119 0.120 0.000000
0.120 0.121 0.000000
0.121 0.122 0.000000
0.122 0.123 0.000000
0.123 0.124 0.000000
0.124 0.125 0.000000
0.125 0.126 0.000000
0.126 0.127 0.000000
0.127 0.128 0.000000
0.128 0.129 0.000000
0.129 0.130 0.000000
0.130 0.131 0.000000
0.131 0.132 0.000000
0.132 0.133 0.000000
0.133 0.134 0.000000
0.134 0.135 0.000000
0.135 0.136 0.000000
0.136 0.137 0.000000
0.137 0.138 0.000000
0.138 0.139 0.000000
0.139 0.140 0.000000
0.140 0.141 0.000000
0.141 0.142 0.000000
0.142 0.143 0.000000
0.143 0.144 0.000000
0.144 0.145 0.000000
0.145 0.146 0.000000
0.146 0.147 0.000000
0.147 0.148 0.000000
0.148 0.149 0.000000
0.149 0.150 0.000000
