1
0.000 0.001 0.000000
0.001 0.002 0.000000
0.002 0.003 0.000000
0.003 0.004 0.000000
0.004 0.005 0.000000
0.005 0.006 0.000000
0.006 0.007 0.000000
0.007 0.008 0.000000
0.008 0.009 0.000000
0.009 0.010 0.000000
0.010 0.011 0.000000
0.011 0.012 0.000000
0.012 0.013 0.000000
0.013 0.014 0.000000
0.014 0.015 0.000000
0.015 0.016 0.000000
0.016 0.017 0.000000
0.017 0.018 0.000000
0.018 0.019 0.000000
0.019 0.020 0.000000
0.020 0.021 0.000003
0.021 0.022 0.000019
0.022 0.023 0.000082
0.023 0.024 0.000285
0.024 0.025 0.000828
0.025 0.026 0.002054
0.026 0.027 0.004465
0.027 0.028 0.008748
0.028 0.029 0.015683
0.029 0.030 0.025895
0.030 0.031 0.040103
0.031 0.032 0.058671
0.032 0.033 0.081974
0.033 0.034 0.109657
0.034 0.035 0.141355
0.035 0.036 0.176923
0.036 0.037 0.214751
0.037 0.038 0.254495
0.038 0.039 0.296134
0.039 0.040 0.338772
0.040 0.041 0.379700
0.041 0.042 0.419550
0.042 0.043 0.458313
0.043 0.044 0.494599
0.044 0.045 0.529184
0.045 0.046 0.557462
0.046 0.047 0.584350
0.047 0.048 0.608938
0.048 0.049 0.628072
0.049 0.050 0.640246
0.050 0.051 0.652308
0.051 0.052 0.663699
0.052 0.053 0.671186
0.053 0.054 0.675048
0.054 0.055 0.676472
0.055 0.056 0.673865
0.056 0.057 0.668764
0.057 0.058 0.780029
0.058 0.059 1.000000
0.059 0.060 0.872002
0.060 0.061 0.639746
0.061 0.062 0.626784
0.062 0.063 0.598208
0.063 0.064 0.579696
0.064 0.065 0.561902
0.065 0.066 0.543206
0.066 0.067 0.626352
0.067 0.068 0.607837
0.068 0.069 0.503413
0.069 0.070 0.456188
0.070 0.071 0.397290
0.071 0.072 0.381400
0.072 0.073 0.359378
0.073 0.074 0.341763
0.074 0.075 0.320612
0.075 0.076 0.302638
0.076 0.077 0.284534
0.077 0.078 0.266831
0.078 0.079 0.251507
0.079 0.080 0.235891
0.080 0.081 0.217077
0.081 0.082 0.192892
0.082 0.083 0.176649
0.083 0.084 0.161355
0.084 0.085 0.145819
0.085 0.086 0.130721
0.086 0.087 0.111541
0.087 0.088 0.098893
0.088 0.089 0.084052
0.089 0.090 0.070963
0.090 0.091 0.059820
0.091 0.092 0.045076
0.092 0.093 0.036327
0.093 0.094 0.027208
0.094 0.095 0.015967
0.095 0.096 0.010596
0.096 0.097 0.002837
0.097 0.098 0.000000
0.098 0.099 0.000000
0.099 0.100 0.000000
0.100 0.101 0.000000
0.101 0.102 0.000000
0.102 0.103 0.000000
0.103 0.104 0.000000
0.104 0.105 0.000000
0.105 0.106 0.000000
0.106 0.107 0.000000
0.107 0.108 0.000000
0.108 0.109 0.000000
0.109 0.110 0.000000
0.110 0.111 0.000000
0.111 0.112 0.000000
0.112 0.113 0.000000
0.113 0.114 0.000000
0.114 0.115 0.000000
0.115 0.116 0.000000
0.116 0.117 0.000000
0.117 0.118 0.000000
0.118 0.119 0.000000
0.119 0.120 0.000000
0.120 0.121 0.000000
0.121 0.122 0.000000
0.122 0.123 0.000000
0.123 0.124 0.000000
0.124 0.125 0.000000
0.125 0.126 0.000000
0.126 0.127 0.000000
0.127 0.128 0.000000
0.128 0.129 0.000000
0.129 0.130 0.000000
0.130 0.131 0.000000
0.131 0.132 0.000000
0.132 0.133 0.000000
0.133 0.134 0.000000
0.134 0.135 0.000000
0.135 0.136 0.000000
0.136 0.137 0.000000
0.137 0.138 0.000000
0.138 0.139 0.000000
0.139 0.140 0.000000
0.140 0.141 0.000000
0.141 0.142 0.000000
0.142 0.143 0.000000
0.143 0.144 0.000000
0.144 0.145 0.000000
0.145 0.146 0.000000
0.146 0.147 0.000000
0.147 0.148 0.000000
0.148 0.149 0.000000
0.149 0.150 0.000000
