1
0.000 0.001 0.000000
0.001 0.002 0.000000
0.002 0.003 0.000000
0.003 0.004 0.000000
0.004 0.005 0.000000
0.005 0.006 0.000000
0.006 0.007 0.000000
0.007 0.008 0.000000
0.008 0.009 0.000000
0.009 0.010 0.000000
0.010 0.011 0.000000
0.011 0.012 0.000000
0.012 0.013 0.000000
0.013 0.014 0.000000
0.014 0.015 0.000000
0.015 0.016 0.000000
0.016 0.017 0.000000
0.017 0.018 0.000000
0.018 0.019 0.000000
0.019 0.020 0.000000
0.020 0.021 0.000000
0.021 0.022 0.000003
0.022 0.023 0.000016
0.023 0.024 0.000062
0.024 0.025 0.000198
0.025 0.026 0.000538
0.026 0.027 0.001266
0.027 0.028 0.002666
0.028 0.029 0.005103
0.029 0.030 0.008930
0.030 0.031 0.014603
0.031 0.032 0.022446
0.032 0.033 0.032734
0.033 0.034 0.045662
0.034 0.035 0.061303
0.035 0.036 0.079360
0.036 0.037 0.099675
0.037 0.038 0.122221
0.038 0.039 0.145784
0.039 0.040 0.171092
0.040 0.041 0.197345
0.041 0.042 0.223325
0.042 0.043 0.249998
0.043 0.044 0.276197
0.044 0.045 0.301911
0.045 0.046 0.325523
0.046 0.047 0.347057
0.047 0.048 0.369323
0.048 0.049 0.389688
0.049 0.050 0.405340
0.050 0.051 0.419921
0.051 0.052 0.434718
0.052 0.053 0.449135
0.053 0.054 0.460273
0.054 0.055 0.469319
0.055 0.056 0.478547
0.056 0.057 0.486802
0.057 0.058 0.662134
0.058 0.059 1.000000
0.059 0.060 0.833448
0.060 0.061 0.506383
0.061 0.062 0.505602
0.062 0.063 0.485625
0.063 0.064 0.479936
0.064 0.065 0.471966
0.065 0.066 0.468297
0.066 0.067 0.615735
0.067 0.068 0.613532
0.068 0.069 0.484500
0.069 0.070 0.440657
0.070 0.071 0.366314
0.071 0.072 0.359340
0.072 0.073 0.349725
0.073 0.074 0.344972
0.074 0.075 0.338725
0.075 0.076 0.330130
0.076 0.077 0.317541
0.077 0.078 0.309814
0.078 0.079 0.306125
0.079 0.080 0.300345
0.080 0.081 0.290944
0.081 0.082 0.280104
0.082 0.083 0.270589
0.083 0.084 0.261480
0.084 0.085 0.253038
0.085 0.086 0.245412
0.086 0.087 0.234981
0.087 0.088 0.227761
0.088 0.089 0.218556
0.089 0.090 0.209004
0.090 0.091 0.199647
0.091 0.092 0.187347
0.092 0.093 0.179226
0.093 0.094 0.174967
0.094 0.095 0.166422
0.095 0.096 0.158066
0.096 0.097 0.148749
0.097 0.098 0.137421
0.098 0.099 0.125968
0.099 0.100 0.119063
0.100 0.101 0.114023
0.101 0.102 0.107753
0.102 0.103 0.098772
0.103 0.104 0.091872
0.104 0.105 0.086342
0.105 0.106 0.079281
0.106 0.107 0.071302
0.107 0.108 0.064673
0.108 0.109 0.059009
0.109 0.110 0.052758
0.110 0.111 0.046957
0.111 0.112 0.042266
0.112 0.113 0.036172
0.113 0.114 0.030080
0.114 0.115 0.026387
0.115 0.116 0.021984
0.116 0.117 0.018081
0.117 0.118 0.013869
0.118 0.119 0.008173
0.119 0.120 0.006296
0.120 0.121 0.005049
0.121 0.122 0.001966
0.122 0.123 0.001200
0.123 0.124 0.000000
0.124 0.125 0.000000
0.125 0.126 0.000000
0.126 0.127 0.000000
0.127 0.128 0.000000
0.128 0.129 0.000000
0.129 0.130 0.000000
0.130 0.131 0.000000
0.131 0.132 0.000000
0.132 0.133 0.000000
0.133 0.134 0.000000
0.134 0.135 0.000000
0.135 0.136 0.000000
0.136 0.137 0.000000
0.137 0.138 0.000000
0.138 0.139 0.000000
0.139 0.140 0.000000
0.140 0.141 0.000000
0.141 0.142 0.000000
0.142 0.143 0.000000
0.143 0.144 0.000000
0.144 0.145 0.000000
0.145 0.146 0.000000
0.146 0.147 0.000000
0.147 0.148 0.000000
0.148 0.149 0.000000
0.149 0.150 0.000000
