1
0.000 0.001 0.000000
0.001 0.002 0.000000
0.002 0.003 0.000000
0.003 0.004 0.000000
0.004 0.005 0.000000
0.005 0.006 0.000000
0.006 0.007 0.000000
0.007 0.008 0.000000
0.008 0.009 0.000000
0.009 0.010 0.000000
0.010 0.011 0.000000
0.011 0.012 0.000000
0.012 0.013 0.000000
0.013 0.014 0.000000
0.014 0.015 0.000000
0.015 0.016 0.000000
0.016 0.017 0.000001
0.017 0.018 0.000009
0.018 0.019 0.000055
0.019 0.020 0.000245
0.020 0.021 0.000850
0.021 0.022 0.002381
0.022 0.023 0.005634
0.023 0.024 0.011610
0.024 0.025 0.021378
0.025 0.026 0.035953
0.026 0.027 0.055936
0.027 0.028 0.081629
0.028 0.029 0.113162
0.029 0.030 0.150101
0.030 0.031 0.190859
0.031 0.032 0.233915
0.032 0.033 0.281013
0.033 0.034 0.328921
0.034 0.035 0.374991
0.035 0.036 0.419761
0.036 0.037 0.461391
0.037 0.038 0.502057
0.038 0.039 0.542408
0.039 0.040 0.580138
0.040 0.041 0.610916
0.041 0.042 0.639684
0.042 0.043 0.663497
0.043 0.044 0.685988
0.044 0.045 0.706128
0.045 0.046 0.716016
0.046 0.047 0.728658
0.047 0.048 0.734990
0.048 0.049 0.735392
0.049 0.050 0.735577
0.050 0.051 0.737228
0.051 0.052 0.738515
0.052 0.053 0.727344
0.053 0.054 0.716950
0.054 0.055 0.711330
0.055 0.056 0.699372
0.056 0.057 0.680742
0.057 0.058 0.784231
0.058 0.059 1.000000
0.059 0.060 0.873502
0.060 0.061 0.641555
0.061 0.062 0.620010
0.062 0.063 0.584615
0.063 0.064 0.565421
0.064 0.065 0.545605
0.065 0.066 0.524297
0.066 0.067 0.597113
0.067 0.068 0.582475
0.068 0.069 0.485420
0.069 0.070 0.436097
0.070 0.071 0.379827
0.071 0.072 0.365621
0.072 0.073 0.345575
0.073 0.074 0.323022
0.074 0.075 0.300315
0.075 0.076 0.279432
0.076 0.077 0.260182
0.077 0.078 0.238972
0.078 0.079 0.218019
0.079 0.080 0.198755
0.080 0.081 0.177025
0.081 0.082 0.151008
0.082 0.083 0.129442
0.083 0.084 0.111290
0.084 0.085 0.089388
0.085 0.086 0.067276
0.086 0.087 0.045874
0.087 0.088 0.026196
0.088 0.089 0.011445
0.089 0.090 0.001384
0.090 0.091 0.000000
0.091 0.092 0.000000
0.092 0.093 0.000000
0.093 0.094 0.000000
0.094 0.095 0.000000
0.095 0.096 0.000000
0.096 0.097 0.000000
0.097 0.098 0.000000
0.098 0.099 0.000000
0.099 0.100 0.000000
0.100 0.101 0.000000
0.101 0.102 0.000000
0.102 0.103 0.000000
0.103 0.104 0.000000
0.104 0.105 0.000000
0.105 0.106 0.000000
0.106 0.107 0.000000
0.107 0.108 0.000000
0.108 0.109 0.000000
0.109 0.110 0.000000
0.110 0.111 0.000000
0.111 0.112 0.000000
0.112 0.113 0.000000
0.113 0.114 0.000000
0.114 0.115 0.000000
0.115 0.116 0.000000
0.116 0.117 0.000000
0.117 0.118 0.000000
0.118 0.119 0.000000
0.119 0.120 0.000000
0.120 0.121 0.000000
0.121 0.122 0.000000
0.122 0.123 0.000000
0.123 0.124 0.000000
0.124 0.125 0.000000
0.125 0.126 0.000000
0.126 0.127 0.000000
0.127 0.128 0.000000
0.128 0.129 0.000000
0.129 0.130 0.000000
0.130 0.131 0.000000
0.131 0.132 0.000000
0.132 0.133 0.000000
0.133 0.134 0.000000
0.134 0.135 0.000000
0.135 0.136 0.000000
0.136 0.137 0.000000
0.137 0.138 0.000000
0.138 0.139 0.000000
0.139 0.140 0.000000
0.140 0.141 0.000000
0.141 0.142 0.000000
0.142 0.143 0.000000
0.143 0.144 0.000000
0.144 0.145 0.000000
0.145 0.146 0.000000
0.146 0.147 0.000000
0.147 0.148 0.000000
0.148 0.149 0.000000
0.149 0.150 0.000000
