1
0.000 0.001 0.000000
0.001 0.002 0.000000
0.002 0.003 0.000000
0.003 0.004 0.000000
0.004 0.005 0.000000
0.005 0.006 0.000000
0.006 0.007 0.000000
0.007 0.008 0.000000
0.008 0.009 0.000000
0.009 0.010 0.000000
0.010 0.011 0.000000
0.011 0.012 0.000000
0.012 0.013 0.000000
0.013 0.014 0.000000
0.014 0.015 0.000000
0.015 0.016 0.000000
0.016 0.017 0.000000
0.017 0.018 0.000000
0.018 0.019 0.000000
0.019 0.020 0.000000
0.020 0.021 0.000002
0.021 0.022 0.000012
0.022 0.023 0.000054
0.023 0.024 0.000186
0.024 0.025 0.000536
0.025 0.026 0.001322
0.026 0.027 0.002863
0.027 0.028 0.005602
0.028 0.029 0.010047
0.029 0.030 0.016633
0.030 0.031 0.025762
0.031 0.032 0.037783
0.032 0.033 0.053060
0.033 0.034 0.071346
0.034 0.035 0.092440
0.035 0.036 0.116623
0.036 0.037 0.142912
0.037 0.038 0.169894
0.038 0.039 0.198569
0.039 0.040 0.229132
0.040 0.041 0.258914
0.041 0.042 0.288298
0.042 0.043 0.318149
0.043 0.044 0.346142
0.044 0.045 0.373625
0.045 0.046 0.399328
0.046 0.047 0.421703
0.047 0.048 0.443769
0.048 0.049 0.464716
0.049 0.050 0.480262
0.050 0.051 0.495040
0.051 0.052 0.511124
0.052 0.053 0.523958
0.053 0.054 0.532940
0.054 0.055 0.539507
0.055 0.056 0.546075
0.056 0.057 0.552487
0.057 0.058 0.706168
0.058 0.059 1.000000
0.059 0.060 0.849218
0.060 0.061 0.559992
0.061 0.062 0.556076
0.062 0.063 0.535485
0.063 0.064 0.526383
0.064 0.065 0.518134
0.065 0.066 0.511881
0.066 0.067 0.633383
0.067 0.068 0.626986
0.068 0.069 0.509638
0.069 0.070 0.464851
0.070 0.071 0.398399
0.071 0.072 0.388126
0.072 0.073 0.373725
0.073 0.074 0.367154
0.074 0.075 0.358665
0.075 0.076 0.344261
0.076 0.077 0.327887
0.077 0.078 0.314297
0.078 0.079 0.305526
0.079 0.080 0.294923
0.080 0.081 0.280360
0.081 0.082 0.263216
0.082 0.083 0.246443
0.083 0.084 0.230438
0.084 0.085 0.216154
0.085 0.086 0.203281
0.086 0.087 0.187423
0.087 0.088 0.175708
0.088 0.089 0.163428
0.089 0.090 0.148558
0.090 0.091 0.134204
0.091 0.092 0.120781
0.092 0.093 0.109570
0.093 0.094 0.098241
0.094 0.095 0.087982
0.095 0.096 0.078313
0.096 0.097 0.065432
0.097 0.098 0.054529
0.098 0.099 0.042264
0.099 0.100 0.032896
0.100 0.101 0.029314
0.101 0.102 0.021649
0.102 0.103 0.015342
0.103 0.104 0.008811
0.104 0.105 0.004451
0.105 0.106 0.001236
0.106 0.107 0.000000
0.107 0.108 0.000000
0.108 0.109 0.000000
0.109 0.110 0.000000
0.110 0.111 0.000000
0.111 0.112 0.000000
0.112 0.113 0.000000
0.113 0.114 0.000000
0.114 0.115 0.000000
0.115 0.116 0.000000
0.116 0.117 0.000000
0.117 0.118 0.000000
0.118 0.119 0.000000
0.119 0.120 0.000000
0.120 0.121 0.000000
0.121 0.122 0.000000
0.122 0.123 0.000000
0.123 0.124 0.000000
0.124 0.125 0.000000
0.125 0.126 0.000000
0.126 0.127 0.000000
0.127 0.128 0.000000
0.128 0.129 0.000000
0.129 0.130 0.000000
0.130 0.131 0.000000
0.131 0.132 0.000000
0.132 0.133 0.000000
0.133 0.134 0.000000
0.134 0.135 0.000000
0.135 0.136 0.000000
0.136 0.137 0.000000
0.137 0.138 0.000000
0.138 0.139 0.000000
0.139 0.140 0.000000
0.140 0.141 0.000000
0.141 0.142 0.000000
0.142 0.143 0.000000
0.143 0.144 0.000000
0.144 0.145 0.000000
0.145 0.146 0.000000
0.146 0.147 0.000000
0.147 0.148 0.000000
0.148 0.149 0.000000
0.149 0.150 0.000000
