1
0.000 0.001 0.000000
0.001 0.002 0.000000
0.002 0.003 0.000000
0.003 0.004 0.000000
0.004 0.005 0.000000
0.005 0.006 0.000000
0.006 0.007 0.000000
0.007 0.008 0.000000
0.008 0.009 0.000000
0.009 0.010 0.000000
0.010 0.011 0.000000
0.011 0.012 0.000000
0.012 0.013 0.000000
0.013 0.014 0.000000
0.014 0.015 0.000000
0.015 0.016 0.000000
0.016 0.017 0.000000
0.017 0.018 0.000000
0.018 0.019 0.000000
0.019 0.020 0.000000
0.020 0.021 0.000001
0.021 0.022 0.000006
0.022 0.023 0.000028
0.023 0.024 0.000098
0.024 0.025 0.000288
0.025 0.026 0.000727
0.026 0.027 0.001612
0.027 0.028 0.003227
0.028 0.029 0.005902
0.029 0.030 0.009933
0.030 0.031 0.015716
0.031 0.032 0.023468
0.032 0.033 0.033448
0.033 0.034 0.045719
0.034 0.035 0.060137
0.035 0.036 0.076644
0.036 0.037 0.094929
0.037 0.038 0.115103
0.038 0.039 0.136402
0.039 0.040 0.158395
0.040 0.041 0.180915
0.041 0.042 0.203661
0.042 0.043 0.226504
0.043 0.044 0.248559
0.044 0.045 0.270582
0.045 0.046 0.290257
0.046 0.047 0.309346
0.047 0.048 0.329001
0.048 0.049 0.345803
0.049 0.050 0.359552
0.050 0.051 0.373451
0.051 0.052 0.387427
0.052 0.053 0.397517
0.053 0.054 0.406733
0.054 0.055 0.414961
0.055 0.056 0.422748
0.056 0.057 0.430353
0.057 0.058 0.625270
0.058 0.059 1.000000
0.059 0.060 0.814941
0.060 0.061 0.454554
0.061 0.062 0.455082
0.062 0.063 0.433709
0.063 0.064 0.431227
0.064 0.065 0.427447
0.065 0.066 0.422073
0.066 0.067 0.584398
0.067 0.068 0.583591
0.068 0.069 0.446609
0.069 0.070 0.404372
0.070 0.071 0.326135
0.071 0.072 0.322620
0.072 0.073 0.316449
0.073 0.074 0.312094
0.074 0.075 0.308326
0.075 0.076 0.303348
0.076 0.077 0.296031
0.077 0.078 0.290299
0.078 0.079 0.285644
0.079 0.080 0.279987
0.080 0.081 0.275266
0.081 0.082 0.268646
0.082 0.083 0.261615
0.083 0.084 0.254921
0.084 0.085 0.249234
0.085 0.086 0.243865
0.086 0.087 0.237990
0.087 0.088 0.233253
0.088 0.089 0.226366
0.089 0.090 0.218421
0.090 0.091 0.211379
0.091 0.092 0.201284
0.092 0.093 0.195018
0.093 0.094 0.191408
0.094 0.095 0.185274
0.095 0.096 0.179663
0.096 0.097 0.174007
0.097 0.098 0.166411
0.098 0.099 0.159057
0.099 0.100 0.153622
0.100 0.101 0.148717
0.101 0.102 0.142594
0.102 0.103 0.136047
0.103 0.104 0.130114
0.104 0.105 0.125022
0.105 0.106 0.118929
0.106 0.107 0.113783
0.107 0.108 0.107655
0.108 0.109 0.102838
0.109 0.110 0.098400
0.110 0.111 0.093347
0.111 0.112 0.088524
0.112 0.113 0.082063
0.113 0.114 0.075418
0.114 0.115 0.071687
0.115 0.116 0.067808
0.116 0.117 0.063161
0.117 0.118 0.059238
0.118 0.119 0.054201
0.119 0.120 0.050172
0.120 0.121 0.047587
0.121 0.122 0.043849
0.122 0.123 0.039617
0.123 0.124 0.036729
0.124 0.125 0.033096
0.125 0.126 0.029418
0.126 0.127 0.026518
0.127 0.128 0.022923
0.128 0.129 0.019785
0.129 0.130 0.016221
0.130 0.131 0.013715
0.131 0.132 0.012269
0.132 0.133 0.010218
0.133 0.134 0.007774
0.134 0.135 0.005088
0.135 0.136 0.003813
0.136 0.137 0.002595
0.137 0.138 0.000918
0.138 0.139 0.000469
0.139 0.140 0.000000
0.140 0.141 0.000000
0.141 0.142 0.000000
0.142 0.143 0.000000
0.143 0.144 0.000000
0.144 0.145 0.000000
0.145 0.146 0.000000
0.146 0.147 0.000000
0.147 0.148 0.000000
0.148 0.149 0.000000
0.149 0.150 0.000000
