1
0.000 0.001 0.000000
0.001 0.002 0.000000
0.002 0.003 0.000000
0.003 0.004 0.000000
0.004 0.005 0.000000
0.005 0.006 0.000000
0.006 0.007 0.000000
0.007 0.008 0.000000
0.008 0.009 0.000000
0.009 0.010 0.000000
0.010 0.011 0.000000
0.011 0.012 0.000000
0.012 0.013 0.000000
0.013 0.014 0.000000
0.014 0.015 0.000000
0.015 0.016 0.000000
0.016 0.017 0.000000
0.017 0.018 0.000000
0.018 0.019 0.000002
0.019 0.020 0.000011
0.020 0.021 0.000050
0.021 0.022 0.000173
0.022 0.023 0.000490
0.023 0.024 0.001189
0.024 0.025 0.002526
0.025 0.026 0.004819
0.026 0.027 0.008422
0.027 0.028 0.013629
0.028 0.029 0.020716
0.029 0.030 0.029738
0.030 0.031 0.040765
0.031 0.032 0.053815
0.032 0.033 0.068666
0.033 0.034 0.084925
0.034 0.035 0.102426
0.035 0.036 0.121013
0.036 0.037 0.139934
0.037 0.038 0.159814
0.038 0.039 0.179366
0.039 0.040 0.197986
0.040 0.041 0.216115
0.041 0.042 0.233586
0.042 0.043 0.250172
0.043 0.044 0.265775
0.044 0.045 0.281489
0.045 0.046 0.293639
0.046 0.047 0.305894
0.047 0.048 0.318336
0.048 0.049 0.326849
0.049 0.050 0.335232
0.050 0.051 0.344053
0.051 0.052 0.351595
0.052 0.053 0.355859
0.053 0.054 0.359790
0.054 0.055 0.363952
0.055 0.056 0.367126
0.056 0.057 0.370947
0.057 0.058 0.588147
0.058 0.059 1.000000
0.059 0.060 0.786425
0.060 0.061 0.388904
0.061 0.062 0.388621
0.062 0.063 0.364448
0.063 0.064 0.363397
0.064 0.065 0.361524
0.065 0.066 0.356649
0.066 0.067 0.523351
0.067 0.068 0.521128
0.068 0.069 0.382123
0.069 0.070 0.342454
0.070 0.071 0.264337
0.071 0.072 0.262775
0.072 0.073 0.259201
0.073 0.074 0.255114
0.074 0.075 0.253241
0.075 0.076 0.250979
0.076 0.077 0.247001
0.077 0.078 0.244752
0.078 0.079 0.241306
0.079 0.080 0.238731
0.080 0.081 0.237485
0.081 0.082 0.234079
0.082 0.083 0.229037
0.083 0.084 0.224252
0.084 0.085 0.220529
0.085 0.086 0.216881
0.086 0.087 0.214594
0.087 0.088 0.211381
0.088 0.089 0.206295
0.089 0.090 0.201828
0.090 0.091 0.197872
0.091 0.092 0.192796
0.092 0.093 0.187705
0.093 0.094 0.183747
0.094 0.095 0.179085
0.095 0.096 0.175333
0.096 0.097 0.172179
0.097 0.098 0.167539
0.098 0.099 0.162453
0.099 0.100 0.159215
0.100 0.101 0.155661
0.101 0.102 0.150867
0.102 0.103 0.147382
0.103 0.104 0.144163
0.104 0.105 0.138953
0.105 0.106 0.133247
0.106 0.107 0.128816
0.107 0.108 0.123925
0.108 0.109 0.120506
0.109 0.110 0.118124
0.110 0.111 0.114326
0.111 0.112 0.110004
0.112 0.113 0.104355
0.113 0.114 0.098626
0.114 0.115 0.095022
0.115 0.116 0.091677
0.116 0.117 0.086710
0.117 0.118 0.083560
0.118 0.119 0.080067
0.119 0.120 0.075339
0.120 0.121 0.071625
0.121 0.122 0.068028
0.122 0.123 0.064604
0.123 0.124 0.061049
0.124 0.125 0.056528
0.125 0.126 0.051911
0.126 0.127 0.048152
0.127 0.128 0.043283
0.128 0.129 0.039307
0.129 0.130 0.035270
0.130 0.131 0.030772
0.131 0.132 0.028358
0.132 0.133 0.024736
0.133 0.134 0.020247
0.134 0.135 0.016065
0.135 0.136 0.012243
0.136 0.137 0.008591
0.137 0.138 0.004391
0.138 0.139 0.000210
0.139 0.140 0.000000
0.140 0.141 0.000000
0.141 0.142 0.000000
0.142 0.143 0.000000
0.143 0.144 0.000000
0.144 0.145 0.000000
0.145 0.146 0.000000
0.146 0.147 0.000000
0.147 0.148 0.000000
0.148 0.149 0.000000
0.149 0.150 0.000000
