1
0.000 0.001 0.000000
0.001 0.002 0.000000
0.002 0.003 0.000000
0.003 0.004 0.000000
0.004 0.005 0.000000
0.005 0.006 0.000000
0.006 0.007 0.000000
0.007 0.008 0.000000
0.008 0.009 0.000000
0.009 0.010 0.000000
0.010 0.011 0.000000
0.011 0.012 0.000000
0.012 0.013 0.000000
0.013 0.014 0.000000
0.014 0.015 0.000000
0.015 0.016 0.000000
0.016 0.017 0.000000
0.017 0.018 0.000000
0.018 0.019 0.000000
0.019 0.020 0.000004
0.020 0.021 0.000021
0.021 0.022 0.000088
0.022 0.023 0.000293
0.023 0.024 0.000810
0.024 0.025 0.001927
0.025 0.026 0.004033
0.026 0.027 0.007591
0.027 0.028 0.013139
0.028 0.029 0.021160
0.029 0.030 0.031907
0.030 0.031 0.045625
0.031 0.032 0.062289
0.032 0.033 0.081897
0.033 0.034 0.104010
0.034 0.035 0.128389
0.035 0.036 0.154604
0.036 0.037 0.181884
0.037 0.038 0.209674
0.038 0.039 0.237097
0.039 0.040 0.264714
0.040 0.041 0.291729
0.041 0.042 0.317374
0.042 0.043 0.342570
0.043 0.044 0.365643
0.044 0.045 0.387919
0.045 0.046 0.407620
0.046 0.047 0.423792
0.047 0.048 0.440436
0.048 0.049 0.455925
0.049 0.050 0.466594
0.050 0.051 0.475381
0.051 0.052 0.485376
0.052 0.053 0.493945
0.053 0.054 0.498787
0.054 0.055 0.501611
0.055 0.056 0.505188
0.056 0.057 0.508004
0.057 0.058 0.676173
0.058 0.059 1.000000
0.059 0.060 0.829495
0.060 0.061 0.508850
0.061 0.062 0.504275
0.062 0.063 0.482596
0.063 0.064 0.474296
0.064 0.065 0.465147
0.065 0.066 0.458308
0.066 0.067 0.588490
0.067 0.068 0.582097
0.068 0.069 0.461516
0.069 0.070 0.418009
0.070 0.071 0.348865
0.071 0.072 0.339899
0.072 0.073 0.328494
0.073 0.074 0.322787
0.074 0.075 0.315484
0.075 0.076 0.305356
0.076 0.077 0.292361
0.077 0.078 0.282232
0.078 0.079 0.276336
0.079 0.080 0.268715
0.080 0.081 0.257714
0.081 0.082 0.245259
0.082 0.083 0.233475
0.083 0.084 0.223876
0.084 0.085 0.215234
0.085 0.086 0.207660
0.086 0.087 0.197553
0.087 0.088 0.190164
0.088 0.089 0.182177
0.089 0.090 0.170890
0.090 0.091 0.161072
0.091 0.092 0.149464
0.092 0.093 0.141461
0.093 0.094 0.136396
0.094 0.095 0.127920
0.095 0.096 0.119032
0.096 0.097 0.110972
0.097 0.098 0.101423
0.098 0.099 0.091740
0.099 0.100 0.084456
0.100 0.101 0.079232
0.101 0.102 0.073877
0.102 0.103 0.066061
0.103 0.104 0.059954
0.104 0.105 0.055375
0.105 0.106 0.048992
0.106 0.107 0.044200
0.107 0.108 0.038373
0.108 0.109 0.033238
0.109 0.110 0.027654
0.110 0.111 0.021941
0.111 0.112 0.018682
0.112 0.113 0.014684
0.113 0.114 0.010574
0.114 0.115 0.007963
0.115 0.116 0.004493
0.116 0.117 0.002895
0.117 0.118 0.000772
0.118 0.119 0.000000
0.119 0.120 0.000000
0.120 0.121 0.000000
0.121 0.122 0.000000
0.122 0.123 0.000000
0.123 0.124 0.000000
0.124 0.125 0.000000
0.125 0.126 0.000000
0.126 0.127 0.000000
0.127 0.128 0.000000
0.128 0.129 0.000000
0.129 0.130 0.000000
0.130 0.131 0.000000
0.131 0.132 0.000000
0.132 0.133 0.000000
0.133 0.134 0.000000
0.134 0.135 0.000000
0.135 0.136 0.000000
0.136 0.137 0.000000
0.137 0.138 0.000000
0.138 0.139 0.000000
0.139 0.140 0.000000
0.140 0.141 0.000000
0.141 0.142 0.000000
0.142 0.143 0.000000
0.143 0.144 0.000000
0.144 0.145 0.000000
0.145 0.146 0.000000
0.146 0.147 0.000000
0.147 0.148 0.000000
0.148 0.149 0.000000
0.149 0.150 0.000000
