1
0.000 0.001 0.000000
0.001 0.002 0.000000
0.002 0.003 0.000000
0.003 0.004 0.000000
0.004 0.005 0.000000
0.005 0.006 0.000000
0.006 0.007 0.000000
0.007 0.008 0.000000
0.008 0.009 0.000000
0.009 0.010 0.000000
0.010 0.011 0.000000
0.011 0.012 0.000000
0.012 0.013 0.000000
0.013 0.014 0.000000
0.014 0.015 0.000000
0.015 0.016 0.000000
0.016 0.017 0.000000
0.017 0.018 0.000000
0.018 0.019 0.000000
0.019 0.020 0.000000
0.020 0.021 0.000003
0.021 0.022 0.000017
0.022 0.023 0.000066
0.023 0.024 0.000211
0.024 0.025 0.000573
0.025 0.026 0.001347
0.026 0.027 0.002803
0.027 0.028 0.005308
0.028 0.029 0.009254
0.029 0.030 0.014939
0.030 0.031 0.022752
0.031 0.032 0.032880
0.032 0.033 0.045453
0.033 0.034 0.060431
0.034 0.035 0.077615
0.035 0.036 0.096836
0.036 0.037 0.117911
0.037 0.038 0.140571
0.038 0.039 0.163773
0.039 0.040 0.187493
0.040 0.041 0.211488
0.041 0.042 0.235207
0.042 0.043 0.258893
0.043 0.044 0.281470
0.044 0.045 0.303646
0.045 0.046 0.323450
0.046 0.047 0.341701
0.047 0.048 0.360385
0.048 0.049 0.376967
0.049 0.050 0.390200
0.050 0.051 0.402831
0.051 0.052 0.415502
0.052 0.053 0.425142
0.053 0.054 0.432718
0.054 0.055 0.439499
0.055 0.056 0.445779
0.056 0.057 0.450969
0.057 0.058 0.638837
0.058 0.059 1.000000
0.059 0.060 0.817876
0.060 0.061 0.467729
0.061 0.062 0.466083
0.062 0.063 0.444967
0.063 0.064 0.441501
0.064 0.065 0.436392
0.065 0.066 0.431109
0.066 0.067 0.582817
0.067 0.068 0.579620
0.068 0.069 0.447444
0.069 0.070 0.404513
0.070 0.071 0.328911
0.071 0.072 0.323347
0.072 0.073 0.315220
0.073 0.074 0.308992
0.074 0.075 0.304686
0.075 0.076 0.299228
0.076 0.077 0.291422
0.077 0.078 0.285138
0.078 0.079 0.280628
0.079 0.080 0.275329
0.080 0.081 0.268537
0.081 0.082 0.259896
0.082 0.083 0.251504
0.083 0.084 0.242811
0.084 0.085 0.236999
0.085 0.086 0.231620
0.086 0.087 0.225089
0.087 0.088 0.220547
0.088 0.089 0.213904
0.089 0.090 0.205571
0.090 0.091 0.198287
0.091 0.092 0.188250
0.092 0.093 0.180899
0.093 0.094 0.176656
0.094 0.095 0.168705
0.095 0.096 0.162865
0.096 0.097 0.156845
0.097 0.098 0.148889
0.098 0.099 0.141638
0.099 0.100 0.135933
0.100 0.101 0.130844
0.101 0.102 0.124933
0.102 0.103 0.117907
0.103 0.104 0.111800
0.104 0.105 0.107119
0.105 0.106 0.101303
0.106 0.107 0.096223
0.107 0.108 0.090017
0.108 0.109 0.084929
0.109 0.110 0.079884
0.110 0.111 0.074672
0.111 0.112 0.070039
0.112 0.113 0.063265
0.113 0.114 0.058581
0.114 0.115 0.054737
0.115 0.116 0.050503
0.116 0.117 0.046056
0.117 0.118 0.041719
0.118 0.119 0.036007
0.119 0.120 0.032009
0.120 0.121 0.030661
0.121 0.122 0.027821
0.122 0.123 0.024944
0.123 0.124 0.021886
0.124 0.125 0.018245
0.125 0.126 0.014174
0.126 0.127 0.012147
0.127 0.128 0.009734
0.128 0.129 0.007508
0.129 0.130 0.004912
0.130 0.131 0.003451
0.131 0.132 0.002393
0.132 0.133 0.000668
0.133 0.134 0.000000
0.134 0.135 0.000000
0.135 0.136 0.000000
0.136 0.137 0.000000
0.137 0.138 0.000000
0.138 0.139 0.000000
0.139 0.140 0.000000
0.140 0.141 0.000000
0.141 0.142 0.000000
0.142 0.143 0.000000
0.143 0.144 0.000000
0.144 0.145 0.000000
0.145 0.146 0.000000
0.146 0.147 0.000000
0.147 0.148 0.000000
0.148 0.149 0.000000
0.149 0.150 0.000000
