1
0.000 0.001 0.000000
0.001 0.002 0.000000
0.002 0.003 0.000000
0.003 0.004 0.000000
0.004 0.005 0.000000
0.005 0.006 0.000000
0.006 0.007 0.000000
0.007 0.008 0.000000
0.008 0.009 0.000000
0.009 0.010 0.000000
0.010 0.011 0.000000
0.011 0.012 0.000000
0.012 0.013 0.000000
0.013 0.014 0.000000
0.014 0.015 0.000000
0.015 0.016 0.000000
0.016 0.017 0.000000
0.017 0.018 0.000001
0.018 0.019 0.000010
0.019 0.020 0.000054
0.020 0.021 0.000217
0.021 0.022 0.000689
0.022 0.023 0.001818
0.023 0.024 0.004128
0.024 0.025 0.008303
0.025 0.026 0.015059
0.026 0.027 0.025024
0.027 0.028 0.038897
0.028 0.029 0.057017
0.029 0.030 0.078927
0.030 0.031 0.104795
0.031 0.032 0.134228
0.032 0.033 0.166227
0.033 0.034 0.200139
0.034 0.035 0.235526
0.035 0.036 0.271557
0.036 0.037 0.307062
0.037 0.038 0.340617
0.038 0.039 0.372915
0.039 0.040 0.404498
0.040 0.041 0.433738
0.041 0.042 0.459551
0.042 0.043 0.484381
0.043 0.044 0.505656
0.044 0.045 0.524405
0.045 0.046 0.539275
0.046 0.047 0.549258
0.047 0.048 0.559471
0.048 0.049 0.568214
0.049 0.050 0.569817
0.050 0.051 0.572346
0.051 0.052 0.576299
0.052 0.053 0.578753
0.053 0.054 0.577169
0.054 0.055 0.572677
0.055 0.056 0.568246
0.056 0.057 0.563704
0.057 0.058 0.712228
0.058 0.059 1.000000
0.059 0.060 0.833477
0.060 0.061 0.532008
0.061 0.062 0.522818
0.062 0.063 0.498112
0.063 0.064 0.484594
0.064 0.065 0.471322
0.065 0.066 0.460169
0.066 0.067 0.570584
0.067 0.068 0.559327
0.068 0.069 0.445842
0.069 0.070 0.401907
0.070 0.071 0.337410
0.071 0.072 0.323339
0.072 0.073 0.310369
0.073 0.074 0.304094
0.074 0.075 0.296238
0.075 0.076 0.284579
0.076 0.077 0.270904
0.077 0.078 0.259156
0.078 0.079 0.251611
0.079 0.080 0.242679
0.080 0.081 0.230724
0.081 0.082 0.216115
0.082 0.083 0.205703
0.083 0.084 0.195034
0.084 0.085 0.185708
0.085 0.086 0.177579
0.086 0.087 0.167456
0.087 0.088 0.159273
0.088 0.089 0.150796
0.089 0.090 0.140072
0.090 0.091 0.127383
0.091 0.092 0.117192
0.092 0.093 0.109771
0.093 0.094 0.104195
0.094 0.095 0.096295
0.095 0.096 0.088805
0.096 0.097 0.079762
0.097 0.098 0.068822
0.098 0.099 0.059941
0.099 0.100 0.053877
0.100 0.101 0.050959
0.101 0.102 0.045507
0.102 0.103 0.038103
0.103 0.104 0.031067
0.104 0.105 0.027903
0.105 0.106 0.023981
0.106 0.107 0.019776
0.107 0.108 0.015007
0.108 0.109 0.009738
0.109 0.110 0.006996
0.110 0.111 0.004387
0.111 0.112 0.001243
0.112 0.113 0.000000
0.113 0.114 0.000000
0.114 0.115 0.000000
0.115 0.116 0.000000
0.116 0.117 0.000000
0.117 0.118 0.000000
0.118 0.119 0.000000
0.119 0.120 0.000000
0.120 0.121 0.000000
0.121 0.122 0.000000
0.122 0.123 0.000000
0.123 0.124 0.000000
0.124 0.125 0.000000
0.125 0.126 0.000000
0.126 0.127 0.000000
0.127 0.128 0.000000
0.128 0.129 0.000000
0.129 0.130 0.000000
0.130 0.131 0.000000
0.131 0.132 0.000000
0.132 0.133 0.000000
0.133 0.134 0.000000
0.134 0.135 0.000000
0.135 0.136 0.000000
0.136 0.137 0.000000
0.137 0.138 0.000000
0.138 0.139 0.000000
0.139 0.140 0.000000
0.140 0.141 0.000000
0.141 0.142 0.000000
0.142 0.143 0.000000
0.143 0.144 0.000000
0.144 0.145 0.000000
0.145 0.146 0.000000
0.146 0.147 0.000000
0.147 0.148 0.000000
0.148 0.149 0.000000
0.149 0.150 0.000000
