1
0.000 0.001 0.000000
0.001 0.002 0.000000
0.002 0.003 0.000000
0.003 0.004 0.000000
0.004 0.005 0.000000
0.005 0.006 0.000000
0.006 0.007 0.000000
0.007 0.008 0.000000
0.008 0.009 0.000000
0.009 0.010 0.000000
0.010 0.011 0.000000
0.011 0.012 0.000000
0.012 0.013 0.000000
0.013 0.014 0.000000
0.014 0.015 0.000000
0.015 0.016 0.000000
0.016 0.017 0.000000
0.017 0.018 0.000000
0.018 0.019 0.000000
0.019 0.020 0.000000
0.020 0.021 0.000002
0.021 0.022 0.000014
0.022 0.023 0.000066
0.023 0.024 0.000235
0.024 0.025 0.000698
0.025 0.026 0.001770
0.026 0.027 0.003912
0.027 0.028 0.007774
0.028 0.029 0.014130
0.029 0.030 0.023639
0.030 0.031 0.036975
0.031 0.032 0.054239
0.032 0.033 0.076707
0.033 0.034 0.103675
0.034 0.035 0.134933
0.035 0.036 0.170355
0.036 0.037 0.208555
0.037 0.038 0.249029
0.038 0.039 0.291525
0.039 0.040 0.335162
0.040 0.041 0.377289
0.041 0.042 0.419067
0.042 0.043 0.458982
0.043 0.044 0.496429
0.044 0.045 0.531464
0.045 0.046 0.558623
0.046 0.047 0.589898
0.047 0.048 0.616837
0.048 0.049 0.638390
0.049 0.050 0.656731
0.050 0.051 0.673284
0.051 0.052 0.687216
0.052 0.053 0.693483
0.053 0.054 0.696783
0.054 0.055 0.698285
0.055 0.056 0.694029
0.056 0.057 0.686262
0.057 0.058 0.786366
0.058 0.059 1.000000
0.059 0.060 0.884689
0.060 0.061 0.663456
0.061 0.062 0.649203
0.062 0.063 0.619100
0.063 0.064 0.599592
0.064 0.065 0.580327
0.065 0.066 0.559199
0.066 0.067 0.636806
0.067 0.068 0.619238
0.068 0.069 0.508449
0.069 0.070 0.461003
0.070 0.071 0.403443
0.071 0.072 0.388126
0.072 0.073 0.366145
0.073 0.074 0.346739
0.074 0.075 0.326207
0.075 0.076 0.303624
0.076 0.077 0.281387
0.077 0.078 0.255321
0.078 0.079 0.240875
0.079 0.080 0.226026
0.080 0.081 0.207544
0.081 0.082 0.185760
0.082 0.083 0.166749
0.083 0.084 0.149613
0.084 0.085 0.130992
0.085 0.086 0.109087
0.086 0.087 0.094395
0.087 0.088 0.079986
0.088 0.089 0.063315
0.089 0.090 0.049040
0.090 0.091 0.034872
0.091 0.092 0.026690
0.092 0.093 0.018498
0.093 0.094 0.007094
0.094 0.095 0.004270
0.095 0.096 0.000000
0.096 0.097 0.000000
0.097 0.098 0.000000
0.098 0.099 0.000000
0.099 0.100 0.000000
0.100 0.101 0.000000
0.101 0.102 0.000000
0.102 0.103 0.000000
0.103 0.104 0.000000
0.104 0.105 0.000000
0.105 0.106 0.000000
0.106 0.107 0.000000
0.107 0.108 0.000000
0.108 0.109 0.000000
0.109 0.110 0.000000
0.110 0.111 0.000000
0.111 0.112 0.000000
0.112 0.113 0.000000
0.113 0.114 0.000000
0.114 0.115 0.000000
0.115 0.116 0.000000
0.116 0.117 0.000000
0.117 0.118 0.000000
0.118 0.119 0.000000
0.119 0.120 0.000000
0.120 0.121 0.000000
0.121 0.122 0.000000
0.122 0.123 0.000000
0.123 0.124 0.000000
0.124 0.125 0.000000
0.125 0.126 0.000000
0.126 0.127 0.000000
0.127 0.128 0.000000
0.128 0.129 0.000000
0.129 0.130 0.000000
0.130 0.131 0.000000
0.131 0.132 0.000000
0.132 0.133 0.000000
0.133 0.134 0.000000
0.134 0.135 0.000000
0.135 0.136 0.000000
0.136 0.137 0.000000
0.137 0.138 0.000000
0.138 0.139 0.000000
0.139 0.140 0.000000
0.140 0.141 0.000000
0.141 0.142 0.000000
0.142 0.143 0.000000
0.143 0.144 0.000000
0.144 0.145 0.000000
0.145 0.146 0.000000
0.146 0.147 0.000000
0.147 0.148 0.000000
0.148 0.149 0.000000
0.149 0.150 0.000000
