1
0.000 0.001 0.000000
0.001 0.002 0.000000
0.002 0.003 0.000000
0.003 0.004 0.000000
0.004 0.005 0.000000
0.005 0.006 0.000000
0.006 0.007 0.000000
0.007 0.008 0.000000
0.008 0.009 0.000000
0.009 0.010 0.000000
0.010 0.011 0.000000
0.011 0.012 0.000000
0.012 0.013 0.000000
0.013 0.014 0.000000
0.014 0.015 0.000000
0.015 0.016 0.000000
0.016 0.017 0.000000
0.017 0.018 0.000002
0.018 0.019 0.000012
0.019 0.020 0.000058
0.020 0.021 0.000224
0.021 0.022 0.000686
0.022 0.023 0.001754
0.023 0.024 0.003874
0.024 0.025 0.007613
0.025 0.026 0.013520
0.026 0.027 0.022083
0.027 0.028 0.033802
0.028 0.029 0.048868
0.029 0.030 0.067030
0.030 0.031 0.088219
0.031 0.032 0.112013
0.032 0.033 0.138005
0.033 0.034 0.165556
0.034 0.035 0.194034
0.035 0.036 0.222730
0.036 0.037 0.251329
0.037 0.038 0.279482
0.038 0.039 0.305875
0.039 0.040 0.331462
0.040 0.041 0.355410
0.041 0.042 0.376733
0.042 0.043 0.397426
0.043 0.044 0.415655
0.044 0.045 0.432578
0.045 0.046 0.446631
0.046 0.047 0.457335
0.047 0.048 0.468710
0.048 0.049 0.478495
0.049 0.050 0.483772
0.050 0.051 0.487554
0.051 0.052 0.492572
0.052 0.053 0.495947
0.053 0.054 0.496148
0.054 0.055 0.495167
0.055 0.056 0.495176
0.056 0.057 0.494156
0.057 0.058 0.667204
0.058 0.059 1.000000
0.059 0.060 0.818340
0.060 0.061 0.485688
0.061 0.062 0.479161
0.062 0.063 0.455147
0.063 0.064 0.446054
0.064 0.065 0.435895
0.065 0.066 0.427716
0.066 0.067 0.556598
0.067 0.068 0.549108
0.068 0.069 0.429542
0.069 0.070 0.387064
0.070 0.071 0.318871
0.071 0.072 0.310555
0.072 0.073 0.300244
0.073 0.074 0.294023
0.074 0.075 0.286426
0.075 0.076 0.278247
0.076 0.077 0.267895
0.077 0.078 0.258928
0.078 0.079 0.253319
0.079 0.080 0.246364
0.080 0.081 0.236753
0.081 0.082 0.225914
0.082 0.083 0.215748
0.083 0.084 0.207746
0.084 0.085 0.200445
0.085 0.086 0.193920
0.086 0.087 0.185274
0.087 0.088 0.179233
0.088 0.089 0.172285
0.089 0.090 0.162586
0.090 0.091 0.154765
0.091 0.092 0.144685
0.092 0.093 0.137890
0.093 0.094 0.134111
0.094 0.095 0.127092
0.095 0.096 0.120260
0.096 0.097 0.112225
0.097 0.098 0.104364
0.098 0.099 0.096910
0.099 0.100 0.091053
0.100 0.101 0.086792
0.101 0.102 0.081462
0.102 0.103 0.074143
0.103 0.104 0.067942
0.104 0.105 0.064168
0.105 0.106 0.059342
0.106 0.107 0.054567
0.107 0.108 0.048757
0.108 0.109 0.043232
0.109 0.110 0.038770
0.110 0.111 0.034635
0.111 0.112 0.031303
0.112 0.113 0.026962
0.113 0.114 0.022794
0.114 0.115 0.019940
0.115 0.116 0.016567
0.116 0.117 0.013568
0.117 0.118 0.009923
0.118 0.119 0.006913
0.119 0.120 0.005189
0.120 0.121 0.003563
0.121 0.122 0.002347
0.122 0.123 0.000648
0.123 0.124 0.000000
0.124 0.125 0.000000
0.125 0.126 0.000000
0.126 0.127 0.000000
0.127 0.128 0.000000
0.128 0.129 0.000000
0.129 0.130 0.000000
0.130 0.131 0.000000
0.131 0.132 0.000000
0.132 0.133 0.000000
0.133 0.134 0.000000
0.134 0.135 0.000000
0.135 0.136 0.000000
0.136 0.137 0.000000
0.137 0.138 0.000000
0.138 0.139 0.000000
0.139 0.140 0.000000
0.140 0.141 0.000000
0.141 0.142 0.000000
0.142 0.143 0.000000
0.143 0.144 0.000000
0.144 0.145 0.000000
0.145 0.146 0.000000
0.146 0.147 0.000000
0.147 0.148 0.000000
0.148 0.149 0.000000
0.149 0.150 0.000000
