1
0.000 0.001 0.000000
0.001 0.002 0.000000
0.002 0.003 0.000000
0.003 0.004 0.000000
0.004 0.005 0.000000
0.005 0.006 0.000000
0.006 0.007 0.000000
0.007 0.008 0.000000
0.008 0.009 0.000000
0.009 0.010 0.000000
0.010 0.011 0.000007
0.011 0.012 0.000082
0.012 0.013 0.000565
0.013 0.014 0.002705
0.014 0.015 0.009059
0.015 0.016 0.023157
0.016 0.017 0.048648
0.017 0.018 0.087799
0.018 0.019 0.141022
0.019 0.020 0.207244
0.020 0.021 0.283596
0.021 0.022 0.366494
0.022 0.023 0.450358
0.023 0.024 0.534063
0.024 0.025 0.616553
0.025 0.026 0.689812
0.026 0.027 0.755850
0.027 0.028 0.815795
0.028 0.029 0.865679
0.029 0.030 0.910124
0.030 0.031 0.945961
0.031 0.032 0.968604
0.032 0.033 0.984735
0.033 0.034 0.995019
0.034 0.035 1.000000
0.035 0.036 0.999889
0.036 0.037 0.991419
0.037 0.038 0.984698
0.038 0.039 0.974221
0.039 0.040 0.957348
0.040 0.041 0.939693
0.041 0.042 0.922087
0.042 0.043 0.901342
0.043 0.044 0.875712
0.044 0.045 0.852639
0.045 0.046 0.824195
0.046 0.047 0.797268
0.047 0.048 0.770760
0.048 0.049 0.740002
0.049 0.050 0.711917
0.050 0.051 0.685187
0.051 0.052 0.657176
0.052 0.053 0.629030
0.053 0.054 0.604479
0.054 0.055 0.576639
0.055 0.056 0.542783
0.056 0.057 0.511587
0.057 0.058 0.520567
0.058 0.059 0.558205
0.059 0.060 0.496099
0.060 0.061 0.405095
0.061 0.062 0.378515
0.062 0.063 0.351887
0.063 0.064 0.323920
0.064 0.065 0.297748
0.065 0.066 0.269679
0.066 0.067 0.266062
0.067 0.068 0.245496
0.068 0.069 0.202097
0.069 0.070 0.173092
0.070 0.071 0.149145
0.071 0.072 0.131725
0.072 0.073 0.109863
0.073 0.074 0.096442
0.074 0.075 0.083082
0.075 0.076 0.068094
0.076 0.077 0.056553
0.077 0.078 0.042338
0.078 0.079 0.031044
0.079 0.080 0.021064
0.080 0.081 0.013933
0.081 0.082 0.008366
0.082 0.083 0.001454
0.083 0.084 0.000000
0.084 0.085 0.000000
0.085 0.086 0.000000
0.086 0.087 0.000000
0.087 0.088 0.000000
0.088 0.089 0.000000
0.089 0.090 0.000000
0.090 0.091 0.000000
0.091 0.092 0.000000
0.092 0.093 0.000000
0.093 0.094 0.000000
0.094 0.095 0.000000
0.095 0.096 0.000000
0.096 0.097 0.000000
0.097 0.098 0.000000
0.098 0.099 0.000000
0.099 0.100 0.000000
0.100 0.101 0.000000
0.101 0.102 0.000000
0.102 0.103 0.000000
0.103 0.104 0.000000
0.104 0.105 0.000000
0.105 0.106 0.000000
0.106 0.107 0.000000
0.107 0.108 0.000000
0.108 0.109 0.000000
0.109 0.110 0.000000
0.110 0.111 0.000000
0.111 0.112 0.000000
0.112 0.113 0.000000
0.113 0.114 0.000000
0.114 0.115 0.000000
0.115 0.116 0.000000
0.116 0.117 0.000000
0.117 0.118 0.000000
0.118 0.119 0.000000
0.119 0.120 0.000000
0.120 0.121 0.000000
0.121 0.122 0.000000
0.122 0.123 0.000000
0.123 0.124 0.000000
0.124 0.125 0.000000
0.125 0.126 0.000000
0.126 0.127 0.000000
0.127 0.128 0.000000
0.128 0.129 0.000000
0.129 0.130 0.000000
0.130 0.131 0.000000
0.131 0.132 0.000000
0.132 0.133 0.000000
0.133 0.134 0.000000
0.134 0.135 0.000000
0.135 0.136 0.000000
0.136 0.137 0.000000
0.137 0.138 0.000000
0.138 0.139 0.000000
0.139 0.140 0.000000
0.140 0.141 0.000000
0.141 0.142 0.000000
0.142 0.143 0.000000
0.143 0.144 0.000000
0.144 0.145 0.000000
0.145 0.146 0.000000
0.146 0.147 0.000000
0.147 0.148 0.000000
0.148 0.149 0.000000
0.149 0.150 0.000000
