1
0.000 0.001 0.000000
0.001 0.002 0.000000
0.002 0.003 0.000000
0.003 0.004 0.000000
0.004 0.005 0.000000
0.005 0.006 0.000000
0.006 0.007 0.000000
0.007 0.008 0.000000
0.008 0.009 0.000000
0.009 0.010 0.000000
0.010 0.011 0.000000
0.011 0.012 0.000000
0.012 0.013 0.000000
0.013 0.014 0.000000
0.014 0.015 0.000000
0.015 0.016 0.000000
0.016 0.017 0.000005
0.017 0.018 0.000034
0.018 0.019 0.000166
0.019 0.020 0.000607
0.020 0.021 0.001767
0.021 0.022 0.004293
0.022 0.023 0.009006
0.023 0.024 0.016789
0.024 0.025 0.028421
0.025 0.026 0.044382
0.026 0.027 0.064840
0.027 0.028 0.089922
0.028 0.029 0.119163
0.029 0.030 0.151586
0.030 0.031 0.186326
0.031 0.032 0.222388
0.032 0.033 0.259471
0.033 0.034 0.296202
0.034 0.035 0.332260
0.035 0.036 0.367418
0.036 0.037 0.400347
0.037 0.038 0.429781
0.038 0.039 0.455906
0.039 0.040 0.480635
0.040 0.041 0.502519
0.041 0.042 0.521286
0.042 0.043 0.538545
0.043 0.044 0.551751
0.044 0.045 0.563613
0.045 0.046 0.572349
0.046 0.047 0.576457
0.047 0.048 0.581447
0.048 0.049 0.585419
0.049 0.050 0.583862
0.050 0.051 0.581025
0.051 0.052 0.580123
0.052 0.053 0.578167
0.053 0.054 0.572805
0.054 0.055 0.565254
0.055 0.056 0.558812
0.056 0.057 0.552479
0.057 0.058 0.705012
0.058 0.059 1.000000
0.059 0.060 0.826756
0.060 0.061 0.519624
0.061 0.062 0.508174
0.062 0.063 0.481642
0.063 0.064 0.466983
0.064 0.065 0.452502
0.065 0.066 0.440512
0.066 0.067 0.548345
0.067 0.068 0.536341
0.068 0.069 0.425185
0.069 0.070 0.381765
0.070 0.071 0.319356
0.071 0.072 0.307979
0.072 0.073 0.294195
0.073 0.074 0.286775
0.074 0.075 0.277960
0.075 0.076 0.265945
0.076 0.077 0.251253
0.077 0.078 0.240798
0.078 0.079 0.234254
0.079 0.080 0.226373
0.080 0.081 0.215667
0.081 0.082 0.203650
0.082 0.083 0.192770
0.083 0.084 0.181136
0.084 0.085 0.172702
0.085 0.086 0.165362
0.086 0.087 0.156142
0.087 0.088 0.148914
0.088 0.089 0.141481
0.089 0.090 0.131338
0.090 0.091 0.122151
0.091 0.092 0.112375
0.092 0.093 0.105331
0.093 0.094 0.100239
0.094 0.095 0.092805
0.095 0.096 0.085051
0.096 0.097 0.078001
0.097 0.098 0.069964
0.098 0.099 0.061339
0.099 0.100 0.055195
0.100 0.101 0.051221
0.101 0.102 0.046846
0.102 0.103 0.040587
0.103 0.104 0.035556
0.104 0.105 0.031814
0.105 0.106 0.026637
0.106 0.107 0.022937
0.107 0.108 0.018626
0.108 0.109 0.014724
0.109 0.110 0.010113
0.110 0.111 0.007343
0.111 0.112 0.004434
0.112 0.113 0.002831
0.113 0.114 0.000786
0.114 0.115 0.000000
0.115 0.116 0.000000
0.116 0.117 0.000000
0.117 0.118 0.000000
0.118 0.119 0.000000
0.119 0.120 0.000000
0.120 0.121 0.000000
0.121 0.122 0.000000
0.122 0.123 0.000000
0.123 0.124 0.000000
0.124 0.125 0.000000
0.125 0.126 0.000000
0.126 0.127 0.000000
0.127 0.128 0.000000
0.128 0.129 0.000000
0.129 0.130 0.000000
0.130 0.131 0.000000
0.131 0.132 0.000000
0.132 0.133 0.000000
0.133 0.134 0.000000
0.134 0.135 0.000000
0.135 0.136 0.000000
0.136 0.137 0.000000
0.137 0.138 0.000000
0.138 0.139 0.000000
0.139 0.140 0.000000
0.140 0.141 0.000000
0.141 0.142 0.000000
0.142 0.143 0.000000
0.143 0.144 0.000000
0.144 0.145 0.000000
0.145 0.146 0.000000
0.146 0.147 0.000000
0.147 0.148 0.000000
0.148 0.149 0.000000
0.149 0.150 0.000000
