1
0.000 0.001 0.000000
0.001 0.002 0.000000
0.002 0.003 0.000000
0.003 0.004 0.000000
0.004 0.005 0.000000
0.005 0.006 0.000000
0.006 0.007 0.000000
0.007 0.008 0.000000
0.008 0.009 0.000000
0.009 0.010 0.000000
0.010 0.011 0.000000
0.011 0.012 0.000000
0.012 0.013 0.000000
0.013 0.014 0.000000
0.014 0.015 0.000000
0.015 0.016 0.000000
0.016 0.017 0.000000
0.017 0.018 0.000000
0.018 0.019 0.000001
0.019 0.020 0.000009
0.020 0.021 0.000043
0.021 0.022 0.000156
0.022 0.023 0.000461
0.023 0.024 0.001157
0.024 0.025 0.002531
0.025 0.026 0.004943
0.026 0.027 0.008773
0.027 0.028 0.014426
0.028 0.029 0.022228
0.029 0.030 0.032190
0.030 0.031 0.044537
0.031 0.032 0.059078
0.032 0.033 0.075662
0.033 0.034 0.094212
0.034 0.035 0.114088
0.035 0.036 0.134352
0.036 0.037 0.155784
0.037 0.038 0.178655
0.038 0.039 0.200297
0.039 0.040 0.220936
0.040 0.041 0.241551
0.041 0.042 0.260928
0.042 0.043 0.279078
0.043 0.044 0.296576
0.044 0.045 0.313478
0.045 0.046 0.327209
0.046 0.047 0.339963
0.047 0.048 0.354110
0.048 0.049 0.365250
0.049 0.050 0.373343
0.050 0.051 0.381190
0.051 0.052 0.389289
0.052 0.053 0.394477
0.053 0.054 0.397876
0.054 0.055 0.401566
0.055 0.056 0.406204
0.056 0.057 0.409249
0.057 0.058 0.611550
0.058 0.059 1.000000
0.059 0.060 0.799492
0.060 0.061 0.423272
0.061 0.062 0.421804
0.062 0.063 0.398953
0.063 0.064 0.396199
0.064 0.065 0.391200
0.065 0.066 0.386583
0.066 0.067 0.543482
0.067 0.068 0.540736
0.068 0.069 0.408560
0.069 0.070 0.367603
0.070 0.071 0.292389
0.071 0.072 0.289386
0.072 0.073 0.284858
0.073 0.074 0.280728
0.074 0.075 0.276992
0.075 0.076 0.273814
0.076 0.077 0.268301
0.077 0.078 0.263997
0.078 0.079 0.261054
0.079 0.080 0.257185
0.080 0.081 0.252085
0.081 0.082 0.245829
0.082 0.083 0.240059
0.083 0.084 0.235125
0.084 0.085 0.230705
0.085 0.086 0.226426
0.086 0.087 0.220867
0.087 0.088 0.217909
0.088 0.089 0.212563
0.089 0.090 0.205426
0.090 0.091 0.200365
0.091 0.092 0.191323
0.092 0.093 0.185398
0.093 0.094 0.183394
0.094 0.095 0.177722
0.095 0.096 0.172121
0.096 0.097 0.166939
0.097 0.098 0.159601
0.098 0.099 0.154053
0.099 0.100 0.148909
0.100 0.101 0.143135
0.101 0.102 0.137857
0.102 0.103 0.131388
0.103 0.104 0.126608
0.104 0.105 0.121596
0.105 0.106 0.115239
0.106 0.107 0.109803
0.107 0.108 0.102981
0.108 0.109 0.097417
0.109 0.110 0.091690
0.110 0.111 0.086011
0.111 0.112 0.081238
0.112 0.113 0.074392
0.113 0.114 0.068569
0.114 0.115 0.063396
0.115 0.116 0.057361
0.116 0.117 0.051631
0.117 0.118 0.045387
0.118 0.119 0.036613
0.119 0.120 0.032250
0.120 0.121 0.030319
0.121 0.122 0.025193
0.122 0.123 0.019891
0.123 0.124 0.013883
0.124 0.125 0.008204
0.125 0.126 0.003850
0.126 0.127 0.000401
0.127 0.128 0.000000
0.128 0.129 0.000000
0.129 0.130 0.000000
0.130 0.131 0.000000
0.131 0.132 0.000000
0.132 0.133 0.000000
0.133 0.134 0.000000
0.134 0.135 0.000000
0.135 0.136 0.000000
0.136 0.137 0.000000
0.137 0.138 0.000000
0.138 0.139 0.000000
0.139 0.140 0.000000
0.140 0.141 0.000000
0.141 0.142 0.000000
0.142 0.143 0.000000
0.143 0.144 0.000000
0.144 0.145 0.000000
0.145 0.146 0.000000
0.146 0.147 0.000000
0.147 0.148 0.000000
0.148 0.149 0.000000
0.149 0.150 0.000000
