1
0.000 0.001 0.000000
0.001 0.002 0.000000
0.002 0.003 0.000000
0.003 0.004 0.000000
0.004 0.005 0.000000
0.005 0.006 0.000000
0.006 0.007 0.000000
0.007 0.008 0.000000
0.008 0.009 0.000000
0.009 0.010 0.000000
0.010 0.011 0.000000
0.011 0.012 0.000000
0.012 0.013 0.000000
0.013 0.014 0.000000
0.014 0.015 0.000000
0.015 0.016 0.000000
0.016 0.017 0.000000
0.017 0.018 0.000000
0.018 0.019 0.000000
0.019 0.020 0.000002
0.020 0.021 0.000010
0.021 0.022 0.000044
0.022 0.023 0.000155
0.023 0.024 0.000446
0.024 0.025 0.001103
0.025 0.026 0.002389
0.026 0.027 0.004634
0.027 0.028 0.008251
0.028 0.029 0.013643
0.029 0.030 0.021000
0.030 0.031 0.030681
0.031 0.032 0.042742
0.032 0.033 0.057070
0.033 0.034 0.073816
0.034 0.035 0.092656
0.035 0.036 0.112665
0.036 0.037 0.134468
0.037 0.038 0.157646
0.038 0.039 0.179915
0.039 0.040 0.202553
0.040 0.041 0.225685
0.041 0.042 0.247475
0.042 0.043 0.269395
0.043 0.044 0.290234
0.044 0.045 0.310421
0.045 0.046 0.328677
0.046 0.047 0.343933
0.047 0.048 0.360622
0.048 0.049 0.376468
0.049 0.050 0.388030
0.050 0.051 0.397337
0.051 0.052 0.407848
0.052 0.053 0.418124
0.053 0.054 0.424551
0.054 0.055 0.429564
0.055 0.056 0.436647
0.056 0.057 0.442502
0.057 0.058 0.633646
0.058 0.059 1.000000
0.059 0.060 0.812663
0.060 0.061 0.457463
0.061 0.062 0.456871
0.062 0.063 0.436775
0.063 0.064 0.432832
0.064 0.065 0.426984
0.065 0.066 0.423865
0.066 0.067 0.575984
0.067 0.068 0.573385
0.068 0.069 0.444161
0.069 0.070 0.402020
0.070 0.071 0.327446
0.071 0.072 0.322277
0.072 0.073 0.316006
0.073 0.074 0.313506
0.074 0.075 0.309637
0.075 0.076 0.304772
0.076 0.077 0.296787
0.077 0.078 0.290253
0.078 0.079 0.287864
0.079 0.080 0.283321
0.080 0.081 0.275408
0.081 0.082 0.266771
0.082 0.083 0.259607
0.083 0.084 0.252964
0.084 0.085 0.246909
0.085 0.086 0.241685
0.086 0.087 0.233525
0.087 0.088 0.229219
0.088 0.089 0.223914
0.089 0.090 0.214945
0.090 0.091 0.206661
0.091 0.092 0.194522
0.092 0.093 0.187194
0.093 0.094 0.184542
0.094 0.095 0.176940
0.095 0.096 0.169435
0.096 0.097 0.161316
0.097 0.098 0.150956
0.098 0.099 0.141421
0.099 0.100 0.133742
0.100 0.101 0.128075
0.101 0.102 0.121288
0.102 0.103 0.111234
0.103 0.104 0.103684
0.104 0.105 0.097944
0.105 0.106 0.090499
0.106 0.107 0.082952
0.107 0.108 0.073668
0.108 0.109 0.065380
0.109 0.110 0.056981
0.110 0.111 0.048833
0.111 0.112 0.043259
0.112 0.113 0.035767
0.113 0.114 0.030444
0.114 0.115 0.024488
0.115 0.116 0.018554
0.116 0.117 0.014394
0.117 0.118 0.009619
0.118 0.119 0.005127
0.119 0.120 0.002607
0.120 0.121 0.000562
0.121 0.122 0.000000
0.122 0.123 0.000000
0.123 0.124 0.000000
0.124 0.125 0.000000
0.125 0.126 0.000000
0.126 0.127 0.000000
0.127 0.128 0.000000
0.128 0.129 0.000000
0.129 0.130 0.000000
0.130 0.131 0.000000
0.131 0.132 0.000000
0.132 0.133 0.000000
0.133 0.134 0.000000
0.134 0.135 0.000000
0.135 0.136 0.000000
0.136 0.137 0.000000
0.137 0.138 0.000000
0.138 0.139 0.000000
0.139 0.140 0.000000
0.140 0.141 0.000000
0.141 0.142 0.000000
0.142 0.143 0.000000
0.143 0.144 0.000000
0.144 0.145 0.000000
0.145 0.146 0.000000
0.146 0.147 0.000000
0.147 0.148 0.000000
0.148 0.149 0.000000
0.149 0.150 0.000000
