1
0.000 0.001 0.000000
0.001 0.002 0.000000
0.002 0.003 0.000000
0.003 0.004 0.000000
0.004 0.005 0.000000
0.005 0.006 0.000000
0.006 0.007 0.000000
0.007 0.008 0.000000
0.008 0.009 0.000000
0.009 0.010 0.000000
0.010 0.011 0.000000
0.011 0.012 0.000000
0.012 0.013 0.000000
0.013 0.014 0.000000
0.014 0.015 0.000000
0.015 0.016 0.000000
0.016 0.017 0.000001
0.017 0.018 0.000011
0.018 0.019 0.000056
0.019 0.020 0.000219
0.020 0.021 0.000680
0.021 0.022 0.001748
0.022 0.023 0.003860
0.023 0.024 0.007561
0.024 0.025 0.013406
0.025 0.026 0.021806
0.026 0.027 0.033089
0.027 0.028 0.047525
0.028 0.029 0.064987
0.029 0.030 0.084943
0.030 0.031 0.107226
0.031 0.032 0.131123
0.032 0.033 0.156514
0.033 0.034 0.182785
0.034 0.035 0.208904
0.035 0.036 0.234523
0.036 0.037 0.259647
0.037 0.038 0.284484
0.038 0.039 0.307025
0.039 0.040 0.327685
0.040 0.041 0.346864
0.041 0.042 0.364454
0.042 0.043 0.380753
0.043 0.044 0.394624
0.044 0.045 0.407808
0.045 0.046 0.417267
0.046 0.047 0.425051
0.047 0.048 0.433897
0.048 0.049 0.440055
0.049 0.050 0.443015
0.050 0.051 0.445980
0.051 0.052 0.449307
0.052 0.053 0.449464
0.053 0.054 0.448312
0.054 0.055 0.446985
0.055 0.056 0.445819
0.056 0.057 0.444357
0.057 0.058 0.635265
0.058 0.059 1.000000
0.059 0.060 0.801019
0.060 0.061 0.439584
0.061 0.062 0.434024
0.062 0.063 0.408540
0.063 0.064 0.401734
0.064 0.065 0.393929
0.065 0.066 0.385819
0.066 0.067 0.526021
0.067 0.068 0.519367
0.068 0.069 0.393875
0.069 0.070 0.353067
0.070 0.071 0.282476
0.071 0.072 0.276746
0.072 0.073 0.268755
0.073 0.074 0.263232
0.074 0.075 0.258289
0.075 0.076 0.252546
0.076 0.077 0.245025
0.077 0.078 0.238972
0.078 0.079 0.233971
0.079 0.080 0.228748
0.080 0.081 0.222895
0.081 0.082 0.215464
0.082 0.083 0.207521
0.083 0.084 0.201260
0.084 0.085 0.195914
0.085 0.086 0.190931
0.086 0.087 0.185537
0.087 0.088 0.181230
0.088 0.089 0.175304
0.089 0.090 0.168526
0.090 0.091 0.162526
0.091 0.092 0.154673
0.092 0.093 0.148087
0.093 0.094 0.144919
0.094 0.095 0.139763
0.095 0.096 0.135016
0.096 0.097 0.130252
0.097 0.098 0.124050
0.098 0.099 0.118151
0.099 0.100 0.113686
0.100 0.101 0.109650
0.101 0.102 0.104787
0.102 0.103 0.099167
0.103 0.104 0.095598
0.104 0.105 0.091552
0.105 0.106 0.086734
0.106 0.107 0.082609
0.107 0.108 0.077742
0.108 0.109 0.073846
0.109 0.110 0.070216
0.110 0.111 0.066201
0.111 0.112 0.062078
0.112 0.113 0.057789
0.113 0.114 0.053798
0.114 0.115 0.050739
0.115 0.116 0.047531
0.116 0.117 0.043857
0.117 0.118 0.040673
0.118 0.119 0.036460
0.119 0.120 0.033869
0.120 0.121 0.032287
0.121 0.122 0.029930
0.122 0.123 0.027595
0.123 0.124 0.025136
0.124 0.125 0.022154
0.125 0.126 0.018875
0.126 0.127 0.017040
0.127 0.128 0.014749
0.128 0.129 0.012773
0.129 0.130 0.010816
0.130 0.131 0.008372
0.131 0.132 0.007454
0.132 0.133 0.006159
0.133 0.134 0.004623
0.134 0.135 0.002938
0.135 0.136 0.002139
0.136 0.137 0.001378
0.137 0.138 0.000347
0.138 0.139 0.000000
0.139 0.140 0.000000
0.140 0.141 0.000000
0.141 0.142 0.000000
0.142 0.143 0.000000
0.143 0.144 0.000000
0.144 0.145 0.000000
0.145 0.146 0.000000
0.146 0.147 0.000000
0.147 0.148 0.000000
0.148 0.149 0.000000
0.149 0.150 0.000000
