1
0.000 0.001 0.000000
0.001 0.002 0.000000
0.002 0.003 0.000000
0.003 0.004 0.000000
0.004 0.005 0.000000
0.005 0.006 0.000000
0.006 0.007 0.000000
0.007 0.008 0.000000
0.008 0.009 0.000000
0.009 0.010 0.000000
0.010 0.011 0.000000
0.011 0.012 0.000000
0.012 0.013 0.000000
0.013 0.014 0.000001
0.014 0.015 0.000008
0.015 0.016 0.000059
0.016 0.017 0.000275
0.017 0.018 0.000951
0.018 0.019 0.002591
0.019 0.020 0.005902
0.020 0.021 0.011692
0.021 0.022 0.020526
0.022 0.023 0.032903
0.023 0.024 0.049135
0.024 0.025 0.068946
0.025 0.026 0.091899
0.026 0.027 0.117361
0.027 0.028 0.144835
0.028 0.029 0.173502
0.029 0.030 0.201853
0.030 0.031 0.230318
0.031 0.032 0.257661
0.032 0.033 0.284061
0.033 0.034 0.309492
0.034 0.035 0.332165
0.035 0.036 0.351411
0.036 0.037 0.369634
0.037 0.038 0.388407
0.038 0.039 0.402417
0.039 0.040 0.413249
0.040 0.041 0.423459
0.041 0.042 0.431446
0.042 0.043 0.437616
0.043 0.044 0.442778
0.044 0.045 0.447836
0.045 0.046 0.448411
0.046 0.047 0.448839
0.047 0.048 0.451493
0.048 0.049 0.450359
0.049 0.050 0.446732
0.050 0.051 0.444044
0.051 0.052 0.442180
0.052 0.053 0.437280
0.053 0.054 0.431450
0.054 0.055 0.426637
0.055 0.056 0.423286
0.056 0.057 0.418935
0.057 0.058 0.618895
0.058 0.059 1.000000
0.059 0.060 0.786584
0.060 0.061 0.408245
0.061 0.062 0.401684
0.062 0.063 0.374961
0.063 0.064 0.368336
0.064 0.065 0.360021
0.065 0.066 0.352069
0.066 0.067 0.492079
0.067 0.068 0.485183
0.068 0.069 0.362459
0.069 0.070 0.323348
0.070 0.071 0.254526
0.071 0.072 0.250257
0.072 0.073 0.244671
0.073 0.074 0.239462
0.074 0.075 0.234932
0.075 0.076 0.230903
0.076 0.077 0.225092
0.077 0.078 0.220473
0.078 0.079 0.216803
0.079 0.080 0.212612
0.080 0.081 0.207752
0.081 0.082 0.201933
0.082 0.083 0.196360
0.083 0.084 0.191493
0.084 0.085 0.187215
0.085 0.086 0.183066
0.086 0.087 0.178223
0.087 0.088 0.175276
0.088 0.089 0.170363
0.089 0.090 0.164266
0.090 0.091 0.159814
0.091 0.092 0.152488
0.092 0.093 0.147417
0.093 0.094 0.145301
0.094 0.095 0.140554
0.095 0.096 0.135949
0.096 0.097 0.131721
0.097 0.098 0.125868
0.098 0.099 0.121347
0.099 0.100 0.117253
0.100 0.101 0.112642
0.101 0.102 0.108367
0.102 0.103 0.103421
0.103 0.104 0.099693
0.104 0.105 0.095604
0.105 0.106 0.090553
0.106 0.107 0.086315
0.107 0.108 0.081103
0.108 0.109 0.076875
0.109 0.110 0.072666
0.110 0.111 0.068392
0.111 0.112 0.064703
0.112 0.113 0.059465
0.113 0.114 0.054920
0.114 0.115 0.051049
0.115 0.116 0.046654
0.116 0.117 0.042322
0.117 0.118 0.037765
0.118 0.119 0.031392
0.119 0.120 0.028088
0.120 0.121 0.026628
0.121 0.122 0.022905
0.122 0.123 0.018977
0.123 0.124 0.014957
0.124 0.125 0.010923
0.125 0.126 0.007405
0.126 0.127 0.004776
0.127 0.128 0.002224
0.128 0.129 0.000280
0.129 0.130 0.000000
0.130 0.131 0.000000
0.131 0.132 0.000000
0.132 0.133 0.000000
0.133 0.134 0.000000
0.134 0.135 0.000000
0.135 0.136 0.000000
0.136 0.137 0.000000
0.137 0.138 0.000000
0.138 0.139 0.000000
0.139 0.140 0.000000
0.140 0.141 0.000000
0.141 0.142 0.000000
0.142 0.143 0.000000
0.143 0.144 0.000000
0.144 0.145 0.000000
0.145 0.146 0.000000
0.146 0.147 0.000000
0.147 0.148 0.000000
0.148 0.149 0.000000
0.149 0.150 0.000000
