1
0.000 0.001 0.000000
0.001 0.002 0.000000
0.002 0.003 0.000000
0.003 0.004 0.000000
0.004 0.005 0.000000
0.005 0.006 0.000000
0.006 0.007 0.000000
0.007 0.008 0.000000
0.008 0.009 0.000000
0.009 0.010 0.000000
0.010 0.011 0.000000
0.011 0.012 0.000000
0.012 0.013 0.000000
0.013 0.014 0.000000
0.014 0.015 0.000000
0.015 0.016 0.000000
0.016 0.017 0.000000
0.017 0.018 0.000000
0.018 0.019 0.000000
0.019 0.020 0.000001
0.020 0.021 0.000005
0.021 0.022 0.000023
0.022 0.023 0.000090
0.023 0.024 0.000283
0.024 0.025 0.000758
0.025 0.026 0.001755
0.026 0.027 0.003628
0.027 0.028 0.006821
0.028 0.029 0.011848
0.029 0.030 0.019051
0.030 0.031 0.028865
0.031 0.032 0.041497
0.032 0.033 0.057060
0.033 0.034 0.075459
0.034 0.035 0.096650
0.035 0.036 0.120021
0.036 0.037 0.145327
0.037 0.038 0.172073
0.038 0.039 0.198918
0.039 0.040 0.226606
0.040 0.041 0.254045
0.041 0.042 0.280396
0.042 0.043 0.306204
0.043 0.044 0.332309
0.044 0.045 0.357302
0.045 0.046 0.379778
0.046 0.047 0.399433
0.047 0.048 0.419442
0.048 0.049 0.438076
0.049 0.050 0.452013
0.050 0.051 0.463318
0.051 0.052 0.475484
0.052 0.053 0.486417
0.053 0.054 0.492862
0.054 0.055 0.497061
0.055 0.056 0.501721
0.056 0.057 0.505389
0.057 0.058 0.674864
0.058 0.059 1.000000
0.059 0.060 0.832033
0.060 0.061 0.510665
0.061 0.062 0.508151
0.062 0.063 0.487371
0.063 0.064 0.480454
0.064 0.065 0.472364
0.065 0.066 0.466021
0.066 0.067 0.602896
0.067 0.068 0.597337
0.068 0.069 0.471808
0.069 0.070 0.427464
0.070 0.071 0.355649
0.071 0.072 0.346498
0.072 0.073 0.334896
0.073 0.074 0.327323
0.074 0.075 0.321724
0.075 0.076 0.313804
0.076 0.077 0.303293
0.077 0.078 0.294385
0.078 0.079 0.289679
0.079 0.080 0.283045
0.080 0.081 0.272814
0.081 0.082 0.261180
0.082 0.083 0.250969
0.083 0.084 0.241107
0.084 0.085 0.231927
0.085 0.086 0.223626
0.086 0.087 0.212689
0.087 0.088 0.203605
0.088 0.089 0.197331
0.089 0.090 0.187927
0.090 0.091 0.178328
0.091 0.092 0.166427
0.092 0.093 0.158447
0.093 0.094 0.153873
0.094 0.095 0.145446
0.095 0.096 0.137259
0.096 0.097 0.127965
0.097 0.098 0.116961
0.098 0.099 0.105397
0.099 0.100 0.098939
0.100 0.101 0.094651
0.101 0.102 0.088925
0.102 0.103 0.080552
0.103 0.104 0.074094
0.104 0.105 0.069166
0.105 0.106 0.062896
0.106 0.107 0.056467
0.107 0.108 0.047777
0.108 0.109 0.043013
0.109 0.110 0.037706
0.110 0.111 0.032842
0.111 0.112 0.028942
0.112 0.113 0.023996
0.113 0.114 0.019717
0.114 0.115 0.014265
0.115 0.116 0.011198
0.116 0.117 0.008493
0.117 0.118 0.005666
0.118 0.119 0.001847
0.119 0.120 0.001085
0.120 0.121 0.000000
0.121 0.122 0.000000
0.122 0.123 0.000000
0.123 0.124 0.000000
0.124 0.125 0.000000
0.125 0.126 0.000000
0.126 0.127 0.000000
0.127 0.128 0.000000
0.128 0.129 0.000000
0.129 0.130 0.000000
0.130 0.131 0.000000
0.131 0.132 0.000000
0.132 0.133 0.000000
0.133 0.134 0.000000
0.134 0.135 0.000000
0.135 0.136 0.000000
0.136 0.137 0.000000
0.137 0.138 0.000000
0.138 0.139 0.000000
0.139 0.140 0.000000
0.140 0.141 0.000000
0.141 0.142 0.000000
0.142 0.143 0.000000
0.143 0.144 0.000000
0.144 0.145 0.000000
0.145 0.146 0.000000
0.146 0.147 0.000000
0.147 0.148 0.000000
0.148 0.149 0.000000
0.149 0.150 0.000000
