1
0.000 0.001 0.000000
0.001 0.002 0.000000
0.002 0.003 0.000000
0.003 0.004 0.000000
0.004 0.005 0.000000
0.005 0.006 0.000000
0.006 0.007 0.000000
0.007 0.008 0.000000
0.008 0.009 0.000000
0.009 0.010 0.000000
0.010 0.011 0.000004
0.011 0.012 0.000052
0.012 0.013 0.000401
0.013 0.014 0.002082
0.014 0.015 0.007391
0.015 0.016 0.019747
0.016 0.017 0.042742
0.017 0.018 0.078932
0.018 0.019 0.129062
0.019 0.020 0.192186
0.020 0.021 0.265652
0.021 0.022 0.345962
0.022 0.023 0.428913
0.023 0.024 0.511841
0.024 0.025 0.592667
0.025 0.026 0.667080
0.026 0.027 0.733604
0.027 0.028 0.793916
0.028 0.029 0.847207
0.029 0.030 0.892081
0.030 0.031 0.926649
0.031 0.032 0.953327
0.032 0.033 0.975113
0.033 0.034 0.988946
0.034 0.035 0.995521
0.035 0.036 1.000000
0.036 0.037 0.997332
0.037 0.038 0.985999
0.038 0.039 0.975036
0.039 0.040 0.964713
0.040 0.041 0.946920
0.041 0.042 0.927041
0.042 0.043 0.908434
0.043 0.044 0.886386
0.044 0.045 0.863887
0.045 0.046 0.840192
0.046 0.047 0.814578
0.047 0.048 0.791235
0.048 0.049 0.767107
0.049 0.050 0.738492
0.050 0.051 0.712811
0.051 0.052 0.690357
0.052 0.053 0.665053
0.053 0.054 0.638081
0.054 0.055 0.615433
0.055 0.056 0.592110
0.056 0.057 0.569643
0.057 0.058 0.663876
0.058 0.059 0.855876
0.059 0.060 0.716372
0.060 0.061 0.488026
0.061 0.062 0.466099
0.062 0.063 0.432613
0.063 0.064 0.412052
0.064 0.065 0.393193
0.065 0.066 0.375654
0.066 0.067 0.437555
0.067 0.068 0.421086
0.068 0.069 0.338142
0.069 0.070 0.300962
0.070 0.071 0.253383
0.071 0.072 0.241510
0.072 0.073 0.226850
0.073 0.074 0.217116
0.074 0.075 0.206754
0.075 0.076 0.193586
0.076 0.077 0.180079
0.077 0.078 0.167942
0.078 0.079 0.157548
0.079 0.080 0.149593
0.080 0.081 0.139767
0.081 0.082 0.128688
0.082 0.083 0.118425
0.083 0.084 0.108323
0.084 0.085 0.098966
0.085 0.086 0.089358
0.086 0.087 0.081812
0.087 0.088 0.074749
0.088 0.089 0.067218
0.089 0.090 0.059573
0.090 0.091 0.050877
0.091 0.092 0.044921
0.092 0.093 0.039700
0.093 0.094 0.034590
0.094 0.095 0.029124
0.095 0.096 0.023128
0.096 0.097 0.018777
0.097 0.098 0.014309
0.098 0.099 0.009633
0.099 0.100 0.005411
0.100 0.101 0.004019
0.101 0.102 0.001113
0.102 0.103 0.000000
0.103 0.104 0.000000
0.104 0.105 0.000000
0.105 0.106 0.000000
0.106 0.107 0.000000
0.107 0.108 0.000000
0.108 0.109 0.000000
0.109 0.110 0.000000
0.110 0.111 0.000000
0.111 0.112 0.000000
0.112 0.113 0.000000
0.113 0.114 0.000000
0.114 0.115 0.000000
0.115 0.116 0.000000
0.116 0.117 0.000000
0.117 0.118 0.000000
0.118 0.119 0.000000
0.119 0.120 0.000000
0.120 0.121 0.000000
0.121 0.122 0.000000
0.122 0.123 0.000000
0.123 0.124 0.000000
0.124 0.125 0.000000
0.125 0.126 0.000000
0.126 0.127 0.000000
0.127 0.128 0.000000
0.128 0.129 0.000000
0.129 0.130 0.000000
0.130 0.131 0.000000
0.131 0.132 0.000000
0.132 0.133 0.000000
0.133 0.134 0.000000
0.134 0.135 0.000000
0.135 0.136 0.000000
0.136 0.137 0.000000
0.137 0.138 0.000000
0.138 0.139 0.000000
0.139 0.140 0.000000
0.140 0.141 0.000000
0.141 0.142 0.000000
0.142 0.143 0.000000
0.143 0.144 0.000000
0.144 0.145 0.000000
0.145 0.146 0.000000
0.146 0.147 0.000000
0.147 0.148 0.000000
0.148 0.149 0.000000
0.149 0.150 0.000000
