1
0.000 0.001 0.000000
0.001 0.002 0.000000
0.002 0.003 0.000000
0.003 0.004 0.000000
0.004 0.005 0.000000
0.005 0.006 0.000000
0.006 0.007 0.000000
0.007 0.008 0.000000
0.008 0.009 0.000000
0.009 0.010 0.000000
0.010 0.011 0.000000
0.011 0.012 0.000000
0.012 0.013 0.000000
0.013 0.014 0.000000
0.014 0.015 0.000000
0.015 0.016 0.000000
0.016 0.017 0.000001
0.017 0.018 0.000010
0.018 0.019 0.000056
0.019 0.020 0.000229
0.020 0.021 0.000731
0.021 0.022 0.001908
0.022 0.023 0.004249
0.023 0.024 0.008345
0.024 0.025 0.014774
0.025 0.026 0.023998
0.026 0.027 0.036256
0.027 0.028 0.051824
0.028 0.029 0.070556
0.029 0.030 0.091653
0.030 0.031 0.115101
0.031 0.032 0.140098
0.032 0.033 0.166086
0.033 0.034 0.193095
0.034 0.035 0.220125
0.035 0.036 0.245446
0.036 0.037 0.270684
0.037 0.038 0.295818
0.038 0.039 0.317192
0.039 0.040 0.337231
0.040 0.041 0.356384
0.041 0.042 0.372297
0.042 0.043 0.387787
0.043 0.044 0.401268
0.044 0.045 0.413258
0.045 0.046 0.423014
0.046 0.047 0.429401
0.047 0.048 0.437574
0.048 0.049 0.444519
0.049 0.050 0.446946
0.050 0.051 0.447794
0.051 0.052 0.450171
0.052 0.053 0.452079
0.053 0.054 0.450782
0.054 0.055 0.448560
0.055 0.056 0.448824
0.056 0.057 0.448104
0.057 0.058 0.637719
0.058 0.059 1.000000
0.059 0.060 0.801113
0.060 0.061 0.441658
0.061 0.062 0.436559
0.062 0.063 0.412703
0.063 0.064 0.405485
0.064 0.065 0.396790
0.065 0.066 0.390601
0.066 0.067 0.529501
0.067 0.068 0.523445
0.068 0.069 0.401159
0.069 0.070 0.360541
0.070 0.071 0.290903
0.071 0.072 0.284993
0.072 0.073 0.278102
0.073 0.074 0.274233
0.074 0.075 0.269582
0.075 0.076 0.264289
0.076 0.077 0.256483
0.077 0.078 0.250110
0.078 0.079 0.246940
0.079 0.080 0.242187
0.080 0.081 0.235004
0.081 0.082 0.227155
0.082 0.083 0.220436
0.083 0.084 0.214232
0.084 0.085 0.208643
0.085 0.086 0.203733
0.086 0.087 0.196710
0.087 0.088 0.192736
0.088 0.089 0.187720
0.089 0.090 0.179972
0.090 0.091 0.173013
0.091 0.092 0.162957
0.092 0.093 0.156665
0.093 0.094 0.154129
0.094 0.095 0.147756
0.095 0.096 0.141502
0.096 0.097 0.134895
0.097 0.098 0.126488
0.098 0.099 0.118893
0.099 0.100 0.112713
0.100 0.101 0.107845
0.101 0.102 0.102244
0.102 0.103 0.094363
0.103 0.104 0.088402
0.104 0.105 0.083569
0.105 0.106 0.077402
0.106 0.107 0.071185
0.107 0.108 0.064195
0.108 0.109 0.058184
0.109 0.110 0.051398
0.110 0.111 0.045990
0.111 0.112 0.041265
0.112 0.113 0.036186
0.113 0.114 0.031906
0.114 0.115 0.027297
0.115 0.116 0.022986
0.116 0.117 0.018822
0.117 0.118 0.015263
0.118 0.119 0.010503
0.119 0.120 0.008400
0.120 0.121 0.006798
0.121 0.122 0.004856
0.122 0.123 0.002537
0.123 0.124 0.000449
0.124 0.125 0.000000
0.125 0.126 0.000000
0.126 0.127 0.000000
0.127 0.128 0.000000
0.128 0.129 0.000000
0.129 0.130 0.000000
0.130 0.131 0.000000
0.131 0.132 0.000000
0.132 0.133 0.000000
0.133 0.134 0.000000
0.134 0.135 0.000000
0.135 0.136 0.000000
0.136 0.137 0.000000
0.137 0.138 0.000000
0.138 0.139 0.000000
0.139 0.140 0.000000
0.140 0.141 0.000000
0.141 0.142 0.000000
0.142 0.143 0.000000
0.143 0.144 0.000000
0.144 0.145 0.000000
0.145 0.146 0.000000
0.146 0.147 0.000000
0.147 0.148 0.000000
0.148 0.149 0.000000
0.149 0.150 0.000000
