1
0.000 0.001 0.000000
0.001 0.002 0.000000
0.002 0.003 0.000000
0.003 0.004 0.000000
0.004 0.005 0.000000
0.005 0.006 0.000000
0.006 0.007 0.000000
0.007 0.008 0.000000
0.008 0.009 0.000000
0.009 0.010 0.000000
0.010 0.011 0.000000
0.011 0.012 0.000000
0.012 0.013 0.000000
0.013 0.014 0.000000
0.014 0.015 0.000000
0.015 0.016 0.000001
0.016 0.017 0.000011
0.017 0.018 0.000080
0.018 0.019 0.000394
0.019 0.020 0.001441
0.020 0.021 0.004189
0.021 0.022 0.010125
0.022 0.023 0.021047
0.023 0.024 0.039035
0.024 0.025 0.065724
0.025 0.026 0.101938
0.026 0.027 0.147528
0.027 0.028 0.202174
0.028 0.029 0.264647
0.029 0.030 0.332486
0.030 0.031 0.404092
0.031 0.032 0.475398
0.032 0.033 0.544474
0.033 0.034 0.614836
0.034 0.035 0.681062
0.035 0.036 0.742411
0.036 0.037 0.795123
0.037 0.038 0.843748
0.038 0.039 0.886852
0.039 0.040 0.922094
0.040 0.041 0.948117
0.041 0.042 0.967752
0.042 0.043 0.978419
0.043 0.044 0.991778
0.044 0.045 1.000000
0.045 0.046 0.994802
0.046 0.047 0.988870
0.047 0.048 0.980364
0.048 0.049 0.963111
0.049 0.050 0.941111
0.050 0.051 0.919899
0.051 0.052 0.896470
0.052 0.053 0.873910
0.053 0.054 0.852714
0.054 0.055 0.828464
0.055 0.056 0.794142
0.056 0.057 0.758294
0.057 0.058 0.802258
0.058 0.059 0.911412
0.059 0.060 0.807271
0.060 0.061 0.634275
0.061 0.062 0.604489
0.062 0.063 0.568956
0.063 0.064 0.537795
0.064 0.065 0.505522
0.065 0.066 0.469985
0.066 0.067 0.492755
0.067 0.068 0.463990
0.068 0.069 0.379806
0.069 0.070 0.336640
0.070 0.071 0.292838
0.071 0.072 0.269890
0.072 0.073 0.240896
0.073 0.074 0.216199
0.074 0.075 0.188066
0.075 0.076 0.169616
0.076 0.077 0.151577
0.077 0.078 0.130765
0.078 0.079 0.109080
0.079 0.080 0.088388
0.080 0.081 0.075962
0.081 0.082 0.060075
0.082 0.083 0.046662
0.083 0.084 0.031895
0.084 0.085 0.023948
0.085 0.086 0.015569
0.086 0.087 0.004139
0.087 0.088 0.000000
0.088 0.089 0.000000
0.089 0.090 0.000000
0.090 0.091 0.000000
0.091 0.092 0.000000
0.092 0.093 0.000000
0.093 0.094 0.000000
0.094 0.095 0.000000
0.095 0.096 0.000000
0.096 0.097 0.000000
0.097 0.098 0.000000
0.098 0.099 0.000000
0.099 0.100 0.000000
0.100 0.101 0.000000
0.101 0.102 0.000000
0.102 0.103 0.000000
0.103 0.104 0.000000
0.104 0.105 0.000000
0.105 0.106 0.000000
0.106 0.107 0.000000
0.107 0.108 0.000000
0.108 0.109 0.000000
0.109 0.110 0.000000
0.110 0.111 0.000000
0.111 0.112 0.000000
0.112 0.113 0.000000
0.113 0.114 0.000000
0.114 0.115 0.000000
0.115 0.116 0.000000
0.116 0.117 0.000000
0.117 0.118 0.000000
0.118 0.119 0.000000
0.119 0.120 0.000000
0.120 0.121 0.000000
0.121 0.122 0.000000
0.122 0.123 0.000000
0.123 0.124 0.000000
0.124 0.125 0.000000
0.125 0.126 0.000000
0.126 0.127 0.000000
0.127 0.128 0.000000
0.128 0.129 0.000000
0.129 0.130 0.000000
0.130 0.131 0.000000
0.131 0.132 0.000000
0.132 0.133 0.000000
0.133 0.134 0.000000
0.134 0.135 0.000000
0.135 0.136 0.000000
0.136 0.137 0.000000
0.137 0.138 0.000000
0.138 0.139 0.000000
0.139 0.140 0.000000
0.140 0.141 0.000000
0.141 0.142 0.000000
0.142 0.143 0.000000
0.143 0.144 0.000000
0.144 0.145 0.000000
0.145 0.146 0.000000
0.146 0.147 0.000000
0.147 0.148 0.000000
0.148 0.149 0.000000
0.149 0.150 0.000000
