1
0.000 0.001 0.000000
0.001 0.002 0.000000
0.002 0.003 0.000000
0.003 0.004 0.000000
0.004 0.005 0.000000
0.005 0.006 0.000000
0.006 0.007 0.000000
0.007 0.008 0.000000
0.008 0.009 0.000000
0.009 0.010 0.000000
0.010 0.011 0.000000
0.011 0.012 0.000000
0.012 0.013 0.000000
0.013 0.014 0.000000
0.014 0.015 0.000000
0.015 0.016 0.000000
0.016 0.017 0.000000
0.017 0.018 0.000000
0.018 0.019 0.000000
0.019 0.020 0.000004
0.020 0.021 0.000021
0.021 0.022 0.000091
0.022 0.023 0.000306
0.023 0.024 0.000850
0.024 0.025 0.002035
0.025 0.026 0.004279
0.026 0.027 0.008066
0.027 0.028 0.013986
0.028 0.029 0.022549
0.029 0.030 0.033942
0.030 0.031 0.048335
0.031 0.032 0.066168
0.032 0.033 0.087206
0.033 0.034 0.110708
0.034 0.035 0.136614
0.035 0.036 0.165220
0.036 0.037 0.194521
0.037 0.038 0.222428
0.038 0.039 0.251375
0.039 0.040 0.281384
0.040 0.041 0.309435
0.041 0.042 0.335847
0.042 0.043 0.362969
0.043 0.044 0.386385
0.044 0.045 0.408910
0.045 0.046 0.430962
0.046 0.047 0.447111
0.047 0.048 0.464294
0.048 0.049 0.481466
0.049 0.050 0.491172
0.050 0.051 0.500113
0.051 0.052 0.511325
0.052 0.053 0.521580
0.053 0.054 0.527022
0.054 0.055 0.528200
0.055 0.056 0.531701
0.056 0.057 0.537604
0.057 0.058 0.698232
0.058 0.059 1.000000
0.059 0.060 0.834297
0.060 0.061 0.531136
0.061 0.062 0.526792
0.062 0.063 0.506178
0.063 0.064 0.495540
0.064 0.065 0.486896
0.065 0.066 0.481584
0.066 0.067 0.603906
0.067 0.068 0.596122
0.068 0.069 0.479032
0.069 0.070 0.436543
0.070 0.071 0.371171
0.071 0.072 0.360797
0.072 0.073 0.347218
0.073 0.074 0.344577
0.074 0.075 0.339882
0.075 0.076 0.327158
0.076 0.077 0.311837
0.077 0.078 0.300867
0.078 0.079 0.295682
0.079 0.080 0.288049
0.080 0.081 0.276753
0.081 0.082 0.263660
0.082 0.083 0.250103
0.083 0.084 0.234775
0.084 0.085 0.222689
0.085 0.086 0.212621
0.086 0.087 0.201159
0.087 0.088 0.190794
0.088 0.089 0.180372
0.089 0.090 0.167108
0.090 0.091 0.150366
0.091 0.092 0.136099
0.092 0.093 0.124260
0.093 0.094 0.113009
0.094 0.095 0.100277
0.095 0.096 0.088394
0.096 0.097 0.073453
0.097 0.098 0.057851
0.098 0.099 0.040787
0.099 0.100 0.027996
0.100 0.101 0.019494
0.101 0.102 0.000000
0.102 0.103 0.000000
0.103 0.104 0.000000
0.104 0.105 0.000000
0.105 0.106 0.000000
0.106 0.107 0.000000
0.107 0.108 0.000000
0.108 0.109 0.000000
0.109 0.110 0.000000
0.110 0.111 0.000000
0.111 0.112 0.000000
0.112 0.113 0.000000
0.113 0.114 0.000000
0.114 0.115 0.000000
0.115 0.116 0.000000
0.116 0.117 0.000000
0.117 0.118 0.000000
0.118 0.119 0.000000
0.119 0.120 0.000000
0.120 0.121 0.000000
0.121 0.122 0.000000
0.122 0.123 0.000000
0.123 0.124 0.000000
0.124 0.125 0.000000
0.125 0.126 0.000000
0.126 0.127 0.000000
0.127 0.128 0.000000
0.128 0.129 0.000000
0.129 0.130 0.000000
0.130 0.131 0.000000
0.131 0.132 0.000000
0.132 0.133 0.000000
0.133 0.134 0.000000
0.134 0.135 0.000000
0.135 0.136 0.000000
0.136 0.137 0.000000
0.137 0.138 0.000000
0.138 0.139 0.000000
0.139 0.140 0.000000
0.140 0.141 0.000000
0.141 0.142 0.000000
0.142 0.143 0.000000
0.143 0.144 0.000000
0.144 0.145 0.000000
0.145 0.146 0.000000
0.146 0.147 0.000000
0.147 0.148 0.000000
0.148 0.149 0.000000
0.149 0.150 0.000000
