1
0.000 0.001 0.000000
0.001 0.002 0.000000
0.002 0.003 0.000000
0.003 0.004 0.000000
0.004 0.005 0.000000
0.005 0.006 0.000000
0.006 0.007 0.000000
0.007 0.008 0.000000
0.008 0.009 0.000000
0.009 0.010 0.000000
0.010 0.011 0.000000
0.011 0.012 0.000000
0.012 0.013 0.000000
0.013 0.014 0.000000
0.014 0.015 0.000000
0.015 0.016 0.000000
0.016 0.017 0.000000
0.017 0.018 0.000000
0.018 0.019 0.000000
0.019 0.020 0.000002
0.020 0.021 0.000010
0.021 0.022 0.000048
0.022 0.023 0.000173
0.023 0.024 0.000516
0.024 0.025 0.001314
0.025 0.026 0.002932
0.026 0.027 0.005834
0.027 0.028 0.010605
0.028 0.029 0.017831
0.029 0.030 0.027877
0.030 0.031 0.041251
0.031 0.032 0.058071
0.032 0.033 0.078330
0.033 0.034 0.101736
0.034 0.035 0.128002
0.035 0.036 0.156836
0.036 0.037 0.187163
0.037 0.038 0.218084
0.038 0.039 0.248605
0.039 0.040 0.281244
0.040 0.041 0.313316
0.041 0.042 0.343744
0.042 0.043 0.373903
0.043 0.044 0.401634
0.044 0.045 0.428099
0.045 0.046 0.451340
0.046 0.047 0.470383
0.047 0.048 0.489604
0.048 0.049 0.506719
0.049 0.050 0.517155
0.050 0.051 0.526498
0.051 0.052 0.536067
0.052 0.053 0.545949
0.053 0.054 0.552309
0.054 0.055 0.555196
0.055 0.056 0.557251
0.056 0.057 0.559474
0.057 0.058 0.709898
0.058 0.059 1.000000
0.059 0.060 0.843548
0.060 0.061 0.549143
0.061 0.062 0.541590
0.062 0.063 0.518287
0.063 0.064 0.503785
0.064 0.065 0.493688
0.065 0.066 0.485281
0.066 0.067 0.603431
0.067 0.068 0.595112
0.068 0.069 0.478735
0.069 0.070 0.434606
0.070 0.071 0.368542
0.071 0.072 0.356601
0.072 0.073 0.341156
0.073 0.074 0.333924
0.074 0.075 0.324733
0.075 0.076 0.309002
0.076 0.077 0.295493
0.077 0.078 0.284253
0.078 0.079 0.277597
0.079 0.080 0.269245
0.080 0.081 0.257355
0.081 0.082 0.243535
0.082 0.083 0.230643
0.083 0.084 0.217342
0.084 0.085 0.205446
0.085 0.086 0.193322
0.086 0.087 0.183479
0.087 0.088 0.175555
0.088 0.089 0.167276
0.089 0.090 0.156386
0.090 0.091 0.143944
0.091 0.092 0.131419
0.092 0.093 0.121806
0.093 0.094 0.113979
0.094 0.095 0.102389
0.095 0.096 0.095140
0.096 0.097 0.085998
0.097 0.098 0.075769
0.098 0.099 0.064263
0.099 0.100 0.056353
0.100 0.101 0.052402
0.101 0.102 0.043865
0.102 0.103 0.036871
0.103 0.104 0.031079
0.104 0.105 0.026687
0.105 0.106 0.021374
0.106 0.107 0.014508
0.107 0.108 0.010769
0.108 0.109 0.007303
0.109 0.110 0.002711
0.110 0.111 0.001571
0.111 0.112 0.000000
0.112 0.113 0.000000
0.113 0.114 0.000000
0.114 0.115 0.000000
0.115 0.116 0.000000
0.116 0.117 0.000000
0.117 0.118 0.000000
0.118 0.119 0.000000
0.119 0.120 0.000000
0.120 0.121 0.000000
0.121 0.122 0.000000
0.122 0.123 0.000000
0.123 0.124 0.000000
0.124 0.125 0.000000
0.125 0.126 0.000000
0.126 0.127 0.000000
0.127 0.128 0.000000
0.128 0.129 0.000000
0.129 0.130 0.000000
0.130 0.131 0.000000
0.131 0.132 0.000000
0.132 0.133 0.000000
0.133 0.134 0.000000
0.134 0.135 0.000000
0.135 0.136 0.000000
0.136 0.137 0.000000
0.137 0.138 0.000000
0.138 0.139 0.000000
0.139 0.140 0.000000
0.140 0.141 0.000000
0.141 0.142 0.000000
0.142 0.143 0.000000
0.143 0.144 0.000000
0.144 0.145 0.000000
0.145 0.146 0.000000
0.146 0.147 0.000000
0.147 0.148 0.000000
0.148 0.149 0.000000
0.149 0.150 0.000000
