1
0.000 0.001 0.000000
0.001 0.002 0.000000
0.002 0.003 0.000000
0.003 0.004 0.000000
0.004 0.005 0.000000
0.005 0.006 0.000000
0.006 0.007 0.000000
0.007 0.008 0.000001
0.008 0.009 0.000000
0.009 0.010 0.000000
0.010 0.011 0.000000
0.011 0.012 0.000000
0.012 0.013 0.000003
0.013 0.014 0.000036
0.014 0.015 0.000230
0.015 0.016 0.000989
0.016 0.017 0.003156
0.017 0.018 0.008045
0.018 0.019 0.017149
0.019 0.020 0.032059
0.020 0.021 0.053844
0.021 0.022 0.082892
0.022 0.023 0.118745
0.023 0.024 0.160560
0.024 0.025 0.207194
0.025 0.026 0.256000
0.026 0.027 0.306065
0.027 0.028 0.356868
0.028 0.029 0.405716
0.029 0.030 0.453068
0.030 0.031 0.496683
0.031 0.032 0.536159
0.032 0.033 0.571774
0.033 0.034 0.602430
0.034 0.035 0.629787
0.035 0.036 0.652336
0.036 0.037 0.670513
0.037 0.038 0.684010
0.038 0.039 0.691307
0.039 0.040 0.697139
0.040 0.041 0.699980
0.041 0.042 0.698884
0.042 0.043 0.695827
0.043 0.044 0.693312
0.044 0.045 0.689736
0.045 0.046 0.683111
0.046 0.047 0.672924
0.047 0.048 0.664538
0.048 0.049 0.655578
0.049 0.050 0.642311
0.050 0.051 0.627894
0.051 0.052 0.615472
0.052 0.053 0.603446
0.053 0.054 0.588547
0.054 0.055 0.572331
0.055 0.056 0.558269
0.056 0.057 0.543507
0.057 0.058 0.698842
0.058 0.059 1.000000
0.059 0.060 0.814637
0.060 0.061 0.496057
0.061 0.062 0.481984
0.062 0.063 0.452520
0.063 0.064 0.436156
0.064 0.065 0.419993
0.065 0.066 0.406567
0.066 0.067 0.511666
0.067 0.068 0.498173
0.068 0.069 0.389060
0.069 0.070 0.346153
0.070 0.071 0.285739
0.071 0.072 0.275847
0.072 0.073 0.264281
0.073 0.074 0.257520
0.074 0.075 0.249699
0.075 0.076 0.239969
0.076 0.077 0.228544
0.077 0.078 0.218525
0.078 0.079 0.211966
0.079 0.080 0.204321
0.080 0.081 0.194316
0.081 0.082 0.182597
0.082 0.083 0.174436
0.083 0.084 0.166494
0.084 0.085 0.159381
0.085 0.086 0.153143
0.086 0.087 0.145125
0.087 0.088 0.139235
0.088 0.089 0.132909
0.089 0.090 0.124696
0.090 0.091 0.116486
0.091 0.092 0.106111
0.092 0.093 0.100599
0.093 0.094 0.097312
0.094 0.095 0.091604
0.095 0.096 0.086144
0.096 0.097 0.079877
0.097 0.098 0.072595
0.098 0.099 0.065304
0.099 0.100 0.059760
0.100 0.101 0.055483
0.101 0.102 0.051788
0.102 0.103 0.046396
0.103 0.104 0.042234
0.104 0.105 0.039169
0.105 0.106 0.035313
0.106 0.107 0.031303
0.107 0.108 0.026572
0.108 0.109 0.021756
0.109 0.110 0.018478
0.110 0.111 0.015482
0.111 0.112 0.013050
0.112 0.113 0.010106
0.113 0.114 0.006909
0.114 0.115 0.005308
0.115 0.116 0.003506
0.116 0.117 0.001331
0.117 0.118 0.000782
0.118 0.119 0.000000
0.119 0.120 0.000000
0.120 0.121 0.000000
0.121 0.122 0.000000
0.122 0.123 0.000000
0.123 0.124 0.000000
0.124 0.125 0.000000
0.125 0.126 0.000000
0.126 0.127 0.000000
0.127 0.128 0.000000
0.128 0.129 0.000000
0.129 0.130 0.000000
0.130 0.131 0.000000
0.131 0.132 0.000000
0.132 0.133 0.000000
0.133 0.134 0.000000
0.134 0.135 0.000000
0.135 0.136 0.000000
0.136 0.137 0.000000
0.137 0.138 0.000000
0.138 0.139 0.000000
0.139 0.140 0.000000
0.140 0.141 0.000000
0.141 0.142 0.000000
0.142 0.143 0.000000
0.143 0.144 0.000000
0.144 0.145 0.000000
0.145 0.146 0.000000
0.146 0.147 0.000000
0.147 0.148 0.000000
0.148 0.149 0.000000
0.149 0.150 0.000000
