1
0.000 0.001 0.000000
0.001 0.002 0.000000
0.002 0.003 0.000000
0.003 0.004 0.000000
0.004 0.005 0.000000
0.005 0.006 0.000000
0.006 0.007 0.000000
0.007 0.008 0.000000
0.008 0.009 0.000000
0.009 0.010 0.000000
0.010 0.011 0.000000
0.011 0.012 0.000000
0.012 0.013 0.000000
0.013 0.014 0.000000
0.014 0.015 0.000000
0.015 0.016 0.000000
0.016 0.017 0.000000
0.017 0.018 0.000000
0.018 0.019 0.000000
0.019 0.020 0.000001
0.020 0.021 0.000009
0.021 0.022 0.000042
0.022 0.023 0.000157
0.023 0.024 0.000481
0.024 0.025 0.001247
0.025 0.026 0.002813
0.026 0.027 0.005643
0.027 0.028 0.010325
0.028 0.029 0.017473
0.029 0.030 0.027495
0.030 0.031 0.040741
0.031 0.032 0.057407
0.032 0.033 0.078055
0.033 0.034 0.101622
0.034 0.035 0.127683
0.035 0.036 0.157163
0.036 0.037 0.188142
0.037 0.038 0.219129
0.038 0.039 0.251784
0.039 0.040 0.286391
0.040 0.041 0.318486
0.041 0.042 0.349841
0.042 0.043 0.381089
0.043 0.044 0.410905
0.044 0.045 0.438889
0.045 0.046 0.463113
0.046 0.047 0.486013
0.047 0.048 0.506713
0.048 0.049 0.525117
0.049 0.050 0.538347
0.050 0.051 0.552245
0.051 0.052 0.567305
0.052 0.053 0.574737
0.053 0.054 0.578887
0.054 0.055 0.584176
0.055 0.056 0.588575
0.056 0.057 0.589619
0.057 0.058 0.729215
0.058 0.059 1.000000
0.059 0.060 0.858530
0.060 0.061 0.590169
0.061 0.062 0.581940
0.062 0.063 0.554967
0.063 0.064 0.542934
0.064 0.065 0.532875
0.065 0.066 0.523896
0.066 0.067 0.632896
0.067 0.068 0.624954
0.068 0.069 0.512623
0.069 0.070 0.466642
0.070 0.071 0.404644
0.071 0.072 0.394752
0.072 0.073 0.380055
0.073 0.074 0.368593
0.074 0.075 0.355784
0.075 0.076 0.338712
0.076 0.077 0.321656
0.077 0.078 0.307057
0.078 0.079 0.296949
0.079 0.080 0.284148
0.080 0.081 0.266147
0.081 0.082 0.246221
0.082 0.083 0.227850
0.083 0.084 0.210225
0.084 0.085 0.193132
0.085 0.086 0.177051
0.086 0.087 0.158147
0.087 0.088 0.139687
0.088 0.089 0.117635
0.089 0.090 0.098759
0.090 0.091 0.083446
0.091 0.092 0.065215
0.092 0.093 0.045660
0.093 0.094 0.027864
0.094 0.095 0.013697
0.095 0.096 0.001446
0.096 0.097 0.000000
0.097 0.098 0.000000
0.098 0.099 0.000000
0.099 0.100 0.000000
0.100 0.101 0.000000
0.101 0.102 0.000000
0.102 0.103 0.000000
0.103 0.104 0.000000
0.104 0.105 0.000000
0.105 0.106 0.000000
0.106 0.107 0.000000
0.107 0.108 0.000000
0.108 0.109 0.000000
0.109 0.110 0.000000
0.110 0.111 0.000000
0.111 0.112 0.000000
0.112 0.113 0.000000
0.113 0.114 0.000000
0.114 0.115 0.000000
0.115 0.116 0.000000
0.116 0.117 0.000000
0.117 0.118 0.000000
0.118 0.119 0.000000
0.119 0.120 0.000000
0.120 0.121 0.000000
0.121 0.122 0.000000
0.122 0.123 0.000000
0.123 0.124 0.000000
0.124 0.125 0.000000
0.125 0.126 0.000000
0.126 0.127 0.000000
0.127 0.128 0.000000
0.128 0.129 0.000000
0.129 0.130 0.000000
0.130 0.131 0.000000
0.131 0.132 0.000000
0.132 0.133 0.000000
0.133 0.134 0.000000
0.134 0.135 0.000000
0.135 0.136 0.000000
0.136 0.137 0.000000
0.137 0.138 0.000000
0.138 0.139 0.000000
0.139 0.140 0.000000
0.140 0.141 0.000000
0.141 0.142 0.000000
0.142 0.143 0.000000
0.143 0.144 0.000000
0.144 0.145 0.000000
0.145 0.146 0.000000
0.146 0.147 0.000000
0.147 0.148 0.000000
0.148 0.149 0.000000
0.149 0.150 0.000000
