1
0.000 0.001 0.000000
0.001 0.002 0.000000
0.002 0.003 0.000000
0.003 0.004 0.000000
0.004 0.005 0.000000
0.005 0.006 0.000000
0.006 0.007 0.000000
0.007 0.008 0.000000
0.008 0.009 0.000000
0.009 0.010 0.000000
0.010 0.011 0.000000
0.011 0.012 0.000007
0.012 0.013 0.000067
0.013 0.014 0.000429
0.014 0.015 0.001809
0.015 0.016 0.005550
0.016 0.017 0.013476
0.017 0.018 0.027450
0.018 0.019 0.048684
0.019 0.020 0.077835
0.020 0.021 0.114549
0.021 0.022 0.157298
0.022 0.023 0.204648
0.023 0.024 0.254968
0.024 0.025 0.306213
0.025 0.026 0.356594
0.026 0.027 0.405107
0.027 0.028 0.451610
0.028 0.029 0.493734
0.029 0.030 0.529925
0.030 0.031 0.563373
0.031 0.032 0.591712
0.032 0.033 0.614766
0.033 0.034 0.634901
0.034 0.035 0.650844
0.035 0.036 0.659981
0.036 0.037 0.668187
0.037 0.038 0.675535
0.038 0.039 0.676819
0.039 0.040 0.675920
0.040 0.041 0.673927
0.041 0.042 0.668360
0.042 0.043 0.662101
0.043 0.044 0.654847
0.044 0.045 0.647050
0.045 0.046 0.635182
0.046 0.047 0.622215
0.047 0.048 0.612364
0.048 0.049 0.600120
0.049 0.050 0.584050
0.050 0.051 0.569402
0.051 0.052 0.558783
0.052 0.053 0.546542
0.053 0.054 0.533095
0.054 0.055 0.519495
0.055 0.056 0.507830
0.056 0.057 0.496379
0.057 0.058 0.668534
0.058 0.059 1.000000
0.059 0.060 0.799106
0.060 0.061 0.454350
0.061 0.062 0.441359
0.062 0.063 0.411310
0.063 0.064 0.397452
0.064 0.065 0.382484
0.065 0.066 0.371158
0.066 0.067 0.488092
0.067 0.068 0.477360
0.068 0.069 0.365335
0.069 0.070 0.325772
0.070 0.071 0.263044
0.071 0.072 0.254966
0.072 0.073 0.245336
0.073 0.074 0.238487
0.074 0.075 0.231498
0.075 0.076 0.223745
0.076 0.077 0.214457
0.077 0.078 0.205828
0.078 0.079 0.201352
0.079 0.080 0.195968
0.080 0.081 0.189033
0.081 0.082 0.181345
0.082 0.083 0.174337
0.083 0.084 0.167839
0.084 0.085 0.161982
0.085 0.086 0.156598
0.086 0.087 0.150065
0.087 0.088 0.145384
0.088 0.089 0.139608
0.089 0.090 0.132490
0.090 0.091 0.125654
0.091 0.092 0.118415
0.092 0.093 0.113425
0.093 0.094 0.110782
0.094 0.095 0.105866
0.095 0.096 0.101147
0.096 0.097 0.096223
0.097 0.098 0.090111
0.098 0.099 0.084609
0.099 0.100 0.080111
0.100 0.101 0.076247
0.101 0.102 0.071448
0.102 0.103 0.067029
0.103 0.104 0.063678
0.104 0.105 0.060597
0.105 0.106 0.056762
0.106 0.107 0.053247
0.107 0.108 0.048978
0.108 0.109 0.045385
0.109 0.110 0.041683
0.110 0.111 0.038078
0.111 0.112 0.034599
0.112 0.113 0.031406
0.113 0.114 0.028670
0.114 0.115 0.026202
0.115 0.116 0.023383
0.116 0.117 0.020693
0.117 0.118 0.017891
0.118 0.119 0.013956
0.119 0.120 0.012492
0.120 0.121 0.011849
0.121 0.122 0.010203
0.122 0.123 0.008515
0.123 0.124 0.006740
0.124 0.125 0.004403
0.125 0.126 0.003217
0.126 0.127 0.002230
0.127 0.128 0.000841
0.128 0.129 0.000493
0.129 0.130 0.000000
0.130 0.131 0.000000
0.131 0.132 0.000000
0.132 0.133 0.000000
0.133 0.134 0.000000
0.134 0.135 0.000000
0.135 0.136 0.000000
0.136 0.137 0.000000
0.137 0.138 0.000000
0.138 0.139 0.000000
0.139 0.140 0.000000
0.140 0.141 0.000000
0.141 0.142 0.000000
0.142 0.143 0.000000
0.143 0.144 0.000000
0.144 0.145 0.000000
0.145 0.146 0.000000
0.146 0.147 0.000000
0.147 0.148 0.000000
0.148 0.149 0.000000
0.149 0.150 0.000000
