1
0.000 0.001 0.000000
0.001 0.002 0.000000
0.002 0.003 0.000000
0.003 0.004 0.000000
0.004 0.005 0.000000
0.005 0.006 0.000000
0.006 0.007 0.000000
0.007 0.008 0.000000
0.008 0.009 0.000000
0.009 0.010 0.000000
0.010 0.011 0.000000
0.011 0.012 0.000000
0.012 0.013 0.000000
0.013 0.014 0.000000
0.014 0.015 0.000007
0.015 0.016 0.000057
0.016 0.017 0.000304
0.017 0.018 0.001177
0.018 0.019 0.003538
0.019 0.020 0.008781
0.020 0.021 0.018671
0.021 0.022 0.035012
0.022 0.023 0.059229
0.023 0.024 0.092133
0.024 0.025 0.134298
0.025 0.026 0.184311
0.026 0.027 0.241283
0.027 0.028 0.303903
0.028 0.029 0.369504
0.029 0.030 0.438513
0.030 0.031 0.506865
0.031 0.032 0.569904
0.032 0.033 0.632400
0.033 0.034 0.690305
0.034 0.035 0.741605
0.035 0.036 0.788222
0.036 0.037 0.825871
0.037 0.038 0.862381
0.038 0.039 0.896009
0.039 0.040 0.921519
0.040 0.041 0.939816
0.041 0.042 0.956203
0.042 0.043 0.965782
0.043 0.044 0.970003
0.044 0.045 0.975246
0.045 0.046 0.968904
0.046 0.047 0.963672
0.047 0.048 0.953559
0.048 0.049 0.936935
0.049 0.050 0.923159
0.050 0.051 0.909248
0.051 0.052 0.894215
0.052 0.053 0.871292
0.053 0.054 0.851574
0.054 0.055 0.832466
0.055 0.056 0.802390
0.056 0.057 0.769959
0.057 0.058 0.840848
0.058 0.059 1.000000
0.059 0.060 0.883434
0.060 0.061 0.681153
0.061 0.062 0.650403
0.062 0.063 0.614689
0.063 0.064 0.587196
0.064 0.065 0.557098
0.065 0.066 0.523376
0.066 0.067 0.563161
0.067 0.068 0.538323
0.068 0.069 0.449820
0.069 0.070 0.398948
0.070 0.071 0.346396
0.071 0.072 0.321864
0.072 0.073 0.290644
0.073 0.074 0.262458
0.074 0.075 0.236416
0.075 0.076 0.209601
0.076 0.077 0.188146
0.077 0.078 0.163652
0.078 0.079 0.137036
0.079 0.080 0.118427
0.080 0.081 0.098712
0.081 0.082 0.078739
0.082 0.083 0.060603
0.083 0.084 0.047004
0.084 0.085 0.035540
0.085 0.086 0.022142
0.086 0.087 0.011134
0.087 0.088 0.001865
0.088 0.089 0.000000
0.089 0.090 0.000000
0.090 0.091 0.000000
0.091 0.092 0.000000
0.092 0.093 0.000000
0.093 0.094 0.000000
0.094 0.095 0.000000
0.095 0.096 0.000000
0.096 0.097 0.000000
0.097 0.098 0.000000
0.098 0.099 0.000000
0.099 0.100 0.000000
0.100 0.101 0.000000
0.101 0.102 0.000000
0.102 0.103 0.000000
0.103 0.104 0.000000
0.104 0.105 0.000000
0.105 0.106 0.000000
0.106 0.107 0.000000
0.107 0.108 0.000000
0.108 0.109 0.000000
0.109 0.110 0.000000
0.110 0.111 0.000000
0.111 0.112 0.000000
0.112 0.113 0.000000
0.113 0.114 0.000000
0.114 0.115 0.000000
0.115 0.116 0.000000
0.116 0.117 0.000000
0.117 0.118 0.000000
0.118 0.119 0.000000
0.119 0.120 0.000000
0.120 0.121 0.000000
0.121 0.122 0.000000
0.122 0.123 0.000000
0.123 0.124 0.000000
0.124 0.125 0.000000
0.125 0.126 0.000000
0.126 0.127 0.000000
0.127 0.128 0.000000
0.128 0.129 0.000000
0.129 0.130 0.000000
0.130 0.131 0.000000
0.131 0.132 0.000000
0.132 0.133 0.000000
0.133 0.134 0.000000
0.134 0.135 0.000000
0.135 0.136 0.000000
0.136 0.137 0.000000
0.137 0.138 0.000000
0.138 0.139 0.000000
0.139 0.140 0.000000
0.140 0.141 0.000000
0.141 0.142 0.000000
0.142 0.143 0.000000
0.143 0.144 0.000000
0.144 0.145 0.000000
0.145 0.146 0.000000
0.146 0.147 0.000000
0.147 0.148 0.000000
0.148 0.149 0.000000
0.149 0.150 0.000000
