1
0.000 0.001 0.000000
0.001 0.002 0.000000
0.002 0.003 0.000000
0.003 0.004 0.000000
0.004 0.005 0.000000
0.005 0.006 0.000000
0.006 0.007 0.000000
0.007 0.008 0.000000
0.008 0.009 0.000000
0.009 0.010 0.000000
0.010 0.011 0.000000
0.011 0.012 0.000002
0.012 0.013 0.000021
0.013 0.014 0.000173
0.014 0.015 0.000869
0.015 0.016 0.003060
0.016 0.017 0.008292
0.017 0.018 0.018428
0.018 0.019 0.035068
0.019 0.020 0.059450
0.020 0.021 0.091831
0.021 0.022 0.131431
0.022 0.023 0.177103
0.023 0.024 0.227131
0.024 0.025 0.279451
0.025 0.026 0.331907
0.026 0.027 0.383503
0.027 0.028 0.434058
0.028 0.029 0.481169
0.029 0.030 0.523043
0.030 0.031 0.560612
0.031 0.032 0.593541
0.032 0.033 0.621597
0.033 0.034 0.644799
0.034 0.035 0.663418
0.035 0.036 0.678912
0.036 0.037 0.691006
0.037 0.038 0.699750
0.038 0.039 0.702582
0.039 0.040 0.704099
0.040 0.041 0.703247
0.041 0.042 0.697961
0.042 0.043 0.693397
0.043 0.044 0.686347
0.044 0.045 0.678461
0.045 0.046 0.667681
0.046 0.047 0.653445
0.047 0.048 0.641831
0.048 0.049 0.629052
0.049 0.050 0.615493
0.050 0.051 0.601396
0.051 0.052 0.589450
0.052 0.053 0.577082
0.053 0.054 0.563041
0.054 0.055 0.548539
0.055 0.056 0.535528
0.056 0.057 0.522211
0.057 0.058 0.684665
0.058 0.059 1.000000
0.059 0.060 0.806076
0.060 0.061 0.473434
0.061 0.062 0.458920
0.062 0.063 0.427746
0.063 0.064 0.413847
0.064 0.065 0.399465
0.065 0.066 0.387336
0.066 0.067 0.498212
0.067 0.068 0.486341
0.068 0.069 0.376356
0.069 0.070 0.335923
0.070 0.071 0.274177
0.071 0.072 0.264403
0.072 0.073 0.253168
0.073 0.074 0.245799
0.074 0.075 0.236893
0.075 0.076 0.229130
0.076 0.077 0.219719
0.077 0.078 0.211636
0.078 0.079 0.206483
0.079 0.080 0.200251
0.080 0.081 0.191902
0.081 0.082 0.182771
0.082 0.083 0.174766
0.083 0.084 0.167244
0.084 0.085 0.160283
0.085 0.086 0.153963
0.086 0.087 0.145421
0.087 0.088 0.141055
0.088 0.089 0.136005
0.089 0.090 0.129105
0.090 0.091 0.122533
0.091 0.092 0.114195
0.092 0.093 0.108510
0.093 0.094 0.105256
0.094 0.095 0.099477
0.095 0.096 0.093887
0.096 0.097 0.087840
0.097 0.098 0.080145
0.098 0.099 0.074584
0.099 0.100 0.070169
0.100 0.101 0.066895
0.101 0.102 0.062942
0.102 0.103 0.057456
0.103 0.104 0.053225
0.104 0.105 0.049826
0.105 0.106 0.045578
0.106 0.107 0.040843
0.107 0.108 0.036916
0.108 0.109 0.033565
0.109 0.110 0.029913
0.110 0.111 0.026538
0.111 0.112 0.023814
0.112 0.113 0.020319
0.113 0.114 0.016847
0.114 0.115 0.014738
0.115 0.116 0.012245
0.116 0.117 0.010044
0.117 0.118 0.007685
0.118 0.119 0.004518
0.119 0.120 0.003472
0.120 0.121 0.002777
0.121 0.122 0.001079
0.122 0.123 0.000657
0.123 0.124 0.000000
0.124 0.125 0.000000
0.125 0.126 0.000000
0.126 0.127 0.000000
0.127 0.128 0.000000
0.128 0.129 0.000000
0.129 0.130 0.000000
0.130 0.131 0.000000
0.131 0.132 0.000000
0.132 0.133 0.000000
0.133 0.134 0.000000
0.134 0.135 0.000000
0.135 0.136 0.000000
0.136 0.137 0.000000
0.137 0.138 0.000000
0.138 0.139 0.000000
0.139 0.140 0.000000
0.140 0.141 0.000000
0.141 0.142 0.000000
0.142 0.143 0.000000
0.143 0.144 0.000000
0.144 0.145 0.000000
0.145 0.146 0.000000
0.146 0.147 0.000000
0.147 0.148 0.000000
0.148 0.149 0.000000
0.149 0.150 0.000000
