1
0.000 0.001 0.000000
0.001 0.002 0.000000
0.002 0.003 0.000000
0.003 0.004 0.000000
0.004 0.005 0.000000
0.005 0.006 0.000000
0.006 0.007 0.000000
0.007 0.008 0.000000
0.008 0.009 0.000000
0.009 0.010 0.000000
0.010 0.011 0.000000
0.011 0.012 0.000000
0.012 0.013 0.000004
0.013 0.014 0.000040
0.014 0.015 0.000259
0.015 0.016 0.001104
0.016 0.017 0.003482
0.017 0.018 0.008749
0.018 0.019 0.018391
0.019 0.020 0.033819
0.020 0.021 0.055953
0.021 0.022 0.084876
0.022 0.023 0.119981
0.023 0.024 0.160371
0.024 0.025 0.204521
0.025 0.026 0.250448
0.026 0.027 0.297191
0.027 0.028 0.344122
0.028 0.029 0.389367
0.029 0.030 0.431935
0.030 0.031 0.470999
0.031 0.032 0.506002
0.032 0.033 0.537874
0.033 0.034 0.565340
0.034 0.035 0.589211
0.035 0.036 0.609670
0.036 0.037 0.625999
0.037 0.038 0.638246
0.038 0.039 0.645773
0.039 0.040 0.652001
0.040 0.041 0.655766
0.041 0.042 0.656477
0.042 0.043 0.656783
0.043 0.044 0.654011
0.044 0.045 0.651035
0.045 0.046 0.645339
0.046 0.047 0.635845
0.047 0.048 0.628871
0.048 0.049 0.621850
0.049 0.050 0.610088
0.050 0.051 0.597756
0.051 0.052 0.588555
0.052 0.053 0.579113
0.053 0.054 0.566796
0.054 0.055 0.553545
0.055 0.056 0.542601
0.056 0.057 0.531866
0.057 0.058 0.691275
0.058 0.059 1.000000
0.059 0.060 0.812369
0.060 0.061 0.488654
0.061 0.062 0.475465
0.062 0.063 0.447173
0.063 0.064 0.432427
0.064 0.065 0.417614
0.065 0.066 0.405602
0.066 0.067 0.513711
0.067 0.068 0.501647
0.068 0.069 0.392897
0.069 0.070 0.351749
0.070 0.071 0.290353
0.071 0.072 0.279988
0.072 0.073 0.267931
0.073 0.074 0.260830
0.074 0.075 0.252667
0.075 0.076 0.242484
0.076 0.077 0.230312
0.077 0.078 0.220615
0.078 0.079 0.214439
0.079 0.080 0.207079
0.080 0.081 0.197264
0.081 0.082 0.186546
0.082 0.083 0.176498
0.083 0.084 0.168256
0.084 0.085 0.160862
0.085 0.086 0.154366
0.086 0.087 0.146098
0.087 0.088 0.139945
0.088 0.089 0.133430
0.089 0.090 0.124599
0.090 0.091 0.116924
0.091 0.092 0.108044
0.092 0.093 0.101843
0.093 0.094 0.097819
0.094 0.095 0.091396
0.095 0.096 0.084743
0.096 0.097 0.078730
0.097 0.098 0.071712
0.098 0.099 0.064657
0.099 0.100 0.059338
0.100 0.101 0.055498
0.101 0.102 0.051598
0.102 0.103 0.046009
0.103 0.104 0.041641
0.104 0.105 0.038358
0.105 0.106 0.033850
0.106 0.107 0.030464
0.107 0.108 0.026384
0.108 0.109 0.022799
0.109 0.110 0.018927
0.110 0.111 0.014984
0.111 0.112 0.012731
0.112 0.113 0.009986
0.113 0.114 0.007176
0.114 0.115 0.005394
0.115 0.116 0.003038
0.116 0.117 0.001954
0.117 0.118 0.000520
0.118 0.119 0.000000
0.119 0.120 0.000000
0.120 0.121 0.000000
0.121 0.122 0.000000
0.122 0.123 0.000000
0.123 0.124 0.000000
0.124 0.125 0.000000
0.125 0.126 0.000000
0.126 0.127 0.000000
0.127 0.128 0.000000
0.128 0.129 0.000000
0.129 0.130 0.000000
0.130 0.131 0.000000
0.131 0.132 0.000000
0.132 0.133 0.000000
0.133 0.134 0.000000
0.134 0.135 0.000000
0.135 0.136 0.000000
0.136 0.137 0.000000
0.137 0.138 0.000000
0.138 0.139 0.000000
0.139 0.140 0.000000
0.140 0.141 0.000000
0.141 0.142 0.000000
0.142 0.143 0.000000
0.143 0.144 0.000000
0.144 0.145 0.000000
0.145 0.146 0.000000
0.146 0.147 0.000000
0.147 0.148 0.000000
0.148 0.149 0.000000
0.149 0.150 0.000000
