1
0.000 0.001 0.000000
0.001 0.002 0.000000
0.002 0.003 0.000000
0.003 0.004 0.000000
0.004 0.005 0.000000
0.005 0.006 0.000000
0.006 0.007 0.000000
0.007 0.008 0.000000
0.008 0.009 0.000000
0.009 0.010 0.000000
0.010 0.011 0.000000
0.011 0.012 0.000000
0.012 0.013 0.000000
0.013 0.014 0.000000
0.014 0.015 0.000005
0.015 0.016 0.000055
0.016 0.017 0.000340
0.017 0.018 0.001449
0.018 0.019 0.004634
0.019 0.020 0.011849
0.020 0.021 0.025539
0.021 0.022 0.047889
0.022 0.023 0.080226
0.023 0.024 0.124345
0.024 0.025 0.179007
0.025 0.026 0.242767
0.026 0.027 0.313105
0.027 0.028 0.388671
0.028 0.029 0.466140
0.029 0.030 0.542578
0.030 0.031 0.615757
0.031 0.032 0.681938
0.032 0.033 0.743795
0.033 0.034 0.797481
0.034 0.035 0.841553
0.035 0.036 0.884735
0.036 0.037 0.918395
0.037 0.038 0.947423
0.038 0.039 0.970785
0.039 0.040 0.987017
0.040 0.041 0.995261
0.041 0.042 1.000000
0.042 0.043 0.997713
0.043 0.044 0.991260
0.044 0.045 0.981811
0.045 0.046 0.963284
0.046 0.047 0.943182
0.047 0.048 0.927394
0.048 0.049 0.905312
0.049 0.050 0.884036
0.050 0.051 0.863493
0.051 0.052 0.841260
0.052 0.053 0.812842
0.053 0.054 0.785518
0.054 0.055 0.757954
0.055 0.056 0.725578
0.056 0.057 0.692478
0.057 0.058 0.751775
0.058 0.059 0.902871
0.059 0.060 0.787440
0.060 0.061 0.594709
0.061 0.062 0.566703
0.062 0.063 0.528976
0.063 0.064 0.500441
0.064 0.065 0.472629
0.065 0.066 0.443920
0.066 0.067 0.484505
0.067 0.068 0.458109
0.068 0.069 0.379488
0.069 0.070 0.338004
0.070 0.071 0.292900
0.071 0.072 0.275771
0.072 0.073 0.253767
0.073 0.074 0.233869
0.074 0.075 0.213844
0.075 0.076 0.193819
0.076 0.077 0.172086
0.077 0.078 0.156779
0.078 0.079 0.141895
0.079 0.080 0.128349
0.080 0.081 0.113588
0.081 0.082 0.096141
0.082 0.083 0.079074
0.083 0.084 0.070106
0.084 0.085 0.059984
0.085 0.086 0.049735
0.086 0.087 0.038377
0.087 0.088 0.025267
0.088 0.089 0.017946
0.089 0.090 0.011740
0.090 0.091 0.004960
0.091 0.092 0.002996
0.092 0.093 0.000000
0.093 0.094 0.000000
0.094 0.095 0.000000
0.095 0.096 0.000000
0.096 0.097 0.000000
0.097 0.098 0.000000
0.098 0.099 0.000000
0.099 0.100 0.000000
0.100 0.101 0.000000
0.101 0.102 0.000000
0.102 0.103 0.000000
0.103 0.104 0.000000
0.104 0.105 0.000000
0.105 0.106 0.000000
0.106 0.107 0.000000
0.107 0.108 0.000000
0.108 0.109 0.000000
0.109 0.110 0.000000
0.110 0.111 0.000000
0.111 0.112 0.000000
0.112 0.113 0.000000
0.113 0.114 0.000000
0.114 0.115 0.000000
0.115 0.116 0.000000
0.116 0.117 0.000000
0.117 0.118 0.000000
0.118 0.119 0.000000
0.119 0.120 0.000000
0.120 0.121 0.000000
0.121 0.122 0.000000
0.122 0.123 0.000000
0.123 0.124 0.000000
0.124 0.125 0.000000
0.125 0.126 0.000000
0.126 0.127 0.000000
0.127 0.128 0.000000
0.128 0.129 0.000000
0.129 0.130 0.000000
0.130 0.131 0.000000
0.131 0.132 0.000000
0.132 0.133 0.000000
0.133 0.134 0.000000
0.134 0.135 0.000000
0.135 0.136 0.000000
0.136 0.137 0.000000
0.137 0.138 0.000000
0.138 0.139 0.000000
0.139 0.140 0.000000
0.140 0.141 0.000000
0.141 0.142 0.000000
0.142 0.143 0.000000
0.143 0.144 0.000000
0.144 0.145 0.000000
0.145 0.146 0.000000
0.146 0.147 0.000000
0.147 0.148 0.000000
0.148 0.149 0.000000
0.149 0.150 0.000000
