1
0.000 0.001 0.000000
0.001 0.002 0.000000
0.002 0.003 0.000000
0.003 0.004 0.000000
0.004 0.005 0.000000
0.005 0.006 0.000000
0.006 0.007 0.000000
0.007 0.008 0.000000
0.008 0.009 0.000000
0.009 0.010 0.000000
0.010 0.011 0.000000
0.011 0.012 0.000000
0.012 0.013 0.000000
0.013 0.014 0.000000
0.014 0.015 0.000000
0.015 0.016 0.000005
0.016 0.017 0.000042
0.017 0.018 0.000221
0.018 0.019 0.000843
0.019 0.020 0.002501
0.020 0.021 0.006118
0.021 0.022 0.012783
0.022 0.023 0.023535
0.023 0.024 0.039233
0.024 0.025 0.060260
0.025 0.026 0.086421
0.026 0.027 0.117071
0.027 0.028 0.151379
0.028 0.029 0.190231
0.029 0.030 0.230425
0.030 0.031 0.270965
0.031 0.032 0.311375
0.032 0.033 0.350654
0.033 0.034 0.387870
0.034 0.035 0.423045
0.035 0.036 0.454680
0.036 0.037 0.483453
0.037 0.038 0.508843
0.038 0.039 0.529011
0.039 0.040 0.546973
0.040 0.041 0.561168
0.041 0.042 0.571487
0.042 0.043 0.581052
0.043 0.044 0.586060
0.044 0.045 0.592251
0.045 0.046 0.594885
0.046 0.047 0.593561
0.047 0.048 0.593916
0.048 0.049 0.593323
0.049 0.050 0.587309
0.050 0.051 0.579518
0.051 0.052 0.574231
0.052 0.053 0.568471
0.053 0.054 0.559033
0.054 0.055 0.547977
0.055 0.056 0.538742
0.056 0.057 0.529196
0.057 0.058 0.689538
0.058 0.059 1.000000
0.059 0.060 0.812714
0.060 0.061 0.489564
0.061 0.062 0.478659
0.062 0.063 0.451670
0.063 0.064 0.438461
0.064 0.065 0.424822
0.065 0.066 0.413554
0.066 0.067 0.527462
0.067 0.068 0.516426
0.068 0.069 0.403611
0.069 0.070 0.361819
0.070 0.071 0.298181
0.071 0.072 0.287757
0.072 0.073 0.275565
0.073 0.074 0.268081
0.074 0.075 0.258442
0.075 0.076 0.250119
0.076 0.077 0.239931
0.077 0.078 0.231265
0.078 0.079 0.226042
0.079 0.080 0.219454
0.080 0.081 0.210256
0.081 0.082 0.200119
0.082 0.083 0.191256
0.083 0.084 0.182790
0.084 0.085 0.174953
0.085 0.086 0.167912
0.086 0.087 0.158985
0.087 0.088 0.151537
0.088 0.089 0.146274
0.089 0.090 0.138761
0.090 0.091 0.131193
0.091 0.092 0.121999
0.092 0.093 0.115762
0.093 0.094 0.112057
0.094 0.095 0.105596
0.095 0.096 0.099353
0.096 0.097 0.092363
0.097 0.098 0.084198
0.098 0.099 0.075672
0.099 0.100 0.070863
0.100 0.101 0.067634
0.101 0.102 0.063394
0.102 0.103 0.057300
0.103 0.104 0.052598
0.104 0.105 0.049008
0.105 0.106 0.044476
0.106 0.107 0.039857
0.107 0.108 0.033667
0.108 0.109 0.030259
0.109 0.110 0.026482
0.110 0.111 0.023030
0.111 0.112 0.020265
0.112 0.113 0.016779
0.113 0.114 0.013768
0.114 0.115 0.009947
0.115 0.116 0.007799
0.116 0.117 0.005908
0.117 0.118 0.003936
0.118 0.119 0.001282
0.119 0.120 0.000753
0.120 0.121 0.000000
0.121 0.122 0.000000
0.122 0.123 0.000000
0.123 0.124 0.000000
0.124 0.125 0.000000
0.125 0.126 0.000000
0.126 0.127 0.000000
0.127 0.128 0.000000
0.128 0.129 0.000000
0.129 0.130 0.000000
0.130 0.131 0.000000
0.131 0.132 0.000000
0.132 0.133 0.000000
0.133 0.134 0.000000
0.134 0.135 0.000000
0.135 0.136 0.000000
0.136 0.137 0.000000
0.137 0.138 0.000000
0.138 0.139 0.000000
0.139 0.140 0.000000
0.140 0.141 0.000000
0.141 0.142 0.000000
0.142 0.143 0.000000
0.143 0.144 0.000000
0.144 0.145 0.000000
0.145 0.146 0.000000
0.146 0.147 0.000000
0.147 0.148 0.000000
0.148 0.149 0.000000
0.149 0.150 0.000000
