1
0.000 0.001 0.000000
0.001 0.002 0.000000
0.002 0.003 0.000000
0.003 0.004 0.000000
0.004 0.005 0.000000
0.005 0.006 0.000000
0.006 0.007 0.000000
0.007 0.008 0.000000
0.008 0.009 0.000000
0.009 0.010 0.000000
0.010 0.011 0.000000
0.011 0.012 0.000000
0.012 0.013 0.000000
0.013 0.014 0.000000
0.014 0.015 0.000000
0.015 0.016 0.000001
0.016 0.017 0.000006
0.017 0.018 0.000041
0.018 0.019 0.000189
0.019 0.020 0.000665
0.020 0.021 0.001891
0.021 0.022 0.004526
0.022 0.023 0.009395
0.023 0.024 0.017382
0.024 0.025 0.029343
0.025 0.026 0.045749
0.026 0.027 0.066777
0.027 0.028 0.092701
0.028 0.029 0.123004
0.029 0.030 0.156394
0.030 0.031 0.192450
0.031 0.032 0.230175
0.032 0.033 0.268838
0.033 0.034 0.307168
0.034 0.035 0.344979
0.035 0.036 0.381541
0.036 0.037 0.415838
0.037 0.038 0.447055
0.038 0.039 0.474177
0.039 0.040 0.499380
0.040 0.041 0.521879
0.041 0.042 0.540890
0.042 0.043 0.557620
0.043 0.044 0.570104
0.044 0.045 0.581059
0.045 0.046 0.588103
0.046 0.047 0.592215
0.047 0.048 0.596644
0.048 0.049 0.599363
0.049 0.050 0.596884
0.050 0.051 0.592827
0.051 0.052 0.589680
0.052 0.053 0.585930
0.053 0.054 0.578629
0.054 0.055 0.568581
0.055 0.056 0.559993
0.056 0.057 0.550995
0.057 0.058 0.704479
0.058 0.059 1.000000
0.059 0.060 0.824825
0.060 0.061 0.516206
0.061 0.062 0.504468
0.062 0.063 0.476952
0.063 0.064 0.461340
0.064 0.065 0.446123
0.065 0.066 0.433681
0.066 0.067 0.541198
0.067 0.068 0.530542
0.068 0.069 0.419893
0.069 0.070 0.377985
0.070 0.071 0.315338
0.071 0.072 0.304365
0.072 0.073 0.291136
0.073 0.074 0.284056
0.074 0.075 0.275578
0.075 0.076 0.264075
0.076 0.077 0.249660
0.077 0.078 0.240016
0.078 0.079 0.234335
0.079 0.080 0.227146
0.080 0.081 0.217018
0.081 0.082 0.205771
0.082 0.083 0.195672
0.083 0.084 0.185664
0.084 0.085 0.176602
0.085 0.086 0.168526
0.086 0.087 0.157680
0.087 0.088 0.151614
0.088 0.089 0.145202
0.089 0.090 0.136529
0.090 0.091 0.127253
0.091 0.092 0.117016
0.092 0.093 0.109624
0.093 0.094 0.104373
0.094 0.095 0.095816
0.095 0.096 0.089939
0.096 0.097 0.082918
0.097 0.098 0.074833
0.098 0.099 0.066279
0.099 0.100 0.060123
0.100 0.101 0.056635
0.101 0.102 0.050361
0.102 0.103 0.044337
0.103 0.104 0.039595
0.104 0.105 0.036134
0.105 0.106 0.031816
0.106 0.107 0.027248
0.107 0.108 0.021278
0.108 0.109 0.017887
0.109 0.110 0.014240
0.110 0.111 0.010844
0.111 0.112 0.007312
0.112 0.113 0.005333
0.113 0.114 0.003525
0.114 0.115 0.000978
0.115 0.116 0.000000
0.116 0.117 0.000000
0.117 0.118 0.000000
0.118 0.119 0.000000
0.119 0.120 0.000000
0.120 0.121 0.000000
0.121 0.122 0.000000
0.122 0.123 0.000000
0.123 0.124 0.000000
0.124 0.125 0.000000
0.125 0.126 0.000000
0.126 0.127 0.000000
0.127 0.128 0.000000
0.128 0.129 0.000000
0.129 0.130 0.000000
0.130 0.131 0.000000
0.131 0.132 0.000000
0.132 0.133 0.000000
0.133 0.134 0.000000
0.134 0.135 0.000000
0.135 0.136 0.000000
0.136 0.137 0.000000
0.137 0.138 0.000000
0.138 0.139 0.000000
0.139 0.140 0.000000
0.140 0.141 0.000000
0.141 0.142 0.000000
0.142 0.143 0.000000
0.143 0.144 0.000000
0.144 0.145 0.000000
0.145 0.146 0.000000
0.146 0.147 0.000000
0.147 0.148 0.000000
0.148 0.149 0.000000
0.149 0.150 0.000000
