1
0.000 0.001 0.000000
0.001 0.002 0.000000
0.002 0.003 0.000000
0.003 0.004 0.000000
0.004 0.005 0.000000
0.005 0.006 0.000000
0.006 0.007 0.000000
0.007 0.008 0.000000
0.008 0.009 0.000000
0.009 0.010 0.000000
0.010 0.011 0.000000
0.011 0.012 0.000000
0.012 0.013 0.000001
0.013 0.014 0.000016
0.014 0.015 0.000124
0.015 0.016 0.000609
0.016 0.017 0.002145
0.017 0.018 0.005884
0.018 0.019 0.013269
0.019 0.020 0.025842
0.020 0.021 0.044805
0.021 0.022 0.070601
0.022 0.023 0.103072
0.023 0.024 0.141274
0.024 0.025 0.184228
0.025 0.026 0.230036
0.026 0.027 0.276885
0.027 0.028 0.324423
0.028 0.029 0.370339
0.029 0.030 0.413251
0.030 0.031 0.454162
0.031 0.032 0.489687
0.032 0.033 0.524130
0.033 0.034 0.555172
0.034 0.035 0.581597
0.035 0.036 0.603264
0.036 0.037 0.621670
0.037 0.038 0.636566
0.038 0.039 0.645830
0.039 0.040 0.653198
0.040 0.041 0.658110
0.041 0.042 0.658249
0.042 0.043 0.658146
0.043 0.044 0.655465
0.044 0.045 0.651557
0.045 0.046 0.644592
0.046 0.047 0.633990
0.047 0.048 0.625442
0.048 0.049 0.615034
0.049 0.050 0.603960
0.050 0.051 0.592406
0.051 0.052 0.582751
0.052 0.053 0.572474
0.053 0.054 0.560236
0.054 0.055 0.546956
0.055 0.056 0.535315
0.056 0.057 0.523710
0.057 0.058 0.686003
0.058 0.059 1.000000
0.059 0.060 0.808256
0.060 0.061 0.477990
0.061 0.062 0.464120
0.062 0.063 0.434506
0.063 0.064 0.418032
0.064 0.065 0.404232
0.065 0.066 0.392734
0.066 0.067 0.504723
0.067 0.068 0.493514
0.068 0.069 0.383427
0.069 0.070 0.342922
0.070 0.071 0.280856
0.071 0.072 0.271265
0.072 0.073 0.260104
0.073 0.074 0.253105
0.074 0.075 0.245275
0.075 0.076 0.236046
0.076 0.077 0.225106
0.077 0.078 0.214656
0.078 0.079 0.210084
0.079 0.080 0.204146
0.080 0.081 0.195822
0.081 0.082 0.186877
0.082 0.083 0.179038
0.083 0.084 0.171645
0.084 0.085 0.164874
0.085 0.086 0.158816
0.086 0.087 0.151004
0.087 0.088 0.145429
0.088 0.089 0.139206
0.089 0.090 0.131146
0.090 0.091 0.122796
0.091 0.092 0.114657
0.092 0.093 0.109263
0.093 0.094 0.106363
0.094 0.095 0.100857
0.095 0.096 0.095545
0.096 0.097 0.089685
0.097 0.098 0.082672
0.098 0.099 0.076004
0.099 0.100 0.070718
0.100 0.101 0.066833
0.101 0.102 0.061385
0.102 0.103 0.056273
0.103 0.104 0.052413
0.104 0.105 0.049408
0.105 0.106 0.045587
0.106 0.107 0.041773
0.107 0.108 0.037140
0.108 0.109 0.033120
0.109 0.110 0.028807
0.110 0.111 0.024256
0.111 0.112 0.021990
0.112 0.113 0.019016
0.113 0.114 0.016535
0.114 0.115 0.013990
0.115 0.116 0.011044
0.116 0.117 0.007886
0.117 0.118 0.006174
0.118 0.119 0.004060
0.119 0.120 0.002773
0.120 0.121 0.001271
0.121 0.122 0.000776
0.122 0.123 0.000000
0.123 0.124 0.000000
0.124 0.125 0.000000
0.125 0.126 0.000000
0.126 0.127 0.000000
0.127 0.128 0.000000
0.128 0.129 0.000000
0.129 0.130 0.000000
0.130 0.131 0.000000
0.131 0.132 0.000000
0.132 0.133 0.000000
0.133 0.134 0.000000
0.134 0.135 0.000000
0.135 0.136 0.000000
0.136 0.137 0.000000
0.137 0.138 0.000000
0.138 0.139 0.000000
0.139 0.140 0.000000
0.140 0.141 0.000000
0.141 0.142 0.000000
0.142 0.143 0.000000
0.143 0.144 0.000000
0.144 0.145 0.000000
0.145 0.146 0.000000
0.146 0.147 0.000000
0.147 0.148 0.000000
0.148 0.149 0.000000
0.149 0.150 0.000000
