1
0.000 0.001 0.000000
0.001 0.002 0.000000
0.002 0.003 0.000000
0.003 0.004 0.000000
0.004 0.005 0.000000
0.005 0.006 0.000000
0.006 0.007 0.000000
0.007 0.008 0.000000
0.008 0.009 0.000000
0.009 0.010 0.000000
0.010 0.011 0.000000
0.011 0.012 0.000000
0.012 0.013 0.000000
0.013 0.014 0.000000
0.014 0.015 0.000000
0.015 0.016 0.000000
0.016 0.017 0.000000
0.017 0.018 0.000000
0.018 0.019 0.000000
0.019 0.020 0.000000
0.020 0.021 0.000000
0.021 0.022 0.000003
0.022 0.023 0.000014
0.023 0.024 0.000059
0.024 0.025 0.000197
0.025 0.026 0.000553
0.026 0.027 0.001342
0.027 0.028 0.002896
0.028 0.029 0.005659
0.029 0.030 0.010122
0.030 0.031 0.016808
0.031 0.032 0.026120
0.032 0.033 0.038768
0.033 0.034 0.054709
0.034 0.035 0.073797
0.035 0.036 0.096434
0.036 0.037 0.121819
0.037 0.038 0.149690
0.038 0.039 0.180559
0.039 0.040 0.214001
0.040 0.041 0.247232
0.041 0.042 0.281415
0.042 0.043 0.315844
0.043 0.044 0.350530
0.044 0.045 0.384809
0.045 0.046 0.414942
0.046 0.047 0.445757
0.047 0.048 0.473701
0.048 0.049 0.498402
0.049 0.050 0.520313
0.050 0.051 0.542620
0.051 0.052 0.565024
0.052 0.053 0.578125
0.053 0.054 0.588989
0.054 0.055 0.601972
0.055 0.056 0.610763
0.056 0.057 0.614070
0.057 0.058 0.744699
0.058 0.059 1.000000
0.059 0.060 0.879157
0.060 0.061 0.634490
0.061 0.062 0.627399
0.062 0.063 0.602306
0.063 0.064 0.592663
0.064 0.065 0.583045
0.065 0.066 0.572316
0.066 0.067 0.677688
0.067 0.068 0.671120
0.068 0.069 0.559676
0.069 0.070 0.510290
0.070 0.071 0.447029
0.071 0.072 0.436328
0.072 0.073 0.419087
0.073 0.074 0.401672
0.074 0.075 0.382992
0.075 0.076 0.362645
0.076 0.077 0.343005
0.077 0.078 0.323200
0.078 0.079 0.305853
0.079 0.080 0.287667
0.080 0.081 0.264606
0.081 0.082 0.237520
0.082 0.083 0.213842
0.083 0.084 0.191823
0.084 0.085 0.169971
0.085 0.086 0.146650
0.086 0.087 0.124435
0.087 0.088 0.101286
0.088 0.089 0.078170
0.089 0.090 0.061813
0.090 0.091 0.047793
0.091 0.092 0.033100
0.092 0.093 0.020858
0.093 0.094 0.010794
0.094 0.095 0.001898
0.095 0.096 0.000000
0.096 0.097 0.000000
0.097 0.098 0.000000
0.098 0.099 0.000000
0.099 0.100 0.000000
0.100 0.101 0.000000
0.101 0.102 0.000000
0.102 0.103 0.000000
0.103 0.104 0.000000
0.104 0.105 0.000000
0.105 0.106 0.000000
0.106 0.107 0.000000
0.107 0.108 0.000000
0.108 0.109 0.000000
0.109 0.110 0.000000
0.110 0.111 0.000000
0.111 0.112 0.000000
0.112 0.113 0.000000
0.113 0.114 0.000000
0.114 0.115 0.000000
0.115 0.116 0.000000
0.116 0.117 0.000000
0.117 0.118 0.000000
0.118 0.119 0.000000
0.119 0.120 0.000000
0.120 0.121 0.000000
0.121 0.122 0.000000
0.122 0.123 0.000000
0.123 0.124 0.000000
0.124 0.125 0.000000
0.125 0.126 0.000000
0.126 0.127 0.000000
0.127 0.128 0.000000
0.128 0.129 0.000000
0.129 0.130 0.000000
0.130 0.131 0.000000
0.131 0.132 0.000000
0.132 0.133 0.000000
0.133 0.134 0.000000
0.134 0.135 0.000000
0.135 0.136 0.000000
0.136 0.137 0.000000
0.137 0.138 0.000000
0.138 0.139 0.000000
0.139 0.140 0.000000
0.140 0.141 0.000000
0.141 0.142 0.000000
0.142 0.143 0.000000
0.143 0.144 0.000000
0.144 0.145 0.000000
0.145 0.146 0.000000
0.146 0.147 0.000000
0.147 0.148 0.000000
0.148 0.149 0.000000
0.149 0.150 0.000000
