1
0.000 0.001 0.000000
0.001 0.002 0.000000
0.002 0.003 0.000000
0.003 0.004 0.000000
0.004 0.005 0.000000
0.005 0.006 0.000000
0.006 0.007 0.000000
0.007 0.008 0.000000
0.008 0.009 0.000000
0.009 0.010 0.000000
0.010 0.011 0.000000
0.011 0.012 0.000000
0.012 0.013 0.000000
0.013 0.014 0.000000
0.014 0.015 0.000000
0.015 0.016 0.000000
0.016 0.017 0.000000
0.017 0.018 0.000000
0.018 0.019 0.000000
0.019 0.020 0.000000
0.020 0.021 0.000001
0.021 0.022 0.000004
0.022 0.023 0.000019
0.023 0.024 0.000075
0.024 0.025 0.000241
0.025 0.026 0.000654
0.026 0.027 0.001542
0.027 0.028 0.003249
0.028 0.029 0.006220
0.029 0.030 0.010914
0.030 0.031 0.017813
0.031 0.032 0.027313
0.032 0.033 0.039931
0.033 0.034 0.055663
0.034 0.035 0.074507
0.035 0.036 0.096746
0.036 0.037 0.121471
0.037 0.038 0.147975
0.038 0.039 0.177037
0.039 0.040 0.208303
0.040 0.041 0.239466
0.041 0.042 0.271106
0.042 0.043 0.303421
0.043 0.044 0.334587
0.044 0.045 0.365699
0.045 0.046 0.394578
0.046 0.047 0.421381
0.047 0.048 0.447154
0.048 0.049 0.471113
0.049 0.050 0.490674
0.050 0.051 0.509813
0.051 0.052 0.529724
0.052 0.053 0.544676
0.053 0.054 0.556403
0.054 0.055 0.566450
0.055 0.056 0.574485
0.056 0.057 0.581347
0.057 0.058 0.724920
0.058 0.059 1.000000
0.059 0.060 0.863727
0.060 0.061 0.595531
0.061 0.062 0.591215
0.062 0.063 0.570738
0.063 0.064 0.561644
0.064 0.065 0.553037
0.065 0.066 0.544978
0.066 0.067 0.659469
0.067 0.068 0.652647
0.068 0.069 0.537268
0.069 0.070 0.490564
0.070 0.071 0.425070
0.071 0.072 0.413456
0.072 0.073 0.396335
0.073 0.074 0.386072
0.074 0.075 0.374017
0.075 0.076 0.356343
0.076 0.077 0.337333
0.077 0.078 0.320260
0.078 0.079 0.307276
0.079 0.080 0.292545
0.080 0.081 0.275427
0.081 0.082 0.255061
0.082 0.083 0.234737
0.083 0.084 0.217555
0.084 0.085 0.201574
0.085 0.086 0.186728
0.086 0.087 0.168638
0.087 0.088 0.154750
0.088 0.089 0.139515
0.089 0.090 0.123106
0.090 0.091 0.108960
0.091 0.092 0.095247
0.092 0.093 0.081666
0.093 0.094 0.071371
0.094 0.095 0.060252
0.095 0.096 0.048504
0.096 0.097 0.038226
0.097 0.098 0.026619
0.098 0.099 0.017805
0.099 0.100 0.010034
0.100 0.101 0.005576
0.101 0.102 0.001552
0.102 0.103 0.000000
0.103 0.104 0.000000
0.104 0.105 0.000000
0.105 0.106 0.000000
0.106 0.107 0.000000
0.107 0.108 0.000000
0.108 0.109 0.000000
0.109 0.110 0.000000
0.110 0.111 0.000000
0.111 0.112 0.000000
0.112 0.113 0.000000
0.113 0.114 0.000000
0.114 0.115 0.000000
0.115 0.116 0.000000
0.116 0.117 0.000000
0.117 0.118 0.000000
0.118 0.119 0.000000
0.119 0.120 0.000000
0.120 0.121 0.000000
0.121 0.122 0.000000
0.122 0.123 0.000000
0.123 0.124 0.000000
0.124 0.125 0.000000
0.125 0.126 0.000000
0.126 0.127 0.000000
0.127 0.128 0.000000
0.128 0.129 0.000000
0.129 0.130 0.000000
0.130 0.131 0.000000
0.131 0.132 0.000000
0.132 0.133 0.000000
0.133 0.134 0.000000
0.134 0.135 0.000000
0.135 0.136 0.000000
0.136 0.137 0.000000
0.137 0.138 0.000000
0.138 0.139 0.000000
0.139 0.140 0.000000
0.140 0.141 0.000000
0.141 0.142 0.000000
0.142 0.143 0.000000
0.143 0.144 0.000000
0.144 0.145 0.000000
0.145 0.146 0.000000
0.146 0.147 0.000000
0.147 0.148 0.000000
0.148 0.149 0.000000
0.149 0.150 0.000000
