1
0.000 0.001 0.000000
0.001 0.002 0.000000
0.002 0.003 0.000000
0.003 0.004 0.000000
0.004 0.005 0.000000
0.005 0.006 0.000000
0.006 0.007 0.000000
0.007 0.008 0.000000
0.008 0.009 0.000000
0.009 0.010 0.000000
0.010 0.011 0.000000
0.011 0.012 0.000000
0.012 0.013 0.000000
0.013 0.014 0.000000
0.014 0.015 0.000000
0.015 0.016 0.000000
0.016 0.017 0.000000
0.017 0.018 0.000000
0.018 0.019 0.000000
0.019 0.020 0.000000
0.020 0.021 0.000000
0.021 0.022 0.000001
0.022 0.023 0.000006
0.023 0.024 0.000026
0.024 0.025 0.000092
0.025 0.026 0.000268
0.026 0.027 0.000671
0.027 0.028 0.001492
0.028 0.029 0.002996
0.029 0.030 0.005470
0.030 0.031 0.009287
0.031 0.032 0.014755
0.032 0.033 0.022191
0.033 0.034 0.031827
0.034 0.035 0.043725
0.035 0.036 0.057871
0.036 0.037 0.074288
0.037 0.038 0.092935
0.038 0.039 0.113042
0.039 0.040 0.134675
0.040 0.041 0.157482
0.041 0.042 0.180816
0.042 0.043 0.204887
0.043 0.044 0.228953
0.044 0.045 0.253393
0.045 0.046 0.276043
0.046 0.047 0.297420
0.047 0.048 0.319747
0.048 0.049 0.340652
0.049 0.050 0.358444
0.050 0.051 0.375451
0.051 0.052 0.392579
0.052 0.053 0.407035
0.053 0.054 0.419184
0.054 0.055 0.430368
0.055 0.056 0.441083
0.056 0.057 0.450457
0.057 0.058 0.638141
0.058 0.059 1.000000
0.059 0.060 0.826731
0.060 0.061 0.481463
0.061 0.062 0.482862
0.062 0.063 0.464277
0.063 0.064 0.462963
0.064 0.065 0.459805
0.065 0.066 0.456673
0.066 0.067 0.616853
0.067 0.068 0.616165
0.068 0.069 0.479298
0.069 0.070 0.435182
0.070 0.071 0.356168
0.071 0.072 0.350187
0.072 0.073 0.343937
0.073 0.074 0.340319
0.074 0.075 0.336352
0.075 0.076 0.331010
0.076 0.077 0.322906
0.077 0.078 0.316304
0.078 0.079 0.311971
0.079 0.080 0.306499
0.080 0.081 0.298942
0.081 0.082 0.289327
0.082 0.083 0.279478
0.083 0.084 0.272197
0.084 0.085 0.265860
0.085 0.086 0.260019
0.086 0.087 0.252441
0.087 0.088 0.247388
0.088 0.089 0.240058
0.089 0.090 0.230495
0.090 0.091 0.222118
0.091 0.092 0.210321
0.092 0.093 0.201129
0.093 0.094 0.197884
0.094 0.095 0.190808
0.095 0.096 0.183970
0.096 0.097 0.176755
0.097 0.098 0.167271
0.098 0.099 0.158616
0.099 0.100 0.151744
0.100 0.101 0.145800
0.101 0.102 0.138838
0.102 0.103 0.129558
0.103 0.104 0.124097
0.104 0.105 0.118728
0.105 0.106 0.111929
0.106 0.107 0.105818
0.107 0.108 0.098307
0.108 0.109 0.092042
0.109 0.110 0.085690
0.110 0.111 0.078687
0.111 0.112 0.074278
0.112 0.113 0.068056
0.113 0.114 0.062583
0.114 0.115 0.057831
0.115 0.116 0.052478
0.116 0.117 0.047105
0.117 0.118 0.041083
0.118 0.119 0.035180
0.119 0.120 0.031897
0.120 0.121 0.030377
0.121 0.122 0.026801
0.122 0.123 0.023135
0.123 0.124 0.018638
0.124 0.125 0.015415
0.125 0.126 0.012209
0.126 0.127 0.009634
0.127 0.128 0.006196
0.128 0.129 0.004543
0.129 0.130 0.002981
0.130 0.131 0.000751
0.131 0.132 0.000000
0.132 0.133 0.000000
0.133 0.134 0.000000
0.134 0.135 0.000000
0.135 0.136 0.000000
0.136 0.137 0.000000
0.137 0.138 0.000000
0.138 0.139 0.000000
0.139 0.140 0.000000
0.140 0.141 0.000000
0.141 0.142 0.000000
0.142 0.143 0.000000
0.143 0.144 0.000000
0.144 0.145 0.000000
0.145 0.146 0.000000
0.146 0.147 0.000000
0.147 0.148 0.000000
0.148 0.149 0.000000
0.149 0.150 0.000000
