1
0.000 0.001 0.000000
0.001 0.002 0.000000
0.002 0.003 0.000000
0.003 0.004 0.000000
0.004 0.005 0.000000
0.005 0.006 0.000000
0.006 0.007 0.000000
0.007 0.008 0.000000
0.008 0.009 0.000000
0.009 0.010 0.000000
0.010 0.011 0.000000
0.011 0.012 0.000000
0.012 0.013 0.000000
0.013 0.014 0.000000
0.014 0.015 0.000000
0.015 0.016 0.000000
0.016 0.017 0.000000
0.017 0.018 0.000000
0.018 0.019 0.000000
0.019 0.020 0.000000
0.020 0.021 0.000000
0.021 0.022 0.000002
0.022 0.023 0.000010
0.023 0.024 0.000040
0.024 0.025 0.000138
0.025 0.026 0.000397
0.026 0.027 0.000979
0.027 0.028 0.002139
0.028 0.029 0.004234
0.029 0.030 0.007620
0.030 0.031 0.012725
0.031 0.032 0.019934
0.032 0.033 0.029567
0.033 0.034 0.041828
0.034 0.035 0.056875
0.035 0.036 0.074469
0.036 0.037 0.094506
0.037 0.038 0.116717
0.038 0.039 0.140057
0.039 0.040 0.164704
0.040 0.041 0.191335
0.041 0.042 0.218194
0.042 0.043 0.245788
0.043 0.044 0.272794
0.044 0.045 0.299693
0.045 0.046 0.325063
0.046 0.047 0.348086
0.047 0.048 0.371304
0.048 0.049 0.393469
0.049 0.050 0.411961
0.050 0.051 0.427979
0.051 0.052 0.443834
0.052 0.053 0.458553
0.053 0.054 0.469625
0.054 0.055 0.478481
0.055 0.056 0.487150
0.056 0.057 0.493227
0.057 0.058 0.666975
0.058 0.059 1.000000
0.059 0.060 0.838156
0.060 0.061 0.518480
0.061 0.062 0.519030
0.062 0.063 0.500717
0.063 0.064 0.496103
0.064 0.065 0.490064
0.065 0.066 0.485666
0.066 0.067 0.630589
0.067 0.068 0.627350
0.068 0.069 0.497434
0.069 0.070 0.452219
0.070 0.071 0.377214
0.071 0.072 0.368514
0.072 0.073 0.355848
0.073 0.074 0.352431
0.074 0.075 0.347295
0.075 0.076 0.339648
0.076 0.077 0.328991
0.077 0.078 0.319886
0.078 0.079 0.315065
0.079 0.080 0.308311
0.080 0.081 0.297784
0.081 0.082 0.285393
0.082 0.083 0.274566
0.083 0.084 0.264011
0.084 0.085 0.254083
0.085 0.086 0.243634
0.086 0.087 0.234501
0.087 0.088 0.228648
0.088 0.089 0.221787
0.089 0.090 0.211463
0.090 0.091 0.201079
0.091 0.092 0.187849
0.092 0.093 0.179003
0.093 0.094 0.173973
0.094 0.095 0.164543
0.095 0.096 0.155308
0.096 0.097 0.144875
0.097 0.098 0.131255
0.098 0.099 0.121720
0.099 0.100 0.114423
0.100 0.101 0.109620
0.101 0.102 0.103117
0.102 0.103 0.093529
0.103 0.104 0.086143
0.104 0.105 0.080520
0.105 0.106 0.073305
0.106 0.107 0.065889
0.107 0.108 0.055816
0.108 0.109 0.050311
0.109 0.110 0.044149
0.110 0.111 0.038495
0.111 0.112 0.033959
0.112 0.113 0.028187
0.113 0.114 0.023185
0.114 0.115 0.016790
0.115 0.116 0.013193
0.116 0.117 0.010015
0.117 0.118 0.006687
0.118 0.119 0.002182
0.119 0.120 0.001284
0.120 0.121 0.000000
0.121 0.122 0.000000
0.122 0.123 0.000000
0.123 0.124 0.000000
0.124 0.125 0.000000
0.125 0.126 0.000000
0.126 0.127 0.000000
0.127 0.128 0.000000
0.128 0.129 0.000000
0.129 0.130 0.000000
0.130 0.131 0.000000
0.131 0.132 0.000000
0.132 0.133 0.000000
0.133 0.134 0.000000
0.134 0.135 0.000000
0.135 0.136 0.000000
0.136 0.137 0.000000
0.137 0.138 0.000000
0.138 0.139 0.000000
0.139 0.140 0.000000
0.140 0.141 0.000000
0.141 0.142 0.000000
0.142 0.143 0.000000
0.143 0.144 0.000000
0.144 0.145 0.000000
0.145 0.146 0.000000
0.146 0.147 0.000000
0.147 0.148 0.000000
0.148 0.149 0.000000
0.149 0.150 0.000000
