1
0.000 0.001 0.000000
0.001 0.002 0.000000
0.002 0.003 0.000000
0.003 0.004 0.000000
0.004 0.005 0.000000
0.005 0.006 0.000000
0.006 0.007 0.000000
0.007 0.008 0.000000
0.008 0.009 0.000000
0.009 0.010 0.000000
0.010 0.011 0.000000
0.011 0.012 0.000000
0.012 0.013 0.000000
0.013 0.014 0.000000
0.014 0.015 0.000000
0.015 0.016 0.000000
0.016 0.017 0.000000
0.017 0.018 0.000000
0.018 0.019 0.000000
0.019 0.020 0.000000
0.020 0.021 0.000001
0.021 0.022 0.000009
0.022 0.023 0.000047
0.023 0.024 0.000186
0.024 0.025 0.000597
0.025 0.026 0.001616
0.026 0.027 0.003789
0.027 0.028 0.007920
0.028 0.029 0.015010
0.029 0.030 0.026059
0.030 0.031 0.042229
0.031 0.032 0.064075
0.032 0.033 0.092222
0.033 0.034 0.126928
0.034 0.035 0.168129
0.035 0.036 0.215031
0.036 0.037 0.265745
0.037 0.038 0.321709
0.038 0.039 0.380712
0.039 0.040 0.439711
0.040 0.041 0.499101
0.041 0.042 0.558075
0.042 0.043 0.613957
0.043 0.044 0.665852
0.044 0.045 0.715102
0.045 0.046 0.754624
0.046 0.047 0.791325
0.047 0.048 0.822787
0.048 0.049 0.846493
0.049 0.050 0.864529
0.050 0.051 0.879137
0.051 0.052 0.888757
0.052 0.053 0.891396
0.053 0.054 0.887950
0.054 0.055 0.883121
0.055 0.056 0.864853
0.056 0.057 0.846963
0.057 0.058 0.896816
0.058 0.059 1.000000
0.059 0.060 0.915640
0.060 0.061 0.761665
0.061 0.062 0.733700
0.062 0.063 0.700609
0.063 0.064 0.664525
0.064 0.065 0.621904
0.065 0.066 0.582430
0.066 0.067 0.603646
0.067 0.068 0.571156
0.068 0.069 0.475862
0.069 0.070 0.424540
0.070 0.071 0.373202
0.071 0.072 0.340483
0.072 0.073 0.298011
0.073 0.074 0.260881
0.074 0.075 0.233551
0.075 0.076 0.205302
0.076 0.077 0.176190
0.077 0.078 0.137944
0.078 0.079 0.108716
0.079 0.080 0.085332
0.080 0.081 0.060579
0.081 0.082 0.040749
0.082 0.083 0.019487
0.083 0.084 0.005658
0.084 0.085 0.000000
0.085 0.086 0.000000
0.086 0.087 0.000000
0.087 0.088 0.000000
0.088 0.089 0.000000
0.089 0.090 0.000000
0.090 0.091 0.000000
0.091 0.092 0.000000
0.092 0.093 0.000000
0.093 0.094 0.000000
0.094 0.095 0.000000
0.095 0.096 0.000000
0.096 0.097 0.000000
0.097 0.098 0.000000
0.098 0.099 0.000000
0.099 0.100 0.000000
0.100 0.101 0.000000
0.101 0.102 0.000000
0.102 0.103 0.000000
0.103 0.104 0.000000
0.104 0.105 0.000000
0.105 0.106 0.000000
0.106 0.107 0.000000
0.107 0.108 0.000000
0.108 0.109 0.000000
0.109 0.110 0.000000
0.110 0.111 0.000000
0.111 0.112 0.000000
0.112 0.113 0.000000
0.113 0.114 0.000000
0.114 0.115 0.000000
0.115 0.116 0.000000
0.116 0.117 0.000000
0.117 0.118 0.000000
0.118 0.119 0.000000
0.119 0.120 0.000000
0.120 0.121 0.000000
0.121 0.122 0.000000
0.122 0.123 0.000000
0.123 0.124 0.000000
0.124 0.125 0.000000
0.125 0.126 0.000000
0.126 0.127 0.000000
0.127 0.128 0.000000
0.128 0.129 0.000000
0.129 0.130 0.000000
0.130 0.131 0.000000
0.131 0.132 0.000000
0.132 0.133 0.000000
0.133 0.134 0.000000
0.134 0.135 0.000000
0.135 0.136 0.000000
0.136 0.137 0.000000
0.137 0.138 0.000000
0.138 0.139 0.000000
0.139 0.140 0.000000
0.140 0.141 0.000000
0.141 0.142 0.000000
0.142 0.143 0.000000
0.143 0.144 0.000000
0.144 0.145 0.000000
0.145 0.146 0.000000
0.146 0.147 0.000000
0.147 0.148 0.000000
0.148 0.149 0.000000
0.149 0.150 0.000000
