1
0.000 0.001 0.000000
0.001 0.002 0.000000
0.002 0.003 0.000000
0.003 0.004 0.000000
0.004 0.005 0.000000
0.005 0.006 0.000000
0.006 0.007 0.000000
0.007 0.008 0.000000
0.008 0.009 0.000000
0.009 0.010 0.000000
0.010 0.011 0.000000
0.011 0.012 0.000000
0.012 0.013 0.000000
0.013 0.014 0.000000
0.014 0.015 0.000000
0.015 0.016 0.000006
0.016 0.017 0.000044
0.017 0.018 0.000218
0.018 0.019 0.000799
0.019 0.020 0.002313
0.020 0.021 0.005591
0.021 0.022 0.011668
0.022 0.023 0.021613
0.023 0.024 0.036266
0.024 0.025 0.056153
0.025 0.026 0.081322
0.026 0.027 0.111498
0.027 0.028 0.146548
0.028 0.029 0.185432
0.029 0.030 0.226289
0.030 0.031 0.267833
0.031 0.032 0.309924
0.032 0.033 0.352566
0.033 0.034 0.392643
0.034 0.035 0.430110
0.035 0.036 0.467095
0.036 0.037 0.500310
0.037 0.038 0.526237
0.038 0.039 0.551042
0.039 0.040 0.576549
0.040 0.041 0.594692
0.041 0.042 0.609715
0.042 0.043 0.624471
0.043 0.044 0.635077
0.044 0.045 0.643366
0.045 0.046 0.648511
0.046 0.047 0.650150
0.047 0.048 0.651270
0.048 0.049 0.651423
0.049 0.050 0.644962
0.050 0.051 0.640226
0.051 0.052 0.638438
0.052 0.053 0.631468
0.053 0.054 0.621339
0.054 0.055 0.611332
0.055 0.056 0.602870
0.056 0.057 0.594097
0.057 0.058 0.731908
0.058 0.059 1.000000
0.059 0.060 0.836899
0.060 0.061 0.552965
0.061 0.062 0.538588
0.062 0.063 0.508038
0.063 0.064 0.490743
0.064 0.065 0.476206
0.065 0.066 0.464028
0.066 0.067 0.560787
0.067 0.068 0.548057
0.068 0.069 0.442478
0.069 0.070 0.399514
0.070 0.071 0.341680
0.071 0.072 0.330215
0.072 0.073 0.315314
0.073 0.074 0.306205
0.074 0.075 0.295970
0.075 0.076 0.280819
0.076 0.077 0.265227
0.077 0.078 0.252706
0.078 0.079 0.244580
0.079 0.080 0.234382
0.080 0.081 0.220533
0.081 0.082 0.205391
0.082 0.083 0.190888
0.083 0.084 0.176259
0.084 0.085 0.163218
0.085 0.086 0.151481
0.086 0.087 0.138144
0.087 0.088 0.125309
0.088 0.089 0.110531
0.089 0.090 0.096940
0.090 0.091 0.084291
0.091 0.092 0.071160
0.092 0.093 0.058696
0.093 0.094 0.045851
0.094 0.095 0.031763
0.095 0.096 0.019689
0.096 0.097 0.009487
0.097 0.098 0.000923
0.098 0.099 0.000000
0.099 0.100 0.000000
0.100 0.101 0.000000
0.101 0.102 0.000000
0.102 0.103 0.000000
0.103 0.104 0.000000
0.104 0.105 0.000000
0.105 0.106 0.000000
0.106 0.107 0.000000
0.107 0.108 0.000000
0.108 0.109 0.000000
0.109 0.110 0.000000
0.110 0.111 0.000000
0.111 0.112 0.000000
0.112 0.113 0.000000
0.113 0.114 0.000000
0.114 0.115 0.000000
0.115 0.116 0.000000
0.116 0.117 0.000000
0.117 0.118 0.000000
0.118 0.119 0.000000
0.119 0.120 0.000000
0.120 0.121 0.000000
0.121 0.122 0.000000
0.122 0.123 0.000000
0.123 0.124 0.000000
0.124 0.125 0.000000
0.125 0.126 0.000000
0.126 0.127 0.000000
0.127 0.128 0.000000
0.128 0.129 0.000000
0.129 0.130 0.000000
0.130 0.131 0.000000
0.131 0.132 0.000000
0.132 0.133 0.000000
0.133 0.134 0.000000
0.134 0.135 0.000000
0.135 0.136 0.000000
0.136 0.137 0.000000
0.137 0.138 0.000000
0.138 0.139 0.000000
0.139 0.140 0.000000
0.140 0.141 0.000000
0.141 0.142 0.000000
0.142 0.143 0.000000
0.143 0.144 0.000000
0.144 0.145 0.000000
0.145 0.146 0.000000
0.146 0.147 0.000000
0.147 0.148 0.000000
0.148 0.149 0.000000
0.149 0.150 0.000000
