1
0.000 0.001 0.000000
0.001 0.002 0.000000
0.002 0.003 0.000000
0.003 0.004 0.000000
0.004 0.005 0.000000
0.005 0.006 0.000000
0.006 0.007 0.000000
0.007 0.008 0.000000
0.008 0.009 0.000000
0.009 0.010 0.000000
0.010 0.011 0.000000
0.011 0.012 0.000000
0.012 0.013 0.000000
0.013 0.014 0.000000
0.014 0.015 0.000000
0.015 0.016 0.000001
0.016 0.017 0.000007
0.017 0.018 0.000046
0.018 0.019 0.000201
0.019 0.020 0.000671
0.020 0.021 0.001811
0.021 0.022 0.004112
0.022 0.023 0.008160
0.023 0.024 0.014554
0.024 0.025 0.023724
0.025 0.026 0.035945
0.026 0.027 0.051251
0.027 0.028 0.069547
0.028 0.029 0.090451
0.029 0.030 0.113031
0.030 0.031 0.137226
0.031 0.032 0.162149
0.032 0.033 0.187385
0.033 0.034 0.212857
0.034 0.035 0.237276
0.035 0.036 0.259790
0.036 0.037 0.281968
0.037 0.038 0.304303
0.038 0.039 0.323085
0.039 0.040 0.339571
0.040 0.041 0.354972
0.041 0.042 0.368292
0.042 0.043 0.380112
0.043 0.044 0.390368
0.044 0.045 0.399776
0.045 0.046 0.405720
0.046 0.047 0.410482
0.047 0.048 0.416789
0.048 0.049 0.420404
0.049 0.050 0.420808
0.050 0.051 0.421842
0.051 0.052 0.423370
0.052 0.053 0.421788
0.053 0.054 0.419143
0.054 0.055 0.416992
0.055 0.056 0.416004
0.056 0.057 0.414180
0.057 0.058 0.616008
0.058 0.059 1.000000
0.059 0.060 0.789386
0.060 0.061 0.410905
0.061 0.062 0.405992
0.062 0.063 0.380441
0.063 0.064 0.374960
0.064 0.065 0.367870
0.065 0.066 0.360946
0.066 0.067 0.505775
0.067 0.068 0.500072
0.068 0.069 0.374612
0.069 0.070 0.335089
0.070 0.071 0.264298
0.071 0.072 0.260369
0.072 0.073 0.255007
0.073 0.074 0.250223
0.074 0.075 0.246153
0.075 0.076 0.242308
0.076 0.077 0.236533
0.077 0.078 0.232102
0.078 0.079 0.228589
0.079 0.080 0.224578
0.080 0.081 0.219949
0.081 0.082 0.214179
0.082 0.083 0.208510
0.083 0.084 0.203456
0.084 0.085 0.199089
0.085 0.086 0.194908
0.086 0.087 0.190108
0.087 0.088 0.187060
0.088 0.089 0.182062
0.089 0.090 0.175836
0.090 0.091 0.171071
0.091 0.092 0.163534
0.092 0.093 0.158233
0.093 0.094 0.155863
0.094 0.095 0.150861
0.095 0.096 0.146071
0.096 0.097 0.141595
0.097 0.098 0.135420
0.098 0.099 0.130347
0.099 0.100 0.126022
0.100 0.101 0.121407
0.101 0.102 0.116808
0.102 0.103 0.111541
0.103 0.104 0.107519
0.104 0.105 0.103103
0.105 0.106 0.097675
0.106 0.107 0.093078
0.107 0.108 0.087474
0.108 0.109 0.082944
0.109 0.110 0.078490
0.110 0.111 0.073868
0.111 0.112 0.069789
0.112 0.113 0.064129
0.113 0.114 0.059086
0.114 0.115 0.054849
0.115 0.116 0.050070
0.116 0.117 0.045509
0.117 0.118 0.041036
0.118 0.119 0.034961
0.119 0.120 0.031683
0.120 0.121 0.029705
0.121 0.122 0.026739
0.122 0.123 0.023733
0.123 0.124 0.020317
0.124 0.125 0.017063
0.125 0.126 0.013616
0.126 0.127 0.011462
0.127 0.128 0.008734
0.128 0.129 0.006834
0.129 0.130 0.004785
0.130 0.131 0.003176
0.131 0.132 0.001754
0.132 0.133 0.000316
0.133 0.134 0.000000
0.134 0.135 0.000000
0.135 0.136 0.000000
0.136 0.137 0.000000
0.137 0.138 0.000000
0.138 0.139 0.000000
0.139 0.140 0.000000
0.140 0.141 0.000000
0.141 0.142 0.000000
0.142 0.143 0.000000
0.143 0.144 0.000000
0.144 0.145 0.000000
0.145 0.146 0.000000
0.146 0.147 0.000000
0.147 0.148 0.000000
0.148 0.149 0.000000
0.149 0.150 0.000000
