1
0.000 0.001 0.000000
0.001 0.002 0.000000
0.002 0.003 0.000000
0.003 0.004 0.000000
0.004 0.005 0.000000
0.005 0.006 0.000000
0.006 0.007 0.000000
0.007 0.008 0.000000
0.008 0.009 0.000000
0.009 0.010 0.000000
0.010 0.011 0.000000
0.011 0.012 0.000000
0.012 0.013 0.000000
0.013 0.014 0.000001
0.014 0.015 0.000007
0.015 0.016 0.000054
0.016 0.017 0.000270
0.017 0.018 0.000979
0.018 0.019 0.002770
0.019 0.020 0.006527
0.020 0.021 0.013264
0.021 0.022 0.023924
0.022 0.023 0.039133
0.023 0.024 0.059196
0.024 0.025 0.084005
0.025 0.026 0.112683
0.026 0.027 0.144463
0.027 0.028 0.179394
0.028 0.029 0.216038
0.029 0.030 0.252305
0.030 0.031 0.287881
0.031 0.032 0.323042
0.032 0.033 0.356088
0.033 0.034 0.386796
0.034 0.035 0.415947
0.035 0.036 0.442656
0.036 0.037 0.467035
0.037 0.038 0.486365
0.038 0.039 0.500515
0.039 0.040 0.514034
0.040 0.041 0.526106
0.041 0.042 0.534473
0.042 0.043 0.542717
0.043 0.044 0.546985
0.044 0.045 0.550663
0.045 0.046 0.553345
0.046 0.047 0.549783
0.047 0.048 0.549535
0.048 0.049 0.550177
0.049 0.050 0.544090
0.050 0.051 0.536473
0.051 0.052 0.532275
0.052 0.053 0.529734
0.053 0.054 0.522702
0.054 0.055 0.512894
0.055 0.056 0.507063
0.056 0.057 0.502658
0.057 0.058 0.673718
0.058 0.059 1.000000
0.059 0.060 0.807011
0.060 0.061 0.470937
0.061 0.062 0.461719
0.062 0.063 0.436657
0.063 0.064 0.424126
0.064 0.065 0.411908
0.065 0.066 0.403587
0.066 0.067 0.522269
0.067 0.068 0.512200
0.068 0.069 0.399568
0.069 0.070 0.359317
0.070 0.071 0.295763
0.071 0.072 0.286500
0.072 0.073 0.276060
0.073 0.074 0.272492
0.074 0.075 0.267359
0.075 0.076 0.258780
0.076 0.077 0.247774
0.077 0.078 0.239205
0.078 0.079 0.235209
0.079 0.080 0.229353
0.080 0.081 0.220598
0.081 0.082 0.211182
0.082 0.083 0.202511
0.083 0.084 0.193457
0.084 0.085 0.185962
0.085 0.086 0.179750
0.086 0.087 0.171676
0.087 0.088 0.166024
0.088 0.089 0.160485
0.089 0.090 0.151808
0.090 0.091 0.141755
0.091 0.092 0.131215
0.092 0.093 0.124042
0.093 0.094 0.119378
0.094 0.095 0.111851
0.095 0.096 0.104739
0.096 0.097 0.096146
0.097 0.098 0.086348
0.098 0.099 0.075745
0.099 0.100 0.068325
0.100 0.101 0.064244
0.101 0.102 0.057992
0.102 0.103 0.049024
0.103 0.104 0.042728
0.104 0.105 0.037638
0.105 0.106 0.032659
0.106 0.107 0.026984
0.107 0.108 0.021734
0.108 0.109 0.016613
0.109 0.110 0.012035
0.110 0.111 0.008769
0.111 0.112 0.005632
0.112 0.113 0.002856
0.113 0.114 0.000512
0.114 0.115 0.000000
0.115 0.116 0.000000
0.116 0.117 0.000000
0.117 0.118 0.000000
0.118 0.119 0.000000
0.119 0.120 0.000000
0.120 0.121 0.000000
0.121 0.122 0.000000
0.122 0.123 0.000000
0.123 0.124 0.000000
0.124 0.125 0.000000
0.125 0.126 0.000000
0.126 0.127 0.000000
0.127 0.128 0.000000
0.128 0.129 0.000000
0.129 0.130 0.000000
0.130 0.131 0.000000
0.131 0.132 0.000000
0.132 0.133 0.000000
0.133 0.134 0.000000
0.134 0.135 0.000000
0.135 0.136 0.000000
0.136 0.137 0.000000
0.137 0.138 0.000000
0.138 0.139 0.000000
0.139 0.140 0.000000
0.140 0.141 0.000000
0.141 0.142 0.000000
0.142 0.143 0.000000
0.143 0.144 0.000000
0.144 0.145 0.000000
0.145 0.146 0.000000
0.146 0.147 0.000000
0.147 0.148 0.000000
0.148 0.149 0.000000
0.149 0.150 0.000000
