1
0.000 0.001 0.000000
0.001 0.002 0.000000
0.002 0.003 0.000000
0.003 0.004 0.000000
0.004 0.005 0.000000
0.005 0.006 0.000000
0.006 0.007 0.000000
0.007 0.008 0.000000
0.008 0.009 0.000000
0.009 0.010 0.000000
0.010 0.011 0.000000
0.011 0.012 0.000000
0.012 0.013 0.000000
0.013 0.014 0.000000
0.014 0.015 0.000000
0.015 0.016 0.000000
0.016 0.017 0.000000
0.017 0.018 0.000000
0.018 0.019 0.000000
0.019 0.020 0.000002
0.020 0.021 0.000011
0.021 0.022 0.000048
0.022 0.023 0.000169
0.023 0.024 0.000491
0.024 0.025 0.001225
0.025 0.026 0.002678
0.026 0.027 0.005237
0.027 0.028 0.009389
0.028 0.029 0.015619
0.029 0.030 0.024223
0.030 0.031 0.035573
0.031 0.032 0.049695
0.032 0.033 0.066678
0.033 0.034 0.086475
0.034 0.035 0.108736
0.035 0.036 0.132779
0.036 0.037 0.158577
0.037 0.038 0.185540
0.038 0.039 0.212334
0.039 0.040 0.239842
0.040 0.041 0.267097
0.041 0.042 0.293134
0.042 0.043 0.319089
0.043 0.044 0.343366
0.044 0.045 0.366824
0.045 0.046 0.387700
0.046 0.047 0.405650
0.047 0.048 0.424057
0.048 0.049 0.440823
0.049 0.050 0.453152
0.050 0.051 0.463678
0.051 0.052 0.474894
0.052 0.053 0.484392
0.053 0.054 0.490343
0.054 0.055 0.494482
0.055 0.056 0.498948
0.056 0.057 0.502303
0.057 0.058 0.672612
0.058 0.059 1.000000
0.059 0.060 0.829013
0.060 0.061 0.505855
0.061 0.062 0.501610
0.062 0.063 0.479412
0.063 0.064 0.471146
0.064 0.065 0.461386
0.065 0.066 0.454494
0.066 0.067 0.588548
0.067 0.068 0.582574
0.068 0.069 0.459361
0.069 0.070 0.415653
0.070 0.071 0.345039
0.071 0.072 0.336195
0.072 0.073 0.324963
0.073 0.074 0.317810
0.074 0.075 0.311552
0.075 0.076 0.303256
0.076 0.077 0.292493
0.077 0.078 0.283132
0.078 0.079 0.277620
0.079 0.080 0.270484
0.080 0.081 0.260139
0.081 0.082 0.248381
0.082 0.083 0.237231
0.083 0.084 0.228630
0.084 0.085 0.220802
0.085 0.086 0.213854
0.086 0.087 0.204377
0.087 0.088 0.197778
0.088 0.089 0.190199
0.089 0.090 0.179972
0.090 0.091 0.169362
0.091 0.092 0.158276
0.092 0.093 0.150887
0.093 0.094 0.146806
0.094 0.095 0.139060
0.095 0.096 0.131522
0.096 0.097 0.123084
0.097 0.098 0.112332
0.098 0.099 0.104004
0.099 0.100 0.097552
0.100 0.101 0.093114
0.101 0.102 0.087322
0.102 0.103 0.079105
0.103 0.104 0.072686
0.104 0.105 0.066950
0.105 0.106 0.061904
0.106 0.107 0.056803
0.107 0.108 0.050529
0.108 0.109 0.045074
0.109 0.110 0.039144
0.110 0.111 0.033053
0.111 0.112 0.029648
0.112 0.113 0.025234
0.113 0.114 0.021478
0.114 0.115 0.016970
0.115 0.116 0.013750
0.116 0.117 0.010920
0.117 0.118 0.007898
0.118 0.119 0.003964
0.119 0.120 0.002544
0.120 0.121 0.000844
0.121 0.122 0.000000
0.122 0.123 0.000000
0.123 0.124 0.000000
0.124 0.125 0.000000
0.125 0.126 0.000000
0.126 0.127 0.000000
0.127 0.128 0.000000
0.128 0.129 0.000000
0.129 0.130 0.000000
0.130 0.131 0.000000
0.131 0.132 0.000000
0.132 0.133 0.000000
0.133 0.134 0.000000
0.134 0.135 0.000000
0.135 0.136 0.000000
0.136 0.137 0.000000
0.137 0.138 0.000000
0.138 0.139 0.000000
0.139 0.140 0.000000
0.140 0.141 0.000000
0.141 0.142 0.000000
0.142 0.143 0.000000
0.143 0.144 0.000000
0.144 0.145 0.000000
0.145 0.146 0.000000
0.146 0.147 0.000000
0.147 0.148 0.000000
0.148 0.149 0.000000
0.149 0.150 0.000000
