1
0.000 0.001 0.000000
0.001 0.002 0.000000
0.002 0.003 0.000000
0.003 0.004 0.000000
0.004 0.005 0.000000
0.005 0.006 0.000000
0.006 0.007 0.000000
0.007 0.008 0.000000
0.008 0.009 0.000000
0.009 0.010 0.000000
0.010 0.011 0.000000
0.011 0.012 0.000000
0.012 0.013 0.000000
0.013 0.014 0.000000
0.014 0.015 0.000000
0.015 0.016 0.000000
0.016 0.017 0.000000
0.017 0.018 0.000000
0.018 0.019 0.000000
0.019 0.020 0.000000
0.020 0.021 0.000001
0.021 0.022 0.000005
0.022 0.023 0.000024
0.023 0.024 0.000087
0.024 0.025 0.000261
0.025 0.026 0.000667
0.026 0.027 0.001495
0.027 0.028 0.003017
0.028 0.029 0.005560
0.029 0.030 0.009422
0.030 0.031 0.014960
0.031 0.032 0.022417
0.032 0.033 0.032025
0.033 0.034 0.043845
0.034 0.035 0.057825
0.035 0.036 0.073779
0.036 0.037 0.091634
0.037 0.038 0.111367
0.038 0.039 0.132013
0.039 0.040 0.153507
0.040 0.041 0.175546
0.041 0.042 0.197772
0.042 0.043 0.220369
0.043 0.044 0.242210
0.044 0.045 0.263965
0.045 0.046 0.283968
0.046 0.047 0.302881
0.047 0.048 0.322556
0.048 0.049 0.340052
0.049 0.050 0.354394
0.050 0.051 0.368746
0.051 0.052 0.383314
0.052 0.053 0.394619
0.053 0.054 0.404125
0.054 0.055 0.413032
0.055 0.056 0.421734
0.056 0.057 0.429683
0.057 0.058 0.624769
0.058 0.059 1.000000
0.059 0.060 0.816398
0.060 0.061 0.457409
0.061 0.062 0.458721
0.062 0.063 0.438594
0.063 0.064 0.437290
0.064 0.065 0.434433
0.065 0.066 0.431095
0.066 0.067 0.592492
0.067 0.068 0.591607
0.068 0.069 0.455116
0.069 0.070 0.412443
0.070 0.071 0.334381
0.071 0.072 0.330698
0.072 0.073 0.324385
0.073 0.074 0.320124
0.074 0.075 0.316172
0.075 0.076 0.310922
0.076 0.077 0.303253
0.077 0.078 0.296990
0.078 0.079 0.293098
0.079 0.080 0.288477
0.080 0.081 0.282597
0.081 0.082 0.274686
0.082 0.083 0.266726
0.083 0.084 0.259145
0.084 0.085 0.252516
0.085 0.086 0.246231
0.086 0.087 0.238536
0.087 0.088 0.234210
0.088 0.089 0.227690
0.089 0.090 0.219651
0.090 0.091 0.212496
0.091 0.092 0.202801
0.092 0.093 0.195517
0.093 0.094 0.191170
0.094 0.095 0.183921
0.095 0.096 0.176514
0.096 0.097 0.170619
0.097 0.098 0.162715
0.098 0.099 0.155297
0.099 0.100 0.149665
0.100 0.101 0.144605
0.101 0.102 0.138491
0.102 0.103 0.131575
0.103 0.104 0.125535
0.104 0.105 0.120432
0.105 0.106 0.114188
0.106 0.107 0.108826
0.107 0.108 0.102368
0.108 0.109 0.097159
0.109 0.110 0.092186
0.110 0.111 0.086793
0.111 0.112 0.081331
0.112 0.113 0.075577
0.113 0.114 0.070277
0.114 0.115 0.066119
0.115 0.116 0.061677
0.116 0.117 0.056717
0.117 0.118 0.052225
0.118 0.119 0.046141
0.119 0.120 0.042718
0.120 0.121 0.040788
0.121 0.122 0.037522
0.122 0.123 0.034247
0.123 0.124 0.030780
0.124 0.125 0.026160
0.125 0.126 0.022848
0.126 0.127 0.020299
0.127 0.128 0.017156
0.128 0.129 0.014374
0.129 0.130 0.011215
0.130 0.131 0.008979
0.131 0.132 0.007589
0.132 0.133 0.005729
0.133 0.134 0.003218
0.134 0.135 0.002017
0.135 0.136 0.000538
0.136 0.137 0.000000
0.137 0.138 0.000000
0.138 0.139 0.000000
0.139 0.140 0.000000
0.140 0.141 0.000000
0.141 0.142 0.000000
0.142 0.143 0.000000
0.143 0.144 0.000000
0.144 0.145 0.000000
0.145 0.146 0.000000
0.146 0.147 0.000000
0.147 0.148 0.000000
0.148 0.149 0.000000
0.149 0.150 0.000000
