1
0.000 0.001 0.000000
0.001 0.002 0.000000
0.002 0.003 0.000000
0.003 0.004 0.000000
0.004 0.005 0.000000
0.005 0.006 0.000000
0.006 0.007 0.000000
0.007 0.008 0.000000
0.008 0.009 0.000000
0.009 0.010 0.000000
0.010 0.011 0.000000
0.011 0.012 0.000000
0.012 0.013 0.000000
0.013 0.014 0.000000
0.014 0.015 0.000000
0.015 0.016 0.000000
0.016 0.017 0.000000
0.017 0.018 0.000000
0.018 0.019 0.000000
0.019 0.020 0.000001
0.020 0.021 0.000004
0.021 0.022 0.000020
0.022 0.023 0.000079
0.023 0.024 0.000251
0.024 0.025 0.000674
0.025 0.026 0.001568
0.026 0.027 0.003238
0.027 0.028 0.006090
0.028 0.029 0.010541
0.029 0.030 0.016866
0.030 0.031 0.025563
0.031 0.032 0.036740
0.032 0.033 0.050465
0.033 0.034 0.066741
0.034 0.035 0.085321
0.035 0.036 0.105552
0.036 0.037 0.128053
0.037 0.038 0.152302
0.038 0.039 0.176894
0.039 0.040 0.202068
0.040 0.041 0.227515
0.041 0.042 0.252079
0.042 0.043 0.276474
0.043 0.044 0.300144
0.044 0.045 0.322992
0.045 0.046 0.342710
0.046 0.047 0.360857
0.047 0.048 0.379976
0.048 0.049 0.396222
0.049 0.050 0.407779
0.050 0.051 0.418943
0.051 0.052 0.431060
0.052 0.053 0.439185
0.053 0.054 0.446690
0.054 0.055 0.452977
0.055 0.056 0.459656
0.056 0.057 0.465345
0.057 0.058 0.648262
0.058 0.059 1.000000
0.059 0.060 0.821856
0.060 0.061 0.479971
0.061 0.062 0.478269
0.062 0.063 0.456462
0.063 0.064 0.451092
0.064 0.065 0.444355
0.065 0.066 0.438447
0.066 0.067 0.585324
0.067 0.068 0.580908
0.068 0.069 0.449618
0.069 0.070 0.407412
0.070 0.071 0.333687
0.071 0.072 0.328590
0.072 0.073 0.321111
0.073 0.074 0.316595
0.074 0.075 0.311569
0.075 0.076 0.305241
0.076 0.077 0.296417
0.077 0.078 0.288962
0.078 0.079 0.284009
0.079 0.080 0.277990
0.080 0.081 0.269848
0.081 0.082 0.259957
0.082 0.083 0.250808
0.083 0.084 0.241099
0.084 0.085 0.234975
0.085 0.086 0.229423
0.086 0.087 0.222127
0.087 0.088 0.217373
0.088 0.089 0.210773
0.089 0.090 0.201979
0.090 0.091 0.194149
0.091 0.092 0.183325
0.092 0.093 0.175766
0.093 0.094 0.171639
0.094 0.095 0.163952
0.095 0.096 0.156468
0.096 0.097 0.147742
0.097 0.098 0.139699
0.098 0.099 0.132494
0.099 0.100 0.126692
0.100 0.101 0.121748
0.101 0.102 0.116107
0.102 0.103 0.108720
0.103 0.104 0.103040
0.104 0.105 0.097820
0.105 0.106 0.091269
0.106 0.107 0.085181
0.107 0.108 0.077072
0.108 0.109 0.072366
0.109 0.110 0.067447
0.110 0.111 0.062630
0.111 0.112 0.058587
0.112 0.113 0.052997
0.113 0.114 0.048160
0.114 0.115 0.043734
0.115 0.116 0.038701
0.116 0.117 0.033155
0.117 0.118 0.029509
0.118 0.119 0.024412
0.119 0.120 0.021755
0.120 0.121 0.020540
0.121 0.122 0.017509
0.122 0.123 0.014386
0.123 0.124 0.010392
0.124 0.125 0.008170
0.125 0.126 0.005980
0.126 0.127 0.004152
0.127 0.128 0.001569
0.128 0.129 0.000920
0.129 0.130 0.000000
0.130 0.131 0.000000
0.131 0.132 0.000000
0.132 0.133 0.000000
0.133 0.134 0.000000
0.134 0.135 0.000000
0.135 0.136 0.000000
0.136 0.137 0.000000
0.137 0.138 0.000000
0.138 0.139 0.000000
0.139 0.140 0.000000
0.140 0.141 0.000000
0.141 0.142 0.000000
0.142 0.143 0.000000
0.143 0.144 0.000000
0.144 0.145 0.000000
0.145 0.146 0.000000
0.146 0.147 0.000000
0.147 0.148 0.000000
0.148 0.149 0.000000
0.149 0.150 0.000000
