1
0.000 0.001 0.000000
0.001 0.002 0.000000
0.002 0.003 0.000000
0.003 0.004 0.000000
0.004 0.005 0.000000
0.005 0.006 0.000000
0.006 0.007 0.000000
0.007 0.008 0.000000
0.008 0.009 0.000000
0.009 0.010 0.000000
0.010 0.011 0.000000
0.011 0.012 0.000000
0.012 0.013 0.000000
0.013 0.014 0.000000
0.014 0.015 0.000000
0.015 0.016 0.000000
0.016 0.017 0.000000
0.017 0.018 0.000000
0.018 0.019 0.000000
0.019 0.020 0.000000
0.020 0.021 0.000000
0.021 0.022 0.000002
0.022 0.023 0.000010
0.023 0.024 0.000039
0.024 0.025 0.000124
0.025 0.026 0.000338
0.026 0.027 0.000798
0.027 0.028 0.001686
0.028 0.029 0.003236
0.029 0.030 0.005683
0.030 0.031 0.009333
0.031 0.032 0.014414
0.032 0.033 0.021153
0.033 0.034 0.029712
0.034 0.035 0.040037
0.035 0.036 0.052098
0.036 0.037 0.065975
0.037 0.038 0.081768
0.038 0.039 0.098573
0.039 0.040 0.116223
0.040 0.041 0.134751
0.041 0.042 0.153794
0.042 0.043 0.173269
0.043 0.044 0.192624
0.044 0.045 0.212298
0.045 0.046 0.230199
0.046 0.047 0.248117
0.047 0.048 0.267031
0.048 0.049 0.283545
0.049 0.050 0.298068
0.050 0.051 0.312950
0.051 0.052 0.327679
0.052 0.053 0.339099
0.053 0.054 0.349482
0.054 0.055 0.359924
0.055 0.056 0.370090
0.056 0.057 0.379744
0.057 0.058 0.592021
0.058 0.059 1.000000
0.059 0.060 0.804280
0.060 0.061 0.418076
0.061 0.062 0.422178
0.062 0.063 0.402375
0.063 0.064 0.404590
0.064 0.065 0.404947
0.065 0.066 0.403564
0.066 0.067 0.583691
0.067 0.068 0.585749
0.068 0.069 0.439938
0.069 0.070 0.398166
0.070 0.071 0.314775
0.071 0.072 0.314244
0.072 0.073 0.311504
0.073 0.074 0.308710
0.074 0.075 0.307289
0.075 0.076 0.305701
0.076 0.077 0.301630
0.077 0.078 0.299248
0.078 0.079 0.296851
0.079 0.080 0.294326
0.080 0.081 0.291816
0.081 0.082 0.287199
0.082 0.083 0.281724
0.083 0.084 0.276745
0.084 0.085 0.272741
0.085 0.086 0.268794
0.086 0.087 0.264903
0.087 0.088 0.261976
0.088 0.089 0.256329
0.089 0.090 0.249824
0.090 0.091 0.244769
0.091 0.092 0.236666
0.092 0.093 0.230400
0.093 0.094 0.227192
0.094 0.095 0.221265
0.095 0.096 0.215891
0.096 0.097 0.211037
0.097 0.098 0.203861
0.098 0.099 0.197429
0.099 0.100 0.192493
0.100 0.101 0.187047
0.101 0.102 0.180987
0.102 0.103 0.174942
0.103 0.104 0.170115
0.104 0.105 0.163858
0.105 0.106 0.156386
0.106 0.107 0.150292
0.107 0.108 0.143004
0.108 0.109 0.137405
0.109 0.110 0.132369
0.110 0.111 0.126440
0.111 0.112 0.120711
0.112 0.113 0.112794
0.113 0.114 0.105377
0.114 0.115 0.099782
0.115 0.116 0.093904
0.116 0.117 0.086869
0.117 0.118 0.081301
0.118 0.119 0.074158
0.119 0.120 0.068500
0.120 0.121 0.064514
0.121 0.122 0.059876
0.122 0.123 0.055273
0.123 0.124 0.050079
0.124 0.125 0.044876
0.125 0.126 0.039621
0.126 0.127 0.035109
0.127 0.128 0.030599
0.128 0.129 0.026723
0.129 0.130 0.022543
0.130 0.131 0.018849
0.131 0.132 0.016646
0.132 0.133 0.013281
0.133 0.134 0.010309
0.134 0.135 0.007265
0.135 0.136 0.005269
0.136 0.137 0.003088
0.137 0.138 0.001365
0.138 0.139 0.000316
0.139 0.140 0.000000
0.140 0.141 0.000000
0.141 0.142 0.000000
0.142 0.143 0.000000
0.143 0.144 0.000000
0.144 0.145 0.000000
0.145 0.146 0.000000
0.146 0.147 0.000000
0.147 0.148 0.000000
0.148 0.149 0.000000
0.149 0.150 0.000000
