1
0.000 0.001 0.000000
0.001 0.002 0.000000
0.002 0.003 0.000000
0.003 0.004 0.000000
0.004 0.005 0.000000
0.005 0.006 0.000000
0.006 0.007 0.000000
0.007 0.008 0.000000
0.008 0.009 0.000000
0.009 0.010 0.000000
0.010 0.011 0.000000
0.011 0.012 0.000000
0.012 0.013 0.000000
0.013 0.014 0.000000
0.014 0.015 0.000000
0.015 0.016 0.000000
0.016 0.017 0.000000
0.017 0.018 0.000000
0.018 0.019 0.000000
0.019 0.020 0.000001
0.020 0.021 0.000007
0.021 0.022 0.000030
0.022 0.023 0.000106
0.023 0.024 0.000309
0.024 0.025 0.000770
0.025 0.026 0.001683
0.026 0.027 0.003304
0.027 0.028 0.005939
0.028 0.029 0.009898
0.029 0.030 0.015387
0.030 0.031 0.022679
0.031 0.032 0.031848
0.032 0.033 0.042993
0.033 0.034 0.056043
0.034 0.035 0.070643
0.035 0.036 0.086691
0.036 0.037 0.104047
0.037 0.038 0.122936
0.038 0.039 0.142019
0.039 0.040 0.160972
0.040 0.041 0.180105
0.041 0.042 0.199184
0.042 0.043 0.217901
0.043 0.044 0.235817
0.044 0.045 0.253779
0.045 0.046 0.268890
0.046 0.047 0.283976
0.047 0.048 0.299930
0.048 0.049 0.312692
0.049 0.050 0.323533
0.050 0.051 0.335064
0.051 0.052 0.346125
0.052 0.053 0.353315
0.053 0.054 0.359847
0.054 0.055 0.366669
0.055 0.056 0.372969
0.056 0.057 0.379091
0.057 0.058 0.592354
0.058 0.059 1.000000
0.059 0.060 0.795500
0.060 0.061 0.405041
0.061 0.062 0.406314
0.062 0.063 0.383977
0.063 0.064 0.384090
0.064 0.065 0.382674
0.065 0.066 0.379051
0.066 0.067 0.550011
0.067 0.068 0.549298
0.068 0.069 0.408254
0.069 0.070 0.367530
0.070 0.071 0.287673
0.071 0.072 0.286421
0.072 0.073 0.283015
0.073 0.074 0.279277
0.074 0.075 0.277283
0.075 0.076 0.275136
0.076 0.077 0.270947
0.077 0.078 0.268428
0.078 0.079 0.265348
0.079 0.080 0.262557
0.080 0.081 0.260375
0.081 0.082 0.256163
0.082 0.083 0.250788
0.083 0.084 0.245834
0.084 0.085 0.241924
0.085 0.086 0.238013
0.086 0.087 0.234746
0.087 0.088 0.231782
0.088 0.089 0.226314
0.089 0.090 0.220609
0.090 0.091 0.216107
0.091 0.092 0.209389
0.092 0.093 0.203726
0.093 0.094 0.200344
0.094 0.095 0.195119
0.095 0.096 0.190522
0.096 0.097 0.186493
0.097 0.098 0.180535
0.098 0.099 0.175039
0.099 0.100 0.170977
0.100 0.101 0.166303
0.101 0.102 0.161002
0.102 0.103 0.156269
0.103 0.104 0.152339
0.104 0.105 0.146726
0.105 0.106 0.140223
0.106 0.107 0.135095
0.107 0.108 0.129113
0.108 0.109 0.124626
0.109 0.110 0.120898
0.110 0.111 0.116136
0.111 0.112 0.111292
0.112 0.113 0.104622
0.113 0.114 0.098216
0.114 0.115 0.093720
0.115 0.116 0.089176
0.116 0.117 0.083462
0.117 0.118 0.078853
0.118 0.119 0.072939
0.119 0.120 0.067961
0.120 0.121 0.064810
0.121 0.122 0.060387
0.122 0.123 0.056021
0.123 0.124 0.051284
0.124 0.125 0.045922
0.125 0.126 0.040516
0.126 0.127 0.035933
0.127 0.128 0.031173
0.128 0.129 0.026811
0.129 0.130 0.023199
0.130 0.131 0.018935
0.131 0.132 0.016862
0.132 0.133 0.013711
0.133 0.134 0.010774
0.134 0.135 0.007819
0.135 0.136 0.005751
0.136 0.137 0.003558
0.137 0.138 0.001695
0.138 0.139 0.000253
0.139 0.140 0.000000
0.140 0.141 0.000000
0.141 0.142 0.000000
0.142 0.143 0.000000
0.143 0.144 0.000000
0.144 0.145 0.000000
0.145 0.146 0.000000
0.146 0.147 0.000000
0.147 0.148 0.000000
0.148 0.149 0.000000
0.149 0.150 0.000000
