1
0.000 0.001 0.000000
0.001 0.002 0.000000
0.002 0.003 0.000000
0.003 0.004 0.000000
0.004 0.005 0.000000
0.005 0.006 0.000000
0.006 0.007 0.000000
0.007 0.008 0.000000
0.008 0.009 0.000000
0.009 0.010 0.000000
0.010 0.011 0.000000
0.011 0.012 0.000000
0.012 0.013 0.000000
0.013 0.014 0.000000
0.014 0.015 0.000000
0.015 0.016 0.000000
0.016 0.017 0.000000
0.017 0.018 0.000004
0.018 0.019 0.000031
0.019 0.020 0.000159
0.020 0.021 0.000622
0.021 0.022 0.001925
0.022 0.023 0.004939
0.023 0.024 0.010920
0.024 0.025 0.021367
0.025 0.026 0.037740
0.026 0.027 0.061130
0.027 0.028 0.092525
0.028 0.029 0.132340
0.029 0.030 0.179579
0.030 0.031 0.233582
0.031 0.032 0.292180
0.032 0.033 0.354763
0.033 0.034 0.418952
0.034 0.035 0.482969
0.035 0.036 0.544718
0.036 0.037 0.603850
0.037 0.038 0.660785
0.038 0.039 0.715002
0.039 0.040 0.763636
0.040 0.041 0.803822
0.041 0.042 0.839064
0.042 0.043 0.868434
0.043 0.044 0.892115
0.044 0.045 0.908370
0.045 0.046 0.917946
0.046 0.047 0.927002
0.047 0.048 0.932332
0.048 0.049 0.928246
0.049 0.050 0.918464
0.050 0.051 0.908986
0.051 0.052 0.899409
0.052 0.053 0.876455
0.053 0.054 0.861743
0.054 0.055 0.844994
0.055 0.056 0.818722
0.056 0.057 0.789089
0.057 0.058 0.853888
0.058 0.059 1.000000
0.059 0.060 0.884917
0.060 0.061 0.685855
0.061 0.062 0.657721
0.062 0.063 0.619854
0.063 0.064 0.589460
0.064 0.065 0.558331
0.065 0.066 0.524203
0.066 0.067 0.563069
0.067 0.068 0.532286
0.068 0.069 0.444336
0.069 0.070 0.395650
0.070 0.071 0.344458
0.071 0.072 0.321272
0.072 0.073 0.291507
0.073 0.074 0.261773
0.074 0.075 0.239703
0.075 0.076 0.218432
0.076 0.077 0.197901
0.077 0.078 0.174665
0.078 0.079 0.148661
0.079 0.080 0.133147
0.080 0.081 0.116764
0.081 0.082 0.096429
0.082 0.083 0.079323
0.083 0.084 0.061749
0.084 0.085 0.049778
0.085 0.086 0.037270
0.086 0.087 0.021254
0.087 0.088 0.013312
0.088 0.089 0.003384
0.089 0.090 0.000000
0.090 0.091 0.000000
0.091 0.092 0.000000
0.092 0.093 0.000000
0.093 0.094 0.000000
0.094 0.095 0.000000
0.095 0.096 0.000000
0.096 0.097 0.000000
0.097 0.098 0.000000
0.098 0.099 0.000000
0.099 0.100 0.000000
0.100 0.101 0.000000
0.101 0.102 0.000000
0.102 0.103 0.000000
0.103 0.104 0.000000
0.104 0.105 0.000000
0.105 0.106 0.000000
0.106 0.107 0.000000
0.107 0.108 0.000000
0.108 0.109 0.000000
0.109 0.110 0.000000
0.110 0.111 0.000000
0.111 0.112 0.000000
0.112 0.113 0.000000
0.113 0.114 0.000000
0.114 0.115 0.000000
0.115 0.116 0.000000
0.116 0.117 0.000000
0.117 0.118 0.000000
0.118 0.119 0.000000
0.119 0.120 0.000000
0.120 0.121 0.000000
0.121 0.122 0.000000
0.122 0.123 0.000000
0.123 0.124 0.000000
0.124 0.125 0.000000
0.125 0.126 0.000000
0.126 0.127 0.000000
0.127 0.128 0.000000
0.128 0.129 0.000000
0.129 0.130 0.000000
0.130 0.131 0.000000
0.131 0.132 0.000000
0.132 0.133 0.000000
0.133 0.134 0.000000
0.134 0.135 0.000000
0.135 0.136 0.000000
0.136 0.137 0.000000
0.137 0.138 0.000000
0.138 0.139 0.000000
0.139 0.140 0.000000
0.140 0.141 0.000000
0.141 0.142 0.000000
0.142 0.143 0.000000
0.143 0.144 0.000000
0.144 0.145 0.000000
0.145 0.146 0.000000
0.146 0.147 0.000000
0.147 0.148 0.000000
0.148 0.149 0.000000
0.149 0.150 0.000000
