1
0.000 0.001 0.000000
0.001 0.002 0.000000
0.002 0.003 0.000000
0.003 0.004 0.000000
0.004 0.005 0.000000
0.005 0.006 0.000000
0.006 0.007 0.000000
0.007 0.008 0.000000
0.008 0.009 0.000000
0.009 0.010 0.000000
0.010 0.011 0.000000
0.011 0.012 0.000000
0.012 0.013 0.000000
0.013 0.014 0.000000
0.014 0.015 0.000000
0.015 0.016 0.000000
0.016 0.017 0.000005
0.017 0.018 0.000036
0.018 0.019 0.000174
0.019 0.020 0.000627
0.020 0.021 0.001810
0.021 0.022 0.004364
0.022 0.023 0.009096
0.023 0.024 0.016870
0.024 0.025 0.028488
0.025 0.026 0.044365
0.026 0.027 0.064653
0.027 0.028 0.089538
0.028 0.029 0.118530
0.029 0.030 0.150538
0.030 0.031 0.184667
0.031 0.032 0.220443
0.032 0.033 0.257070
0.033 0.034 0.293476
0.034 0.035 0.329179
0.035 0.036 0.363733
0.036 0.037 0.396418
0.037 0.038 0.425380
0.038 0.039 0.451147
0.039 0.040 0.475875
0.040 0.041 0.497511
0.041 0.042 0.515973
0.042 0.043 0.533119
0.043 0.044 0.546193
0.044 0.045 0.558169
0.045 0.046 0.567207
0.046 0.047 0.571390
0.047 0.048 0.576415
0.048 0.049 0.580617
0.049 0.050 0.579279
0.050 0.051 0.576731
0.051 0.052 0.576301
0.052 0.053 0.574719
0.053 0.054 0.569717
0.054 0.055 0.562509
0.055 0.056 0.556417
0.056 0.057 0.550652
0.057 0.058 0.704033
0.058 0.059 1.000000
0.059 0.060 0.826818
0.060 0.061 0.519541
0.061 0.062 0.508451
0.062 0.063 0.482517
0.063 0.064 0.468451
0.064 0.065 0.454582
0.065 0.066 0.443253
0.066 0.067 0.551866
0.067 0.068 0.540467
0.068 0.069 0.429754
0.069 0.070 0.387011
0.070 0.071 0.324286
0.071 0.072 0.312677
0.072 0.073 0.298569
0.073 0.074 0.291050
0.074 0.075 0.281705
0.075 0.076 0.270113
0.076 0.077 0.256667
0.077 0.078 0.245103
0.078 0.079 0.237559
0.079 0.080 0.228744
0.080 0.081 0.216411
0.081 0.082 0.204831
0.082 0.083 0.194271
0.083 0.084 0.183638
0.084 0.085 0.174147
0.085 0.086 0.165749
0.086 0.087 0.154863
0.087 0.088 0.147973
0.088 0.089 0.140852
0.089 0.090 0.131549
0.090 0.091 0.121353
0.091 0.092 0.110019
0.092 0.093 0.103242
0.093 0.094 0.098297
0.094 0.095 0.091131
0.095 0.096 0.084343
0.096 0.097 0.076178
0.097 0.098 0.066515
0.098 0.099 0.057953
0.099 0.100 0.051992
0.100 0.101 0.048915
0.101 0.102 0.042955
0.102 0.103 0.036899
0.103 0.104 0.031990
0.104 0.105 0.028321
0.105 0.106 0.023281
0.106 0.107 0.019666
0.107 0.108 0.015512
0.108 0.109 0.011183
0.109 0.110 0.008337
0.110 0.111 0.005652
0.111 0.112 0.002799
0.112 0.113 0.000750
0.113 0.114 0.000000
0.114 0.115 0.000000
0.115 0.116 0.000000
0.116 0.117 0.000000
0.117 0.118 0.000000
0.118 0.119 0.000000
0.119 0.120 0.000000
0.120 0.121 0.000000
0.121 0.122 0.000000
0.122 0.123 0.000000
0.123 0.124 0.000000
0.124 0.125 0.000000
0.125 0.126 0.000000
0.126 0.127 0.000000
0.127 0.128 0.000000
0.128 0.129 0.000000
0.129 0.130 0.000000
0.130 0.131 0.000000
0.131 0.132 0.000000
0.132 0.133 0.000000
0.133 0.134 0.000000
0.134 0.135 0.000000
0.135 0.136 0.000000
0.136 0.137 0.000000
0.137 0.138 0.000000
0.138 0.139 0.000000
0.139 0.140 0.000000
0.140 0.141 0.000000
0.141 0.142 0.000000
0.142 0.143 0.000000
0.143 0.144 0.000000
0.144 0.145 0.000000
0.145 0.146 0.000000
0.146 0.147 0.000000
0.147 0.148 0.000000
0.148 0.149 0.000000
0.149 0.150 0.000000
