1
0.000 0.001 0.000000
0.001 0.002 0.000000
0.002 0.003 0.000000
0.003 0.004 0.000000
0.004 0.005 0.000000
0.005 0.006 0.000000
0.006 0.007 0.000000
0.007 0.008 0.000000
0.008 0.009 0.000000
0.009 0.010 0.000000
0.010 0.011 0.000000
0.011 0.012 0.000000
0.012 0.013 0.000000
0.013 0.014 0.000000
0.014 0.015 0.000000
0.015 0.016 0.000000
0.016 0.017 0.000000
0.017 0.018 0.000000
0.018 0.019 0.000001
0.019 0.020 0.000005
0.020 0.021 0.000027
0.021 0.022 0.000103
0.022 0.023 0.000325
0.023 0.024 0.000857
0.024 0.025 0.001967
0.025 0.026 0.003996
0.026 0.027 0.007339
0.027 0.028 0.012459
0.028 0.029 0.019732
0.029 0.030 0.029296
0.030 0.031 0.041432
0.031 0.032 0.056011
0.032 0.033 0.073111
0.033 0.034 0.092432
0.034 0.035 0.113353
0.035 0.036 0.135665
0.036 0.037 0.158962
0.037 0.038 0.183142
0.038 0.039 0.207054
0.039 0.040 0.230629
0.040 0.041 0.253551
0.041 0.042 0.275743
0.042 0.043 0.297228
0.043 0.044 0.316866
0.044 0.045 0.335876
0.045 0.046 0.351755
0.046 0.047 0.366568
0.047 0.048 0.381898
0.048 0.049 0.394045
0.049 0.050 0.402856
0.050 0.051 0.411658
0.051 0.052 0.420491
0.052 0.053 0.425919
0.053 0.054 0.429634
0.054 0.055 0.432361
0.055 0.056 0.435767
0.056 0.057 0.438899
0.057 0.058 0.631382
0.058 0.059 1.000000
0.059 0.060 0.808128
0.060 0.061 0.447964
0.061 0.062 0.445323
0.062 0.063 0.421620
0.063 0.064 0.416589
0.064 0.065 0.410523
0.065 0.066 0.403814
0.066 0.067 0.553539
0.067 0.068 0.548694
0.068 0.069 0.416287
0.069 0.070 0.375171
0.070 0.071 0.301176
0.071 0.072 0.296765
0.072 0.073 0.290053
0.073 0.074 0.285145
0.074 0.075 0.280833
0.075 0.076 0.275485
0.076 0.077 0.268074
0.077 0.078 0.262198
0.078 0.079 0.257366
0.079 0.080 0.252226
0.080 0.081 0.245825
0.081 0.082 0.239429
0.082 0.083 0.232706
0.083 0.084 0.226301
0.084 0.085 0.220883
0.085 0.086 0.215816
0.086 0.087 0.210323
0.087 0.088 0.205900
0.088 0.089 0.199589
0.089 0.090 0.192385
0.090 0.091 0.186024
0.091 0.092 0.177554
0.092 0.093 0.170863
0.093 0.094 0.165979
0.094 0.095 0.160493
0.095 0.096 0.155473
0.096 0.097 0.150453
0.097 0.098 0.143773
0.098 0.099 0.137344
0.099 0.100 0.132564
0.100 0.101 0.128247
0.101 0.102 0.122930
0.102 0.103 0.117213
0.103 0.104 0.112518
0.104 0.105 0.106746
0.105 0.106 0.101487
0.106 0.107 0.097052
0.107 0.108 0.091787
0.108 0.109 0.087647
0.109 0.110 0.083826
0.110 0.111 0.079503
0.111 0.112 0.075400
0.112 0.113 0.069903
0.113 0.114 0.064734
0.114 0.115 0.060230
0.115 0.116 0.056932
0.116 0.117 0.052995
0.117 0.118 0.049672
0.118 0.119 0.045419
0.119 0.120 0.042017
0.120 0.121 0.039829
0.121 0.122 0.036679
0.122 0.123 0.033121
0.123 0.124 0.030690
0.124 0.125 0.027640
0.125 0.126 0.024556
0.126 0.127 0.022124
0.127 0.128 0.019115
0.128 0.129 0.016492
0.129 0.130 0.013515
0.130 0.131 0.011421
0.131 0.132 0.010213
0.132 0.133 0.008502
0.133 0.134 0.006466
0.134 0.135 0.004230
0.135 0.136 0.003169
0.136 0.137 0.002156
0.137 0.138 0.000762
0.138 0.139 0.000389
0.139 0.140 0.000000
0.140 0.141 0.000000
0.141 0.142 0.000000
0.142 0.143 0.000000
0.143 0.144 0.000000
0.144 0.145 0.000000
0.145 0.146 0.000000
0.146 0.147 0.000000
0.147 0.148 0.000000
0.148 0.149 0.000000
0.149 0.150 0.000000
