1
0.000 0.001 0.000000
0.001 0.002 0.000000
0.002 0.003 0.000000
0.003 0.004 0.000000
0.004 0.005 0.000000
0.005 0.006 0.000000
0.006 0.007 0.000000
0.007 0.008 0.000000
0.008 0.009 0.000000
0.009 0.010 0.000000
0.010 0.011 0.000000
0.011 0.012 0.000000
0.012 0.013 0.000000
0.013 0.014 0.000001
0.014 0.015 0.000008
0.015 0.016 0.000066
0.016 0.017 0.000343
0.017 0.018 0.001287
0.018 0.019 0.003757
0.019 0.020 0.009092
0.020 0.021 0.018902
0.021 0.022 0.034776
0.022 0.023 0.057911
0.023 0.024 0.088821
0.024 0.025 0.127407
0.025 0.026 0.172478
0.026 0.027 0.222757
0.027 0.028 0.277537
0.028 0.029 0.334625
0.029 0.030 0.391580
0.030 0.031 0.446979
0.031 0.032 0.499809
0.032 0.033 0.549986
0.033 0.034 0.593306
0.034 0.035 0.635433
0.035 0.036 0.675242
0.036 0.037 0.708759
0.037 0.038 0.734022
0.038 0.039 0.756452
0.039 0.040 0.776830
0.040 0.041 0.789249
0.041 0.042 0.796709
0.042 0.043 0.803619
0.043 0.044 0.804562
0.044 0.045 0.803527
0.045 0.046 0.798165
0.046 0.047 0.787222
0.047 0.048 0.773950
0.048 0.049 0.766446
0.049 0.050 0.753733
0.050 0.051 0.740743
0.051 0.052 0.729244
0.052 0.053 0.714672
0.053 0.054 0.698833
0.054 0.055 0.681372
0.055 0.056 0.661963
0.056 0.057 0.642840
0.057 0.058 0.762055
0.058 0.059 1.000000
0.059 0.060 0.839609
0.060 0.061 0.567949
0.061 0.062 0.544394
0.062 0.063 0.513700
0.063 0.064 0.493252
0.064 0.065 0.474312
0.065 0.066 0.456678
0.066 0.067 0.538952
0.067 0.068 0.522040
0.068 0.069 0.420488
0.069 0.070 0.376853
0.070 0.071 0.320577
0.071 0.072 0.304690
0.072 0.073 0.285281
0.073 0.074 0.271165
0.074 0.075 0.260970
0.075 0.076 0.246827
0.076 0.077 0.231908
0.077 0.078 0.218949
0.078 0.079 0.209263
0.079 0.080 0.198952
0.080 0.081 0.186353
0.081 0.082 0.171869
0.082 0.083 0.158183
0.083 0.084 0.142700
0.084 0.085 0.133215
0.085 0.086 0.124835
0.086 0.087 0.115344
0.087 0.088 0.106522
0.088 0.089 0.097018
0.089 0.090 0.087140
0.090 0.091 0.076752
0.091 0.092 0.066748
0.092 0.093 0.056393
0.093 0.094 0.050507
0.094 0.095 0.044028
0.095 0.096 0.037970
0.096 0.097 0.030635
0.097 0.098 0.023099
0.098 0.099 0.014116
0.099 0.100 0.010384
0.100 0.101 0.008094
0.101 0.102 0.003150
0.102 0.103 0.001826
0.103 0.104 0.000000
0.104 0.105 0.000000
0.105 0.106 0.000000
0.106 0.107 0.000000
0.107 0.108 0.000000
0.108 0.109 0.000000
0.109 0.110 0.000000
0.110 0.111 0.000000
0.111 0.112 0.000000
0.112 0.113 0.000000
0.113 0.114 0.000000
0.114 0.115 0.000000
0.115 0.116 0.000000
0.116 0.117 0.000000
0.117 0.118 0.000000
0.118 0.119 0.000000
0.119 0.120 0.000000
0.120 0.121 0.000000
0.121 0.122 0.000000
0.122 0.123 0.000000
0.123 0.124 0.000000
0.124 0.125 0.000000
0.125 0.126 0.000000
0.126 0.127 0.000000
0.127 0.128 0.000000
0.128 0.129 0.000000
0.129 0.130 0.000000
0.130 0.131 0.000000
0.131 0.132 0.000000
0.132 0.133 0.000000
0.133 0.134 0.000000
0.134 0.135 0.000000
0.135 0.136 0.000000
0.136 0.137 0.000000
0.137 0.138 0.000000
0.138 0.139 0.000000
0.139 0.140 0.000000
0.140 0.141 0.000000
0.141 0.142 0.000000
0.142 0.143 0.000000
0.143 0.144 0.000000
0.144 0.145 0.000000
0.145 0.146 0.000000
0.146 0.147 0.000000
0.147 0.148 0.000000
0.148 0.149 0.000000
0.149 0.150 0.000000
