1
0.000 0.001 0.000000
0.001 0.002 0.000000
0.002 0.003 0.000000
0.003 0.004 0.000000
0.004 0.005 0.000000
0.005 0.006 0.000000
0.006 0.007 0.000000
0.007 0.008 0.000000
0.008 0.009 0.000000
0.009 0.010 0.000000
0.010 0.011 0.000000
0.011 0.012 0.000000
0.012 0.013 0.000000
0.013 0.014 0.000000
0.014 0.015 0.000000
0.015 0.016 0.000000
0.016 0.017 0.000002
0.017 0.018 0.000016
0.018 0.019 0.000079
0.019 0.020 0.000301
0.020 0.021 0.000910
0.021 0.022 0.002284
0.022 0.023 0.004933
0.023 0.024 0.009451
0.024 0.025 0.016416
0.025 0.026 0.026236
0.026 0.027 0.039147
0.027 0.028 0.055385
0.028 0.029 0.074789
0.029 0.030 0.096515
0.030 0.031 0.120506
0.031 0.032 0.146213
0.032 0.033 0.172704
0.033 0.034 0.199974
0.034 0.035 0.227283
0.035 0.036 0.253178
0.036 0.037 0.278853
0.037 0.038 0.303714
0.038 0.039 0.325142
0.039 0.040 0.345569
0.040 0.041 0.364711
0.041 0.042 0.380741
0.042 0.043 0.396334
0.043 0.044 0.409487
0.044 0.045 0.421369
0.045 0.046 0.431139
0.046 0.047 0.437360
0.047 0.048 0.445400
0.048 0.049 0.452220
0.049 0.050 0.454308
0.050 0.051 0.455033
0.051 0.052 0.457388
0.052 0.053 0.459147
0.053 0.054 0.457637
0.054 0.055 0.455060
0.055 0.056 0.454930
0.056 0.057 0.454176
0.057 0.058 0.641664
0.058 0.059 1.000000
0.059 0.060 0.802562
0.060 0.061 0.446091
0.061 0.062 0.440698
0.062 0.063 0.416728
0.063 0.064 0.409077
0.064 0.065 0.400213
0.065 0.066 0.393770
0.066 0.067 0.530984
0.067 0.068 0.524515
0.068 0.069 0.402790
0.069 0.070 0.362145
0.070 0.071 0.293017
0.071 0.072 0.286791
0.072 0.073 0.279413
0.073 0.074 0.275510
0.074 0.075 0.270831
0.075 0.076 0.265033
0.076 0.077 0.256789
0.077 0.078 0.250167
0.078 0.079 0.246788
0.079 0.080 0.241855
0.080 0.081 0.234545
0.081 0.082 0.226494
0.082 0.083 0.219376
0.083 0.084 0.212617
0.084 0.085 0.206680
0.085 0.086 0.201471
0.086 0.087 0.194337
0.087 0.088 0.190026
0.088 0.089 0.184702
0.089 0.090 0.176742
0.090 0.091 0.169284
0.091 0.092 0.159206
0.092 0.093 0.152673
0.093 0.094 0.149603
0.094 0.095 0.142973
0.095 0.096 0.136526
0.096 0.097 0.129578
0.097 0.098 0.120932
0.098 0.099 0.112924
0.099 0.100 0.106520
0.100 0.101 0.101575
0.101 0.102 0.095489
0.102 0.103 0.087904
0.103 0.104 0.082053
0.104 0.105 0.076805
0.105 0.106 0.071389
0.106 0.107 0.066154
0.107 0.108 0.059765
0.108 0.109 0.053930
0.109 0.110 0.048753
0.110 0.111 0.043894
0.111 0.112 0.039590
0.112 0.113 0.035047
0.113 0.114 0.031233
0.114 0.115 0.027471
0.115 0.116 0.022783
0.116 0.117 0.019444
0.117 0.118 0.015519
0.118 0.119 0.011529
0.119 0.120 0.009385
0.120 0.121 0.007790
0.121 0.122 0.005825
0.122 0.123 0.003479
0.123 0.124 0.001674
0.124 0.125 0.000443
0.125 0.126 0.000000
0.126 0.127 0.000000
0.127 0.128 0.000000
0.128 0.129 0.000000
0.129 0.130 0.000000
0.130 0.131 0.000000
0.131 0.132 0.000000
0.132 0.133 0.000000
0.133 0.134 0.000000
0.134 0.135 0.000000
0.135 0.136 0.000000
0.136 0.137 0.000000
0.137 0.138 0.000000
0.138 0.139 0.000000
0.139 0.140 0.000000
0.140 0.141 0.000000
0.141 0.142 0.000000
0.142 0.143 0.000000
0.143 0.144 0.000000
0.144 0.145 0.000000
0.145 0.146 0.000000
0.146 0.147 0.000000
0.147 0.148 0.000000
0.148 0.149 0.000000
0.149 0.150 0.000000
