1
0.000 0.001 0.000000
0.001 0.002 0.000000
0.002 0.003 0.000000
0.003 0.004 0.000000
0.004 0.005 0.000000
0.005 0.006 0.000000
0.006 0.007 0.000000
0.007 0.008 0.000000
0.008 0.009 0.000000
0.009 0.010 0.000000
0.010 0.011 0.000000
0.011 0.012 0.000000
0.012 0.013 0.000000
0.013 0.014 0.000000
0.014 0.015 0.000000
0.015 0.016 0.000000
0.016 0.017 0.000000
0.017 0.018 0.000000
0.018 0.019 0.000001
0.019 0.020 0.000009
0.020 0.021 0.000048
0.021 0.022 0.000189
0.022 0.023 0.000602
0.023 0.024 0.001596
0.024 0.025 0.003656
0.025 0.026 0.007459
0.026 0.027 0.013698
0.027 0.028 0.023190
0.028 0.029 0.036601
0.029 0.030 0.054110
0.030 0.031 0.076018
0.031 0.032 0.102061
0.032 0.033 0.132076
0.033 0.034 0.165340
0.034 0.035 0.201023
0.035 0.036 0.238673
0.036 0.037 0.276101
0.037 0.038 0.312721
0.038 0.039 0.348438
0.039 0.040 0.386336
0.040 0.041 0.421469
0.041 0.042 0.454090
0.042 0.043 0.485409
0.043 0.044 0.513259
0.044 0.045 0.538713
0.045 0.046 0.559415
0.046 0.047 0.576426
0.047 0.048 0.593041
0.048 0.049 0.605492
0.049 0.050 0.610009
0.050 0.051 0.615210
0.051 0.052 0.622064
0.052 0.053 0.621915
0.053 0.054 0.623418
0.054 0.055 0.621142
0.055 0.056 0.617850
0.056 0.057 0.615357
0.057 0.058 0.746343
0.058 0.059 1.000000
0.059 0.060 0.852954
0.060 0.061 0.585324
0.061 0.062 0.572750
0.062 0.063 0.545206
0.063 0.064 0.526748
0.064 0.065 0.509685
0.065 0.066 0.492075
0.066 0.067 0.590677
0.067 0.068 0.579121
0.068 0.069 0.471373
0.069 0.070 0.427060
0.070 0.071 0.366499
0.071 0.072 0.352415
0.072 0.073 0.333872
0.073 0.074 0.323368
0.074 0.075 0.311300
0.075 0.076 0.293862
0.076 0.077 0.273031
0.077 0.078 0.260331
0.078 0.079 0.251468
0.079 0.080 0.241403
0.080 0.081 0.228227
0.081 0.082 0.212741
0.082 0.083 0.198087
0.083 0.084 0.183118
0.084 0.085 0.169434
0.085 0.086 0.154954
0.086 0.087 0.144641
0.087 0.088 0.135141
0.088 0.089 0.124895
0.089 0.090 0.113677
0.090 0.091 0.101370
0.091 0.092 0.089658
0.092 0.093 0.079414
0.093 0.094 0.067821
0.094 0.095 0.060310
0.095 0.096 0.053284
0.096 0.097 0.044520
0.097 0.098 0.035344
0.098 0.099 0.025444
0.099 0.100 0.016763
0.100 0.101 0.014348
0.101 0.102 0.010009
0.102 0.103 0.003674
0.103 0.104 0.002133
0.104 0.105 0.000000
0.105 0.106 0.000000
0.106 0.107 0.000000
0.107 0.108 0.000000
0.108 0.109 0.000000
0.109 0.110 0.000000
0.110 0.111 0.000000
0.111 0.112 0.000000
0.112 0.113 0.000000
0.113 0.114 0.000000
0.114 0.115 0.000000
0.115 0.116 0.000000
0.116 0.117 0.000000
0.117 0.118 0.000000
0.118 0.119 0.000000
0.119 0.120 0.000000
0.120 0.121 0.000000
0.121 0.122 0.000000
0.122 0.123 0.000000
0.123 0.124 0.000000
0.124 0.125 0.000000
0.125 0.126 0.000000
0.126 0.127 0.000000
0.127 0.128 0.000000
0.128 0.129 0.000000
0.129 0.130 0.000000
0.130 0.131 0.000000
0.131 0.132 0.000000
0.132 0.133 0.000000
0.133 0.134 0.000000
0.134 0.135 0.000000
0.135 0.136 0.000000
0.136 0.137 0.000000
0.137 0.138 0.000000
0.138 0.139 0.000000
0.139 0.140 0.000000
0.140 0.141 0.000000
0.141 0.142 0.000000
0.142 0.143 0.000000
0.143 0.144 0.000000
0.144 0.145 0.000000
0.145 0.146 0.000000
0.146 0.147 0.000000
0.147 0.148 0.000000
0.148 0.149 0.000000
0.149 0.150 0.000000
