1
0.000 0.001 0.000000
0.001 0.002 0.000000
0.002 0.003 0.000000
0.003 0.004 0.000000
0.004 0.005 0.000000
0.005 0.006 0.000000
0.006 0.007 0.000000
0.007 0.008 0.000000
0.008 0.009 0.000000
0.009 0.010 0.000000
0.010 0.011 0.000000
0.011 0.012 0.000000
0.012 0.013 0.000000
0.013 0.014 0.000000
0.014 0.015 0.000000
0.015 0.016 0.000000
0.016 0.017 0.000000
0.017 0.018 0.000001
0.018 0.019 0.000008
0.019 0.020 0.000043
0.020 0.021 0.000167
0.021 0.022 0.000521
0.022 0.023 0.001354
0.023 0.024 0.003045
0.024 0.025 0.006085
0.025 0.026 0.010985
0.026 0.027 0.018221
0.027 0.028 0.028289
0.028 0.029 0.041419
0.029 0.030 0.057387
0.030 0.031 0.076427
0.031 0.032 0.097939
0.032 0.033 0.121617
0.033 0.034 0.147122
0.034 0.035 0.173659
0.035 0.036 0.200490
0.036 0.037 0.227480
0.037 0.038 0.254529
0.038 0.039 0.279611
0.039 0.040 0.304432
0.040 0.041 0.327891
0.041 0.042 0.349342
0.042 0.043 0.369375
0.043 0.044 0.387610
0.044 0.045 0.404746
0.045 0.046 0.417711
0.046 0.047 0.428635
0.047 0.048 0.440805
0.048 0.049 0.449898
0.049 0.050 0.454196
0.050 0.051 0.458597
0.051 0.052 0.463795
0.052 0.053 0.465755
0.053 0.054 0.464419
0.054 0.055 0.464510
0.055 0.056 0.465230
0.056 0.057 0.465424
0.057 0.058 0.648767
0.058 0.059 1.000000
0.059 0.060 0.810389
0.060 0.061 0.462017
0.061 0.062 0.456579
0.062 0.063 0.431576
0.063 0.064 0.423705
0.064 0.065 0.414776
0.065 0.066 0.406496
0.066 0.067 0.544104
0.067 0.068 0.536234
0.068 0.069 0.412677
0.069 0.070 0.371532
0.070 0.071 0.301164
0.071 0.072 0.295384
0.072 0.073 0.287460
0.073 0.074 0.281934
0.074 0.075 0.276389
0.075 0.076 0.269905
0.076 0.077 0.261387
0.077 0.078 0.254221
0.078 0.079 0.248927
0.079 0.080 0.242926
0.080 0.081 0.235524
0.081 0.082 0.225999
0.082 0.083 0.218880
0.083 0.084 0.212179
0.084 0.085 0.206332
0.085 0.086 0.200921
0.086 0.087 0.194359
0.087 0.088 0.189737
0.088 0.089 0.183348
0.089 0.090 0.175488
0.090 0.091 0.168684
0.091 0.092 0.159370
0.092 0.093 0.152543
0.093 0.094 0.147903
0.094 0.095 0.142386
0.095 0.096 0.137104
0.096 0.097 0.131664
0.097 0.098 0.124594
0.098 0.099 0.118199
0.099 0.100 0.113108
0.100 0.101 0.108622
0.101 0.102 0.103494
0.102 0.103 0.097275
0.103 0.104 0.092357
0.104 0.105 0.086919
0.105 0.106 0.082110
0.106 0.107 0.077890
0.107 0.108 0.072720
0.108 0.109 0.068471
0.109 0.110 0.064191
0.110 0.111 0.059865
0.111 0.112 0.056103
0.112 0.113 0.050985
0.113 0.114 0.046406
0.114 0.115 0.041886
0.115 0.116 0.038558
0.116 0.117 0.035134
0.117 0.118 0.031701
0.118 0.119 0.027051
0.119 0.120 0.024320
0.120 0.121 0.022874
0.121 0.122 0.019452
0.122 0.123 0.017428
0.123 0.124 0.015275
0.124 0.125 0.012689
0.125 0.126 0.010122
0.126 0.127 0.008068
0.127 0.128 0.005321
0.128 0.129 0.004010
0.129 0.130 0.002765
0.130 0.131 0.000992
0.131 0.132 0.000638
0.132 0.133 0.000000
0.133 0.134 0.000000
0.134 0.135 0.000000
0.135 0.136 0.000000
0.136 0.137 0.000000
0.137 0.138 0.000000
0.138 0.139 0.000000
0.139 0.140 0.000000
0.140 0.141 0.000000
0.141 0.142 0.000000
0.142 0.143 0.000000
0.143 0.144 0.000000
0.144 0.145 0.000000
0.145 0.146 0.000000
0.146 0.147 0.000000
0.147 0.148 0.000000
0.148 0.149 0.000000
0.149 0.150 0.000000
