1
0.000 0.001 0.000000
0.001 0.002 0.000000
0.002 0.003 0.000000
0.003 0.004 0.000000
0.004 0.005 0.000000
0.005 0.006 0.000000
0.006 0.007 0.000000
0.007 0.008 0.000000
0.008 0.009 0.000000
0.009 0.010 0.000000
0.010 0.011 0.000000
0.011 0.012 0.000000
0.012 0.013 0.000000
0.013 0.014 0.000000
0.014 0.015 0.000000
0.015 0.016 0.000000
0.016 0.017 0.000000
0.017 0.018 0.000000
0.018 0.019 0.000000
0.019 0.020 0.000000
0.020 0.021 0.000000
0.021 0.022 0.000002
0.022 0.023 0.000011
0.023 0.024 0.000043
0.024 0.025 0.000139
0.025 0.026 0.000381
0.026 0.027 0.000907
0.027 0.028 0.001933
0.028 0.029 0.003742
0.029 0.030 0.006606
0.030 0.031 0.010892
0.031 0.032 0.016900
0.032 0.033 0.024891
0.033 0.034 0.035038
0.034 0.035 0.047354
0.035 0.036 0.061758
0.036 0.037 0.078354
0.037 0.038 0.096862
0.038 0.039 0.116465
0.039 0.040 0.137414
0.040 0.041 0.159418
0.041 0.042 0.181593
0.042 0.043 0.204453
0.043 0.044 0.227189
0.044 0.045 0.250032
0.045 0.046 0.271573
0.046 0.047 0.291538
0.047 0.048 0.312674
0.048 0.049 0.332637
0.049 0.050 0.349059
0.050 0.051 0.364477
0.051 0.052 0.380716
0.052 0.053 0.395177
0.053 0.054 0.406549
0.054 0.055 0.416905
0.055 0.056 0.428321
0.056 0.057 0.438659
0.057 0.058 0.630794
0.058 0.059 1.000000
0.059 0.060 0.822228
0.060 0.061 0.471026
0.061 0.062 0.473780
0.062 0.063 0.455681
0.063 0.064 0.454690
0.064 0.065 0.452036
0.065 0.066 0.450831
0.066 0.067 0.613387
0.067 0.068 0.613694
0.068 0.069 0.478079
0.069 0.070 0.435024
0.070 0.071 0.356984
0.071 0.072 0.353168
0.072 0.073 0.347221
0.073 0.074 0.344777
0.074 0.075 0.341415
0.075 0.076 0.336285
0.076 0.077 0.328143
0.077 0.078 0.321890
0.078 0.079 0.319168
0.079 0.080 0.314431
0.080 0.081 0.306617
0.081 0.082 0.297384
0.082 0.083 0.288963
0.083 0.084 0.280874
0.084 0.085 0.273756
0.085 0.086 0.267373
0.086 0.087 0.258572
0.087 0.088 0.252948
0.088 0.089 0.245397
0.089 0.090 0.234931
0.090 0.091 0.225396
0.091 0.092 0.211957
0.092 0.093 0.203513
0.093 0.094 0.199231
0.094 0.095 0.190517
0.095 0.096 0.181992
0.096 0.097 0.172233
0.097 0.098 0.161938
0.098 0.099 0.152518
0.099 0.100 0.144949
0.100 0.101 0.138811
0.101 0.102 0.131569
0.102 0.103 0.121432
0.103 0.104 0.115012
0.104 0.105 0.109374
0.105 0.106 0.102158
0.106 0.107 0.095333
0.107 0.108 0.086434
0.108 0.109 0.080344
0.109 0.110 0.073842
0.110 0.111 0.067603
0.111 0.112 0.062426
0.112 0.113 0.054962
0.113 0.114 0.049908
0.114 0.115 0.045143
0.115 0.116 0.039588
0.116 0.117 0.033931
0.117 0.118 0.029339
0.118 0.119 0.023086
0.119 0.120 0.019776
0.120 0.121 0.017513
0.121 0.122 0.014559
0.122 0.123 0.011498
0.123 0.124 0.007792
0.124 0.125 0.005293
0.125 0.126 0.002417
0.126 0.127 0.000666
0.127 0.128 0.000000
0.128 0.129 0.000000
0.129 0.130 0.000000
0.130 0.131 0.000000
0.131 0.132 0.000000
0.132 0.133 0.000000
0.133 0.134 0.000000
0.134 0.135 0.000000
0.135 0.136 0.000000
0.136 0.137 0.000000
0.137 0.138 0.000000
0.138 0.139 0.000000
0.139 0.140 0.000000
0.140 0.141 0.000000
0.141 0.142 0.000000
0.142 0.143 0.000000
0.143 0.144 0.000000
0.144 0.145 0.000000
0.145 0.146 0.000000
0.146 0.147 0.000000
0.147 0.148 0.000000
0.148 0.149 0.000000
0.149 0.150 0.000000
