1
0.000 0.001 0.000000
0.001 0.002 0.000000
0.002 0.003 0.000000
0.003 0.004 0.000000
0.004 0.005 0.000000
0.005 0.006 0.000000
0.006 0.007 0.000000
0.007 0.008 0.000000
0.008 0.009 0.000000
0.009 0.010 0.000000
0.010 0.011 0.000000
0.011 0.012 0.000000
0.012 0.013 0.000000
0.013 0.014 0.000000
0.014 0.015 0.000001
0.015 0.016 0.000012
0.016 0.017 0.000095
0.017 0.018 0.000498
0.018 0.019 0.001886
0.019 0.020 0.005543
0.020 0.021 0.013409
0.021 0.022 0.027719
0.022 0.023 0.050493
0.023 0.024 0.083251
0.024 0.025 0.126654
0.025 0.026 0.179963
0.026 0.027 0.241851
0.027 0.028 0.310815
0.028 0.029 0.384390
0.029 0.030 0.460030
0.030 0.031 0.535708
0.031 0.032 0.607554
0.032 0.033 0.676021
0.033 0.034 0.739138
0.034 0.035 0.795775
0.035 0.036 0.845301
0.036 0.037 0.884661
0.037 0.038 0.921002
0.038 0.039 0.951540
0.039 0.040 0.973208
0.040 0.041 0.987622
0.041 0.042 0.997242
0.042 0.043 1.000000
0.043 0.044 0.998168
0.044 0.045 0.992406
0.045 0.046 0.973932
0.046 0.047 0.960300
0.047 0.048 0.943615
0.048 0.049 0.918864
0.049 0.050 0.892076
0.050 0.051 0.867123
0.051 0.052 0.840225
0.052 0.053 0.813070
0.053 0.054 0.787651
0.054 0.055 0.759706
0.055 0.056 0.724624
0.056 0.057 0.689723
0.057 0.058 0.730692
0.058 0.059 0.832113
0.059 0.060 0.735228
0.060 0.061 0.576326
0.061 0.062 0.545957
0.062 0.063 0.509873
0.063 0.064 0.478946
0.064 0.065 0.445690
0.065 0.066 0.416153
0.066 0.067 0.441961
0.067 0.068 0.418941
0.068 0.069 0.346901
0.069 0.070 0.304926
0.070 0.071 0.259928
0.071 0.072 0.241602
0.072 0.073 0.218227
0.073 0.074 0.197784
0.074 0.075 0.177310
0.075 0.076 0.155099
0.076 0.077 0.139714
0.077 0.078 0.122146
0.078 0.079 0.103978
0.079 0.080 0.086976
0.080 0.081 0.075254
0.081 0.082 0.060497
0.082 0.083 0.048111
0.083 0.084 0.035367
0.084 0.085 0.026629
0.085 0.086 0.015577
0.086 0.087 0.009868
0.087 0.088 0.002563
0.088 0.089 0.000000
0.089 0.090 0.000000
0.090 0.091 0.000000
0.091 0.092 0.000000
0.092 0.093 0.000000
0.093 0.094 0.000000
0.094 0.095 0.000000
0.095 0.096 0.000000
0.096 0.097 0.000000
0.097 0.098 0.000000
0.098 0.099 0.000000
0.099 0.100 0.000000
0.100 0.101 0.000000
0.101 0.102 0.000000
0.102 0.103 0.000000
0.103 0.104 0.000000
0.104 0.105 0.000000
0.105 0.106 0.000000
0.106 0.107 0.000000
0.107 0.108 0.000000
0.108 0.109 0.000000
0.109 0.110 0.000000
0.110 0.111 0.000000
0.111 0.112 0.000000
0.112 0.113 0.000000
0.113 0.114 0.000000
0.114 0.115 0.000000
0.115 0.116 0.000000
0.116 0.117 0.000000
0.117 0.118 0.000000
0.118 0.119 0.000000
0.119 0.120 0.000000
0.120 0.121 0.000000
0.121 0.122 0.000000
0.122 0.123 0.000000
0.123 0.124 0.000000
0.124 0.125 0.000000
0.125 0.126 0.000000
0.126 0.127 0.000000
0.127 0.128 0.000000
0.128 0.129 0.000000
0.129 0.130 0.000000
0.130 0.131 0.000000
0.131 0.132 0.000000
0.132 0.133 0.000000
0.133 0.134 0.000000
0.134 0.135 0.000000
0.135 0.136 0.000000
0.136 0.137 0.000000
0.137 0.138 0.000000
0.138 0.139 0.000000
0.139 0.140 0.000000
0.140 0.141 0.000000
0.141 0.142 0.000000
0.142 0.143 0.000000
0.143 0.144 0.000000
0.144 0.145 0.000000
0.145 0.146 0.000000
0.146 0.147 0.000000
0.147 0.148 0.000000
0.148 0.149 0.000000
0.149 0.150 0.000000
