1
0.000 0.001 0.000000
0.001 0.002 0.000000
0.002 0.003 0.000000
0.003 0.004 0.000000
0.004 0.005 0.000000
0.005 0.006 0.000000
0.006 0.007 0.000000
0.007 0.008 0.000000
0.008 0.009 0.000000
0.009 0.010 0.000000
0.010 0.011 0.000000
0.011 0.012 0.000000
0.012 0.013 0.000000
0.013 0.014 0.000000
0.014 0.015 0.000000
0.015 0.016 0.000003
0.016 0.017 0.000019
0.017 0.018 0.000096
0.018 0.019 0.000363
0.019 0.020 0.001089
0.020 0.021 0.002722
0.021 0.022 0.005857
0.022 0.023 0.011156
0.023 0.024 0.019267
0.024 0.025 0.030681
0.025 0.026 0.045481
0.026 0.027 0.063728
0.027 0.028 0.085440
0.028 0.029 0.109666
0.029 0.030 0.136305
0.030 0.031 0.165101
0.031 0.032 0.194531
0.032 0.033 0.224194
0.033 0.034 0.253969
0.034 0.035 0.282515
0.035 0.036 0.309212
0.036 0.037 0.334625
0.037 0.038 0.359209
0.038 0.039 0.380263
0.039 0.040 0.398912
0.040 0.041 0.415601
0.041 0.042 0.430030
0.042 0.043 0.442938
0.043 0.044 0.452776
0.044 0.045 0.461453
0.045 0.046 0.466392
0.046 0.047 0.470134
0.047 0.048 0.474305
0.048 0.049 0.476992
0.049 0.050 0.475987
0.050 0.051 0.476123
0.051 0.052 0.476808
0.052 0.053 0.474122
0.053 0.054 0.470099
0.054 0.055 0.465507
0.055 0.056 0.461747
0.056 0.057 0.458299
0.057 0.058 0.644141
0.058 0.059 1.000000
0.059 0.060 0.800346
0.060 0.061 0.442851
0.061 0.062 0.435158
0.062 0.063 0.407916
0.063 0.064 0.398639
0.064 0.065 0.388698
0.065 0.066 0.379012
0.066 0.067 0.511896
0.067 0.068 0.504824
0.068 0.069 0.383299
0.069 0.070 0.343398
0.070 0.071 0.275095
0.071 0.072 0.269418
0.072 0.073 0.261773
0.073 0.074 0.256024
0.074 0.075 0.250754
0.075 0.076 0.244694
0.076 0.077 0.236915
0.077 0.078 0.230523
0.078 0.079 0.225254
0.079 0.080 0.219807
0.080 0.081 0.213723
0.081 0.082 0.206110
0.082 0.083 0.198530
0.083 0.084 0.190623
0.084 0.085 0.185584
0.085 0.086 0.180906
0.086 0.087 0.175794
0.087 0.088 0.171927
0.088 0.089 0.166494
0.089 0.090 0.160040
0.090 0.091 0.154287
0.091 0.092 0.146807
0.092 0.093 0.141112
0.093 0.094 0.137602
0.094 0.095 0.132072
0.095 0.096 0.126901
0.096 0.097 0.121677
0.097 0.098 0.115089
0.098 0.099 0.108616
0.099 0.100 0.104827
0.100 0.101 0.101210
0.101 0.102 0.097139
0.102 0.103 0.092572
0.103 0.104 0.088969
0.104 0.105 0.085039
0.105 0.106 0.080324
0.106 0.107 0.076249
0.107 0.108 0.071426
0.108 0.109 0.067498
0.109 0.110 0.063782
0.110 0.111 0.059785
0.111 0.112 0.055599
0.112 0.113 0.051704
0.113 0.114 0.048121
0.114 0.115 0.045362
0.115 0.116 0.042434
0.116 0.117 0.039157
0.117 0.118 0.036167
0.118 0.119 0.032243
0.119 0.120 0.029525
0.120 0.121 0.027923
0.121 0.122 0.025252
0.122 0.123 0.022114
0.123 0.124 0.020203
0.124 0.125 0.017824
0.125 0.126 0.015433
0.126 0.127 0.013583
0.127 0.128 0.011343
0.128 0.129 0.009337
0.129 0.130 0.006971
0.130 0.131 0.005630
0.131 0.132 0.004812
0.132 0.133 0.003707
0.133 0.134 0.002438
0.134 0.135 0.000901
0.135 0.136 0.000530
0.136 0.137 0.000000
0.137 0.138 0.000000
0.138 0.139 0.000000
0.139 0.140 0.000000
0.140 0.141 0.000000
0.141 0.142 0.000000
0.142 0.143 0.000000
0.143 0.144 0.000000
0.144 0.145 0.000000
0.145 0.146 0.000000
0.146 0.147 0.000000
0.147 0.148 0.000000
0.148 0.149 0.000000
0.149 0.150 0.000000
