1
0.000 0.001 0.000000
0.001 0.002 0.000000
0.002 0.003 0.000000
0.003 0.004 0.000000
0.004 0.005 0.000000
0.005 0.006 0.000000
0.006 0.007 0.000000
0.007 0.008 0.000000
0.008 0.009 0.000000
0.009 0.010 0.000000
0.010 0.011 0.000000
0.011 0.012 0.000000
0.012 0.013 0.000000
0.013 0.014 0.000000
0.014 0.015 0.000000
0.015 0.016 0.000000
0.016 0.017 0.000000
0.017 0.018 0.000000
0.018 0.019 0.000000
0.019 0.020 0.000002
0.020 0.021 0.000012
0.021 0.022 0.000053
0.022 0.023 0.000179
0.023 0.024 0.000508
0.024 0.025 0.001238
0.025 0.026 0.002653
0.026 0.027 0.005095
0.027 0.028 0.009007
0.028 0.029 0.014804
0.029 0.030 0.022683
0.030 0.031 0.033014
0.031 0.032 0.045822
0.032 0.033 0.061170
0.033 0.034 0.078884
0.034 0.035 0.098605
0.035 0.036 0.119927
0.036 0.037 0.142726
0.037 0.038 0.166828
0.038 0.039 0.190784
0.039 0.040 0.214883
0.040 0.041 0.238939
0.041 0.042 0.262031
0.042 0.043 0.284810
0.043 0.044 0.306468
0.044 0.045 0.327549
0.045 0.046 0.345997
0.046 0.047 0.362491
0.047 0.048 0.379700
0.048 0.049 0.394911
0.049 0.050 0.406334
0.050 0.051 0.416783
0.051 0.052 0.427984
0.052 0.053 0.436734
0.053 0.054 0.442590
0.054 0.055 0.447727
0.055 0.056 0.453537
0.056 0.057 0.458133
0.057 0.058 0.643986
0.058 0.059 1.000000
0.059 0.060 0.817363
0.060 0.061 0.471416
0.061 0.062 0.469463
0.062 0.063 0.447878
0.063 0.064 0.443251
0.064 0.065 0.437109
0.065 0.066 0.432133
0.066 0.067 0.579095
0.067 0.068 0.575472
0.068 0.069 0.447319
0.069 0.070 0.404669
0.070 0.071 0.331334
0.071 0.072 0.325794
0.072 0.073 0.318084
0.073 0.074 0.313336
0.074 0.075 0.307964
0.075 0.076 0.301321
0.076 0.077 0.292294
0.077 0.078 0.284743
0.078 0.079 0.280056
0.079 0.080 0.274001
0.080 0.081 0.265502
0.081 0.082 0.255293
0.082 0.083 0.246826
0.083 0.084 0.238869
0.084 0.085 0.231647
0.085 0.086 0.224994
0.086 0.087 0.216422
0.087 0.088 0.210475
0.088 0.089 0.202457
0.089 0.090 0.193794
0.090 0.091 0.185966
0.091 0.092 0.175269
0.092 0.093 0.167888
0.093 0.094 0.163920
0.094 0.095 0.156414
0.095 0.096 0.148550
0.096 0.097 0.141901
0.097 0.098 0.133394
0.098 0.099 0.125675
0.099 0.100 0.119435
0.100 0.101 0.114247
0.101 0.102 0.108251
0.102 0.103 0.100001
0.103 0.104 0.094900
0.104 0.105 0.090314
0.105 0.106 0.084503
0.106 0.107 0.079083
0.107 0.108 0.072456
0.108 0.109 0.066344
0.109 0.110 0.061407
0.110 0.111 0.056643
0.111 0.112 0.052687
0.112 0.113 0.047283
0.113 0.114 0.042625
0.114 0.115 0.037796
0.115 0.116 0.033737
0.116 0.117 0.029922
0.117 0.118 0.025829
0.118 0.119 0.020391
0.119 0.120 0.017050
0.120 0.121 0.015969
0.121 0.122 0.013318
0.122 0.123 0.010148
0.123 0.124 0.008146
0.124 0.125 0.005897
0.125 0.126 0.003305
0.126 0.127 0.002171
0.127 0.128 0.000589
0.128 0.129 0.000000
0.129 0.130 0.000000
0.130 0.131 0.000000
0.131 0.132 0.000000
0.132 0.133 0.000000
0.133 0.134 0.000000
0.134 0.135 0.000000
0.135 0.136 0.000000
0.136 0.137 0.000000
0.137 0.138 0.000000
0.138 0.139 0.000000
0.139 0.140 0.000000
0.140 0.141 0.000000
0.141 0.142 0.000000
0.142 0.143 0.000000
0.143 0.144 0.000000
0.144 0.145 0.000000
0.145 0.146 0.000000
0.146 0.147 0.000000
0.147 0.148 0.000000
0.148 0.149 0.000000
0.149 0.150 0.000000
