1
0.000 0.001 0.000000
0.001 0.002 0.000000
0.002 0.003 0.000000
0.003 0.004 0.000000
0.004 0.005 0.000000
0.005 0.006 0.000000
0.006 0.007 0.000000
0.007 0.008 0.000000
0.008 0.009 0.000000
0.009 0.010 0.000000
0.010 0.011 0.000000
0.011 0.012 0.000000
0.012 0.013 0.000000
0.013 0.014 0.000000
0.014 0.015 0.000000
0.015 0.016 0.000000
0.016 0.017 0.000000
0.017 0.018 0.000000
0.018 0.019 0.000000
0.019 0.020 0.000000
0.020 0.021 0.000002
0.021 0.022 0.000010
0.022 0.023 0.000042
0.023 0.024 0.000146
0.024 0.025 0.000420
0.025 0.026 0.001037
0.026 0.027 0.002247
0.027 0.028 0.004392
0.028 0.029 0.007879
0.029 0.030 0.013036
0.030 0.031 0.020221
0.031 0.032 0.029676
0.032 0.033 0.041623
0.033 0.034 0.056099
0.034 0.035 0.072909
0.035 0.036 0.091722
0.036 0.037 0.112458
0.037 0.038 0.134934
0.038 0.039 0.158026
0.039 0.040 0.181889
0.040 0.041 0.206185
0.041 0.042 0.230191
0.042 0.043 0.254190
0.043 0.044 0.277405
0.044 0.045 0.300464
0.045 0.046 0.321055
0.046 0.047 0.340088
0.047 0.048 0.359750
0.048 0.049 0.377248
0.049 0.050 0.391372
0.050 0.051 0.404614
0.051 0.052 0.418221
0.052 0.053 0.429251
0.053 0.054 0.437737
0.054 0.055 0.445227
0.055 0.056 0.452852
0.056 0.057 0.459170
0.057 0.058 0.643951
0.058 0.059 1.000000
0.059 0.060 0.822701
0.060 0.061 0.479011
0.061 0.062 0.478409
0.062 0.063 0.457883
0.063 0.064 0.454155
0.064 0.065 0.448737
0.065 0.066 0.444026
0.066 0.067 0.594341
0.067 0.068 0.591488
0.068 0.069 0.460399
0.069 0.070 0.416972
0.070 0.071 0.341624
0.071 0.072 0.335394
0.072 0.073 0.327795
0.073 0.074 0.323130
0.074 0.075 0.317953
0.075 0.076 0.311481
0.076 0.077 0.302454
0.077 0.078 0.294860
0.078 0.079 0.289862
0.079 0.080 0.283607
0.080 0.081 0.274424
0.081 0.082 0.265579
0.082 0.083 0.257472
0.083 0.084 0.249843
0.084 0.085 0.242968
0.085 0.086 0.236640
0.086 0.087 0.228421
0.087 0.088 0.222788
0.088 0.089 0.215369
0.089 0.090 0.205192
0.090 0.091 0.197627
0.091 0.092 0.187066
0.092 0.093 0.179862
0.093 0.094 0.176186
0.094 0.095 0.168866
0.095 0.096 0.161730
0.096 0.097 0.154200
0.097 0.098 0.144106
0.098 0.099 0.136703
0.099 0.100 0.130739
0.100 0.101 0.125639
0.101 0.102 0.119804
0.102 0.103 0.112205
0.103 0.104 0.106346
0.104 0.105 0.100921
0.105 0.106 0.093524
0.106 0.107 0.088355
0.107 0.108 0.081921
0.108 0.109 0.076552
0.109 0.110 0.070943
0.110 0.111 0.065448
0.111 0.112 0.060795
0.112 0.113 0.053986
0.113 0.114 0.049499
0.114 0.115 0.045457
0.115 0.116 0.040798
0.116 0.117 0.036317
0.117 0.118 0.031617
0.118 0.119 0.025024
0.119 0.120 0.022318
0.120 0.121 0.021055
0.121 0.122 0.017977
0.122 0.123 0.014294
0.123 0.124 0.011980
0.124 0.125 0.009296
0.125 0.126 0.006655
0.126 0.127 0.003956
0.127 0.128 0.002539
0.128 0.129 0.000672
0.129 0.130 0.000000
0.130 0.131 0.000000
0.131 0.132 0.000000
0.132 0.133 0.000000
0.133 0.134 0.000000
0.134 0.135 0.000000
0.135 0.136 0.000000
0.136 0.137 0.000000
0.137 0.138 0.000000
0.138 0.139 0.000000
0.139 0.140 0.000000
0.140 0.141 0.000000
0.141 0.142 0.000000
0.142 0.143 0.000000
0.143 0.144 0.000000
0.144 0.145 0.000000
0.145 0.146 0.000000
0.146 0.147 0.000000
0.147 0.148 0.000000
0.148 0.149 0.000000
0.149 0.150 0.000000
