1
0.000 0.001 0.000000
0.001 0.002 0.000000
0.002 0.003 0.000000
0.003 0.004 0.000000
0.004 0.005 0.000000
0.005 0.006 0.000000
0.006 0.007 0.000000
0.007 0.008 0.000000
0.008 0.009 0.000000
0.009 0.010 0.000000
0.010 0.011 0.000000
0.011 0.012 0.000002
0.012 0.013 0.000026
0.013 0.014 0.000198
0.014 0.015 0.000955
0.015 0.016 0.003234
0.016 0.017 0.008473
0.017 0.018 0.018269
0.018 0.019 0.033816
0.019 0.020 0.055953
0.020 0.021 0.084543
0.021 0.022 0.118490
0.022 0.023 0.156709
0.023 0.024 0.197800
0.024 0.025 0.239561
0.025 0.026 0.282258
0.026 0.027 0.324803
0.027 0.028 0.366341
0.028 0.029 0.403982
0.029 0.030 0.438337
0.030 0.031 0.469629
0.031 0.032 0.496458
0.032 0.033 0.519742
0.033 0.034 0.539444
0.034 0.035 0.555209
0.035 0.036 0.567259
0.036 0.037 0.576316
0.037 0.038 0.583901
0.038 0.039 0.587957
0.039 0.040 0.589095
0.040 0.041 0.588005
0.041 0.042 0.584920
0.042 0.043 0.580819
0.043 0.044 0.574777
0.044 0.045 0.568732
0.045 0.046 0.558642
0.046 0.047 0.551139
0.047 0.048 0.545206
0.048 0.049 0.536720
0.049 0.050 0.525798
0.050 0.051 0.516681
0.051 0.052 0.508600
0.052 0.053 0.497581
0.053 0.054 0.486560
0.054 0.055 0.475503
0.055 0.056 0.465504
0.056 0.057 0.456564
0.057 0.058 0.643501
0.058 0.059 1.000000
0.059 0.060 0.789112
0.060 0.061 0.424777
0.061 0.062 0.414020
0.062 0.063 0.384442
0.063 0.064 0.373303
0.064 0.065 0.361218
0.065 0.066 0.351134
0.066 0.067 0.478100
0.067 0.068 0.468956
0.068 0.069 0.352390
0.069 0.070 0.313809
0.070 0.071 0.248699
0.071 0.072 0.242651
0.072 0.073 0.234941
0.073 0.074 0.228835
0.074 0.075 0.223480
0.075 0.076 0.217512
0.076 0.077 0.210111
0.077 0.078 0.204061
0.078 0.079 0.198784
0.079 0.080 0.193603
0.080 0.081 0.188204
0.081 0.082 0.181416
0.082 0.083 0.174523
0.083 0.084 0.167393
0.084 0.085 0.162755
0.085 0.086 0.158472
0.086 0.087 0.154087
0.087 0.088 0.150462
0.088 0.089 0.145600
0.089 0.090 0.140115
0.090 0.091 0.135136
0.091 0.092 0.128886
0.092 0.093 0.123927
0.093 0.094 0.120644
0.094 0.095 0.115890
0.095 0.096 0.111551
0.096 0.097 0.107243
0.097 0.098 0.101826
0.098 0.099 0.096726
0.099 0.100 0.092403
0.100 0.101 0.089374
0.101 0.102 0.085882
0.102 0.103 0.082244
0.103 0.104 0.079299
0.104 0.105 0.075901
0.105 0.106 0.071930
0.106 0.107 0.068550
0.107 0.108 0.064612
0.108 0.109 0.061492
0.109 0.110 0.058634
0.110 0.111 0.055416
0.111 0.112 0.052353
0.112 0.113 0.048359
0.113 0.114 0.044188
0.114 0.115 0.041983
0.115 0.116 0.039725
0.116 0.117 0.037007
0.117 0.118 0.034754
0.118 0.119 0.031888
0.119 0.120 0.029554
0.120 0.121 0.028051
0.121 0.122 0.025935
0.122 0.123 0.023842
0.123 0.124 0.021656
0.124 0.125 0.018707
0.125 0.126 0.016815
0.126 0.127 0.015328
0.127 0.128 0.013450
0.128 0.129 0.011864
0.129 0.130 0.010277
0.130 0.131 0.008507
0.131 0.132 0.007403
0.132 0.133 0.005602
0.133 0.134 0.004546
0.134 0.135 0.003565
0.135 0.136 0.002668
0.136 0.137 0.001814
0.137 0.138 0.000640
0.138 0.139 0.000327
0.139 0.140 0.000000
0.140 0.141 0.000000
0.141 0.142 0.000000
0.142 0.143 0.000000
0.143 0.144 0.000000
0.144 0.145 0.000000
0.145 0.146 0.000000
0.146 0.147 0.000000
0.147 0.148 0.000000
0.148 0.149 0.000000
0.149 0.150 0.000000
