1
0.000 0.001 0.000000
0.001 0.002 0.000000
0.002 0.003 0.000000
0.003 0.004 0.000000
0.004 0.005 0.000000
0.005 0.006 0.000000
0.006 0.007 0.000000
0.007 0.008 0.000000
0.008 0.009 0.000000
0.009 0.010 0.000000
0.010 0.011 0.000000
0.011 0.012 0.000000
0.012 0.013 0.000000
0.013 0.014 0.000000
0.014 0.015 0.000000
0.015 0.016 0.000000
0.016 0.017 0.000000
0.017 0.018 0.000000
0.018 0.019 0.000000
0.019 0.020 0.000000
0.020 0.021 0.000001
0.021 0.022 0.000005
0.022 0.023 0.000021
0.023 0.024 0.000078
0.024 0.025 0.000239
0.025 0.026 0.000621
0.026 0.027 0.001408
0.027 0.028 0.002876
0.028 0.029 0.005359
0.029 0.030 0.009168
0.030 0.031 0.014671
0.031 0.032 0.022200
0.032 0.033 0.031989
0.033 0.034 0.044076
0.034 0.035 0.058403
0.035 0.036 0.074916
0.036 0.037 0.093492
0.037 0.038 0.113969
0.038 0.039 0.135524
0.039 0.040 0.158070
0.040 0.041 0.181058
0.041 0.042 0.204204
0.042 0.043 0.227600
0.043 0.044 0.249930
0.044 0.045 0.272348
0.045 0.046 0.292891
0.046 0.047 0.311331
0.047 0.048 0.331651
0.048 0.049 0.349872
0.049 0.050 0.365170
0.050 0.051 0.380108
0.051 0.052 0.394746
0.052 0.053 0.406158
0.053 0.054 0.415984
0.054 0.055 0.424956
0.055 0.056 0.432971
0.056 0.057 0.440011
0.057 0.058 0.631265
0.058 0.059 1.000000
0.059 0.060 0.818725
0.060 0.061 0.463635
0.061 0.062 0.463687
0.062 0.063 0.441874
0.063 0.064 0.440682
0.064 0.065 0.437685
0.065 0.066 0.434118
0.066 0.067 0.594094
0.067 0.068 0.593118
0.068 0.069 0.457319
0.069 0.070 0.414543
0.070 0.071 0.336723
0.071 0.072 0.332555
0.072 0.073 0.325662
0.073 0.074 0.321069
0.074 0.075 0.316647
0.075 0.076 0.310940
0.076 0.077 0.302761
0.077 0.078 0.295324
0.078 0.079 0.292155
0.079 0.080 0.287983
0.080 0.081 0.282295
0.081 0.082 0.274841
0.082 0.083 0.267394
0.083 0.084 0.260370
0.084 0.085 0.254284
0.085 0.086 0.248538
0.086 0.087 0.241718
0.087 0.088 0.236758
0.088 0.089 0.229487
0.089 0.090 0.220647
0.090 0.091 0.213013
0.091 0.092 0.201612
0.092 0.093 0.195145
0.093 0.094 0.191902
0.094 0.095 0.185521
0.095 0.096 0.179490
0.096 0.097 0.173307
0.097 0.098 0.165028
0.098 0.099 0.157383
0.099 0.100 0.151479
0.100 0.101 0.146168
0.101 0.102 0.139878
0.102 0.103 0.132586
0.103 0.104 0.126747
0.104 0.105 0.119828
0.105 0.106 0.113746
0.106 0.107 0.108556
0.107 0.108 0.102214
0.108 0.109 0.097110
0.109 0.110 0.092143
0.110 0.111 0.086863
0.111 0.112 0.082094
0.112 0.113 0.075531
0.113 0.114 0.069535
0.114 0.115 0.064580
0.115 0.116 0.058618
0.116 0.117 0.054185
0.117 0.118 0.050049
0.118 0.119 0.044459
0.119 0.120 0.040814
0.120 0.121 0.038847
0.121 0.122 0.035185
0.122 0.123 0.031479
0.123 0.124 0.026924
0.124 0.125 0.023590
0.125 0.126 0.020233
0.126 0.127 0.017650
0.127 0.128 0.014531
0.128 0.129 0.011700
0.129 0.130 0.008365
0.130 0.131 0.006476
0.131 0.132 0.005245
0.132 0.133 0.003656
0.133 0.134 0.001338
0.134 0.135 0.000778
0.135 0.136 0.000000
0.136 0.137 0.000000
0.137 0.138 0.000000
0.138 0.139 0.000000
0.139 0.140 0.000000
0.140 0.141 0.000000
0.141 0.142 0.000000
0.142 0.143 0.000000
0.143 0.144 0.000000
0.144 0.145 0.000000
0.145 0.146 0.000000
0.146 0.147 0.000000
0.147 0.148 0.000000
0.148 0.149 0.000000
0.149 0.150 0.000000
