1
0.000 0.001 0.000000
0.001 0.002 0.000000
0.002 0.003 0.000000
0.003 0.004 0.000000
0.004 0.005 0.000000
0.005 0.006 0.000000
0.006 0.007 0.000000
0.007 0.008 0.000000
0.008 0.009 0.000000
0.009 0.010 0.000000
0.010 0.011 0.000000
0.011 0.012 0.000000
0.012 0.013 0.000000
0.013 0.014 0.000000
0.014 0.015 0.000000
0.015 0.016 0.000000
0.016 0.017 0.000000
0.017 0.018 0.000003
0.018 0.019 0.000019
0.019 0.020 0.000094
0.020 0.021 0.000358
0.021 0.022 0.001091
0.022 0.023 0.002764
0.023 0.024 0.006039
0.024 0.025 0.011705
0.025 0.026 0.020609
0.026 0.027 0.033321
0.027 0.028 0.050431
0.028 0.029 0.072164
0.029 0.030 0.097776
0.030 0.031 0.127240
0.031 0.032 0.160015
0.032 0.033 0.195057
0.033 0.034 0.231364
0.034 0.035 0.268305
0.035 0.036 0.305297
0.036 0.037 0.340749
0.037 0.038 0.373925
0.038 0.039 0.403531
0.039 0.040 0.434112
0.040 0.041 0.462300
0.041 0.042 0.486804
0.042 0.043 0.509712
0.043 0.044 0.528907
0.044 0.045 0.545916
0.045 0.046 0.559018
0.046 0.047 0.567372
0.047 0.048 0.576398
0.048 0.049 0.583032
0.049 0.050 0.582419
0.050 0.051 0.581624
0.051 0.052 0.581805
0.052 0.053 0.582947
0.053 0.054 0.580751
0.054 0.055 0.575067
0.055 0.056 0.570072
0.056 0.057 0.565952
0.057 0.058 0.713661
0.058 0.059 1.000000
0.059 0.060 0.833199
0.060 0.061 0.533647
0.061 0.062 0.522154
0.062 0.063 0.495459
0.063 0.064 0.479411
0.064 0.065 0.462824
0.065 0.066 0.452310
0.066 0.067 0.561518
0.067 0.068 0.550935
0.068 0.069 0.439965
0.069 0.070 0.397261
0.070 0.071 0.334461
0.071 0.072 0.322522
0.072 0.073 0.307753
0.073 0.074 0.300351
0.074 0.075 0.291363
0.075 0.076 0.278270
0.076 0.077 0.261871
0.077 0.078 0.251496
0.078 0.079 0.245309
0.079 0.080 0.237586
0.080 0.081 0.226789
0.081 0.082 0.214518
0.082 0.083 0.203236
0.083 0.084 0.191751
0.084 0.085 0.181495
0.085 0.086 0.172376
0.086 0.087 0.160291
0.087 0.088 0.153593
0.088 0.089 0.146692
0.089 0.090 0.137415
0.090 0.091 0.126879
0.091 0.092 0.116165
0.092 0.093 0.108148
0.093 0.094 0.101861
0.094 0.095 0.093334
0.095 0.096 0.084123
0.096 0.097 0.076597
0.097 0.098 0.068109
0.098 0.099 0.058623
0.099 0.100 0.052136
0.100 0.101 0.048966
0.101 0.102 0.043064
0.102 0.103 0.034317
0.103 0.104 0.029624
0.104 0.105 0.026161
0.105 0.106 0.021917
0.106 0.107 0.017389
0.107 0.108 0.011397
0.108 0.109 0.008596
0.109 0.110 0.005724
0.110 0.111 0.002124
0.111 0.112 0.001323
0.112 0.113 0.000000
0.113 0.114 0.000000
0.114 0.115 0.000000
0.115 0.116 0.000000
0.116 0.117 0.000000
0.117 0.118 0.000000
0.118 0.119 0.000000
0.119 0.120 0.000000
0.120 0.121 0.000000
0.121 0.122 0.000000
0.122 0.123 0.000000
0.123 0.124 0.000000
0.124 0.125 0.000000
0.125 0.126 0.000000
0.126 0.127 0.000000
0.127 0.128 0.000000
0.128 0.129 0.000000
0.129 0.130 0.000000
0.130 0.131 0.000000
0.131 0.132 0.000000
0.132 0.133 0.000000
0.133 0.134 0.000000
0.134 0.135 0.000000
0.135 0.136 0.000000
0.136 0.137 0.000000
0.137 0.138 0.000000
0.138 0.139 0.000000
0.139 0.140 0.000000
0.140 0.141 0.000000
0.141 0.142 0.000000
0.142 0.143 0.000000
0.143 0.144 0.000000
0.144 0.145 0.000000
0.145 0.146 0.000000
0.146 0.147 0.000000
0.147 0.148 0.000000
0.148 0.149 0.000000
0.149 0.150 0.000000
