1
0.000 0.001 0.000000
0.001 0.002 0.000000
0.002 0.003 0.000000
0.003 0.004 0.000000
0.004 0.005 0.000000
0.005 0.006 0.000000
0.006 0.007 0.000000
0.007 0.008 0.000000
0.008 0.009 0.000000
0.009 0.010 0.000000
0.010 0.011 0.000000
0.011 0.012 0.000000
0.012 0.013 0.000000
0.013 0.014 0.000000
0.014 0.015 0.000000
0.015 0.016 0.000000
0.016 0.017 0.000002
0.017 0.018 0.000015
0.018 0.019 0.000080
0.019 0.020 0.000308
0.020 0.021 0.000943
0.021 0.022 0.002391
0.022 0.023 0.005202
0.023 0.024 0.010035
0.024 0.025 0.017533
0.025 0.026 0.028136
0.026 0.027 0.042100
0.027 0.028 0.059658
0.028 0.029 0.080658
0.029 0.030 0.104344
0.030 0.031 0.130310
0.031 0.032 0.157842
0.032 0.033 0.186765
0.033 0.034 0.216339
0.034 0.035 0.245487
0.035 0.036 0.273649
0.036 0.037 0.301023
0.037 0.038 0.327399
0.038 0.039 0.350829
0.039 0.040 0.372432
0.040 0.041 0.392424
0.041 0.042 0.409913
0.042 0.043 0.426010
0.043 0.044 0.439862
0.044 0.045 0.452610
0.045 0.046 0.461868
0.046 0.047 0.468612
0.047 0.048 0.476422
0.048 0.049 0.481987
0.049 0.050 0.483542
0.050 0.051 0.484528
0.051 0.052 0.486662
0.052 0.053 0.486514
0.053 0.054 0.484003
0.054 0.055 0.480989
0.055 0.056 0.479045
0.056 0.057 0.476205
0.057 0.058 0.655545
0.058 0.059 1.000000
0.059 0.060 0.809170
0.060 0.061 0.464322
0.061 0.062 0.457170
0.062 0.063 0.431836
0.063 0.064 0.423025
0.064 0.065 0.413111
0.065 0.066 0.404582
0.066 0.067 0.535301
0.067 0.068 0.527653
0.068 0.069 0.407676
0.069 0.070 0.366222
0.070 0.071 0.298238
0.071 0.072 0.291053
0.072 0.073 0.281976
0.073 0.074 0.275845
0.074 0.075 0.269325
0.075 0.076 0.261756
0.076 0.077 0.251950
0.077 0.078 0.244420
0.078 0.079 0.239355
0.079 0.080 0.233278
0.080 0.081 0.225287
0.081 0.082 0.216090
0.082 0.083 0.207752
0.083 0.084 0.199912
0.084 0.085 0.192185
0.085 0.086 0.186607
0.086 0.087 0.179533
0.087 0.088 0.174653
0.088 0.089 0.168407
0.089 0.090 0.160434
0.090 0.091 0.153326
0.091 0.092 0.143812
0.092 0.093 0.136558
0.093 0.094 0.133527
0.094 0.095 0.127669
0.095 0.096 0.122001
0.096 0.097 0.116010
0.097 0.098 0.108552
0.098 0.099 0.101827
0.099 0.100 0.095972
0.100 0.101 0.091980
0.101 0.102 0.087505
0.102 0.103 0.081650
0.103 0.104 0.077153
0.104 0.105 0.073102
0.105 0.106 0.068039
0.106 0.107 0.062884
0.107 0.108 0.058069
0.108 0.109 0.054038
0.109 0.110 0.049813
0.110 0.111 0.045729
0.111 0.112 0.042305
0.112 0.113 0.037349
0.113 0.114 0.034110
0.114 0.115 0.031141
0.115 0.116 0.027703
0.116 0.117 0.024468
0.117 0.118 0.021034
0.118 0.119 0.016243
0.119 0.120 0.014312
0.120 0.121 0.013397
0.121 0.122 0.011166
0.122 0.123 0.008504
0.123 0.124 0.006822
0.124 0.125 0.004936
0.125 0.126 0.002766
0.126 0.127 0.001815
0.127 0.128 0.000492
0.128 0.129 0.000000
0.129 0.130 0.000000
0.130 0.131 0.000000
0.131 0.132 0.000000
0.132 0.133 0.000000
0.133 0.134 0.000000
0.134 0.135 0.000000
0.135 0.136 0.000000
0.136 0.137 0.000000
0.137 0.138 0.000000
0.138 0.139 0.000000
0.139 0.140 0.000000
0.140 0.141 0.000000
0.141 0.142 0.000000
0.142 0.143 0.000000
0.143 0.144 0.000000
0.144 0.145 0.000000
0.145 0.146 0.000000
0.146 0.147 0.000000
0.147 0.148 0.000000
0.148 0.149 0.000000
0.149 0.150 0.000000
