1
0.000 0.001 0.000000
0.001 0.002 0.000000
0.002 0.003 0.000000
0.003 0.004 0.000000
0.004 0.005 0.000000
0.005 0.006 0.000000
0.006 0.007 0.000000
0.007 0.008 0.000001
0.008 0.009 0.000000
0.009 0.010 0.000000
0.010 0.011 0.000011
0.011 0.012 0.000123
0.012 0.013 0.000814
0.013 0.014 0.003734
0.014 0.015 0.012057
0.015 0.016 0.029890
0.016 0.017 0.061072
0.017 0.018 0.107831
0.018 0.019 0.169642
0.019 0.020 0.244549
0.020 0.021 0.329248
0.021 0.022 0.418834
0.022 0.023 0.508283
0.023 0.024 0.594113
0.024 0.025 0.674688
0.025 0.026 0.742617
0.026 0.027 0.807449
0.027 0.028 0.864809
0.028 0.029 0.911811
0.029 0.030 0.949750
0.030 0.031 0.977711
0.031 0.032 0.992945
0.032 0.033 1.000000
0.033 0.034 0.999801
0.034 0.035 0.994565
0.035 0.036 0.980629
0.036 0.037 0.969051
0.037 0.038 0.954899
0.038 0.039 0.938016
0.039 0.040 0.916579
0.040 0.041 0.891392
0.041 0.042 0.865594
0.042 0.043 0.837955
0.043 0.044 0.806045
0.044 0.045 0.776839
0.045 0.046 0.739868
0.046 0.047 0.711295
0.047 0.048 0.684020
0.048 0.049 0.653258
0.049 0.050 0.623666
0.050 0.051 0.595273
0.051 0.052 0.565570
0.052 0.053 0.535956
0.053 0.054 0.509763
0.054 0.055 0.479259
0.055 0.056 0.449988
0.056 0.057 0.422525
0.057 0.058 0.428912
0.058 0.059 0.459265
0.059 0.060 0.406947
0.060 0.061 0.330377
0.061 0.062 0.307317
0.062 0.063 0.284427
0.063 0.064 0.259063
0.064 0.065 0.239705
0.065 0.066 0.218393
0.066 0.067 0.218720
0.067 0.068 0.201587
0.068 0.069 0.165441
0.069 0.070 0.142291
0.070 0.071 0.118592
0.071 0.072 0.106022
0.072 0.073 0.090759
0.073 0.074 0.079351
0.074 0.075 0.067977
0.075 0.076 0.054364
0.076 0.077 0.046243
0.077 0.078 0.036890
0.078 0.079 0.027124
0.079 0.080 0.017802
0.080 0.081 0.013765
0.081 0.082 0.008496
0.082 0.083 0.002285
0.083 0.084 0.000000
0.084 0.085 0.000000
0.085 0.086 0.000000
0.086 0.087 0.000000
0.087 0.088 0.000000
0.088 0.089 0.000000
0.089 0.090 0.000000
0.090 0.091 0.000000
0.091 0.092 0.000000
0.092 0.093 0.000000
0.093 0.094 0.000000
0.094 0.095 0.000000
0.095 0.096 0.000000
0.096 0.097 0.000000
0.097 0.098 0.000000
0.098 0.099 0.000000
0.099 0.100 0.000000
0.100 0.101 0.000000
0.101 0.102 0.000000
0.102 0.103 0.000000
0.103 0.104 0.000000
0.104 0.105 0.000000
0.105 0.106 0.000000
0.106 0.107 0.000000
0.107 0.108 0.000000
0.108 0.109 0.000000
0.109 0.110 0.000000
0.110 0.111 0.000000
0.111 0.112 0.000000
0.112 0.113 0.000000
0.113 0.114 0.000000
0.114 0.115 0.000000
0.115 0.116 0.000000
0.116 0.117 0.000000
0.117 0.118 0.000000
0.118 0.119 0.000000
0.119 0.120 0.000000
0.120 0.121 0.000000
0.121 0.122 0.000000
0.122 0.123 0.000000
0.123 0.124 0.000000
0.124 0.125 0.000000
0.125 0.126 0.000000
0.126 0.127 0.000000
0.127 0.128 0.000000
0.128 0.129 0.000000
0.129 0.130 0.000000
0.130 0.131 0.000000
0.131 0.132 0.000000
0.132 0.133 0.000000
0.133 0.134 0.000000
0.134 0.135 0.000000
0.135 0.136 0.000000
0.136 0.137 0.000000
0.137 0.138 0.000000
0.138 0.139 0.000000
0.139 0.140 0.000000
0.140 0.141 0.000000
0.141 0.142 0.000000
0.142 0.143 0.000000
0.143 0.144 0.000000
0.144 0.145 0.000000
0.145 0.146 0.000000
0.146 0.147 0.000000
0.147 0.148 0.000000
0.148 0.149 0.000000
0.149 0.150 0.000000
