1
0.000 0.001 0.000000
0.001 0.002 0.000000
0.002 0.003 0.000000
0.003 0.004 0.000000
0.004 0.005 0.000000
0.005 0.006 0.000000
0.006 0.007 0.000000
0.007 0.008 0.000000
0.008 0.009 0.000000
0.009 0.010 0.000000
0.010 0.011 0.000000
0.011 0.012 0.000000
0.012 0.013 0.000000
0.013 0.014 0.000000
0.014 0.015 0.000000
0.015 0.016 0.000000
0.016 0.017 0.000000
0.017 0.018 0.000002
0.018 0.019 0.000015
0.019 0.020 0.000075
0.020 0.021 0.000281
0.021 0.022 0.000851
0.022 0.023 0.002163
0.023 0.024 0.004762
0.024 0.025 0.009335
0.025 0.026 0.016574
0.026 0.027 0.027015
0.027 0.028 0.041301
0.028 0.029 0.059806
0.029 0.030 0.082118
0.030 0.031 0.108005
0.031 0.032 0.136762
0.032 0.033 0.168498
0.033 0.034 0.202095
0.034 0.035 0.237091
0.035 0.036 0.272373
0.036 0.037 0.307678
0.037 0.038 0.340949
0.038 0.039 0.371537
0.039 0.040 0.401497
0.040 0.041 0.428894
0.041 0.042 0.453574
0.042 0.043 0.476431
0.043 0.044 0.495126
0.044 0.045 0.511376
0.045 0.046 0.527080
0.046 0.047 0.538335
0.047 0.048 0.549478
0.048 0.049 0.558874
0.049 0.050 0.562911
0.050 0.051 0.564797
0.051 0.052 0.567190
0.052 0.053 0.568777
0.053 0.054 0.566340
0.054 0.055 0.560789
0.055 0.056 0.556033
0.056 0.057 0.550542
0.057 0.058 0.703820
0.058 0.059 1.000000
0.059 0.060 0.832295
0.060 0.061 0.527796
0.061 0.062 0.518410
0.062 0.063 0.493033
0.063 0.064 0.479007
0.064 0.065 0.465281
0.065 0.066 0.454043
0.066 0.067 0.566624
0.067 0.068 0.555072
0.068 0.069 0.439085
0.069 0.070 0.396884
0.070 0.071 0.332943
0.071 0.072 0.322414
0.072 0.073 0.309293
0.073 0.074 0.302985
0.074 0.075 0.295080
0.075 0.076 0.283535
0.076 0.077 0.269849
0.077 0.078 0.258018
0.078 0.079 0.250584
0.079 0.080 0.240624
0.080 0.081 0.230493
0.081 0.082 0.219272
0.082 0.083 0.208992
0.083 0.084 0.198564
0.084 0.085 0.189374
0.085 0.086 0.181325
0.086 0.087 0.171224
0.087 0.088 0.163257
0.088 0.089 0.155170
0.089 0.090 0.143735
0.090 0.091 0.133820
0.091 0.092 0.123517
0.092 0.093 0.116196
0.093 0.094 0.110992
0.094 0.095 0.103223
0.095 0.096 0.095847
0.096 0.097 0.086965
0.097 0.098 0.077003
0.098 0.099 0.065631
0.099 0.100 0.059664
0.100 0.101 0.056691
0.101 0.102 0.051384
0.102 0.103 0.043979
0.103 0.104 0.037903
0.104 0.105 0.032349
0.105 0.106 0.028524
0.106 0.107 0.024430
0.107 0.108 0.019675
0.108 0.109 0.015357
0.109 0.110 0.010036
0.110 0.111 0.007461
0.111 0.112 0.005272
0.112 0.113 0.001988
0.113 0.114 0.001219
0.114 0.115 0.000000
0.115 0.116 0.000000
0.116 0.117 0.000000
0.117 0.118 0.000000
0.118 0.119 0.000000
0.119 0.120 0.000000
0.120 0.121 0.000000
0.121 0.122 0.000000
0.122 0.123 0.000000
0.123 0.124 0.000000
0.124 0.125 0.000000
0.125 0.126 0.000000
0.126 0.127 0.000000
0.127 0.128 0.000000
0.128 0.129 0.000000
0.129 0.130 0.000000
0.130 0.131 0.000000
0.131 0.132 0.000000
0.132 0.133 0.000000
0.133 0.134 0.000000
0.134 0.135 0.000000
0.135 0.136 0.000000
0.136 0.137 0.000000
0.137 0.138 0.000000
0.138 0.139 0.000000
0.139 0.140 0.000000
0.140 0.141 0.000000
0.141 0.142 0.000000
0.142 0.143 0.000000
0.143 0.144 0.000000
0.144 0.145 0.000000
0.145 0.146 0.000000
0.146 0.147 0.000000
0.147 0.148 0.000000
0.148 0.149 0.000000
0.149 0.150 0.000000
