1
0.000 0.001 0.000000
0.001 0.002 0.000000
0.002 0.003 0.000000
0.003 0.004 0.000000
0.004 0.005 0.000000
0.005 0.006 0.000000
0.006 0.007 0.000000
0.007 0.008 0.000000
0.008 0.009 0.000000
0.009 0.010 0.000000
0.010 0.011 0.000000
0.011 0.012 0.000000
0.012 0.013 0.000000
0.013 0.014 0.000000
0.014 0.015 0.000000
0.015 0.016 0.000000
0.016 0.017 0.000000
0.017 0.018 0.000003
0.018 0.019 0.000020
0.019 0.020 0.000096
0.020 0.021 0.000348
0.021 0.022 0.001026
0.022 0.023 0.002543
0.023 0.024 0.005475
0.024 0.025 0.010533
0.025 0.026 0.018379
0.026 0.027 0.029555
0.027 0.028 0.044631
0.028 0.029 0.063802
0.029 0.030 0.086739
0.030 0.031 0.113131
0.031 0.032 0.142512
0.032 0.033 0.174474
0.033 0.034 0.207776
0.034 0.035 0.241989
0.035 0.036 0.277197
0.036 0.037 0.311681
0.037 0.038 0.343643
0.038 0.039 0.374153
0.039 0.040 0.404432
0.040 0.041 0.431709
0.041 0.042 0.456287
0.042 0.043 0.479887
0.043 0.044 0.499511
0.044 0.045 0.518008
0.045 0.046 0.533511
0.046 0.047 0.544296
0.047 0.048 0.555149
0.048 0.049 0.564738
0.049 0.050 0.568639
0.050 0.051 0.571404
0.051 0.052 0.575892
0.052 0.053 0.578265
0.053 0.054 0.577038
0.054 0.055 0.573296
0.055 0.056 0.569754
0.056 0.057 0.566627
0.057 0.058 0.714424
0.058 0.059 1.000000
0.059 0.060 0.837210
0.060 0.061 0.542410
0.061 0.062 0.532226
0.062 0.063 0.507389
0.063 0.064 0.493576
0.064 0.065 0.480242
0.065 0.066 0.468984
0.066 0.067 0.576128
0.067 0.068 0.564896
0.068 0.069 0.453864
0.069 0.070 0.410095
0.070 0.071 0.347259
0.071 0.072 0.334841
0.072 0.073 0.319162
0.073 0.074 0.310970
0.074 0.075 0.300754
0.075 0.076 0.287430
0.076 0.077 0.272354
0.077 0.078 0.259379
0.078 0.079 0.250574
0.079 0.080 0.240553
0.080 0.081 0.226744
0.081 0.082 0.213588
0.082 0.083 0.201279
0.083 0.084 0.188664
0.084 0.085 0.177444
0.085 0.086 0.166584
0.086 0.087 0.156532
0.087 0.088 0.147982
0.088 0.089 0.139170
0.089 0.090 0.128427
0.090 0.091 0.115660
0.091 0.092 0.105302
0.092 0.093 0.097251
0.093 0.094 0.090466
0.094 0.095 0.081172
0.095 0.096 0.074537
0.096 0.097 0.066206
0.097 0.098 0.057111
0.098 0.099 0.046940
0.099 0.100 0.039327
0.100 0.101 0.036700
0.101 0.102 0.031395
0.102 0.103 0.023924
0.103 0.104 0.019309
0.104 0.105 0.015696
0.105 0.106 0.010753
0.106 0.107 0.007586
0.107 0.108 0.003522
0.108 0.109 0.000945
0.109 0.110 0.000000
0.110 0.111 0.000000
0.111 0.112 0.000000
0.112 0.113 0.000000
0.113 0.114 0.000000
0.114 0.115 0.000000
0.115 0.116 0.000000
0.116 0.117 0.000000
0.117 0.118 0.000000
0.118 0.119 0.000000
0.119 0.120 0.000000
0.120 0.121 0.000000
0.121 0.122 0.000000
0.122 0.123 0.000000
0.123 0.124 0.000000
0.124 0.125 0.000000
0.125 0.126 0.000000
0.126 0.127 0.000000
0.127 0.128 0.000000
0.128 0.129 0.000000
0.129 0.130 0.000000
0.130 0.131 0.000000
0.131 0.132 0.000000
0.132 0.133 0.000000
0.133 0.134 0.000000
0.134 0.135 0.000000
0.135 0.136 0.000000
0.136 0.137 0.000000
0.137 0.138 0.000000
0.138 0.139 0.000000
0.139 0.140 0.000000
0.140 0.141 0.000000
0.141 0.142 0.000000
0.142 0.143 0.000000
0.143 0.144 0.000000
0.144 0.145 0.000000
0.145 0.146 0.000000
0.146 0.147 0.000000
0.147 0.148 0.000000
0.148 0.149 0.000000
0.149 0.150 0.000000
