1
0.000 0.001 0.000000
0.001 0.002 0.000000
0.002 0.003 0.000000
0.003 0.004 0.000000
0.004 0.005 0.000000
0.005 0.006 0.000000
0.006 0.007 0.000000
0.007 0.008 0.000000
0.008 0.009 0.000000
0.009 0.010 0.000000
0.010 0.011 0.000000
0.011 0.012 0.000000
0.012 0.013 0.000000
0.013 0.014 0.000000
0.014 0.015 0.000000
0.015 0.016 0.000000
0.016 0.017 0.000000
0.017 0.018 0.000000
0.018 0.019 0.000000
0.019 0.020 0.000000
0.020 0.021 0.000001
0.021 0.022 0.000004
0.022 0.023 0.000023
0.023 0.024 0.000090
0.024 0.025 0.000292
0.025 0.026 0.000798
0.026 0.027 0.001888
0.027 0.028 0.003993
0.028 0.029 0.007665
0.029 0.030 0.013457
0.030 0.031 0.021977
0.031 0.032 0.033679
0.032 0.033 0.049094
0.033 0.034 0.068281
0.034 0.035 0.091148
0.035 0.036 0.118041
0.036 0.037 0.147994
0.037 0.038 0.180047
0.038 0.039 0.214575
0.039 0.040 0.251244
0.040 0.041 0.287535
0.041 0.042 0.323864
0.042 0.043 0.360117
0.043 0.044 0.394296
0.044 0.045 0.427672
0.045 0.046 0.456585
0.046 0.047 0.485846
0.047 0.048 0.513356
0.048 0.049 0.537508
0.049 0.050 0.556880
0.050 0.051 0.575178
0.051 0.052 0.591968
0.052 0.053 0.603621
0.053 0.054 0.612087
0.054 0.055 0.617466
0.055 0.056 0.617631
0.056 0.057 0.621486
0.057 0.058 0.750860
0.058 0.059 1.000000
0.059 0.060 0.869907
0.060 0.061 0.618015
0.061 0.062 0.609199
0.062 0.063 0.584328
0.063 0.064 0.568702
0.064 0.065 0.552165
0.065 0.066 0.540722
0.066 0.067 0.643308
0.067 0.068 0.633373
0.068 0.069 0.521160
0.069 0.070 0.474065
0.070 0.071 0.410921
0.071 0.072 0.395836
0.072 0.073 0.375008
0.073 0.074 0.359245
0.074 0.075 0.347517
0.075 0.076 0.330753
0.076 0.077 0.312854
0.077 0.078 0.296532
0.078 0.079 0.283828
0.079 0.080 0.270079
0.080 0.081 0.252742
0.081 0.082 0.230256
0.082 0.083 0.214737
0.083 0.084 0.199134
0.084 0.085 0.184550
0.085 0.086 0.170988
0.086 0.087 0.155397
0.087 0.088 0.140353
0.088 0.089 0.122325
0.089 0.090 0.109852
0.090 0.091 0.096963
0.091 0.092 0.084233
0.092 0.093 0.072519
0.093 0.094 0.058747
0.094 0.095 0.050045
0.095 0.096 0.041771
0.096 0.097 0.031910
0.097 0.098 0.020047
0.098 0.099 0.013438
0.099 0.100 0.008233
0.100 0.101 0.002643
0.101 0.102 0.000000
0.102 0.103 0.000000
0.103 0.104 0.000000
0.104 0.105 0.000000
0.105 0.106 0.000000
0.106 0.107 0.000000
0.107 0.108 0.000000
0.108 0.109 0.000000
0.109 0.110 0.000000
0.110 0.111 0.000000
0.111 0.112 0.000000
0.112 0.113 0.000000
0.113 0.114 0.000000
0.114 0.115 0.000000
0.115 0.116 0.000000
0.116 0.117 0.000000
0.117 0.118 0.000000
0.118 0.119 0.000000
0.119 0.120 0.000000
0.120 0.121 0.000000
0.121 0.122 0.000000
0.122 0.123 0.000000
0.123 0.124 0.000000
0.124 0.125 0.000000
0.125 0.126 0.000000
0.126 0.127 0.000000
0.127 0.128 0.000000
0.128 0.129 0.000000
0.129 0.130 0.000000
0.130 0.131 0.000000
0.131 0.132 0.000000
0.132 0.133 0.000000
0.133 0.134 0.000000
0.134 0.135 0.000000
0.135 0.136 0.000000
0.136 0.137 0.000000
0.137 0.138 0.000000
0.138 0.139 0.000000
0.139 0.140 0.000000
0.140 0.141 0.000000
0.141 0.142 0.000000
0.142 0.143 0.000000
0.143 0.144 0.000000
0.144 0.145 0.000000
0.145 0.146 0.000000
0.146 0.147 0.000000
0.147 0.148 0.000000
0.148 0.149 0.000000
0.149 0.150 0.000000
