1
0.000 0.001 0.000000
0.001 0.002 0.000000
0.002 0.003 0.000000
0.003 0.004 0.000000
0.004 0.005 0.000000
0.005 0.006 0.000000
0.006 0.007 0.000000
0.007 0.008 0.000000
0.008 0.009 0.000000
0.009 0.010 0.000000
0.010 0.011 0.000000
0.011 0.012 0.000000
0.012 0.013 0.000000
0.013 0.014 0.000000
0.014 0.015 0.000000
0.015 0.016 0.000000
0.016 0.017 0.000000
0.017 0.018 0.000000
0.018 0.019 0.000002
0.019 0.020 0.000012
0.020 0.021 0.000057
0.021 0.022 0.000217
0.022 0.023 0.000661
0.023 0.024 0.001689
0.024 0.025 0.003750
0.025 0.026 0.007382
0.026 0.027 0.013148
0.027 0.028 0.021692
0.028 0.029 0.033523
0.029 0.030 0.048673
0.030 0.031 0.067032
0.031 0.032 0.088841
0.032 0.033 0.113870
0.033 0.034 0.141048
0.034 0.035 0.170042
0.035 0.036 0.201291
0.036 0.037 0.232972
0.037 0.038 0.262293
0.038 0.039 0.291825
0.039 0.040 0.322562
0.040 0.041 0.350393
0.041 0.042 0.376168
0.042 0.043 0.402162
0.043 0.044 0.424494
0.044 0.045 0.445498
0.045 0.046 0.465190
0.046 0.047 0.479552
0.047 0.048 0.494426
0.048 0.049 0.508904
0.049 0.050 0.516253
0.050 0.051 0.523074
0.051 0.052 0.532091
0.052 0.053 0.539131
0.053 0.054 0.541731
0.054 0.055 0.541217
0.055 0.056 0.542720
0.056 0.057 0.545467
0.057 0.058 0.701989
0.058 0.059 1.000000
0.059 0.060 0.835010
0.060 0.061 0.533604
0.061 0.062 0.527230
0.062 0.063 0.504358
0.063 0.064 0.492628
0.064 0.065 0.482769
0.065 0.066 0.475999
0.066 0.067 0.593562
0.067 0.068 0.585032
0.068 0.069 0.470267
0.069 0.070 0.427541
0.070 0.071 0.363517
0.071 0.072 0.353199
0.072 0.073 0.339729
0.073 0.074 0.335236
0.074 0.075 0.328912
0.075 0.076 0.315923
0.076 0.077 0.300874
0.077 0.078 0.289588
0.078 0.079 0.283655
0.079 0.080 0.275344
0.080 0.081 0.263254
0.081 0.082 0.249540
0.082 0.083 0.235928
0.083 0.084 0.221200
0.084 0.085 0.208981
0.085 0.086 0.198507
0.086 0.087 0.186343
0.087 0.088 0.175344
0.088 0.089 0.163727
0.089 0.090 0.150311
0.090 0.091 0.134980
0.091 0.092 0.120757
0.092 0.093 0.108322
0.093 0.094 0.097582
0.094 0.095 0.084713
0.095 0.096 0.074592
0.096 0.097 0.061456
0.097 0.098 0.049841
0.098 0.099 0.036501
0.099 0.100 0.027876
0.100 0.101 0.024265
0.101 0.102 0.016992
0.102 0.103 0.010166
0.103 0.104 0.005066
0.104 0.105 0.000946
0.105 0.106 0.000000
0.106 0.107 0.000000
0.107 0.108 0.000000
0.108 0.109 0.000000
0.109 0.110 0.000000
0.110 0.111 0.000000
0.111 0.112 0.000000
0.112 0.113 0.000000
0.113 0.114 0.000000
0.114 0.115 0.000000
0.115 0.116 0.000000
0.116 0.117 0.000000
0.117 0.118 0.000000
0.118 0.119 0.000000
0.119 0.120 0.000000
0.120 0.121 0.000000
0.121 0.122 0.000000
0.122 0.123 0.000000
0.123 0.124 0.000000
0.124 0.125 0.000000
0.125 0.126 0.000000
0.126 0.127 0.000000
0.127 0.128 0.000000
0.128 0.129 0.000000
0.129 0.130 0.000000
0.130 0.131 0.000000
0.131 0.132 0.000000
0.132 0.133 0.000000
0.133 0.134 0.000000
0.134 0.135 0.000000
0.135 0.136 0.000000
0.136 0.137 0.000000
0.137 0.138 0.000000
0.138 0.139 0.000000
0.139 0.140 0.000000
0.140 0.141 0.000000
0.141 0.142 0.000000
0.142 0.143 0.000000
0.143 0.144 0.000000
0.144 0.145 0.000000
0.145 0.146 0.000000
0.146 0.147 0.000000
0.147 0.148 0.000000
0.148 0.149 0.000000
0.149 0.150 0.000000
