1
0.000 0.001 0.000000
0.001 0.002 0.000000
0.002 0.003 0.000000
0.003 0.004 0.000000
0.004 0.005 0.000000
0.005 0.006 0.000000
0.006 0.007 0.000000
0.007 0.008 0.000000
0.008 0.009 0.000000
0.009 0.010 0.000000
0.010 0.011 0.000000
0.011 0.012 0.000000
0.012 0.013 0.000000
0.013 0.014 0.000000
0.014 0.015 0.000000
0.015 0.016 0.000000
0.016 0.017 0.000000
0.017 0.018 0.000000
0.018 0.019 0.000002
0.019 0.020 0.000012
0.020 0.021 0.000054
0.021 0.022 0.000196
0.022 0.023 0.000580
0.023 0.024 0.001451
0.024 0.025 0.003170
0.025 0.026 0.006185
0.026 0.027 0.010961
0.027 0.028 0.018000
0.028 0.029 0.027708
0.029 0.030 0.040151
0.030 0.031 0.055534
0.031 0.032 0.073599
0.032 0.033 0.094231
0.033 0.034 0.116922
0.034 0.035 0.141247
0.035 0.036 0.166760
0.036 0.037 0.193042
0.037 0.038 0.219648
0.038 0.039 0.245241
0.039 0.040 0.270438
0.040 0.041 0.294581
0.041 0.042 0.317184
0.042 0.043 0.338319
0.043 0.044 0.358288
0.044 0.045 0.377404
0.045 0.046 0.393139
0.046 0.047 0.406687
0.047 0.048 0.420661
0.048 0.049 0.432264
0.049 0.050 0.440156
0.050 0.051 0.447131
0.051 0.052 0.453928
0.052 0.053 0.458058
0.053 0.054 0.459927
0.054 0.055 0.460941
0.055 0.056 0.462098
0.056 0.057 0.461646
0.057 0.058 0.646420
0.058 0.059 1.000000
0.059 0.060 0.812812
0.060 0.061 0.464960
0.061 0.062 0.460923
0.062 0.063 0.437094
0.063 0.064 0.430516
0.064 0.065 0.422695
0.065 0.066 0.415262
0.066 0.067 0.556544
0.067 0.068 0.550537
0.068 0.069 0.423476
0.069 0.070 0.380891
0.070 0.071 0.307501
0.071 0.072 0.302241
0.072 0.073 0.294794
0.073 0.074 0.289730
0.074 0.075 0.284624
0.075 0.076 0.278479
0.076 0.077 0.270199
0.077 0.078 0.263361
0.078 0.079 0.258401
0.079 0.080 0.252706
0.080 0.081 0.245545
0.081 0.082 0.236767
0.082 0.083 0.228410
0.083 0.084 0.219733
0.084 0.085 0.213989
0.085 0.086 0.208711
0.086 0.087 0.202279
0.087 0.088 0.197826
0.088 0.089 0.191558
0.089 0.090 0.183668
0.090 0.091 0.176738
0.091 0.092 0.167313
0.092 0.093 0.160477
0.093 0.094 0.156537
0.094 0.095 0.149727
0.095 0.096 0.142513
0.096 0.097 0.137032
0.097 0.098 0.129846
0.098 0.099 0.123346
0.099 0.100 0.118196
0.100 0.101 0.113659
0.101 0.102 0.108451
0.102 0.103 0.102089
0.103 0.104 0.097093
0.104 0.105 0.092143
0.105 0.106 0.085493
0.106 0.107 0.081181
0.107 0.108 0.075888
0.108 0.109 0.071545
0.109 0.110 0.067179
0.110 0.111 0.062748
0.111 0.112 0.058885
0.112 0.113 0.053606
0.113 0.114 0.048875
0.114 0.115 0.044226
0.115 0.116 0.040810
0.116 0.117 0.037281
0.117 0.118 0.033731
0.118 0.119 0.028858
0.119 0.120 0.026064
0.120 0.121 0.024670
0.121 0.122 0.021657
0.122 0.123 0.018072
0.123 0.124 0.015843
0.124 0.125 0.013165
0.125 0.126 0.010505
0.126 0.127 0.008375
0.127 0.128 0.005526
0.128 0.129 0.004165
0.129 0.130 0.002873
0.130 0.131 0.001030
0.131 0.132 0.000663
0.132 0.133 0.000000
0.133 0.134 0.000000
0.134 0.135 0.000000
0.135 0.136 0.000000
0.136 0.137 0.000000
0.137 0.138 0.000000
0.138 0.139 0.000000
0.139 0.140 0.000000
0.140 0.141 0.000000
0.141 0.142 0.000000
0.142 0.143 0.000000
0.143 0.144 0.000000
0.144 0.145 0.000000
0.145 0.146 0.000000
0.146 0.147 0.000000
0.147 0.148 0.000000
0.148 0.149 0.000000
0.149 0.150 0.000000
