1
0.000 0.001 0.000000
0.001 0.002 0.000000
0.002 0.003 0.000000
0.003 0.004 0.000000
0.004 0.005 0.000000
0.005 0.006 0.000000
0.006 0.007 0.000000
0.007 0.008 0.000000
0.008 0.009 0.000000
0.009 0.010 0.000000
0.010 0.011 0.000000
0.011 0.012 0.000000
0.012 0.013 0.000000
0.013 0.014 0.000000
0.014 0.015 0.000000
0.015 0.016 0.000000
0.016 0.017 0.000000
0.017 0.018 0.000000
0.018 0.019 0.000001
0.019 0.020 0.000006
0.020 0.021 0.000030
0.021 0.022 0.000116
0.022 0.023 0.000358
0.023 0.024 0.000935
0.024 0.025 0.002126
0.025 0.026 0.004292
0.026 0.027 0.007841
0.027 0.028 0.013243
0.028 0.029 0.020890
0.029 0.030 0.030890
0.030 0.031 0.043613
0.031 0.032 0.058862
0.032 0.033 0.076602
0.033 0.034 0.096582
0.034 0.035 0.118216
0.035 0.036 0.141163
0.036 0.037 0.165004
0.037 0.038 0.189699
0.038 0.039 0.214159
0.039 0.040 0.238139
0.040 0.041 0.261680
0.041 0.042 0.284218
0.042 0.043 0.306135
0.043 0.044 0.326309
0.044 0.045 0.345418
0.045 0.046 0.361094
0.046 0.047 0.375318
0.047 0.048 0.390818
0.048 0.049 0.402978
0.049 0.050 0.410528
0.050 0.051 0.418659
0.051 0.052 0.427451
0.052 0.053 0.431633
0.053 0.054 0.435803
0.054 0.055 0.439166
0.055 0.056 0.442655
0.056 0.057 0.445819
0.057 0.058 0.635440
0.058 0.059 1.000000
0.059 0.060 0.810509
0.060 0.061 0.453742
0.061 0.062 0.450756
0.062 0.063 0.426985
0.063 0.064 0.421462
0.064 0.065 0.414826
0.065 0.066 0.407978
0.066 0.067 0.555942
0.067 0.068 0.550029
0.068 0.069 0.420626
0.069 0.070 0.379332
0.070 0.071 0.305833
0.071 0.072 0.301287
0.072 0.073 0.294397
0.073 0.074 0.289429
0.074 0.075 0.284864
0.075 0.076 0.279304
0.076 0.077 0.271651
0.077 0.078 0.265474
0.078 0.079 0.260532
0.079 0.080 0.255206
0.080 0.081 0.248995
0.081 0.082 0.240975
0.082 0.083 0.232259
0.083 0.084 0.225804
0.084 0.085 0.220367
0.085 0.086 0.215289
0.086 0.087 0.209565
0.087 0.088 0.205294
0.088 0.089 0.199030
0.089 0.090 0.191580
0.090 0.091 0.185078
0.091 0.092 0.176292
0.092 0.093 0.169605
0.093 0.094 0.165528
0.094 0.095 0.158948
0.095 0.096 0.152106
0.096 0.097 0.147102
0.097 0.098 0.140374
0.098 0.099 0.134159
0.099 0.100 0.129403
0.100 0.101 0.125041
0.101 0.102 0.119914
0.102 0.103 0.114092
0.103 0.104 0.109463
0.104 0.105 0.104450
0.105 0.106 0.098409
0.106 0.107 0.093138
0.107 0.108 0.086390
0.108 0.109 0.082387
0.109 0.110 0.078611
0.110 0.111 0.074476
0.111 0.112 0.070661
0.112 0.113 0.065403
0.113 0.114 0.060573
0.114 0.115 0.056725
0.115 0.116 0.052625
0.116 0.117 0.048102
0.117 0.118 0.043512
0.118 0.119 0.039334
0.119 0.120 0.036392
0.120 0.121 0.034759
0.121 0.122 0.031954
0.122 0.123 0.029145
0.123 0.124 0.026172
0.124 0.125 0.022587
0.125 0.126 0.018559
0.126 0.127 0.016574
0.127 0.128 0.014096
0.128 0.129 0.011937
0.129 0.130 0.009793
0.130 0.131 0.007381
0.131 0.132 0.005285
0.132 0.133 0.004074
0.133 0.134 0.002681
0.134 0.135 0.000991
0.135 0.136 0.000583
0.136 0.137 0.000000
0.137 0.138 0.000000
0.138 0.139 0.000000
0.139 0.140 0.000000
0.140 0.141 0.000000
0.141 0.142 0.000000
0.142 0.143 0.000000
0.143 0.144 0.000000
0.144 0.145 0.000000
0.145 0.146 0.000000
0.146 0.147 0.000000
0.147 0.148 0.000000
0.148 0.149 0.000000
0.149 0.150 0.000000
