1
0.000 0.001 0.000000
0.001 0.002 0.000000
0.002 0.003 0.000000
0.003 0.004 0.000000
0.004 0.005 0.000000
0.005 0.006 0.000000
0.006 0.007 0.000000
0.007 0.008 0.000000
0.008 0.009 0.000000
0.009 0.010 0.000000
0.010 0.011 0.000000
0.011 0.012 0.000000
0.012 0.013 0.000000
0.013 0.014 0.000000
0.014 0.015 0.000000
0.015 0.016 0.000000
0.016 0.017 0.000000
0.017 0.018 0.000001
0.018 0.019 0.000008
0.019 0.020 0.000044
0.020 0.021 0.000186
0.021 0.022 0.000614
0.022 0.023 0.001671
0.023 0.024 0.003889
0.024 0.025 0.007971
0.025 0.026 0.014662
0.026 0.027 0.024615
0.027 0.028 0.038533
0.028 0.029 0.056855
0.029 0.030 0.079312
0.030 0.031 0.105328
0.031 0.032 0.135593
0.032 0.033 0.169045
0.033 0.034 0.204421
0.034 0.035 0.241396
0.035 0.036 0.279582
0.036 0.037 0.317664
0.037 0.038 0.353069
0.038 0.039 0.386469
0.039 0.040 0.419523
0.040 0.041 0.449105
0.041 0.042 0.475848
0.042 0.043 0.500961
0.043 0.044 0.521392
0.044 0.045 0.538676
0.045 0.046 0.556057
0.046 0.047 0.568688
0.047 0.048 0.580653
0.048 0.049 0.590906
0.049 0.050 0.595400
0.050 0.051 0.597722
0.051 0.052 0.600660
0.052 0.053 0.602169
0.053 0.054 0.599498
0.054 0.055 0.593300
0.055 0.056 0.587249
0.056 0.057 0.581976
0.057 0.058 0.721328
0.058 0.059 1.000000
0.059 0.060 0.840775
0.060 0.061 0.551713
0.061 0.062 0.541350
0.062 0.063 0.515684
0.063 0.064 0.500377
0.064 0.065 0.485921
0.065 0.066 0.473469
0.066 0.067 0.578391
0.067 0.068 0.565651
0.068 0.069 0.453087
0.069 0.070 0.408117
0.070 0.071 0.342356
0.071 0.072 0.331199
0.072 0.073 0.316859
0.073 0.074 0.309959
0.074 0.075 0.301475
0.075 0.076 0.288405
0.076 0.077 0.273458
0.077 0.078 0.260671
0.078 0.079 0.252086
0.079 0.080 0.242240
0.080 0.081 0.229460
0.081 0.082 0.213453
0.082 0.083 0.202324
0.083 0.084 0.190692
0.084 0.085 0.180689
0.085 0.086 0.171991
0.086 0.087 0.161519
0.087 0.088 0.152558
0.088 0.089 0.143238
0.089 0.090 0.132031
0.090 0.091 0.119606
0.091 0.092 0.105960
0.092 0.093 0.098531
0.093 0.094 0.092389
0.094 0.095 0.084444
0.095 0.096 0.076981
0.096 0.097 0.067731
0.097 0.098 0.057717
0.098 0.099 0.045654
0.099 0.100 0.040043
0.100 0.101 0.037616
0.101 0.102 0.032490
0.102 0.103 0.025786
0.103 0.104 0.019969
0.104 0.105 0.014075
0.105 0.106 0.010912
0.106 0.107 0.007559
0.107 0.108 0.002807
0.108 0.109 0.001668
0.109 0.110 0.000000
0.110 0.111 0.000000
0.111 0.112 0.000000
0.112 0.113 0.000000
0.113 0.114 0.000000
0.114 0.115 0.000000
0.115 0.116 0.000000
0.116 0.117 0.000000
0.117 0.118 0.000000
0.118 0.119 0.000000
0.119 0.120 0.000000
0.120 0.121 0.000000
0.121 0.122 0.000000
0.122 0.123 0.000000
0.123 0.124 0.000000
0.124 0.125 0.000000
0.125 0.126 0.000000
0.126 0.127 0.000000
0.127 0.128 0.000000
0.128 0.129 0.000000
0.129 0.130 0.000000
0.130 0.131 0.000000
0.131 0.132 0.000000
0.132 0.133 0.000000
0.133 0.134 0.000000
0.134 0.135 0.000000
0.135 0.136 0.000000
0.136 0.137 0.000000
0.137 0.138 0.000000
0.138 0.139 0.000000
0.139 0.140 0.000000
0.140 0.141 0.000000
0.141 0.142 0.000000
0.142 0.143 0.000000
0.143 0.144 0.000000
0.144 0.145 0.000000
0.145 0.146 0.000000
0.146 0.147 0.000000
0.147 0.148 0.000000
0.148 0.149 0.000000
0.149 0.150 0.000000
