1
0.000 0.001 0.000000
0.001 0.002 0.000000
0.002 0.003 0.000000
0.003 0.004 0.000000
0.004 0.005 0.000000
0.005 0.006 0.000000
0.006 0.007 0.000000
0.007 0.008 0.000000
0.008 0.009 0.000000
0.009 0.010 0.000000
0.010 0.011 0.000000
0.011 0.012 0.000000
0.012 0.013 0.000001
0.013 0.014 0.000010
0.014 0.015 0.000070
0.015 0.016 0.000336
0.016 0.017 0.001169
0.017 0.018 0.003212
0.018 0.019 0.007306
0.019 0.020 0.014448
0.020 0.021 0.025484
0.021 0.022 0.040830
0.022 0.023 0.060742
0.023 0.024 0.085077
0.024 0.025 0.113102
0.025 0.026 0.143831
0.026 0.027 0.176748
0.027 0.028 0.211026
0.028 0.029 0.245490
0.029 0.030 0.278947
0.030 0.031 0.311266
0.031 0.032 0.341538
0.032 0.033 0.369997
0.033 0.034 0.396377
0.034 0.035 0.419643
0.035 0.036 0.439461
0.036 0.037 0.457686
0.037 0.038 0.474197
0.038 0.039 0.486213
0.039 0.040 0.496393
0.040 0.041 0.504460
0.041 0.042 0.510041
0.042 0.043 0.514521
0.043 0.044 0.517095
0.044 0.045 0.519185
0.045 0.046 0.517849
0.046 0.047 0.514766
0.047 0.048 0.513785
0.048 0.049 0.511038
0.049 0.050 0.504485
0.050 0.051 0.498791
0.051 0.052 0.494695
0.052 0.053 0.487962
0.053 0.054 0.479778
0.054 0.055 0.472011
0.055 0.056 0.465825
0.056 0.057 0.459391
0.057 0.058 0.645309
0.058 0.059 1.000000
0.059 0.060 0.795385
0.060 0.061 0.437091
0.061 0.062 0.428107
0.062 0.063 0.400547
0.063 0.064 0.390963
0.064 0.065 0.380621
0.065 0.066 0.371189
0.066 0.067 0.499155
0.067 0.068 0.490316
0.068 0.069 0.372914
0.069 0.070 0.333214
0.070 0.071 0.267363
0.071 0.072 0.261017
0.072 0.073 0.253045
0.073 0.074 0.247129
0.074 0.075 0.241419
0.075 0.076 0.234960
0.076 0.077 0.226907
0.077 0.078 0.220338
0.078 0.079 0.215482
0.079 0.080 0.209998
0.080 0.081 0.203370
0.081 0.082 0.195667
0.082 0.083 0.188301
0.083 0.084 0.181166
0.084 0.085 0.175447
0.085 0.086 0.170157
0.086 0.087 0.164071
0.087 0.088 0.159556
0.088 0.089 0.153627
0.089 0.090 0.146579
0.090 0.091 0.140372
0.091 0.092 0.131925
0.092 0.093 0.126563
0.093 0.094 0.123475
0.094 0.095 0.118256
0.095 0.096 0.113309
0.096 0.097 0.108233
0.097 0.098 0.101886
0.098 0.099 0.095864
0.099 0.100 0.091844
0.100 0.101 0.088225
0.101 0.102 0.084158
0.102 0.103 0.079330
0.103 0.104 0.075527
0.104 0.105 0.071701
0.105 0.106 0.066766
0.106 0.107 0.063268
0.107 0.108 0.059055
0.108 0.109 0.055596
0.109 0.110 0.052184
0.110 0.111 0.048689
0.111 0.112 0.045598
0.112 0.113 0.041181
0.113 0.114 0.037994
0.114 0.115 0.035355
0.115 0.116 0.032464
0.116 0.117 0.029464
0.117 0.118 0.026545
0.118 0.119 0.022532
0.119 0.120 0.020572
0.120 0.121 0.019589
0.121 0.122 0.017575
0.122 0.123 0.015535
0.123 0.124 0.013118
0.124 0.125 0.011141
0.125 0.126 0.009173
0.126 0.127 0.007627
0.127 0.128 0.005607
0.128 0.129 0.004430
0.129 0.130 0.003296
0.130 0.131 0.001820
0.131 0.132 0.001260
0.132 0.133 0.000351
0.133 0.134 0.000000
0.134 0.135 0.000000
0.135 0.136 0.000000
0.136 0.137 0.000000
0.137 0.138 0.000000
0.138 0.139 0.000000
0.139 0.140 0.000000
0.140 0.141 0.000000
0.141 0.142 0.000000
0.142 0.143 0.000000
0.143 0.144 0.000000
0.144 0.145 0.000000
0.145 0.146 0.000000
0.146 0.147 0.000000
0.147 0.148 0.000000
0.148 0.149 0.000000
0.149 0.150 0.000000
