1
0.000 0.001 0.000000
0.001 0.002 0.000000
0.002 0.003 0.000000
0.003 0.004 0.000000
0.004 0.005 0.000000
0.005 0.006 0.000000
0.006 0.007 0.000000
0.007 0.008 0.000000
0.008 0.009 0.000000
0.009 0.010 0.000000
0.010 0.011 0.000000
0.011 0.012 0.000000
0.012 0.013 0.000003
0.013 0.014 0.000039
0.014 0.015 0.000273
0.015 0.016 0.001241
0.016 0.017 0.004088
0.017 0.018 0.010658
0.018 0.019 0.023079
0.019 0.020 0.043242
0.020 0.021 0.072635
0.021 0.022 0.111189
0.022 0.023 0.158664
0.023 0.024 0.213273
0.024 0.025 0.272976
0.025 0.026 0.335675
0.026 0.027 0.399103
0.027 0.028 0.462226
0.028 0.029 0.523124
0.029 0.030 0.580894
0.030 0.031 0.632289
0.031 0.032 0.676203
0.032 0.033 0.721171
0.033 0.034 0.759018
0.034 0.035 0.786023
0.035 0.036 0.810000
0.036 0.037 0.827494
0.037 0.038 0.838248
0.038 0.039 0.849026
0.039 0.040 0.860251
0.040 0.041 0.861066
0.041 0.042 0.860025
0.042 0.043 0.857140
0.043 0.044 0.853953
0.044 0.045 0.848028
0.045 0.046 0.834434
0.046 0.047 0.824247
0.047 0.048 0.810617
0.048 0.049 0.794343
0.049 0.050 0.775848
0.050 0.051 0.761217
0.051 0.052 0.749266
0.052 0.053 0.726997
0.053 0.054 0.704694
0.054 0.055 0.688260
0.055 0.056 0.670745
0.056 0.057 0.648483
0.057 0.058 0.763708
0.058 0.059 1.000000
0.059 0.060 0.847858
0.060 0.061 0.587623
0.061 0.062 0.565190
0.062 0.063 0.526761
0.063 0.064 0.505483
0.064 0.065 0.486240
0.065 0.066 0.467979
0.066 0.067 0.546958
0.067 0.068 0.531748
0.068 0.069 0.433649
0.069 0.070 0.388615
0.070 0.071 0.334478
0.071 0.072 0.322348
0.072 0.073 0.306315
0.073 0.074 0.290222
0.074 0.075 0.273801
0.075 0.076 0.256706
0.076 0.077 0.240841
0.077 0.078 0.225840
0.078 0.079 0.213579
0.079 0.080 0.200188
0.080 0.081 0.183186
0.081 0.082 0.164673
0.082 0.083 0.148667
0.083 0.084 0.134582
0.084 0.085 0.119730
0.085 0.086 0.105238
0.086 0.087 0.088635
0.087 0.088 0.072570
0.088 0.089 0.054237
0.089 0.090 0.039190
0.090 0.091 0.027916
0.091 0.092 0.017806
0.092 0.093 0.008406
0.093 0.094 0.001089
0.094 0.095 0.000000
0.095 0.096 0.000000
0.096 0.097 0.000000
0.097 0.098 0.000000
0.098 0.099 0.000000
0.099 0.100 0.000000
0.100 0.101 0.000000
0.101 0.102 0.000000
0.102 0.103 0.000000
0.103 0.104 0.000000
0.104 0.105 0.000000
0.105 0.106 0.000000
0.106 0.107 0.000000
0.107 0.108 0.000000
0.108 0.109 0.000000
0.109 0.110 0.000000
0.110 0.111 0.000000
0.111 0.112 0.000000
0.112 0.113 0.000000
0.113 0.114 0.000000
0.114 0.115 0.000000
0.115 0.116 0.000000
0.116 0.117 0.000000
0.117 0.118 0.000000
0.118 0.119 0.000000
0.119 0.120 0.000000
0.120 0.121 0.000000
0.121 0.122 0.000000
0.122 0.123 0.000000
0.123 0.124 0.000000
0.124 0.125 0.000000
0.125 0.126 0.000000
0.126 0.127 0.000000
0.127 0.128 0.000000
0.128 0.129 0.000000
0.129 0.130 0.000000
0.130 0.131 0.000000
0.131 0.132 0.000000
0.132 0.133 0.000000
0.133 0.134 0.000000
0.134 0.135 0.000000
0.135 0.136 0.000000
0.136 0.137 0.000000
0.137 0.138 0.000000
0.138 0.139 0.000000
0.139 0.140 0.000000
0.140 0.141 0.000000
0.141 0.142 0.000000
0.142 0.143 0.000000
0.143 0.144 0.000000
0.144 0.145 0.000000
0.145 0.146 0.000000
0.146 0.147 0.000000
0.147 0.148 0.000000
0.148 0.149 0.000000
0.149 0.150 0.000000
