1
0.000 0.001 0.000000
0.001 0.002 0.000000
0.002 0.003 0.000000
0.003 0.004 0.000000
0.004 0.005 0.000000
0.005 0.006 0.000000
0.006 0.007 0.000000
0.007 0.008 0.000000
0.008 0.009 0.000000
0.009 0.010 0.000000
0.010 0.011 0.000000
0.011 0.012 0.000000
0.012 0.013 0.000000
0.013 0.014 0.000000
0.014 0.015 0.000000
0.015 0.016 0.000000
0.016 0.017 0.000000
0.017 0.018 0.000000
0.018 0.019 0.000000
0.019 0.020 0.000003
0.020 0.021 0.000018
0.021 0.022 0.000074
0.022 0.023 0.000250
0.023 0.024 0.000697
0.024 0.025 0.001668
0.025 0.026 0.003508
0.026 0.027 0.006621
0.027 0.028 0.011504
0.028 0.029 0.018612
0.029 0.030 0.028109
0.030 0.031 0.040234
0.031 0.032 0.055089
0.032 0.033 0.072515
0.033 0.034 0.092326
0.034 0.035 0.114302
0.035 0.036 0.137797
0.036 0.037 0.162631
0.037 0.038 0.187928
0.038 0.039 0.212324
0.039 0.040 0.237049
0.040 0.041 0.261742
0.041 0.042 0.284896
0.042 0.043 0.308090
0.043 0.044 0.329360
0.044 0.045 0.349805
0.045 0.046 0.368616
0.046 0.047 0.383309
0.047 0.048 0.399424
0.048 0.049 0.415176
0.049 0.050 0.425503
0.050 0.051 0.433697
0.051 0.052 0.443539
0.052 0.053 0.453435
0.053 0.054 0.459000
0.054 0.055 0.462058
0.055 0.056 0.467548
0.056 0.057 0.472921
0.057 0.058 0.653580
0.058 0.059 1.000000
0.059 0.060 0.819066
0.060 0.061 0.478911
0.061 0.062 0.476827
0.062 0.063 0.456538
0.063 0.064 0.450120
0.064 0.065 0.442962
0.065 0.066 0.439104
0.066 0.067 0.580607
0.067 0.068 0.576139
0.068 0.069 0.451665
0.069 0.070 0.409540
0.070 0.071 0.338232
0.071 0.072 0.331209
0.072 0.073 0.322659
0.073 0.074 0.320295
0.074 0.075 0.316179
0.075 0.076 0.308976
0.076 0.077 0.298708
0.077 0.078 0.290730
0.078 0.079 0.287638
0.079 0.080 0.282215
0.080 0.081 0.273177
0.081 0.082 0.263196
0.082 0.083 0.254282
0.083 0.084 0.245194
0.084 0.085 0.237431
0.085 0.086 0.230928
0.086 0.087 0.221767
0.087 0.088 0.215812
0.088 0.089 0.209410
0.089 0.090 0.199297
0.090 0.091 0.188446
0.091 0.092 0.175623
0.092 0.093 0.167139
0.093 0.094 0.162246
0.094 0.095 0.153261
0.095 0.096 0.144589
0.096 0.097 0.134488
0.097 0.098 0.122345
0.098 0.099 0.110779
0.099 0.100 0.102154
0.100 0.101 0.096311
0.101 0.102 0.089539
0.102 0.103 0.079775
0.103 0.104 0.072075
0.104 0.105 0.065737
0.105 0.106 0.059413
0.106 0.107 0.052313
0.107 0.108 0.045480
0.108 0.109 0.039459
0.109 0.110 0.032439
0.110 0.111 0.027297
0.111 0.112 0.023117
0.112 0.113 0.017566
0.113 0.114 0.013914
0.114 0.115 0.009597
0.115 0.116 0.005813
0.116 0.117 0.003642
0.117 0.118 0.000628
0.118 0.119 0.000000
0.119 0.120 0.000000
0.120 0.121 0.000000
0.121 0.122 0.000000
0.122 0.123 0.000000
0.123 0.124 0.000000
0.124 0.125 0.000000
0.125 0.126 0.000000
0.126 0.127 0.000000
0.127 0.128 0.000000
0.128 0.129 0.000000
0.129 0.130 0.000000
0.130 0.131 0.000000
0.131 0.132 0.000000
0.132 0.133 0.000000
0.133 0.134 0.000000
0.134 0.135 0.000000
0.135 0.136 0.000000
0.136 0.137 0.000000
0.137 0.138 0.000000
0.138 0.139 0.000000
0.139 0.140 0.000000
0.140 0.141 0.000000
0.141 0.142 0.000000
0.142 0.143 0.000000
0.143 0.144 0.000000
0.144 0.145 0.000000
0.145 0.146 0.000000
0.146 0.147 0.000000
0.147 0.148 0.000000
0.148 0.149 0.000000
0.149 0.150 0.000000
