1
0.000 0.001 0.000000
0.001 0.002 0.000000
0.002 0.003 0.000000
0.003 0.004 0.000000
0.004 0.005 0.000000
0.005 0.006 0.000000
0.006 0.007 0.000000
0.007 0.008 0.000006
0.008 0.009 0.000000
0.009 0.010 0.000000
0.010 0.011 0.000000
0.011 0.012 0.000000
0.012 0.013 0.000003
0.013 0.014 0.000039
0.014 0.015 0.000281
0.015 0.016 0.001321
0.016 0.017 0.004498
0.017 0.018 0.011985
0.018 0.019 0.026486
0.019 0.020 0.050792
0.020 0.021 0.086591
0.021 0.022 0.135344
0.022 0.023 0.195378
0.023 0.024 0.264886
0.024 0.025 0.342673
0.025 0.026 0.423754
0.026 0.027 0.504656
0.027 0.028 0.584304
0.028 0.029 0.658791
0.029 0.030 0.727502
0.030 0.031 0.787479
0.031 0.032 0.843442
0.032 0.033 0.889782
0.033 0.034 0.926933
0.034 0.035 0.957548
0.035 0.036 0.980253
0.036 0.037 0.991522
0.037 0.038 1.000000
0.038 0.039 0.999364
0.039 0.040 0.988145
0.040 0.041 0.983516
0.041 0.042 0.974607
0.042 0.043 0.959844
0.043 0.044 0.938901
0.044 0.045 0.917620
0.045 0.046 0.889661
0.046 0.047 0.860878
0.047 0.048 0.829743
0.048 0.049 0.790975
0.049 0.050 0.764544
0.050 0.051 0.736895
0.051 0.052 0.704577
0.052 0.053 0.673499
0.053 0.054 0.646033
0.054 0.055 0.613515
0.055 0.056 0.573798
0.056 0.057 0.534455
0.057 0.058 0.541232
0.058 0.059 0.573793
0.059 0.060 0.512505
0.060 0.061 0.423568
0.061 0.062 0.395676
0.062 0.063 0.367653
0.063 0.064 0.337753
0.064 0.065 0.305310
0.065 0.066 0.277882
0.066 0.067 0.275861
0.067 0.068 0.253504
0.068 0.069 0.208172
0.069 0.070 0.178805
0.070 0.071 0.149016
0.071 0.072 0.131968
0.072 0.073 0.111277
0.073 0.074 0.096367
0.074 0.075 0.081398
0.075 0.076 0.063016
0.076 0.077 0.051904
0.077 0.078 0.039223
0.078 0.079 0.024129
0.079 0.080 0.017732
0.080 0.081 0.012257
0.081 0.082 0.003170
0.082 0.083 0.000000
0.083 0.084 0.000000
0.084 0.085 0.000000
0.085 0.086 0.000000
0.086 0.087 0.000000
0.087 0.088 0.000000
0.088 0.089 0.000000
0.089 0.090 0.000000
0.090 0.091 0.000000
0.091 0.092 0.000000
0.092 0.093 0.000000
0.093 0.094 0.000000
0.094 0.095 0.000000
0.095 0.096 0.000000
0.096 0.097 0.000000
0.097 0.098 0.000000
0.098 0.099 0.000000
0.099 0.100 0.000000
0.100 0.101 0.000000
0.101 0.102 0.000000
0.102 0.103 0.000000
0.103 0.104 0.000000
0.104 0.105 0.000000
0.105 0.106 0.000000
0.106 0.107 0.000000
0.107 0.108 0.000000
0.108 0.109 0.000000
0.109 0.110 0.000000
0.110 0.111 0.000000
0.111 0.112 0.000000
0.112 0.113 0.000000
0.113 0.114 0.000000
0.114 0.115 0.000000
0.115 0.116 0.000000
0.116 0.117 0.000000
0.117 0.118 0.000000
0.118 0.119 0.000000
0.119 0.120 0.000000
0.120 0.121 0.000000
0.121 0.122 0.000000
0.122 0.123 0.000000
0.123 0.124 0.000000
0.124 0.125 0.000000
0.125 0.126 0.000000
0.126 0.127 0.000000
0.127 0.128 0.000000
0.128 0.129 0.000000
0.129 0.130 0.000000
0.130 0.131 0.000000
0.131 0.132 0.000000
0.132 0.133 0.000000
0.133 0.134 0.000000
0.134 0.135 0.000000
0.135 0.136 0.000000
0.136 0.137 0.000000
0.137 0.138 0.000000
0.138 0.139 0.000000
0.139 0.140 0.000000
0.140 0.141 0.000000
0.141 0.142 0.000000
0.142 0.143 0.000000
0.143 0.144 0.000000
0.144 0.145 0.000000
0.145 0.146 0.000000
0.146 0.147 0.000000
0.147 0.148 0.000000
0.148 0.149 0.000000
0.149 0.150 0.000000
