1
0.000 0.001 0.000000
0.001 0.002 0.000000
0.002 0.003 0.000000
0.003 0.004 0.000000
0.004 0.005 0.000000
0.005 0.006 0.000000
0.006 0.007 0.000000
0.007 0.008 0.000000
0.008 0.009 0.000000
0.009 0.010 0.000000
0.010 0.011 0.000000
0.011 0.012 0.000000
0.012 0.013 0.000000
0.013 0.014 0.000000
0.014 0.015 0.000000
0.015 0.016 0.000001
0.016 0.017 0.000013
0.017 0.018 0.000077
0.018 0.019 0.000325
0.019 0.020 0.001059
0.020 0.021 0.002817
0.021 0.022 0.006341
0.022 0.023 0.012481
0.023 0.024 0.022062
0.024 0.025 0.035731
0.025 0.026 0.053726
0.026 0.027 0.075949
0.027 0.028 0.102452
0.028 0.029 0.132679
0.029 0.030 0.165114
0.030 0.031 0.199273
0.031 0.032 0.234285
0.032 0.033 0.269368
0.033 0.034 0.304086
0.034 0.035 0.337503
0.035 0.036 0.368835
0.036 0.037 0.398625
0.037 0.038 0.425722
0.038 0.039 0.448672
0.039 0.040 0.470201
0.040 0.041 0.489022
0.041 0.042 0.504407
0.042 0.043 0.518781
0.043 0.044 0.529773
0.044 0.045 0.539354
0.045 0.046 0.545610
0.046 0.047 0.548070
0.047 0.048 0.551769
0.048 0.049 0.554149
0.049 0.050 0.551831
0.050 0.051 0.548137
0.051 0.052 0.545934
0.052 0.053 0.542593
0.053 0.054 0.536484
0.054 0.055 0.529228
0.055 0.056 0.523060
0.056 0.057 0.516071
0.057 0.058 0.681133
0.058 0.059 1.000000
0.059 0.060 0.814880
0.060 0.061 0.486773
0.061 0.062 0.475660
0.062 0.063 0.449001
0.063 0.064 0.436665
0.064 0.065 0.423690
0.065 0.066 0.412840
0.066 0.067 0.530758
0.067 0.068 0.520325
0.068 0.069 0.405382
0.069 0.070 0.363296
0.070 0.071 0.298043
0.071 0.072 0.287320
0.072 0.073 0.277140
0.073 0.074 0.270958
0.074 0.075 0.263857
0.075 0.076 0.255289
0.076 0.077 0.244777
0.077 0.078 0.235604
0.078 0.079 0.229695
0.079 0.080 0.222547
0.080 0.081 0.212326
0.081 0.082 0.203094
0.082 0.083 0.194980
0.083 0.084 0.187267
0.084 0.085 0.180224
0.085 0.086 0.173934
0.086 0.087 0.165727
0.087 0.088 0.159903
0.088 0.089 0.153362
0.089 0.090 0.144292
0.090 0.091 0.137061
0.091 0.092 0.127903
0.092 0.093 0.121722
0.093 0.094 0.118233
0.094 0.095 0.111876
0.095 0.096 0.105711
0.096 0.097 0.098943
0.097 0.098 0.090380
0.098 0.099 0.083842
0.099 0.100 0.078706
0.100 0.101 0.075004
0.101 0.102 0.070382
0.102 0.103 0.063973
0.103 0.104 0.058973
0.104 0.105 0.054434
0.105 0.106 0.050431
0.106 0.107 0.046461
0.107 0.108 0.041594
0.108 0.109 0.037390
0.109 0.110 0.032848
0.110 0.111 0.028179
0.111 0.112 0.025576
0.112 0.113 0.022151
0.113 0.114 0.019280
0.114 0.115 0.016344
0.115 0.116 0.012499
0.116 0.117 0.010348
0.117 0.118 0.008002
0.118 0.119 0.005153
0.119 0.120 0.003051
0.120 0.121 0.002335
0.121 0.122 0.000646
0.122 0.123 0.000000
0.123 0.124 0.000000
0.124 0.125 0.000000
0.125 0.126 0.000000
0.126 0.127 0.000000
0.127 0.128 0.000000
0.128 0.129 0.000000
0.129 0.130 0.000000
0.130 0.131 0.000000
0.131 0.132 0.000000
0.132 0.133 0.000000
0.133 0.134 0.000000
0.134 0.135 0.000000
0.135 0.136 0.000000
0.136 0.137 0.000000
0.137 0.138 0.000000
0.138 0.139 0.000000
0.139 0.140 0.000000
0.140 0.141 0.000000
0.141 0.142 0.000000
0.142 0.143 0.000000
0.143 0.144 0.000000
0.144 0.145 0.000000
0.145 0.146 0.000000
0.146 0.147 0.000000
0.147 0.148 0.000000
0.148 0.149 0.000000
0.149 0.150 0.000000
