1
0.000 0.001 0.000000
0.001 0.002 0.000000
0.002 0.003 0.000000
0.003 0.004 0.000000
0.004 0.005 0.000000
0.005 0.006 0.000000
0.006 0.007 0.000000
0.007 0.008 0.000000
0.008 0.009 0.000000
0.009 0.010 0.000000
0.010 0.011 0.000000
0.011 0.012 0.000000
0.012 0.013 0.000000
0.013 0.014 0.000000
0.014 0.015 0.000000
0.015 0.016 0.000000
0.016 0.017 0.000000
0.017 0.018 0.000000
0.018 0.019 0.000000
0.019 0.020 0.000000
0.020 0.021 0.000001
0.021 0.022 0.000006
0.022 0.023 0.000026
0.023 0.024 0.000095
0.024 0.025 0.000285
0.025 0.026 0.000730
0.026 0.027 0.001633
0.027 0.028 0.003295
0.028 0.029 0.006077
0.029 0.030 0.010293
0.030 0.031 0.016343
0.031 0.032 0.024498
0.032 0.033 0.034951
0.033 0.034 0.047857
0.034 0.035 0.063231
0.035 0.036 0.080766
0.036 0.037 0.100442
0.037 0.038 0.121781
0.038 0.039 0.143744
0.039 0.040 0.166992
0.040 0.041 0.191092
0.041 0.042 0.214770
0.042 0.043 0.239248
0.043 0.044 0.263010
0.044 0.045 0.286445
0.045 0.046 0.308728
0.046 0.047 0.328003
0.047 0.048 0.348532
0.048 0.049 0.368741
0.049 0.050 0.384241
0.050 0.051 0.397813
0.051 0.052 0.412777
0.052 0.053 0.427386
0.053 0.054 0.437800
0.054 0.055 0.445933
0.055 0.056 0.455981
0.056 0.057 0.465644
0.057 0.058 0.649016
0.058 0.059 1.000000
0.059 0.060 0.825946
0.060 0.061 0.487960
0.061 0.062 0.489145
0.062 0.063 0.471273
0.063 0.064 0.467580
0.064 0.065 0.462895
0.065 0.066 0.461199
0.066 0.067 0.612473
0.067 0.068 0.610714
0.068 0.069 0.481188
0.069 0.070 0.438205
0.070 0.071 0.363642
0.071 0.072 0.357576
0.072 0.073 0.349637
0.073 0.074 0.347954
0.074 0.075 0.344361
0.075 0.076 0.337430
0.076 0.077 0.327180
0.077 0.078 0.319273
0.078 0.079 0.316534
0.079 0.080 0.311189
0.080 0.081 0.301777
0.081 0.082 0.291220
0.082 0.083 0.281775
0.083 0.084 0.272147
0.084 0.085 0.263864
0.085 0.086 0.256870
0.086 0.087 0.246871
0.087 0.088 0.240332
0.088 0.089 0.233035
0.089 0.090 0.221835
0.090 0.091 0.210051
0.091 0.092 0.195823
0.092 0.093 0.186281
0.093 0.094 0.180665
0.094 0.095 0.170497
0.095 0.096 0.160311
0.096 0.097 0.149543
0.097 0.098 0.136746
0.098 0.099 0.123400
0.099 0.100 0.114703
0.100 0.101 0.109270
0.101 0.102 0.101461
0.102 0.103 0.089831
0.103 0.104 0.082168
0.104 0.105 0.076404
0.105 0.106 0.068488
0.106 0.107 0.062026
0.107 0.108 0.054144
0.108 0.109 0.047200
0.109 0.110 0.039109
0.110 0.111 0.033172
0.111 0.112 0.027790
0.112 0.113 0.022900
0.113 0.114 0.018686
0.114 0.115 0.013695
0.115 0.116 0.009771
0.116 0.117 0.005729
0.117 0.118 0.002672
0.118 0.119 0.000617
0.119 0.120 0.000000
0.120 0.121 0.000000
0.121 0.122 0.000000
0.122 0.123 0.000000
0.123 0.124 0.000000
0.124 0.125 0.000000
0.125 0.126 0.000000
0.126 0.127 0.000000
0.127 0.128 0.000000
0.128 0.129 0.000000
0.129 0.130 0.000000
0.130 0.131 0.000000
0.131 0.132 0.000000
0.132 0.133 0.000000
0.133 0.134 0.000000
0.134 0.135 0.000000
0.135 0.136 0.000000
0.136 0.137 0.000000
0.137 0.138 0.000000
0.138 0.139 0.000000
0.139 0.140 0.000000
0.140 0.141 0.000000
0.141 0.142 0.000000
0.142 0.143 0.000000
0.143 0.144 0.000000
0.144 0.145 0.000000
0.145 0.146 0.000000
0.146 0.147 0.000000
0.147 0.148 0.000000
0.148 0.149 0.000000
0.149 0.150 0.000000
