1
0.000 0.001 0.000000
0.001 0.002 0.000000
0.002 0.003 0.000000
0.003 0.004 0.000000
0.004 0.005 0.000000
0.005 0.006 0.000000
0.006 0.007 0.000000
0.007 0.008 0.000000
0.008 0.009 0.000000
0.009 0.010 0.000000
0.010 0.011 0.000000
0.011 0.012 0.000000
0.012 0.013 0.000000
0.013 0.014 0.000000
0.014 0.015 0.000002
0.015 0.016 0.000018
0.016 0.017 0.000117
0.017 0.018 0.000517
0.018 0.019 0.001713
0.019 0.020 0.004566
0.020 0.021 0.010263
0.021 0.022 0.020093
0.022 0.023 0.035192
0.023 0.024 0.056265
0.024 0.025 0.083530
0.025 0.026 0.116624
0.026 0.027 0.154372
0.027 0.028 0.196597
0.028 0.029 0.242157
0.029 0.030 0.288365
0.030 0.031 0.334136
0.031 0.032 0.378829
0.032 0.033 0.421124
0.033 0.034 0.461657
0.034 0.035 0.499820
0.035 0.036 0.534377
0.036 0.037 0.565416
0.037 0.038 0.590465
0.038 0.039 0.610095
0.039 0.040 0.627951
0.040 0.041 0.641720
0.041 0.042 0.651914
0.042 0.043 0.660003
0.043 0.044 0.663347
0.044 0.045 0.663999
0.045 0.046 0.665091
0.046 0.047 0.661768
0.047 0.048 0.659321
0.048 0.049 0.655765
0.049 0.050 0.646879
0.050 0.051 0.636697
0.051 0.052 0.628353
0.052 0.053 0.619914
0.053 0.054 0.607878
0.054 0.055 0.593085
0.055 0.056 0.580267
0.056 0.057 0.568757
0.057 0.058 0.712498
0.058 0.059 1.000000
0.059 0.060 0.824559
0.060 0.061 0.519054
0.061 0.062 0.505235
0.062 0.063 0.476400
0.063 0.064 0.459142
0.064 0.065 0.442644
0.065 0.066 0.428979
0.066 0.067 0.530992
0.067 0.068 0.516975
0.068 0.069 0.406840
0.069 0.070 0.365721
0.070 0.071 0.305401
0.071 0.072 0.294287
0.072 0.073 0.280969
0.073 0.074 0.273898
0.074 0.075 0.265520
0.075 0.076 0.254037
0.076 0.077 0.240807
0.077 0.078 0.229362
0.078 0.079 0.221913
0.079 0.080 0.212301
0.080 0.081 0.202635
0.081 0.082 0.192082
0.082 0.083 0.182479
0.083 0.084 0.172844
0.084 0.085 0.164320
0.085 0.086 0.156852
0.086 0.087 0.147630
0.087 0.088 0.140291
0.088 0.089 0.132857
0.089 0.090 0.122654
0.090 0.091 0.113914
0.091 0.092 0.104823
0.092 0.093 0.098298
0.093 0.094 0.093579
0.094 0.095 0.086716
0.095 0.096 0.080203
0.096 0.097 0.072470
0.097 0.098 0.063081
0.098 0.099 0.055566
0.099 0.100 0.050387
0.100 0.101 0.047822
0.101 0.102 0.043232
0.102 0.103 0.036865
0.103 0.104 0.031640
0.104 0.105 0.026880
0.105 0.106 0.023601
0.106 0.107 0.020094
0.107 0.108 0.016044
0.108 0.109 0.012363
0.109 0.110 0.007851
0.110 0.111 0.005662
0.111 0.112 0.003791
0.112 0.113 0.001015
0.113 0.114 0.000000
0.114 0.115 0.000000
0.115 0.116 0.000000
0.116 0.117 0.000000
0.117 0.118 0.000000
0.118 0.119 0.000000
0.119 0.120 0.000000
0.120 0.121 0.000000
0.121 0.122 0.000000
0.122 0.123 0.000000
0.123 0.124 0.000000
0.124 0.125 0.000000
0.125 0.126 0.000000
0.126 0.127 0.000000
0.127 0.128 0.000000
0.128 0.129 0.000000
0.129 0.130 0.000000
0.130 0.131 0.000000
0.131 0.132 0.000000
0.132 0.133 0.000000
0.133 0.134 0.000000
0.134 0.135 0.000000
0.135 0.136 0.000000
0.136 0.137 0.000000
0.137 0.138 0.000000
0.138 0.139 0.000000
0.139 0.140 0.000000
0.140 0.141 0.000000
0.141 0.142 0.000000
0.142 0.143 0.000000
0.143 0.144 0.000000
0.144 0.145 0.000000
0.145 0.146 0.000000
0.146 0.147 0.000000
0.147 0.148 0.000000
0.148 0.149 0.000000
0.149 0.150 0.000000
