1
0.000 0.001 0.000000
0.001 0.002 0.000000
0.002 0.003 0.000000
0.003 0.004 0.000000
0.004 0.005 0.000000
0.005 0.006 0.000000
0.006 0.007 0.000000
0.007 0.008 0.000000
0.008 0.009 0.000000
0.009 0.010 0.000000
0.010 0.011 0.000000
0.011 0.012 0.000000
0.012 0.013 0.000000
0.013 0.014 0.000000
0.014 0.015 0.000000
0.015 0.016 0.000000
0.016 0.017 0.000000
0.017 0.018 0.000000
0.018 0.019 0.000002
0.019 0.020 0.000011
0.020 0.021 0.000054
0.021 0.022 0.000196
0.022 0.023 0.000583
0.023 0.024 0.001464
0.024 0.025 0.003213
0.025 0.026 0.006272
0.026 0.027 0.011119
0.027 0.028 0.018318
0.028 0.029 0.028259
0.029 0.030 0.040962
0.030 0.031 0.056595
0.031 0.032 0.075179
0.032 0.033 0.096285
0.033 0.034 0.119507
0.034 0.035 0.144781
0.035 0.036 0.171553
0.036 0.037 0.199121
0.037 0.038 0.226081
0.038 0.039 0.251948
0.039 0.040 0.278041
0.040 0.041 0.303480
0.041 0.042 0.326948
0.042 0.043 0.350322
0.043 0.044 0.370887
0.044 0.045 0.390562
0.045 0.046 0.408863
0.046 0.047 0.422120
0.047 0.048 0.436840
0.048 0.049 0.451469
0.049 0.050 0.459827
0.050 0.051 0.466239
0.051 0.052 0.474728
0.052 0.053 0.483361
0.053 0.054 0.487277
0.054 0.055 0.488106
0.055 0.056 0.491562
0.056 0.057 0.495763
0.057 0.058 0.669495
0.058 0.059 1.000000
0.059 0.060 0.821530
0.060 0.061 0.492746
0.061 0.062 0.488948
0.062 0.063 0.467967
0.063 0.064 0.459381
0.064 0.065 0.450905
0.065 0.066 0.445953
0.066 0.067 0.578315
0.067 0.068 0.571999
0.068 0.069 0.451660
0.069 0.070 0.409653
0.070 0.071 0.341228
0.071 0.072 0.332792
0.072 0.073 0.322498
0.073 0.074 0.319908
0.074 0.075 0.315394
0.075 0.076 0.306412
0.076 0.077 0.294563
0.077 0.078 0.285524
0.078 0.079 0.281742
0.079 0.080 0.275603
0.080 0.081 0.265799
0.081 0.082 0.254945
0.082 0.083 0.244798
0.083 0.084 0.234038
0.084 0.085 0.225110
0.085 0.086 0.217675
0.086 0.087 0.207918
0.087 0.088 0.200805
0.088 0.089 0.193547
0.089 0.090 0.182777
0.090 0.091 0.170385
0.091 0.092 0.157393
0.092 0.093 0.148209
0.093 0.094 0.141739
0.094 0.095 0.131952
0.095 0.096 0.122345
0.096 0.097 0.111696
0.097 0.098 0.099623
0.098 0.099 0.086184
0.099 0.100 0.077883
0.100 0.101 0.073568
0.101 0.102 0.065552
0.102 0.103 0.056427
0.103 0.104 0.048521
0.104 0.105 0.043856
0.105 0.106 0.038051
0.106 0.107 0.031334
0.107 0.108 0.025319
0.108 0.109 0.019360
0.109 0.110 0.014647
0.110 0.111 0.009751
0.111 0.112 0.006316
0.112 0.113 0.003927
0.113 0.114 0.000705
0.114 0.115 0.000000
0.115 0.116 0.000000
0.116 0.117 0.000000
0.117 0.118 0.000000
0.118 0.119 0.000000
0.119 0.120 0.000000
0.120 0.121 0.000000
0.121 0.122 0.000000
0.122 0.123 0.000000
0.123 0.124 0.000000
0.124 0.125 0.000000
0.125 0.126 0.000000
0.126 0.127 0.000000
0.127 0.128 0.000000
0.128 0.129 0.000000
0.129 0.130 0.000000
0.130 0.131 0.000000
0.131 0.132 0.000000
0.132 0.133 0.000000
0.133 0.134 0.000000
0.134 0.135 0.000000
0.135 0.136 0.000000
0.136 0.137 0.000000
0.137 0.138 0.000000
0.138 0.139 0.000000
0.139 0.140 0.000000
0.140 0.141 0.000000
0.141 0.142 0.000000
0.142 0.143 0.000000
0.143 0.144 0.000000
0.144 0.145 0.000000
0.145 0.146 0.000000
0.146 0.147 0.000000
0.147 0.148 0.000000
0.148 0.149 0.000000
0.149 0.150 0.000000
