1
0.000 0.001 0.000000
0.001 0.002 0.000000
0.002 0.003 0.000000
0.003 0.004 0.000000
0.004 0.005 0.000000
0.005 0.006 0.000000
0.006 0.007 0.000000
0.007 0.008 0.000000
0.008 0.009 0.000000
0.009 0.010 0.000000
0.010 0.011 0.000000
0.011 0.012 0.000000
0.012 0.013 0.000000
0.013 0.014 0.000000
0.014 0.015 0.000000
0.015 0.016 0.000000
0.016 0.017 0.000000
0.017 0.018 0.000000
0.018 0.019 0.000000
0.019 0.020 0.000000
0.020 0.021 0.000003
0.021 0.022 0.000018
0.022 0.023 0.000075
0.023 0.024 0.000252
0.024 0.025 0.000711
0.025 0.026 0.001723
0.026 0.027 0.003675
0.027 0.028 0.007072
0.028 0.029 0.012532
0.029 0.030 0.020511
0.030 0.031 0.031529
0.031 0.032 0.045879
0.032 0.033 0.063788
0.033 0.034 0.085099
0.034 0.035 0.109527
0.035 0.036 0.136918
0.036 0.037 0.166381
0.037 0.038 0.196698
0.038 0.039 0.227781
0.039 0.040 0.260304
0.040 0.041 0.291506
0.041 0.042 0.323124
0.042 0.043 0.354723
0.043 0.044 0.384222
0.044 0.045 0.412557
0.045 0.046 0.437944
0.046 0.047 0.459623
0.047 0.048 0.481519
0.048 0.049 0.500911
0.049 0.050 0.513360
0.050 0.051 0.525095
0.051 0.052 0.538115
0.052 0.053 0.546512
0.053 0.054 0.554703
0.054 0.055 0.559036
0.055 0.056 0.562829
0.056 0.057 0.567056
0.057 0.058 0.714938
0.058 0.059 1.000000
0.059 0.060 0.848812
0.060 0.061 0.561076
0.061 0.062 0.554412
0.062 0.063 0.531615
0.063 0.064 0.518557
0.064 0.065 0.504699
0.065 0.066 0.496742
0.066 0.067 0.614185
0.067 0.068 0.606335
0.068 0.069 0.490164
0.069 0.070 0.445804
0.070 0.071 0.379936
0.071 0.072 0.367807
0.072 0.073 0.351786
0.073 0.074 0.344314
0.074 0.075 0.334829
0.075 0.076 0.318180
0.076 0.077 0.304052
0.077 0.078 0.292367
0.078 0.079 0.285300
0.079 0.080 0.276505
0.080 0.081 0.264069
0.081 0.082 0.249436
0.082 0.083 0.235672
0.083 0.084 0.221367
0.084 0.085 0.208554
0.085 0.086 0.195467
0.086 0.087 0.185008
0.087 0.088 0.176234
0.088 0.089 0.167064
0.089 0.090 0.155412
0.090 0.091 0.142013
0.091 0.092 0.128860
0.092 0.093 0.118414
0.093 0.094 0.108018
0.094 0.095 0.099641
0.095 0.096 0.091782
0.096 0.097 0.081777
0.097 0.098 0.070774
0.098 0.099 0.058313
0.099 0.100 0.049676
0.100 0.101 0.043903
0.101 0.102 0.038359
0.102 0.103 0.030917
0.103 0.104 0.024527
0.104 0.105 0.019432
0.105 0.106 0.012114
0.106 0.107 0.008402
0.107 0.108 0.003123
0.108 0.109 0.001858
0.109 0.110 0.000000
0.110 0.111 0.000000
0.111 0.112 0.000000
0.112 0.113 0.000000
0.113 0.114 0.000000
0.114 0.115 0.000000
0.115 0.116 0.000000
0.116 0.117 0.000000
0.117 0.118 0.000000
0.118 0.119 0.000000
0.119 0.120 0.000000
0.120 0.121 0.000000
0.121 0.122 0.000000
0.122 0.123 0.000000
0.123 0.124 0.000000
0.124 0.125 0.000000
0.125 0.126 0.000000
0.126 0.127 0.000000
0.127 0.128 0.000000
0.128 0.129 0.000000
0.129 0.130 0.000000
0.130 0.131 0.000000
0.131 0.132 0.000000
0.132 0.133 0.000000
0.133 0.134 0.000000
0.134 0.135 0.000000
0.135 0.136 0.000000
0.136 0.137 0.000000
0.137 0.138 0.000000
0.138 0.139 0.000000
0.139 0.140 0.000000
0.140 0.141 0.000000
0.141 0.142 0.000000
0.142 0.143 0.000000
0.143 0.144 0.000000
0.144 0.145 0.000000
0.145 0.146 0.000000
0.146 0.147 0.000000
0.147 0.148 0.000000
0.148 0.149 0.000000
0.149 0.150 0.000000
