1
0.000 0.001 0.000000
0.001 0.002 0.000000
0.002 0.003 0.000000
0.003 0.004 0.000000
0.004 0.005 0.000000
0.005 0.006 0.000000
0.006 0.007 0.000000
0.007 0.008 0.000000
0.008 0.009 0.000000
0.009 0.010 0.000000
0.010 0.011 0.000000
0.011 0.012 0.000000
0.012 0.013 0.000000
0.013 0.014 0.000000
0.014 0.015 0.000000
0.015 0.016 0.000000
0.016 0.017 0.000000
0.017 0.018 0.000000
0.018 0.019 0.000000
0.019 0.020 0.000001
0.020 0.021 0.000005
0.021 0.022 0.000024
0.022 0.023 0.000093
0.023 0.024 0.000292
0.024 0.025 0.000771
0.025 0.026 0.001770
0.026 0.027 0.003603
0.027 0.028 0.006676
0.028 0.029 0.011419
0.029 0.030 0.018121
0.030 0.031 0.027125
0.031 0.032 0.038589
0.032 0.033 0.052564
0.033 0.034 0.069046
0.034 0.035 0.087769
0.035 0.036 0.108185
0.036 0.037 0.130355
0.037 0.038 0.153791
0.038 0.039 0.177315
0.039 0.040 0.201584
0.040 0.041 0.225830
0.041 0.042 0.249076
0.042 0.043 0.272538
0.043 0.044 0.294841
0.044 0.045 0.316347
0.045 0.046 0.336078
0.046 0.047 0.353274
0.047 0.048 0.371256
0.048 0.049 0.387924
0.049 0.050 0.400351
0.050 0.051 0.411481
0.051 0.052 0.423571
0.052 0.053 0.433859
0.053 0.054 0.440845
0.054 0.055 0.446674
0.055 0.056 0.453826
0.056 0.057 0.459773
0.057 0.058 0.644530
0.058 0.059 1.000000
0.059 0.060 0.819979
0.060 0.061 0.475424
0.061 0.062 0.474382
0.062 0.063 0.453689
0.063 0.064 0.449246
0.064 0.065 0.443537
0.065 0.066 0.439820
0.066 0.067 0.588143
0.067 0.068 0.585265
0.068 0.069 0.456828
0.069 0.070 0.414173
0.070 0.071 0.340620
0.071 0.072 0.335128
0.072 0.073 0.327686
0.073 0.074 0.323945
0.074 0.075 0.319160
0.075 0.076 0.312630
0.076 0.077 0.303438
0.077 0.078 0.296041
0.078 0.079 0.292301
0.079 0.080 0.286646
0.080 0.081 0.277891
0.081 0.082 0.267876
0.082 0.083 0.258965
0.083 0.084 0.250445
0.084 0.085 0.242731
0.085 0.086 0.235817
0.086 0.087 0.226492
0.087 0.088 0.219867
0.088 0.089 0.212663
0.089 0.090 0.202786
0.090 0.091 0.193633
0.091 0.092 0.181378
0.092 0.093 0.172940
0.093 0.094 0.167584
0.094 0.095 0.159973
0.095 0.096 0.152539
0.096 0.097 0.144421
0.097 0.098 0.134388
0.098 0.099 0.124624
0.099 0.100 0.118077
0.100 0.101 0.113034
0.101 0.102 0.106965
0.102 0.103 0.098601
0.103 0.104 0.092137
0.104 0.105 0.086191
0.105 0.106 0.080362
0.106 0.107 0.074726
0.107 0.108 0.067773
0.108 0.109 0.061806
0.109 0.110 0.054932
0.110 0.111 0.049853
0.111 0.112 0.045722
0.112 0.113 0.040203
0.113 0.114 0.035010
0.114 0.115 0.031289
0.115 0.116 0.026892
0.116 0.117 0.022912
0.117 0.118 0.018166
0.118 0.119 0.013627
0.119 0.120 0.011188
0.120 0.121 0.009288
0.121 0.122 0.007253
0.122 0.123 0.005138
0.123 0.124 0.002474
0.124 0.125 0.000655
0.125 0.126 0.000000
0.126 0.127 0.000000
0.127 0.128 0.000000
0.128 0.129 0.000000
0.129 0.130 0.000000
0.130 0.131 0.000000
0.131 0.132 0.000000
0.132 0.133 0.000000
0.133 0.134 0.000000
0.134 0.135 0.000000
0.135 0.136 0.000000
0.136 0.137 0.000000
0.137 0.138 0.000000
0.138 0.139 0.000000
0.139 0.140 0.000000
0.140 0.141 0.000000
0.141 0.142 0.000000
0.142 0.143 0.000000
0.143 0.144 0.000000
0.144 0.145 0.000000
0.145 0.146 0.000000
0.146 0.147 0.000000
0.147 0.148 0.000000
0.148 0.149 0.000000
0.149 0.150 0.000000
