1
0.000 0.001 0.000000
0.001 0.002 0.000000
0.002 0.003 0.000000
0.003 0.004 0.000000
0.004 0.005 0.000000
0.005 0.006 0.000000
0.006 0.007 0.000000
0.007 0.008 0.000000
0.008 0.009 0.000000
0.009 0.010 0.000000
0.010 0.011 0.000000
0.011 0.012 0.000006
0.012 0.013 0.000061
0.013 0.014 0.000395
0.014 0.015 0.001686
0.015 0.016 0.005221
0.016 0.017 0.012807
0.017 0.018 0.026341
0.018 0.019 0.047064
0.019 0.020 0.075869
0.020 0.021 0.112602
0.021 0.022 0.156023
0.022 0.023 0.204604
0.023 0.024 0.256631
0.024 0.025 0.309999
0.025 0.026 0.362199
0.026 0.027 0.412743
0.027 0.028 0.461920
0.028 0.029 0.507683
0.029 0.030 0.548491
0.030 0.031 0.583790
0.031 0.032 0.614557
0.032 0.033 0.641650
0.033 0.034 0.663544
0.034 0.035 0.681687
0.035 0.036 0.696586
0.036 0.037 0.707476
0.037 0.038 0.713388
0.038 0.039 0.714780
0.039 0.040 0.715923
0.040 0.041 0.714521
0.041 0.042 0.710341
0.042 0.043 0.706165
0.043 0.044 0.698739
0.044 0.045 0.691688
0.045 0.046 0.682559
0.046 0.047 0.669387
0.047 0.048 0.659090
0.048 0.049 0.649286
0.049 0.050 0.634485
0.050 0.051 0.619566
0.051 0.052 0.608326
0.052 0.053 0.596993
0.053 0.054 0.582724
0.054 0.055 0.567416
0.055 0.056 0.554791
0.056 0.057 0.542904
0.057 0.058 0.698946
0.058 0.059 1.000000
0.059 0.060 0.812743
0.060 0.061 0.493926
0.061 0.062 0.479713
0.062 0.063 0.450896
0.063 0.064 0.435094
0.064 0.065 0.419679
0.065 0.066 0.407301
0.066 0.067 0.511359
0.067 0.068 0.498656
0.068 0.069 0.392064
0.069 0.070 0.351077
0.070 0.071 0.291009
0.071 0.072 0.280280
0.072 0.073 0.267790
0.073 0.074 0.260735
0.074 0.075 0.252547
0.075 0.076 0.241885
0.076 0.077 0.229645
0.077 0.078 0.219124
0.078 0.079 0.212318
0.079 0.080 0.204110
0.080 0.081 0.194167
0.081 0.082 0.183315
0.082 0.083 0.173568
0.083 0.084 0.163951
0.084 0.085 0.154707
0.085 0.086 0.148110
0.086 0.087 0.139871
0.087 0.088 0.133544
0.088 0.089 0.126967
0.089 0.090 0.118520
0.090 0.091 0.109178
0.091 0.092 0.100456
0.092 0.093 0.094241
0.093 0.094 0.089902
0.094 0.095 0.083435
0.095 0.096 0.076795
0.096 0.097 0.070601
0.097 0.098 0.063533
0.098 0.099 0.056101
0.099 0.100 0.050732
0.100 0.101 0.047215
0.101 0.102 0.043261
0.102 0.103 0.037675
0.103 0.104 0.033199
0.104 0.105 0.029422
0.105 0.106 0.026162
0.106 0.107 0.022712
0.107 0.108 0.018690
0.108 0.109 0.014674
0.109 0.110 0.011666
0.110 0.111 0.008874
0.111 0.112 0.006137
0.112 0.113 0.004214
0.113 0.114 0.002051
0.114 0.115 0.000568
0.115 0.116 0.000000
0.116 0.117 0.000000
0.117 0.118 0.000000
0.118 0.119 0.000000
0.119 0.120 0.000000
0.120 0.121 0.000000
0.121 0.122 0.000000
0.122 0.123 0.000000
0.123 0.124 0.000000
0.124 0.125 0.000000
0.125 0.126 0.000000
0.126 0.127 0.000000
0.127 0.128 0.000000
0.128 0.129 0.000000
0.129 0.130 0.000000
0.130 0.131 0.000000
0.131 0.132 0.000000
0.132 0.133 0.000000
0.133 0.134 0.000000
0.134 0.135 0.000000
0.135 0.136 0.000000
0.136 0.137 0.000000
0.137 0.138 0.000000
0.138 0.139 0.000000
0.139 0.140 0.000000
0.140 0.141 0.000000
0.141 0.142 0.000000
0.142 0.143 0.000000
0.143 0.144 0.000000
0.144 0.145 0.000000
0.145 0.146 0.000000
0.146 0.147 0.000000
0.147 0.148 0.000000
0.148 0.149 0.000000
0.149 0.150 0.000000
