1
0.000 0.001 0.000000
0.001 0.002 0.000000
0.002 0.003 0.000000
0.003 0.004 0.000000
0.004 0.005 0.000000
0.005 0.006 0.000000
0.006 0.007 0.000000
0.007 0.008 0.000000
0.008 0.009 0.000000
0.009 0.010 0.000000
0.010 0.011 0.000000
0.011 0.012 0.000000
0.012 0.013 0.000000
0.013 0.014 0.000000
0.014 0.015 0.000000
0.015 0.016 0.000000
0.016 0.017 0.000000
0.017 0.018 0.000000
0.018 0.019 0.000000
0.019 0.020 0.000000
0.020 0.021 0.000001
0.021 0.022 0.000005
0.022 0.023 0.000023
0.023 0.024 0.000090
0.024 0.025 0.000289
0.025 0.026 0.000782
0.026 0.027 0.001836
0.027 0.028 0.003845
0.028 0.029 0.007317
0.029 0.030 0.012782
0.030 0.031 0.020764
0.031 0.032 0.031650
0.032 0.033 0.046157
0.033 0.034 0.064108
0.034 0.035 0.085254
0.035 0.036 0.109973
0.036 0.037 0.137285
0.037 0.038 0.166936
0.038 0.039 0.199439
0.039 0.040 0.234201
0.040 0.041 0.268367
0.041 0.042 0.303236
0.042 0.043 0.337968
0.043 0.044 0.372598
0.044 0.045 0.406649
0.045 0.046 0.436201
0.046 0.047 0.466194
0.047 0.048 0.493075
0.048 0.049 0.516476
0.049 0.050 0.537095
0.050 0.051 0.558043
0.051 0.052 0.578945
0.052 0.053 0.590523
0.053 0.054 0.600075
0.054 0.055 0.611487
0.055 0.056 0.618471
0.056 0.057 0.620163
0.057 0.058 0.748508
0.058 0.059 1.000000
0.059 0.060 0.878436
0.060 0.061 0.634770
0.061 0.062 0.626465
0.062 0.063 0.600895
0.063 0.064 0.590311
0.064 0.065 0.579635
0.065 0.066 0.567826
0.066 0.067 0.669638
0.067 0.068 0.662080
0.068 0.069 0.552088
0.069 0.070 0.502737
0.070 0.071 0.440079
0.071 0.072 0.428669
0.072 0.073 0.410740
0.073 0.074 0.392979
0.074 0.075 0.374037
0.075 0.076 0.353499
0.076 0.077 0.333603
0.077 0.078 0.313407
0.078 0.079 0.295416
0.079 0.080 0.276970
0.080 0.081 0.254097
0.081 0.082 0.227090
0.082 0.083 0.202798
0.083 0.084 0.182630
0.084 0.085 0.159323
0.085 0.086 0.140136
0.086 0.087 0.116723
0.087 0.088 0.097722
0.088 0.089 0.075007
0.089 0.090 0.057832
0.090 0.091 0.047239
0.091 0.092 0.032708
0.092 0.093 0.020607
0.093 0.094 0.010662
0.094 0.095 0.001875
0.095 0.096 0.000000
0.096 0.097 0.000000
0.097 0.098 0.000000
0.098 0.099 0.000000
0.099 0.100 0.000000
0.100 0.101 0.000000
0.101 0.102 0.000000
0.102 0.103 0.000000
0.103 0.104 0.000000
0.104 0.105 0.000000
0.105 0.106 0.000000
0.106 0.107 0.000000
0.107 0.108 0.000000
0.108 0.109 0.000000
0.109 0.110 0.000000
0.110 0.111 0.000000
0.111 0.112 0.000000
0.112 0.113 0.000000
0.113 0.114 0.000000
0.114 0.115 0.000000
0.115 0.116 0.000000
0.116 0.117 0.000000
0.117 0.118 0.000000
0.118 0.119 0.000000
0.119 0.120 0.000000
0.120 0.121 0.000000
0.121 0.122 0.000000
0.122 0.123 0.000000
0.123 0.124 0.000000
0.124 0.125 0.000000
0.125 0.126 0.000000
0.126 0.127 0.000000
0.127 0.128 0.000000
0.128 0.129 0.000000
0.129 0.130 0.000000
0.130 0.131 0.000000
0.131 0.132 0.000000
0.132 0.133 0.000000
0.133 0.134 0.000000
0.134 0.135 0.000000
0.135 0.136 0.000000
0.136 0.137 0.000000
0.137 0.138 0.000000
0.138 0.139 0.000000
0.139 0.140 0.000000
0.140 0.141 0.000000
0.141 0.142 0.000000
0.142 0.143 0.000000
0.143 0.144 0.000000
0.144 0.145 0.000000
0.145 0.146 0.000000
0.146 0.147 0.000000
0.147 0.148 0.000000
0.148 0.149 0.000000
0.149 0.150 0.000000
