1
0.000 0.001 0.000000
0.001 0.002 0.000000
0.002 0.003 0.000000
0.003 0.004 0.000000
0.004 0.005 0.000000
0.005 0.006 0.000000
0.006 0.007 0.000000
0.007 0.008 0.000000
0.008 0.009 0.000000
0.009 0.010 0.000000
0.010 0.011 0.000000
0.011 0.012 0.000000
0.012 0.013 0.000000
0.013 0.014 0.000000
0.014 0.015 0.000000
0.015 0.016 0.000000
0.016 0.017 0.000000
0.017 0.018 0.000000
0.018 0.019 0.000000
0.019 0.020 0.000000
0.020 0.021 0.000003
0.021 0.022 0.000018
0.022 0.023 0.000077
0.023 0.024 0.000268
0.024 0.025 0.000776
0.025 0.026 0.001918
0.026 0.027 0.004187
0.027 0.028 0.008230
0.028 0.029 0.014814
0.029 0.030 0.024549
0.030 0.031 0.038145
0.031 0.032 0.055983
0.032 0.033 0.078422
0.033 0.034 0.105048
0.034 0.035 0.135475
0.035 0.036 0.169844
0.036 0.037 0.206264
0.037 0.038 0.244309
0.038 0.039 0.283403
0.039 0.040 0.325884
0.040 0.041 0.366969
0.041 0.042 0.406833
0.042 0.043 0.446296
0.043 0.044 0.483787
0.044 0.045 0.518972
0.045 0.046 0.547919
0.046 0.047 0.574313
0.047 0.048 0.597757
0.048 0.049 0.616983
0.049 0.050 0.630761
0.050 0.051 0.642922
0.051 0.052 0.657778
0.052 0.053 0.665184
0.053 0.054 0.671088
0.054 0.055 0.675944
0.055 0.056 0.673693
0.056 0.057 0.667066
0.057 0.058 0.778670
0.058 0.059 1.000000
0.059 0.060 0.876466
0.060 0.061 0.641779
0.061 0.062 0.623022
0.062 0.063 0.596932
0.063 0.064 0.581383
0.064 0.065 0.565683
0.065 0.066 0.548188
0.066 0.067 0.633085
0.067 0.068 0.618858
0.068 0.069 0.511680
0.069 0.070 0.462240
0.070 0.071 0.401734
0.071 0.072 0.383528
0.072 0.073 0.356575
0.073 0.074 0.341329
0.074 0.075 0.324928
0.075 0.076 0.305753
0.076 0.077 0.286492
0.077 0.078 0.267307
0.078 0.079 0.250515
0.079 0.080 0.233436
0.080 0.081 0.210393
0.081 0.082 0.192111
0.082 0.083 0.175738
0.083 0.084 0.160507
0.084 0.085 0.144831
0.085 0.086 0.129522
0.086 0.087 0.112091
0.087 0.088 0.092486
0.088 0.089 0.078600
0.089 0.090 0.066462
0.090 0.091 0.056267
0.091 0.092 0.044420
0.092 0.093 0.030200
0.093 0.094 0.023130
0.094 0.095 0.015884
0.095 0.096 0.006218
0.096 0.097 0.003683
0.097 0.098 0.000000
0.098 0.099 0.000000
0.099 0.100 0.000000
0.100 0.101 0.000000
0.101 0.102 0.000000
0.102 0.103 0.000000
0.103 0.104 0.000000
0.104 0.105 0.000000
0.105 0.106 0.000000
0.106 0.107 0.000000
0.107 0.108 0.000000
0.108 0.109 0.000000
0.109 0.110 0.000000
0.110 0.111 0.000000
0.111 0.112 0.000000
0.112 0.113 0.000000
0.113 0.114 0.000000
0.114 0.115 0.000000
0.115 0.116 0.000000
0.116 0.117 0.000000
0.117 0.118 0.000000
0.118 0.119 0.000000
0.119 0.120 0.000000
0.120 0.121 0.000000
0.121 0.122 0.000000
0.122 0.123 0.000000
0.123 0.124 0.000000
0.124 0.125 0.000000
0.125 0.126 0.000000
0.126 0.127 0.000000
0.127 0.128 0.000000
0.128 0.129 0.000000
0.129 0.130 0.000000
0.130 0.131 0.000000
0.131 0.132 0.000000
0.132 0.133 0.000000
0.133 0.134 0.000000
0.134 0.135 0.000000
0.135 0.136 0.000000
0.136 0.137 0.000000
0.137 0.138 0.000000
0.138 0.139 0.000000
0.139 0.140 0.000000
0.140 0.141 0.000000
0.141 0.142 0.000000
0.142 0.143 0.000000
0.143 0.144 0.000000
0.144 0.145 0.000000
0.145 0.146 0.000000
0.146 0.147 0.000000
0.147 0.148 0.000000
0.148 0.149 0.000000
0.149 0.150 0.000000
