1
0.000 0.001 0.000000
0.001 0.002 0.000000
0.002 0.003 0.000000
0.003 0.004 0.000000
0.004 0.005 0.000000
0.005 0.006 0.000000
0.006 0.007 0.000000
0.007 0.008 0.000000
0.008 0.009 0.000000
0.009 0.010 0.000000
0.010 0.011 0.000000
0.011 0.012 0.000000
0.012 0.013 0.000000
0.013 0.014 0.000000
0.014 0.015 0.000000
0.015 0.016 0.000000
0.016 0.017 0.000000
0.017 0.018 0.000000
0.018 0.019 0.000004
0.019 0.020 0.000022
0.020 0.021 0.000094
0.021 0.022 0.000316
0.022 0.023 0.000874
0.023 0.024 0.002069
0.024 0.025 0.004314
0.025 0.026 0.008067
0.026 0.027 0.013790
0.027 0.028 0.021963
0.028 0.029 0.032872
0.029 0.030 0.046472
0.030 0.031 0.062882
0.031 0.032 0.081794
0.032 0.033 0.103027
0.033 0.034 0.125978
0.034 0.035 0.150181
0.035 0.036 0.175346
0.036 0.037 0.200873
0.037 0.038 0.226652
0.038 0.039 0.251395
0.039 0.040 0.275222
0.040 0.041 0.297872
0.041 0.042 0.319167
0.042 0.043 0.339522
0.043 0.044 0.357832
0.044 0.045 0.374956
0.045 0.046 0.388845
0.046 0.047 0.401170
0.047 0.048 0.414254
0.048 0.049 0.424413
0.049 0.050 0.430755
0.050 0.051 0.437089
0.051 0.052 0.443539
0.052 0.053 0.446678
0.053 0.054 0.448133
0.054 0.055 0.449001
0.055 0.056 0.449878
0.056 0.057 0.450239
0.057 0.058 0.638206
0.058 0.059 1.000000
0.059 0.060 0.807589
0.060 0.061 0.451436
0.061 0.062 0.447222
0.062 0.063 0.422708
0.063 0.064 0.416466
0.064 0.065 0.409134
0.065 0.066 0.401526
0.066 0.067 0.544801
0.067 0.068 0.538828
0.068 0.069 0.410709
0.069 0.070 0.368799
0.070 0.071 0.295465
0.071 0.072 0.290613
0.072 0.073 0.283563
0.073 0.074 0.278334
0.074 0.075 0.273548
0.075 0.076 0.267847
0.076 0.077 0.260189
0.077 0.078 0.254025
0.078 0.079 0.249062
0.079 0.080 0.243729
0.080 0.081 0.237568
0.081 0.082 0.229702
0.082 0.083 0.221290
0.083 0.084 0.214848
0.084 0.085 0.209367
0.085 0.086 0.204258
0.086 0.087 0.198540
0.087 0.088 0.194171
0.088 0.089 0.187953
0.089 0.090 0.180667
0.090 0.091 0.174308
0.091 0.092 0.165797
0.092 0.093 0.159249
0.093 0.094 0.154619
0.094 0.095 0.149238
0.095 0.096 0.144220
0.096 0.097 0.139155
0.097 0.098 0.132489
0.098 0.099 0.126265
0.099 0.100 0.121495
0.100 0.101 0.117162
0.101 0.102 0.112026
0.102 0.103 0.106321
0.103 0.104 0.101260
0.104 0.105 0.097091
0.105 0.106 0.092049
0.106 0.107 0.087755
0.107 0.108 0.082609
0.108 0.109 0.078480
0.109 0.110 0.074554
0.110 0.111 0.070299
0.111 0.112 0.066375
0.112 0.113 0.061095
0.113 0.114 0.055756
0.114 0.115 0.052626
0.115 0.116 0.049309
0.116 0.117 0.045559
0.117 0.118 0.042171
0.118 0.119 0.037743
0.119 0.120 0.034599
0.120 0.121 0.032701
0.121 0.122 0.029218
0.122 0.123 0.026940
0.123 0.124 0.024525
0.124 0.125 0.021544
0.125 0.126 0.018551
0.126 0.127 0.016193
0.127 0.128 0.013001
0.128 0.129 0.011224
0.129 0.130 0.009439
0.130 0.131 0.007427
0.131 0.132 0.006125
0.132 0.133 0.004062
0.133 0.134 0.002893
0.134 0.135 0.001812
0.135 0.136 0.000483
0.136 0.137 0.000000
0.137 0.138 0.000000
0.138 0.139 0.000000
0.139 0.140 0.000000
0.140 0.141 0.000000
0.141 0.142 0.000000
0.142 0.143 0.000000
0.143 0.144 0.000000
0.144 0.145 0.000000
0.145 0.146 0.000000
0.146 0.147 0.000000
0.147 0.148 0.000000
0.148 0.149 0.000000
0.149 0.150 0.000000
