1
0.000 0.001 0.000000
0.001 0.002 0.000000
0.002 0.003 0.000000
0.003 0.004 0.000000
0.004 0.005 0.000000
0.005 0.006 0.000000
0.006 0.007 0.000000
0.007 0.008 0.000000
0.008 0.009 0.000000
0.009 0.010 0.000000
0.010 0.011 0.000000
0.011 0.012 0.000000
0.012 0.013 0.000000
0.013 0.014 0.000000
0.014 0.015 0.000000
0.015 0.016 0.000000
0.016 0.017 0.000000
0.017 0.018 0.000000
0.018 0.019 0.000000
0.019 0.020 0.000000
0.020 0.021 0.000001
0.021 0.022 0.000004
0.022 0.023 0.000022
0.023 0.024 0.000083
0.024 0.025 0.000259
0.025 0.026 0.000689
0.026 0.027 0.001590
0.027 0.028 0.003276
0.028 0.029 0.006183
0.029 0.030 0.010674
0.030 0.031 0.017168
0.031 0.032 0.026027
0.032 0.033 0.037515
0.033 0.034 0.051672
0.034 0.035 0.068604
0.035 0.036 0.087993
0.036 0.037 0.109741
0.037 0.038 0.133287
0.038 0.039 0.157618
0.039 0.040 0.183387
0.040 0.041 0.209562
0.041 0.042 0.235351
0.042 0.043 0.261025
0.043 0.044 0.287062
0.044 0.045 0.312529
0.045 0.046 0.336227
0.046 0.047 0.357642
0.047 0.048 0.379309
0.048 0.049 0.399514
0.049 0.050 0.415845
0.050 0.051 0.430036
0.051 0.052 0.444336
0.052 0.053 0.457195
0.053 0.054 0.466402
0.054 0.055 0.473454
0.055 0.056 0.480806
0.056 0.057 0.487027
0.057 0.058 0.660366
0.058 0.059 1.000000
0.059 0.060 0.832438
0.060 0.061 0.504409
0.061 0.062 0.503967
0.062 0.063 0.484225
0.063 0.064 0.479107
0.064 0.065 0.472600
0.065 0.066 0.467690
0.066 0.067 0.613071
0.067 0.068 0.609357
0.068 0.069 0.479453
0.069 0.070 0.434604
0.070 0.071 0.358089
0.071 0.072 0.352251
0.072 0.073 0.344013
0.073 0.074 0.340108
0.074 0.075 0.334849
0.075 0.076 0.327578
0.076 0.077 0.317418
0.077 0.078 0.308715
0.078 0.079 0.303761
0.079 0.080 0.297129
0.080 0.081 0.287258
0.081 0.082 0.275627
0.082 0.083 0.265335
0.083 0.084 0.254222
0.084 0.085 0.247082
0.085 0.086 0.240853
0.086 0.087 0.231930
0.087 0.088 0.226169
0.088 0.089 0.219035
0.089 0.090 0.208922
0.090 0.091 0.199365
0.091 0.092 0.186586
0.092 0.093 0.177912
0.093 0.094 0.173039
0.094 0.095 0.163922
0.095 0.096 0.153901
0.096 0.097 0.146154
0.097 0.098 0.136401
0.098 0.099 0.127170
0.099 0.100 0.119893
0.100 0.101 0.114580
0.101 0.102 0.107906
0.102 0.103 0.098582
0.103 0.104 0.091297
0.104 0.105 0.084367
0.105 0.106 0.078740
0.106 0.107 0.073196
0.107 0.108 0.066251
0.108 0.109 0.060297
0.109 0.110 0.053759
0.110 0.111 0.047665
0.111 0.112 0.042698
0.112 0.113 0.035438
0.113 0.114 0.031621
0.114 0.115 0.027742
0.115 0.116 0.023116
0.116 0.117 0.019015
0.117 0.118 0.014589
0.118 0.119 0.008599
0.119 0.120 0.006626
0.120 0.121 0.005314
0.121 0.122 0.002069
0.122 0.123 0.001264
0.123 0.124 0.000000
0.124 0.125 0.000000
0.125 0.126 0.000000
0.126 0.127 0.000000
0.127 0.128 0.000000
0.128 0.129 0.000000
0.129 0.130 0.000000
0.130 0.131 0.000000
0.131 0.132 0.000000
0.132 0.133 0.000000
0.133 0.134 0.000000
0.134 0.135 0.000000
0.135 0.136 0.000000
0.136 0.137 0.000000
0.137 0.138 0.000000
0.138 0.139 0.000000
0.139 0.140 0.000000
0.140 0.141 0.000000
0.141 0.142 0.000000
0.142 0.143 0.000000
0.143 0.144 0.000000
0.144 0.145 0.000000
0.145 0.146 0.000000
0.146 0.147 0.000000
0.147 0.148 0.000000
0.148 0.149 0.000000
0.149 0.150 0.000000
