1
0.000 0.001 0.000000
0.001 0.002 0.000000
0.002 0.003 0.000000
0.003 0.004 0.000000
0.004 0.005 0.000000
0.005 0.006 0.000000
0.006 0.007 0.000000
0.007 0.008 0.000000
0.008 0.009 0.000000
0.009 0.010 0.000000
0.010 0.011 0.000000
0.011 0.012 0.000000
0.012 0.013 0.000000
0.013 0.014 0.000000
0.014 0.015 0.000000
0.015 0.016 0.000000
0.016 0.017 0.000000
0.017 0.018 0.000000
0.018 0.019 0.000000
0.019 0.020 0.000000
0.020 0.021 0.000000
0.021 0.022 0.000002
0.022 0.023 0.000014
0.023 0.024 0.000059
0.024 0.025 0.000207
0.025 0.026 0.000609
0.026 0.027 0.001527
0.027 0.028 0.003385
0.028 0.029 0.006768
0.029 0.030 0.012275
0.030 0.031 0.020651
0.031 0.032 0.032493
0.032 0.033 0.048404
0.033 0.034 0.068461
0.034 0.035 0.092701
0.035 0.036 0.121284
0.036 0.037 0.152858
0.037 0.038 0.187129
0.038 0.039 0.225823
0.039 0.040 0.266843
0.040 0.041 0.308208
0.041 0.042 0.349795
0.042 0.043 0.391557
0.043 0.044 0.432757
0.044 0.045 0.471941
0.045 0.046 0.505327
0.046 0.047 0.537595
0.047 0.048 0.566657
0.048 0.049 0.591063
0.049 0.050 0.609672
0.050 0.051 0.631740
0.051 0.052 0.652389
0.052 0.053 0.664944
0.053 0.054 0.674981
0.054 0.055 0.683655
0.055 0.056 0.685004
0.056 0.057 0.681238
0.057 0.058 0.788201
0.058 0.059 1.000000
0.059 0.060 0.886565
0.060 0.061 0.662245
0.061 0.062 0.651755
0.062 0.063 0.626006
0.063 0.064 0.610647
0.064 0.065 0.594607
0.065 0.066 0.575836
0.066 0.067 0.658152
0.067 0.068 0.643495
0.068 0.069 0.535163
0.069 0.070 0.482641
0.070 0.071 0.416191
0.071 0.072 0.402439
0.072 0.073 0.381665
0.073 0.074 0.362976
0.074 0.075 0.343072
0.075 0.076 0.321279
0.076 0.077 0.299616
0.077 0.078 0.276760
0.078 0.079 0.255624
0.079 0.080 0.232055
0.080 0.081 0.213471
0.081 0.082 0.191383
0.082 0.083 0.172084
0.083 0.084 0.154644
0.084 0.085 0.135599
0.085 0.086 0.113094
0.086 0.087 0.098001
0.087 0.088 0.083152
0.088 0.089 0.065909
0.089 0.090 0.051114
0.090 0.091 0.036392
0.091 0.092 0.027886
0.092 0.093 0.019349
0.093 0.094 0.007429
0.094 0.095 0.004476
0.095 0.096 0.000000
0.096 0.097 0.000000
0.097 0.098 0.000000
0.098 0.099 0.000000
0.099 0.100 0.000000
0.100 0.101 0.000000
0.101 0.102 0.000000
0.102 0.103 0.000000
0.103 0.104 0.000000
0.104 0.105 0.000000
0.105 0.106 0.000000
0.106 0.107 0.000000
0.107 0.108 0.000000
0.108 0.109 0.000000
0.109 0.110 0.000000
0.110 0.111 0.000000
0.111 0.112 0.000000
0.112 0.113 0.000000
0.113 0.114 0.000000
0.114 0.115 0.000000
0.115 0.116 0.000000
0.116 0.117 0.000000
0.117 0.118 0.000000
0.118 0.119 0.000000
0.119 0.120 0.000000
0.120 0.121 0.000000
0.121 0.122 0.000000
0.122 0.123 0.000000
0.123 0.124 0.000000
0.124 0.125 0.000000
0.125 0.126 0.000000
0.126 0.127 0.000000
0.127 0.128 0.000000
0.128 0.129 0.000000
0.129 0.130 0.000000
0.130 0.131 0.000000
0.131 0.132 0.000000
0.132 0.133 0.000000
0.133 0.134 0.000000
0.134 0.135 0.000000
0.135 0.136 0.000000
0.136 0.137 0.000000
0.137 0.138 0.000000
0.138 0.139 0.000000
0.139 0.140 0.000000
0.140 0.141 0.000000
0.141 0.142 0.000000
0.142 0.143 0.000000
0.143 0.144 0.000000
0.144 0.145 0.000000
0.145 0.146 0.000000
0.146 0.147 0.000000
0.147 0.148 0.000000
0.148 0.149 0.000000
0.149 0.150 0.000000
