1
0.000 0.001 0.000000
0.001 0.002 0.000000
0.002 0.003 0.000000
0.003 0.004 0.000000
0.004 0.005 0.000000
0.005 0.006 0.000000
0.006 0.007 0.000000
0.007 0.008 0.000000
0.008 0.009 0.000000
0.009 0.010 0.000000
0.010 0.011 0.000000
0.011 0.012 0.000000
0.012 0.013 0.000000
0.013 0.014 0.000000
0.014 0.015 0.000000
0.015 0.016 0.000000
0.016 0.017 0.000000
0.017 0.018 0.000000
0.018 0.019 0.000000
0.019 0.020 0.000004
0.020 0.021 0.000022
0.021 0.022 0.000095
0.022 0.023 0.000328
0.023 0.024 0.000936
0.024 0.025 0.002287
0.025 0.026 0.004915
0.026 0.027 0.009448
0.027 0.028 0.016615
0.028 0.029 0.027175
0.029 0.030 0.041619
0.030 0.031 0.060196
0.031 0.032 0.082695
0.032 0.033 0.110005
0.033 0.034 0.141026
0.034 0.035 0.174433
0.035 0.036 0.210139
0.036 0.037 0.246824
0.037 0.038 0.285009
0.038 0.039 0.324984
0.039 0.040 0.365383
0.040 0.041 0.402439
0.041 0.042 0.438887
0.042 0.043 0.472721
0.043 0.044 0.506126
0.044 0.045 0.537688
0.045 0.046 0.561099
0.046 0.047 0.586621
0.047 0.048 0.606663
0.048 0.049 0.621280
0.049 0.050 0.634579
0.050 0.051 0.648585
0.051 0.052 0.661945
0.052 0.053 0.662964
0.053 0.054 0.663316
0.054 0.055 0.668086
0.055 0.056 0.666603
0.056 0.057 0.657547
0.057 0.058 0.770609
0.058 0.059 1.000000
0.059 0.060 0.880349
0.060 0.061 0.648613
0.061 0.062 0.632902
0.062 0.063 0.601055
0.063 0.064 0.586122
0.064 0.065 0.570440
0.065 0.066 0.552873
0.066 0.067 0.637766
0.067 0.068 0.626621
0.068 0.069 0.524067
0.069 0.070 0.473733
0.070 0.071 0.414608
0.071 0.072 0.401977
0.072 0.073 0.382928
0.073 0.074 0.360383
0.074 0.075 0.337328
0.075 0.076 0.315920
0.076 0.077 0.296242
0.077 0.078 0.274576
0.078 0.079 0.253547
0.079 0.080 0.233423
0.080 0.081 0.209667
0.081 0.082 0.181453
0.082 0.083 0.158031
0.083 0.084 0.138442
0.084 0.085 0.115259
0.085 0.086 0.091127
0.086 0.087 0.062601
0.087 0.088 0.039133
0.088 0.089 0.016288
0.089 0.090 0.001564
0.090 0.091 0.000000
0.091 0.092 0.000000
0.092 0.093 0.000000
0.093 0.094 0.000000
0.094 0.095 0.000000
0.095 0.096 0.000000
0.096 0.097 0.000000
0.097 0.098 0.000000
0.098 0.099 0.000000
0.099 0.100 0.000000
0.100 0.101 0.000000
0.101 0.102 0.000000
0.102 0.103 0.000000
0.103 0.104 0.000000
0.104 0.105 0.000000
0.105 0.106 0.000000
0.106 0.107 0.000000
0.107 0.108 0.000000
0.108 0.109 0.000000
0.109 0.110 0.000000
0.110 0.111 0.000000
0.111 0.112 0.000000
0.112 0.113 0.000000
0.113 0.114 0.000000
0.114 0.115 0.000000
0.115 0.116 0.000000
0.116 0.117 0.000000
0.117 0.118 0.000000
0.118 0.119 0.000000
0.119 0.120 0.000000
0.120 0.121 0.000000
0.121 0.122 0.000000
0.122 0.123 0.000000
0.123 0.124 0.000000
0.124 0.125 0.000000
0.125 0.126 0.000000
0.126 0.127 0.000000
0.127 0.128 0.000000
0.128 0.129 0.000000
0.129 0.130 0.000000
0.130 0.131 0.000000
0.131 0.132 0.000000
0.132 0.133 0.000000
0.133 0.134 0.000000
0.134 0.135 0.000000
0.135 0.136 0.000000
0.136 0.137 0.000000
0.137 0.138 0.000000
0.138 0.139 0.000000
0.139 0.140 0.000000
0.140 0.141 0.000000
0.141 0.142 0.000000
0.142 0.143 0.000000
0.143 0.144 0.000000
0.144 0.145 0.000000
0.145 0.146 0.000000
0.146 0.147 0.000000
0.147 0.148 0.000000
0.148 0.149 0.000000
0.149 0.150 0.000000
