1
0.000 0.001 0.000000
0.001 0.002 0.000000
0.002 0.003 0.000000
0.003 0.004 0.000000
0.004 0.005 0.000000
0.005 0.006 0.000000
0.006 0.007 0.000000
0.007 0.008 0.000000
0.008 0.009 0.000000
0.009 0.010 0.000000
0.010 0.011 0.000000
0.011 0.012 0.000000
0.012 0.013 0.000000
0.013 0.014 0.000000
0.014 0.015 0.000000
0.015 0.016 0.000000
0.016 0.017 0.000000
0.017 0.018 0.000000
0.018 0.019 0.000000
0.019 0.020 0.000001
0.020 0.021 0.000009
0.021 0.022 0.000043
0.022 0.023 0.000159
0.023 0.024 0.000478
0.024 0.025 0.001229
0.025 0.026 0.002754
0.026 0.027 0.005505
0.027 0.028 0.010061
0.028 0.029 0.017009
0.029 0.030 0.026746
0.030 0.031 0.039742
0.031 0.032 0.056105
0.032 0.033 0.075949
0.033 0.034 0.099114
0.034 0.035 0.125290
0.035 0.036 0.154056
0.036 0.037 0.184767
0.037 0.038 0.216207
0.038 0.039 0.247909
0.039 0.040 0.280490
0.040 0.041 0.312410
0.041 0.042 0.343046
0.042 0.043 0.373017
0.043 0.044 0.400266
0.044 0.045 0.426155
0.045 0.046 0.450269
0.046 0.047 0.470616
0.047 0.048 0.490726
0.048 0.049 0.508646
0.049 0.050 0.520960
0.050 0.051 0.531502
0.051 0.052 0.542078
0.052 0.053 0.550807
0.053 0.054 0.555342
0.054 0.055 0.556261
0.055 0.056 0.555834
0.056 0.057 0.559146
0.057 0.058 0.710043
0.058 0.059 1.000000
0.059 0.060 0.843997
0.060 0.061 0.550962
0.061 0.062 0.544099
0.062 0.063 0.520879
0.063 0.064 0.507919
0.064 0.065 0.495316
0.065 0.066 0.483479
0.066 0.067 0.601639
0.067 0.068 0.593371
0.068 0.069 0.477089
0.069 0.070 0.433018
0.070 0.071 0.366956
0.071 0.072 0.355085
0.072 0.073 0.339767
0.073 0.074 0.332421
0.074 0.075 0.321799
0.075 0.076 0.310266
0.076 0.077 0.296465
0.077 0.078 0.284824
0.078 0.079 0.277711
0.079 0.080 0.268987
0.080 0.081 0.256789
0.081 0.082 0.242625
0.082 0.083 0.229383
0.083 0.084 0.214438
0.084 0.085 0.204589
0.085 0.086 0.196084
0.086 0.087 0.185439
0.087 0.088 0.176754
0.088 0.089 0.167701
0.089 0.090 0.156105
0.090 0.091 0.143128
0.091 0.092 0.128726
0.092 0.093 0.120647
0.093 0.094 0.114435
0.094 0.095 0.105744
0.095 0.096 0.097536
0.096 0.097 0.087381
0.097 0.098 0.076150
0.098 0.099 0.062950
0.099 0.100 0.056156
0.100 0.101 0.053031
0.101 0.102 0.046867
0.102 0.103 0.038585
0.103 0.104 0.030602
0.104 0.105 0.026928
0.105 0.106 0.022423
0.106 0.107 0.017603
0.107 0.108 0.011232
0.108 0.109 0.008244
0.109 0.110 0.005203
0.110 0.111 0.001360
0.111 0.112 0.000000
0.112 0.113 0.000000
0.113 0.114 0.000000
0.114 0.115 0.000000
0.115 0.116 0.000000
0.116 0.117 0.000000
0.117 0.118 0.000000
0.118 0.119 0.000000
0.119 0.120 0.000000
0.120 0.121 0.000000
0.121 0.122 0.000000
0.122 0.123 0.000000
0.123 0.124 0.000000
0.124 0.125 0.000000
0.125 0.126 0.000000
0.126 0.127 0.000000
0.127 0.128 0.000000
0.128 0.129 0.000000
0.129 0.130 0.000000
0.130 0.131 0.000000
0.131 0.132 0.000000
0.132 0.133 0.000000
0.133 0.134 0.000000
0.134 0.135 0.000000
0.135 0.136 0.000000
0.136 0.137 0.000000
0.137 0.138 0.000000
0.138 0.139 0.000000
0.139 0.140 0.000000
0.140 0.141 0.000000
0.141 0.142 0.000000
0.142 0.143 0.000000
0.143 0.144 0.000000
0.144 0.145 0.000000
0.145 0.146 0.000000
0.146 0.147 0.000000
0.147 0.148 0.000000
0.148 0.149 0.000000
0.149 0.150 0.000000
