1
0.000 0.001 0.000000
0.001 0.002 0.000000
0.002 0.003 0.000000
0.003 0.004 0.000000
0.004 0.005 0.000000
0.005 0.006 0.000000
0.006 0.007 0.000000
0.007 0.008 0.000000
0.008 0.009 0.000000
0.009 0.010 0.000000
0.010 0.011 0.000000
0.011 0.012 0.000000
0.012 0.013 0.000000
0.013 0.014 0.000005
0.014 0.015 0.000041
0.015 0.016 0.000224
0.016 0.017 0.000859
0.017 0.018 0.002539
0.018 0.019 0.006084
0.019 0.020 0.012519
0.020 0.021 0.022844
0.021 0.022 0.037637
0.022 0.023 0.057117
0.023 0.024 0.081240
0.024 0.025 0.109476
0.025 0.026 0.140609
0.026 0.027 0.173880
0.027 0.028 0.209107
0.028 0.029 0.244824
0.029 0.030 0.279063
0.030 0.031 0.312437
0.031 0.032 0.344189
0.032 0.033 0.373169
0.033 0.034 0.400619
0.034 0.035 0.426110
0.035 0.036 0.446862
0.036 0.037 0.466262
0.037 0.038 0.484307
0.038 0.039 0.495212
0.039 0.040 0.504449
0.040 0.041 0.513630
0.041 0.042 0.518885
0.042 0.043 0.524124
0.043 0.044 0.527284
0.044 0.045 0.529454
0.045 0.046 0.529263
0.046 0.047 0.524852
0.047 0.048 0.523756
0.048 0.049 0.522798
0.049 0.050 0.516637
0.050 0.051 0.508650
0.051 0.052 0.503579
0.052 0.053 0.499753
0.053 0.054 0.492111
0.054 0.055 0.483276
0.055 0.056 0.478058
0.056 0.057 0.472619
0.057 0.058 0.653757
0.058 0.059 1.000000
0.059 0.060 0.798571
0.060 0.061 0.446606
0.061 0.062 0.437912
0.062 0.063 0.412164
0.063 0.064 0.401466
0.064 0.065 0.389880
0.065 0.066 0.381693
0.066 0.067 0.507305
0.067 0.068 0.498348
0.068 0.069 0.383205
0.069 0.070 0.343251
0.070 0.071 0.277943
0.071 0.072 0.270328
0.072 0.073 0.262017
0.073 0.074 0.257878
0.074 0.075 0.252581
0.075 0.076 0.246086
0.076 0.077 0.237240
0.077 0.078 0.229916
0.078 0.079 0.226385
0.079 0.080 0.221180
0.080 0.081 0.213305
0.081 0.082 0.205043
0.082 0.083 0.198009
0.083 0.084 0.191313
0.084 0.085 0.185346
0.085 0.086 0.180234
0.086 0.087 0.172980
0.087 0.088 0.168663
0.088 0.089 0.163928
0.089 0.090 0.156360
0.090 0.091 0.148916
0.091 0.092 0.139177
0.092 0.093 0.133081
0.093 0.094 0.130309
0.094 0.095 0.124053
0.095 0.096 0.117986
0.096 0.097 0.111275
0.097 0.098 0.103077
0.098 0.099 0.095167
0.099 0.100 0.089080
0.100 0.101 0.085032
0.101 0.102 0.079740
0.102 0.103 0.072009
0.103 0.104 0.066100
0.104 0.105 0.061712
0.105 0.106 0.056153
0.106 0.107 0.050423
0.107 0.108 0.043420
0.108 0.109 0.037385
0.109 0.110 0.031811
0.110 0.111 0.026411
0.111 0.112 0.022767
0.112 0.113 0.017990
0.113 0.114 0.014632
0.114 0.115 0.010816
0.115 0.116 0.007185
0.116 0.117 0.004443
0.117 0.118 0.002232
0.118 0.119 0.000332
0.119 0.120 0.000000
0.120 0.121 0.000000
0.121 0.122 0.000000
0.122 0.123 0.000000
0.123 0.124 0.000000
0.124 0.125 0.000000
0.125 0.126 0.000000
0.126 0.127 0.000000
0.127 0.128 0.000000
0.128 0.129 0.000000
0.129 0.130 0.000000
0.130 0.131 0.000000
0.131 0.132 0.000000
0.132 0.133 0.000000
0.133 0.134 0.000000
0.134 0.135 0.000000
0.135 0.136 0.000000
0.136 0.137 0.000000
0.137 0.138 0.000000
0.138 0.139 0.000000
0.139 0.140 0.000000
0.140 0.141 0.000000
0.141 0.142 0.000000
0.142 0.143 0.000000
0.143 0.144 0.000000
0.144 0.145 0.000000
0.145 0.146 0.000000
0.146 0.147 0.000000
0.147 0.148 0.000000
0.148 0.149 0.000000
0.149 0.150 0.000000
