1
0.000 0.001 0.000000
0.001 0.002 0.000000
0.002 0.003 0.000000
0.003 0.004 0.000000
0.004 0.005 0.000000
0.005 0.006 0.000000
0.006 0.007 0.000000
0.007 0.008 0.000000
0.008 0.009 0.000000
0.009 0.010 0.000000
0.010 0.011 0.000000
0.011 0.012 0.000000
0.012 0.013 0.000000
0.013 0.014 0.000000
0.014 0.015 0.000000
0.015 0.016 0.000003
0.016 0.017 0.000020
0.017 0.018 0.000101
0.018 0.019 0.000383
0.019 0.020 0.001136
0.020 0.021 0.002801
0.021 0.022 0.005918
0.022 0.023 0.011059
0.023 0.024 0.018778
0.024 0.025 0.029420
0.025 0.026 0.043077
0.026 0.027 0.059713
0.027 0.028 0.079110
0.028 0.029 0.100812
0.029 0.030 0.123923
0.030 0.031 0.148161
0.031 0.032 0.172794
0.032 0.033 0.197775
0.033 0.034 0.222478
0.034 0.035 0.245744
0.035 0.036 0.267659
0.036 0.037 0.288649
0.037 0.038 0.309317
0.038 0.039 0.326751
0.039 0.040 0.341736
0.040 0.041 0.355567
0.041 0.042 0.367796
0.042 0.043 0.378850
0.043 0.044 0.387880
0.044 0.045 0.396367
0.045 0.046 0.401150
0.046 0.047 0.405300
0.047 0.048 0.411087
0.048 0.049 0.413501
0.049 0.050 0.413397
0.050 0.051 0.414162
0.051 0.052 0.415208
0.052 0.053 0.412955
0.053 0.054 0.410136
0.054 0.055 0.407791
0.055 0.056 0.406047
0.056 0.057 0.404191
0.057 0.058 0.609579
0.058 0.059 1.000000
0.059 0.060 0.785685
0.060 0.061 0.401003
0.061 0.062 0.396208
0.062 0.063 0.370148
0.063 0.064 0.364947
0.064 0.065 0.358563
0.065 0.066 0.351433
0.066 0.067 0.498584
0.067 0.068 0.492797
0.068 0.069 0.365492
0.069 0.070 0.326401
0.070 0.071 0.255187
0.071 0.072 0.251539
0.072 0.073 0.246370
0.073 0.074 0.241592
0.074 0.075 0.237965
0.075 0.076 0.234298
0.076 0.077 0.228880
0.077 0.078 0.224913
0.078 0.079 0.221258
0.079 0.080 0.217564
0.080 0.081 0.213868
0.081 0.082 0.208808
0.082 0.083 0.203325
0.083 0.084 0.198312
0.084 0.085 0.194104
0.085 0.086 0.190077
0.086 0.087 0.186079
0.087 0.088 0.182918
0.088 0.089 0.178022
0.089 0.090 0.172517
0.090 0.091 0.168021
0.091 0.092 0.161514
0.092 0.093 0.156444
0.093 0.094 0.153566
0.094 0.095 0.148823
0.095 0.096 0.144513
0.096 0.097 0.140548
0.097 0.098 0.135082
0.098 0.099 0.130118
0.099 0.100 0.126271
0.100 0.101 0.122264
0.101 0.102 0.117814
0.102 0.103 0.113298
0.103 0.104 0.109663
0.104 0.105 0.105246
0.105 0.106 0.100051
0.106 0.107 0.095731
0.107 0.108 0.090650
0.108 0.109 0.086683
0.109 0.110 0.083074
0.110 0.111 0.078947
0.111 0.112 0.075009
0.112 0.113 0.069722
0.113 0.114 0.064661
0.114 0.115 0.061075
0.115 0.116 0.057339
0.116 0.117 0.053007
0.117 0.118 0.049103
0.118 0.119 0.044960
0.119 0.120 0.041609
0.120 0.121 0.039443
0.121 0.122 0.036157
0.122 0.123 0.033546
0.123 0.124 0.030804
0.124 0.125 0.027449
0.125 0.126 0.023883
0.126 0.127 0.021558
0.127 0.128 0.018681
0.128 0.129 0.016005
0.129 0.130 0.013908
0.130 0.131 0.011562
0.131 0.132 0.009942
0.132 0.133 0.008375
0.133 0.134 0.006493
0.134 0.135 0.004571
0.135 0.136 0.003311
0.136 0.137 0.001939
0.137 0.138 0.000856
0.138 0.139 0.000198
0.139 0.140 0.000000
0.140 0.141 0.000000
0.141 0.142 0.000000
0.142 0.143 0.000000
0.143 0.144 0.000000
0.144 0.145 0.000000
0.145 0.146 0.000000
0.146 0.147 0.000000
0.147 0.148 0.000000
0.148 0.149 0.000000
0.149 0.150 0.000000
