1
0.000 0.001 0.000000
0.001 0.002 0.000000
0.002 0.003 0.000000
0.003 0.004 0.000000
0.004 0.005 0.000000
0.005 0.006 0.000000
0.006 0.007 0.000000
0.007 0.008 0.000000
0.008 0.009 0.000000
0.009 0.010 0.000000
0.010 0.011 0.000000
0.011 0.012 0.000000
0.012 0.013 0.000000
0.013 0.014 0.000000
0.014 0.015 0.000001
0.015 0.016 0.000011
0.016 0.017 0.000065
0.017 0.018 0.000280
0.018 0.019 0.000918
0.019 0.020 0.002445
0.020 0.021 0.005516
0.021 0.022 0.010891
0.022 0.023 0.019278
0.023 0.024 0.031242
0.024 0.025 0.047151
0.025 0.026 0.066825
0.026 0.027 0.090070
0.027 0.028 0.116580
0.028 0.029 0.145452
0.029 0.030 0.175590
0.030 0.031 0.206921
0.031 0.032 0.238174
0.032 0.033 0.269042
0.033 0.034 0.299010
0.034 0.035 0.326895
0.035 0.036 0.352700
0.036 0.037 0.376940
0.037 0.038 0.399546
0.038 0.039 0.418668
0.039 0.040 0.435449
0.040 0.041 0.449862
0.041 0.042 0.461669
0.042 0.043 0.472048
0.043 0.044 0.480071
0.044 0.045 0.487071
0.045 0.046 0.490049
0.046 0.047 0.491480
0.047 0.048 0.494377
0.048 0.049 0.494362
0.049 0.050 0.490657
0.050 0.051 0.487722
0.051 0.052 0.486017
0.052 0.053 0.481115
0.053 0.054 0.475475
0.054 0.055 0.469660
0.055 0.056 0.464110
0.056 0.057 0.458569
0.057 0.058 0.644613
0.058 0.059 1.000000
0.059 0.060 0.797536
0.060 0.061 0.438719
0.061 0.062 0.430025
0.062 0.063 0.402237
0.063 0.064 0.391939
0.064 0.065 0.382716
0.065 0.066 0.373406
0.066 0.067 0.505711
0.067 0.068 0.497591
0.068 0.069 0.376890
0.069 0.070 0.336975
0.070 0.071 0.269434
0.071 0.072 0.263119
0.072 0.073 0.254889
0.073 0.074 0.248621
0.074 0.075 0.242871
0.075 0.076 0.236294
0.076 0.077 0.227529
0.077 0.078 0.221977
0.078 0.079 0.217604
0.079 0.080 0.212817
0.080 0.081 0.207278
0.081 0.082 0.200484
0.082 0.083 0.193685
0.083 0.084 0.187305
0.084 0.085 0.181752
0.085 0.086 0.176528
0.086 0.087 0.170875
0.087 0.088 0.166376
0.088 0.089 0.160474
0.089 0.090 0.153281
0.090 0.091 0.147945
0.091 0.092 0.141064
0.092 0.093 0.135858
0.093 0.094 0.132737
0.094 0.095 0.127719
0.095 0.096 0.123069
0.096 0.097 0.118372
0.097 0.098 0.112353
0.098 0.099 0.106721
0.099 0.100 0.102367
0.100 0.101 0.098398
0.101 0.102 0.093322
0.102 0.103 0.089087
0.103 0.104 0.085728
0.104 0.105 0.081991
0.105 0.106 0.077536
0.106 0.107 0.073713
0.107 0.108 0.069198
0.108 0.109 0.065550
0.109 0.110 0.062125
0.110 0.111 0.058401
0.111 0.112 0.054561
0.112 0.113 0.050733
0.113 0.114 0.047196
0.114 0.115 0.044474
0.115 0.116 0.041602
0.116 0.117 0.038365
0.117 0.118 0.035469
0.118 0.119 0.031763
0.119 0.120 0.029031
0.120 0.121 0.026954
0.121 0.122 0.024990
0.122 0.123 0.023043
0.123 0.124 0.020987
0.124 0.125 0.018457
0.125 0.126 0.015922
0.126 0.127 0.013919
0.127 0.128 0.011215
0.128 0.129 0.009711
0.129 0.130 0.008203
0.130 0.131 0.006508
0.131 0.132 0.005417
0.132 0.133 0.003685
0.133 0.134 0.002699
0.134 0.135 0.001788
0.135 0.136 0.000672
0.136 0.137 0.000402
0.137 0.138 0.000000
0.138 0.139 0.000000
0.139 0.140 0.000000
0.140 0.141 0.000000
0.141 0.142 0.000000
0.142 0.143 0.000000
0.143 0.144 0.000000
0.144 0.145 0.000000
0.145 0.146 0.000000
0.146 0.147 0.000000
0.147 0.148 0.000000
0.148 0.149 0.000000
0.149 0.150 0.000000
