1
0.000 0.001 0.000000
0.001 0.002 0.000000
0.002 0.003 0.000000
0.003 0.004 0.000000
0.004 0.005 0.000000
0.005 0.006 0.000000
0.006 0.007 0.000000
0.007 0.008 0.000000
0.008 0.009 0.000000
0.009 0.010 0.000000
0.010 0.011 0.000000
0.011 0.012 0.000000
0.012 0.013 0.000000
0.013 0.014 0.000000
0.014 0.015 0.000000
0.015 0.016 0.000005
0.016 0.017 0.000034
0.017 0.018 0.000161
0.018 0.019 0.000560
0.019 0.020 0.001567
0.020 0.021 0.003691
0.021 0.022 0.007514
0.022 0.023 0.013662
0.023 0.024 0.022685
0.024 0.025 0.034875
0.025 0.026 0.050294
0.026 0.027 0.068796
0.027 0.028 0.090214
0.028 0.029 0.113995
0.029 0.030 0.138957
0.030 0.031 0.165254
0.031 0.032 0.191736
0.032 0.033 0.218035
0.033 0.034 0.244297
0.034 0.035 0.269208
0.035 0.036 0.291440
0.036 0.037 0.313451
0.037 0.038 0.335443
0.038 0.039 0.353237
0.039 0.040 0.368770
0.040 0.041 0.383286
0.041 0.042 0.395023
0.042 0.043 0.405282
0.043 0.044 0.414494
0.044 0.045 0.422906
0.045 0.046 0.427661
0.046 0.047 0.431089
0.047 0.048 0.436640
0.048 0.049 0.439331
0.049 0.050 0.438770
0.050 0.051 0.438008
0.051 0.052 0.438228
0.052 0.053 0.436239
0.053 0.054 0.432438
0.054 0.055 0.429263
0.055 0.056 0.427802
0.056 0.057 0.424925
0.057 0.058 0.622535
0.058 0.059 1.000000
0.059 0.060 0.791562
0.060 0.061 0.418021
0.061 0.062 0.412249
0.062 0.063 0.386569
0.063 0.064 0.380190
0.064 0.065 0.371921
0.065 0.066 0.364700
0.066 0.067 0.506214
0.067 0.068 0.499966
0.068 0.069 0.376493
0.069 0.070 0.336707
0.070 0.071 0.266993
0.071 0.072 0.262453
0.072 0.073 0.256779
0.073 0.074 0.251887
0.074 0.075 0.247188
0.075 0.076 0.243040
0.076 0.077 0.236869
0.077 0.078 0.231775
0.078 0.079 0.228347
0.079 0.080 0.224004
0.080 0.081 0.218327
0.081 0.082 0.211869
0.082 0.083 0.206101
0.083 0.084 0.201145
0.084 0.085 0.196612
0.085 0.086 0.192307
0.086 0.087 0.186690
0.087 0.088 0.183552
0.088 0.089 0.178602
0.089 0.090 0.171985
0.090 0.091 0.167093
0.091 0.092 0.158786
0.092 0.093 0.153374
0.093 0.094 0.151421
0.094 0.095 0.146225
0.095 0.096 0.141106
0.096 0.097 0.136290
0.097 0.098 0.129712
0.098 0.099 0.124641
0.099 0.100 0.119949
0.100 0.101 0.114955
0.101 0.102 0.110354
0.102 0.103 0.104533
0.103 0.104 0.100222
0.104 0.105 0.095998
0.105 0.106 0.090663
0.106 0.107 0.085966
0.107 0.108 0.080099
0.108 0.109 0.075266
0.109 0.110 0.070202
0.110 0.111 0.065304
0.111 0.112 0.061261
0.112 0.113 0.055594
0.113 0.114 0.050829
0.114 0.115 0.046434
0.115 0.116 0.041284
0.116 0.117 0.036522
0.117 0.118 0.031341
0.118 0.119 0.024380
0.119 0.120 0.020578
0.120 0.121 0.018459
0.121 0.122 0.014568
0.122 0.123 0.011034
0.123 0.124 0.007831
0.124 0.125 0.004881
0.125 0.126 0.002493
0.126 0.127 0.000327
0.127 0.128 0.000000
0.128 0.129 0.000000
0.129 0.130 0.000000
0.130 0.131 0.000000
0.131 0.132 0.000000
0.132 0.133 0.000000
0.133 0.134 0.000000
0.134 0.135 0.000000
0.135 0.136 0.000000
0.136 0.137 0.000000
0.137 0.138 0.000000
0.138 0.139 0.000000
0.139 0.140 0.000000
0.140 0.141 0.000000
0.141 0.142 0.000000
0.142 0.143 0.000000
0.143 0.144 0.000000
0.144 0.145 0.000000
0.145 0.146 0.000000
0.146 0.147 0.000000
0.147 0.148 0.000000
0.148 0.149 0.000000
0.149 0.150 0.000000
