1
0.000 0.001 0.000000
0.001 0.002 0.000000
0.002 0.003 0.000000
0.003 0.004 0.000000
0.004 0.005 0.000000
0.005 0.006 0.000000
0.006 0.007 0.000000
0.007 0.008 0.000000
0.008 0.009 0.000000
0.009 0.010 0.000000
0.010 0.011 0.000000
0.011 0.012 0.000000
0.012 0.013 0.000000
0.013 0.014 0.000000
0.014 0.015 0.000000
0.015 0.016 0.000001
0.016 0.017 0.000011
0.017 0.018 0.000069
0.018 0.019 0.000306
0.019 0.020 0.001049
0.020 0.021 0.002909
0.021 0.022 0.006816
0.022 0.023 0.013915
0.023 0.024 0.025372
0.024 0.025 0.042315
0.025 0.026 0.065276
0.026 0.027 0.094125
0.027 0.028 0.129382
0.028 0.029 0.170282
0.029 0.030 0.214894
0.030 0.031 0.262621
0.031 0.032 0.312179
0.032 0.033 0.362443
0.033 0.034 0.411274
0.034 0.035 0.458061
0.035 0.036 0.503431
0.036 0.037 0.543373
0.037 0.038 0.578172
0.038 0.039 0.608956
0.039 0.040 0.641163
0.040 0.041 0.666913
0.041 0.042 0.687849
0.042 0.043 0.707352
0.043 0.044 0.721962
0.044 0.045 0.732758
0.045 0.046 0.737388
0.046 0.047 0.737796
0.047 0.048 0.737751
0.048 0.049 0.734991
0.049 0.050 0.725074
0.050 0.051 0.714807
0.051 0.052 0.710168
0.052 0.053 0.701628
0.053 0.054 0.690356
0.054 0.055 0.677083
0.055 0.056 0.661836
0.056 0.057 0.646374
0.057 0.058 0.764745
0.058 0.059 1.000000
0.059 0.060 0.846570
0.060 0.061 0.580157
0.061 0.062 0.563349
0.062 0.063 0.533100
0.063 0.064 0.512969
0.064 0.065 0.494179
0.065 0.066 0.476227
0.066 0.067 0.559431
0.067 0.068 0.542512
0.068 0.069 0.438744
0.069 0.070 0.393438
0.070 0.071 0.335326
0.071 0.072 0.316675
0.072 0.073 0.299529
0.073 0.074 0.288724
0.074 0.075 0.276837
0.075 0.076 0.260875
0.076 0.077 0.244154
0.077 0.078 0.229130
0.078 0.079 0.217585
0.079 0.080 0.203939
0.080 0.081 0.191850
0.081 0.082 0.178136
0.082 0.083 0.165265
0.083 0.084 0.152419
0.084 0.085 0.140630
0.085 0.086 0.129788
0.086 0.087 0.117717
0.087 0.088 0.104889
0.088 0.089 0.095761
0.089 0.090 0.086274
0.090 0.091 0.076229
0.091 0.092 0.066619
0.092 0.093 0.058014
0.093 0.094 0.048153
0.094 0.095 0.041855
0.095 0.096 0.035956
0.096 0.097 0.028806
0.097 0.098 0.021466
0.098 0.099 0.012735
0.099 0.100 0.009078
0.100 0.101 0.006754
0.101 0.102 0.001874
0.102 0.103 0.000000
0.103 0.104 0.000000
0.104 0.105 0.000000
0.105 0.106 0.000000
0.106 0.107 0.000000
0.107 0.108 0.000000
0.108 0.109 0.000000
0.109 0.110 0.000000
0.110 0.111 0.000000
0.111 0.112 0.000000
0.112 0.113 0.000000
0.113 0.114 0.000000
0.114 0.115 0.000000
0.115 0.116 0.000000
0.116 0.117 0.000000
0.117 0.118 0.000000
0.118 0.119 0.000000
0.119 0.120 0.000000
0.120 0.121 0.000000
0.121 0.122 0.000000
0.122 0.123 0.000000
0.123 0.124 0.000000
0.124 0.125 0.000000
0.125 0.126 0.000000
0.126 0.127 0.000000
0.127 0.128 0.000000
0.128 0.129 0.000000
0.129 0.130 0.000000
0.130 0.131 0.000000
0.131 0.132 0.000000
0.132 0.133 0.000000
0.133 0.134 0.000000
0.134 0.135 0.000000
0.135 0.136 0.000000
0.136 0.137 0.000000
0.137 0.138 0.000000
0.138 0.139 0.000000
0.139 0.140 0.000000
0.140 0.141 0.000000
0.141 0.142 0.000000
0.142 0.143 0.000000
0.143 0.144 0.000000
0.144 0.145 0.000000
0.145 0.146 0.000000
0.146 0.147 0.000000
0.147 0.148 0.000000
0.148 0.149 0.000000
0.149 0.150 0.000000
