1
0.000 0.001 0.000000
0.001 0.002 0.000000
0.002 0.003 0.000000
0.003 0.004 0.000000
0.004 0.005 0.000000
0.005 0.006 0.000000
0.006 0.007 0.000000
0.007 0.008 0.000000
0.008 0.009 0.000000
0.009 0.010 0.000000
0.010 0.011 0.000000
0.011 0.012 0.000000
0.012 0.013 0.000000
0.013 0.014 0.000000
0.014 0.015 0.000000
0.015 0.016 0.000000
0.016 0.017 0.000000
0.017 0.018 0.000000
0.018 0.019 0.000000
0.019 0.020 0.000000
0.020 0.021 0.000000
0.021 0.022 0.000001
0.022 0.023 0.000005
0.023 0.024 0.000024
0.024 0.025 0.000085
0.025 0.026 0.000255
0.026 0.027 0.000650
0.027 0.028 0.001469
0.028 0.029 0.002993
0.029 0.030 0.005530
0.030 0.031 0.009485
0.031 0.032 0.015201
0.032 0.033 0.023006
0.033 0.034 0.033174
0.034 0.035 0.045882
0.035 0.036 0.061029
0.036 0.037 0.078649
0.037 0.038 0.098588
0.038 0.039 0.120061
0.039 0.040 0.143246
0.040 0.041 0.167674
0.041 0.042 0.192541
0.042 0.043 0.218240
0.043 0.044 0.243654
0.044 0.045 0.268872
0.045 0.046 0.293365
0.046 0.047 0.316340
0.047 0.048 0.339777
0.048 0.049 0.361767
0.049 0.050 0.380553
0.050 0.051 0.397718
0.051 0.052 0.414752
0.052 0.053 0.430027
0.053 0.054 0.442152
0.054 0.055 0.452556
0.055 0.056 0.462852
0.056 0.057 0.471012
0.057 0.058 0.651518
0.058 0.059 1.000000
0.059 0.060 0.834483
0.060 0.061 0.502349
0.061 0.062 0.504221
0.062 0.063 0.485954
0.063 0.064 0.483085
0.064 0.065 0.478492
0.065 0.066 0.474950
0.066 0.067 0.629276
0.067 0.068 0.627559
0.068 0.069 0.493029
0.069 0.070 0.446874
0.070 0.071 0.370235
0.071 0.072 0.365185
0.072 0.073 0.357438
0.073 0.074 0.353658
0.074 0.075 0.348697
0.075 0.076 0.341879
0.076 0.077 0.332044
0.077 0.078 0.323577
0.078 0.079 0.318656
0.079 0.080 0.311960
0.080 0.081 0.301074
0.081 0.082 0.291437
0.082 0.083 0.282859
0.083 0.084 0.274692
0.084 0.085 0.267278
0.085 0.086 0.260593
0.086 0.087 0.251203
0.087 0.088 0.245045
0.088 0.089 0.237111
0.089 0.090 0.226250
0.090 0.091 0.216347
0.091 0.092 0.201744
0.092 0.093 0.194142
0.093 0.094 0.190693
0.094 0.095 0.182773
0.095 0.096 0.175010
0.096 0.097 0.166496
0.097 0.098 0.155720
0.098 0.099 0.145745
0.099 0.100 0.137689
0.100 0.101 0.131293
0.101 0.102 0.122744
0.102 0.103 0.114368
0.103 0.104 0.108082
0.104 0.105 0.102786
0.105 0.106 0.095927
0.106 0.107 0.089314
0.107 0.108 0.081143
0.108 0.109 0.074119
0.109 0.110 0.065801
0.110 0.111 0.060343
0.111 0.112 0.055927
0.112 0.113 0.049855
0.113 0.114 0.044746
0.114 0.115 0.039737
0.115 0.116 0.033870
0.116 0.117 0.027726
0.117 0.118 0.023522
0.118 0.119 0.017838
0.119 0.120 0.014849
0.120 0.121 0.013152
0.121 0.122 0.008758
0.122 0.123 0.006586
0.123 0.124 0.004309
0.124 0.125 0.001142
0.125 0.126 0.000000
0.126 0.127 0.000000
0.127 0.128 0.000000
0.128 0.129 0.000000
0.129 0.130 0.000000
0.130 0.131 0.000000
0.131 0.132 0.000000
0.132 0.133 0.000000
0.133 0.134 0.000000
0.134 0.135 0.000000
0.135 0.136 0.000000
0.136 0.137 0.000000
0.137 0.138 0.000000
0.138 0.139 0.000000
0.139 0.140 0.000000
0.140 0.141 0.000000
0.141 0.142 0.000000
0.142 0.143 0.000000
0.143 0.144 0.000000
0.144 0.145 0.000000
0.145 0.146 0.000000
0.146 0.147 0.000000
0.147 0.148 0.000000
0.148 0.149 0.000000
0.149 0.150 0.000000
