1
0.000 0.001 0.000000
0.001 0.002 0.000000
0.002 0.003 0.000000
0.003 0.004 0.000000
0.004 0.005 0.000000
0.005 0.006 0.000000
0.006 0.007 0.000000
0.007 0.008 0.000000
0.008 0.009 0.000000
0.009 0.010 0.000000
0.010 0.011 0.000000
0.011 0.012 0.000000
0.012 0.013 0.000000
0.013 0.014 0.000000
0.014 0.015 0.000000
0.015 0.016 0.000005
0.016 0.017 0.000045
0.017 0.018 0.000254
0.018 0.019 0.001033
0.019 0.020 0.003249
0.020 0.021 0.008368
0.021 0.022 0.018330
0.022 0.023 0.035144
0.023 0.024 0.060702
0.024 0.025 0.096286
0.025 0.026 0.141858
0.026 0.027 0.196723
0.027 0.028 0.260356
0.028 0.029 0.330581
0.029 0.030 0.404270
0.030 0.031 0.480388
0.031 0.032 0.554528
0.032 0.033 0.625705
0.033 0.034 0.692265
0.034 0.035 0.754446
0.035 0.036 0.809716
0.036 0.037 0.853146
0.037 0.038 0.896756
0.038 0.039 0.933486
0.039 0.040 0.960103
0.040 0.041 0.979494
0.041 0.042 0.993528
0.042 0.043 1.000000
0.043 0.044 0.999705
0.044 0.045 0.992531
0.045 0.046 0.981226
0.046 0.047 0.970235
0.047 0.048 0.956859
0.048 0.049 0.933836
0.049 0.050 0.907521
0.050 0.051 0.882291
0.051 0.052 0.854336
0.052 0.053 0.829298
0.053 0.054 0.805066
0.054 0.055 0.775056
0.055 0.056 0.737267
0.056 0.057 0.701952
0.057 0.058 0.727434
0.058 0.059 0.797847
0.059 0.060 0.712724
0.060 0.061 0.576971
0.061 0.062 0.545661
0.062 0.063 0.511076
0.063 0.064 0.477399
0.064 0.065 0.442989
0.065 0.066 0.402876
0.066 0.067 0.416008
0.067 0.068 0.390477
0.068 0.069 0.324132
0.069 0.070 0.283050
0.070 0.071 0.239928
0.071 0.072 0.219308
0.072 0.073 0.193318
0.073 0.074 0.172569
0.074 0.075 0.151721
0.075 0.076 0.127901
0.076 0.077 0.112162
0.077 0.078 0.093792
0.078 0.079 0.074305
0.079 0.080 0.056380
0.080 0.081 0.046305
0.081 0.082 0.033069
0.082 0.083 0.019301
0.083 0.084 0.013179
0.084 0.085 0.003654
0.085 0.086 0.000000
0.086 0.087 0.000000
0.087 0.088 0.000000
0.088 0.089 0.000000
0.089 0.090 0.000000
0.090 0.091 0.000000
0.091 0.092 0.000000
0.092 0.093 0.000000
0.093 0.094 0.000000
0.094 0.095 0.000000
0.095 0.096 0.000000
0.096 0.097 0.000000
0.097 0.098 0.000000
0.098 0.099 0.000000
0.099 0.100 0.000000
0.100 0.101 0.000000
0.101 0.102 0.000000
0.102 0.103 0.000000
0.103 0.104 0.000000
0.104 0.105 0.000000
0.105 0.106 0.000000
0.106 0.107 0.000000
0.107 0.108 0.000000
0.108 0.109 0.000000
0.109 0.110 0.000000
0.110 0.111 0.000000
0.111 0.112 0.000000
0.112 0.113 0.000000
0.113 0.114 0.000000
0.114 0.115 0.000000
0.115 0.116 0.000000
0.116 0.117 0.000000
0.117 0.118 0.000000
0.118 0.119 0.000000
0.119 0.120 0.000000
0.120 0.121 0.000000
0.121 0.122 0.000000
0.122 0.123 0.000000
0.123 0.124 0.000000
0.124 0.125 0.000000
0.125 0.126 0.000000
0.126 0.127 0.000000
0.127 0.128 0.000000
0.128 0.129 0.000000
0.129 0.130 0.000000
0.130 0.131 0.000000
0.131 0.132 0.000000
0.132 0.133 0.000000
0.133 0.134 0.000000
0.134 0.135 0.000000
0.135 0.136 0.000000
0.136 0.137 0.000000
0.137 0.138 0.000000
0.138 0.139 0.000000
0.139 0.140 0.000000
0.140 0.141 0.000000
0.141 0.142 0.000000
0.142 0.143 0.000000
0.143 0.144 0.000000
0.144 0.145 0.000000
0.145 0.146 0.000000
0.146 0.147 0.000000
0.147 0.148 0.000000
0.148 0.149 0.000000
0.149 0.150 0.000000
