1
0.000 0.001 0.000000
0.001 0.002 0.000000
0.002 0.003 0.000000
0.003 0.004 0.000000
0.004 0.005 0.000000
0.005 0.006 0.000000
0.006 0.007 0.000000
0.007 0.008 0.000000
0.008 0.009 0.000000
0.009 0.010 0.000000
0.010 0.011 0.000000
0.011 0.012 0.000000
0.012 0.013 0.000000
0.013 0.014 0.000000
0.014 0.015 0.000000
0.015 0.016 0.000000
0.016 0.017 0.000000
0.017 0.018 0.000001
0.018 0.019 0.000006
0.019 0.020 0.000030
0.020 0.021 0.000120
0.021 0.022 0.000388
0.022 0.023 0.001042
0.023 0.024 0.002405
0.024 0.025 0.004899
0.025 0.026 0.008979
0.026 0.027 0.015118
0.027 0.028 0.023809
0.028 0.029 0.035226
0.029 0.030 0.049265
0.030 0.031 0.066144
0.031 0.032 0.085694
0.032 0.033 0.107247
0.033 0.034 0.130199
0.034 0.035 0.155058
0.035 0.036 0.180907
0.036 0.037 0.206534
0.037 0.038 0.232171
0.038 0.039 0.256151
0.039 0.040 0.279086
0.040 0.041 0.302161
0.041 0.042 0.323208
0.042 0.043 0.343687
0.043 0.044 0.361869
0.044 0.045 0.379170
0.045 0.046 0.394387
0.046 0.047 0.405245
0.047 0.048 0.417951
0.048 0.049 0.430433
0.049 0.050 0.437549
0.050 0.051 0.441948
0.051 0.052 0.448242
0.052 0.053 0.455419
0.053 0.054 0.458069
0.054 0.055 0.458497
0.055 0.056 0.461768
0.056 0.057 0.464620
0.057 0.058 0.648878
0.058 0.059 1.000000
0.059 0.060 0.810879
0.060 0.061 0.463799
0.061 0.062 0.460346
0.062 0.063 0.438956
0.063 0.064 0.431850
0.064 0.065 0.423533
0.065 0.066 0.418784
0.066 0.067 0.558453
0.067 0.068 0.553076
0.068 0.069 0.430272
0.069 0.070 0.388700
0.070 0.071 0.318151
0.071 0.072 0.311164
0.072 0.073 0.303223
0.073 0.074 0.300660
0.074 0.075 0.296364
0.075 0.076 0.290060
0.076 0.077 0.280717
0.077 0.078 0.273158
0.078 0.079 0.270339
0.079 0.080 0.265289
0.080 0.081 0.256731
0.081 0.082 0.247592
0.082 0.083 0.239855
0.083 0.084 0.232269
0.084 0.085 0.225593
0.085 0.086 0.220026
0.086 0.087 0.211634
0.087 0.088 0.206835
0.088 0.089 0.201771
0.089 0.090 0.192816
0.090 0.091 0.183495
0.091 0.092 0.171583
0.092 0.093 0.164297
0.093 0.094 0.161076
0.094 0.095 0.153407
0.095 0.096 0.145961
0.096 0.097 0.137409
0.097 0.098 0.126961
0.098 0.099 0.116412
0.099 0.100 0.108634
0.100 0.101 0.104103
0.101 0.102 0.097420
0.102 0.103 0.087235
0.103 0.104 0.079467
0.104 0.105 0.074011
0.105 0.106 0.066999
0.106 0.107 0.059516
0.107 0.108 0.050510
0.108 0.109 0.042512
0.109 0.110 0.033839
0.110 0.111 0.025792
0.111 0.112 0.019022
0.112 0.113 0.011078
0.113 0.114 0.000572
0.114 0.115 0.000000
0.115 0.116 0.000000
0.116 0.117 0.000000
0.117 0.118 0.000000
0.118 0.119 0.000000
0.119 0.120 0.000000
0.120 0.121 0.000000
0.121 0.122 0.000000
0.122 0.123 0.000000
0.123 0.124 0.000000
0.124 0.125 0.000000
0.125 0.126 0.000000
0.126 0.127 0.000000
0.127 0.128 0.000000
0.128 0.129 0.000000
0.129 0.130 0.000000
0.130 0.131 0.000000
0.131 0.132 0.000000
0.132 0.133 0.000000
0.133 0.134 0.000000
0.134 0.135 0.000000
0.135 0.136 0.000000
0.136 0.137 0.000000
0.137 0.138 0.000000
0.138 0.139 0.000000
0.139 0.140 0.000000
0.140 0.141 0.000000
0.141 0.142 0.000000
0.142 0.143 0.000000
0.143 0.144 0.000000
0.144 0.145 0.000000
0.145 0.146 0.000000
0.146 0.147 0.000000
0.147 0.148 0.000000
0.148 0.149 0.000000
0.149 0.150 0.000000
