1
0.000 0.001 0.000000
0.001 0.002 0.000000
0.002 0.003 0.000000
0.003 0.004 0.000000
0.004 0.005 0.000000
0.005 0.006 0.000000
0.006 0.007 0.000000
0.007 0.008 0.000000
0.008 0.009 0.000000
0.009 0.010 0.000000
0.010 0.011 0.000000
0.011 0.012 0.000000
0.012 0.013 0.000000
0.013 0.014 0.000000
0.014 0.015 0.000000
0.015 0.016 0.000000
0.016 0.017 0.000000
0.017 0.018 0.000000
0.018 0.019 0.000001
0.019 0.020 0.000010
0.020 0.021 0.000047
0.021 0.022 0.000175
0.022 0.023 0.000525
0.023 0.024 0.001331
0.024 0.025 0.002941
0.025 0.026 0.005783
0.026 0.027 0.010305
0.027 0.028 0.017016
0.028 0.029 0.026279
0.029 0.030 0.038109
0.030 0.031 0.052749
0.031 0.032 0.069980
0.032 0.033 0.089526
0.033 0.034 0.111115
0.034 0.035 0.134021
0.035 0.036 0.158504
0.036 0.037 0.183817
0.037 0.038 0.209594
0.038 0.039 0.234514
0.039 0.040 0.258928
0.040 0.041 0.282462
0.041 0.042 0.304701
0.042 0.043 0.326066
0.043 0.044 0.345461
0.044 0.045 0.363679
0.045 0.046 0.378607
0.046 0.047 0.391826
0.047 0.048 0.405949
0.048 0.049 0.416743
0.049 0.050 0.422912
0.050 0.051 0.429622
0.051 0.052 0.437103
0.052 0.053 0.439909
0.053 0.054 0.442997
0.054 0.055 0.445485
0.055 0.056 0.448190
0.056 0.057 0.450156
0.057 0.058 0.638316
0.058 0.059 1.000000
0.059 0.060 0.810097
0.060 0.061 0.455038
0.061 0.062 0.451414
0.062 0.063 0.427196
0.063 0.064 0.421115
0.064 0.065 0.413959
0.065 0.066 0.406744
0.066 0.067 0.551405
0.067 0.068 0.545778
0.068 0.069 0.416825
0.069 0.070 0.373720
0.070 0.071 0.301439
0.071 0.072 0.296893
0.072 0.073 0.290144
0.073 0.074 0.285219
0.074 0.075 0.280631
0.075 0.076 0.275143
0.076 0.077 0.267596
0.077 0.078 0.261551
0.078 0.079 0.256821
0.079 0.080 0.251638
0.080 0.081 0.245462
0.081 0.082 0.237501
0.082 0.083 0.229678
0.083 0.084 0.222282
0.084 0.085 0.215707
0.085 0.086 0.208660
0.086 0.087 0.203259
0.087 0.088 0.199398
0.088 0.089 0.193733
0.089 0.090 0.186647
0.090 0.091 0.180328
0.091 0.092 0.171861
0.092 0.093 0.165606
0.093 0.094 0.162000
0.094 0.095 0.155856
0.095 0.096 0.150058
0.096 0.097 0.144134
0.097 0.098 0.136532
0.098 0.099 0.129640
0.099 0.100 0.123593
0.100 0.101 0.119442
0.101 0.102 0.114816
0.102 0.103 0.109476
0.103 0.104 0.105328
0.104 0.105 0.100856
0.105 0.106 0.095389
0.106 0.107 0.090648
0.107 0.108 0.084947
0.108 0.109 0.080303
0.109 0.110 0.075813
0.110 0.111 0.071053
0.111 0.112 0.066715
0.112 0.113 0.060367
0.113 0.114 0.056143
0.114 0.115 0.052835
0.115 0.116 0.049288
0.116 0.117 0.045373
0.117 0.118 0.041734
0.118 0.119 0.036949
0.119 0.120 0.033696
0.120 0.121 0.031770
0.121 0.122 0.027956
0.122 0.123 0.025761
0.123 0.124 0.023427
0.124 0.125 0.020514
0.125 0.126 0.017585
0.126 0.127 0.015332
0.127 0.128 0.012616
0.128 0.129 0.010153
0.129 0.130 0.007255
0.130 0.131 0.005614
0.131 0.132 0.004545
0.132 0.133 0.003166
0.133 0.134 0.001158
0.134 0.135 0.000673
0.135 0.136 0.000000
0.136 0.137 0.000000
0.137 0.138 0.000000
0.138 0.139 0.000000
0.139 0.140 0.000000
0.140 0.141 0.000000
0.141 0.142 0.000000
0.142 0.143 0.000000
0.143 0.144 0.000000
0.144 0.145 0.000000
0.145 0.146 0.000000
0.146 0.147 0.000000
0.147 0.148 0.000000
0.148 0.149 0.000000
0.149 0.150 0.000000
