1
0.000 0.001 0.000000
0.001 0.002 0.000000
0.002 0.003 0.000000
0.003 0.004 0.000000
0.004 0.005 0.000000
0.005 0.006 0.000000
0.006 0.007 0.000000
0.007 0.008 0.000000
0.008 0.009 0.000000
0.009 0.010 0.000000
0.010 0.011 0.000000
0.011 0.012 0.000000
0.012 0.013 0.000000
0.013 0.014 0.000000
0.014 0.015 0.000000
0.015 0.016 0.000000
0.016 0.017 0.000004
0.017 0.018 0.000029
0.018 0.019 0.000137
0.019 0.020 0.000488
0.020 0.021 0.001407
0.021 0.022 0.003415
0.022 0.023 0.007205
0.023 0.024 0.013566
0.024 0.025 0.023247
0.025 0.026 0.036664
0.026 0.027 0.054179
0.027 0.028 0.076117
0.028 0.029 0.102159
0.029 0.030 0.131650
0.030 0.031 0.163381
0.031 0.032 0.197055
0.032 0.033 0.232532
0.033 0.034 0.268155
0.034 0.035 0.303657
0.035 0.036 0.339655
0.036 0.037 0.373478
0.037 0.038 0.401425
0.038 0.039 0.428651
0.039 0.040 0.456597
0.040 0.041 0.479419
0.041 0.042 0.499162
0.042 0.043 0.519233
0.043 0.044 0.534283
0.044 0.045 0.547816
0.045 0.046 0.559980
0.046 0.047 0.566195
0.047 0.048 0.573312
0.048 0.049 0.580234
0.049 0.050 0.579406
0.050 0.051 0.578932
0.051 0.052 0.581442
0.052 0.053 0.581763
0.053 0.054 0.577707
0.054 0.055 0.570913
0.055 0.056 0.566527
0.056 0.057 0.564112
0.057 0.058 0.713686
0.058 0.059 1.000000
0.059 0.060 0.831424
0.060 0.061 0.533384
0.061 0.062 0.523153
0.062 0.063 0.497290
0.063 0.064 0.482433
0.064 0.065 0.470092
0.065 0.066 0.460741
0.066 0.067 0.567568
0.067 0.068 0.556250
0.068 0.069 0.446516
0.069 0.070 0.404447
0.070 0.071 0.343899
0.071 0.072 0.332605
0.072 0.073 0.318191
0.073 0.074 0.312720
0.074 0.075 0.305674
0.075 0.076 0.291921
0.076 0.077 0.276617
0.077 0.078 0.265128
0.078 0.079 0.258674
0.079 0.080 0.250108
0.080 0.081 0.238183
0.081 0.082 0.224828
0.082 0.083 0.211343
0.083 0.084 0.196742
0.084 0.085 0.184759
0.085 0.086 0.174460
0.086 0.087 0.162950
0.087 0.088 0.152172
0.088 0.089 0.140672
0.089 0.090 0.128081
0.090 0.091 0.113763
0.091 0.092 0.100958
0.092 0.093 0.089677
0.093 0.094 0.078460
0.094 0.095 0.066507
0.095 0.096 0.055237
0.096 0.097 0.041591
0.097 0.098 0.028128
0.098 0.099 0.015458
0.099 0.100 0.007088
0.100 0.101 0.000866
0.101 0.102 0.000000
0.102 0.103 0.000000
0.103 0.104 0.000000
0.104 0.105 0.000000
0.105 0.106 0.000000
0.106 0.107 0.000000
0.107 0.108 0.000000
0.108 0.109 0.000000
0.109 0.110 0.000000
0.110 0.111 0.000000
0.111 0.112 0.000000
0.112 0.113 0.000000
0.113 0.114 0.000000
0.114 0.115 0.000000
0.115 0.116 0.000000
0.116 0.117 0.000000
0.117 0.118 0.000000
0.118 0.119 0.000000
0.119 0.120 0.000000
0.120 0.121 0.000000
0.121 0.122 0.000000
0.122 0.123 0.000000
0.123 0.124 0.000000
0.124 0.125 0.000000
0.125 0.126 0.000000
0.126 0.127 0.000000
0.127 0.128 0.000000
0.128 0.129 0.000000
0.129 0.130 0.000000
0.130 0.131 0.000000
0.131 0.132 0.000000
0.132 0.133 0.000000
0.133 0.134 0.000000
0.134 0.135 0.000000
0.135 0.136 0.000000
0.136 0.137 0.000000
0.137 0.138 0.000000
0.138 0.139 0.000000
0.139 0.140 0.000000
0.140 0.141 0.000000
0.141 0.142 0.000000
0.142 0.143 0.000000
0.143 0.144 0.000000
0.144 0.145 0.000000
0.145 0.146 0.000000
0.146 0.147 0.000000
0.147 0.148 0.000000
0.148 0.149 0.000000
0.149 0.150 0.000000
