1
0.000 0.001 0.000000
0.001 0.002 0.000000
0.002 0.003 0.000000
0.003 0.004 0.000000
0.004 0.005 0.000000
0.005 0.006 0.000000
0.006 0.007 0.000000
0.007 0.008 0.000000
0.008 0.009 0.000000
0.009 0.010 0.000000
0.010 0.011 0.000000
0.011 0.012 0.000000
0.012 0.013 0.000000
0.013 0.014 0.000000
0.014 0.015 0.000000
0.015 0.016 0.000000
0.016 0.017 0.000000
0.017 0.018 0.000000
0.018 0.019 0.000000
0.019 0.020 0.000000
0.020 0.021 0.000000
0.021 0.022 0.000003
0.022 0.023 0.000016
0.023 0.024 0.000063
0.024 0.025 0.000200
0.025 0.026 0.000539
0.026 0.027 0.001260
0.027 0.028 0.002638
0.028 0.029 0.005009
0.029 0.030 0.008684
0.030 0.031 0.014122
0.031 0.032 0.021590
0.032 0.033 0.031250
0.033 0.034 0.043490
0.034 0.035 0.058191
0.035 0.036 0.075182
0.036 0.037 0.094307
0.037 0.038 0.115721
0.038 0.039 0.138136
0.039 0.040 0.161581
0.040 0.041 0.186097
0.041 0.042 0.210389
0.042 0.043 0.234862
0.043 0.044 0.259134
0.044 0.045 0.283008
0.045 0.046 0.304520
0.046 0.047 0.324763
0.047 0.048 0.345613
0.048 0.049 0.363946
0.049 0.050 0.378197
0.050 0.051 0.393762
0.051 0.052 0.409474
0.052 0.053 0.422634
0.053 0.054 0.433139
0.054 0.055 0.441994
0.055 0.056 0.451208
0.056 0.057 0.459721
0.057 0.058 0.644431
0.058 0.059 1.000000
0.059 0.060 0.825408
0.060 0.061 0.483071
0.061 0.062 0.483328
0.062 0.063 0.463085
0.063 0.064 0.459158
0.064 0.065 0.453708
0.065 0.066 0.449144
0.066 0.067 0.601352
0.067 0.068 0.600620
0.068 0.069 0.468616
0.069 0.070 0.425771
0.070 0.071 0.349531
0.071 0.072 0.344860
0.072 0.073 0.337596
0.073 0.074 0.333493
0.074 0.075 0.328817
0.075 0.076 0.322712
0.076 0.077 0.313824
0.077 0.078 0.306332
0.078 0.079 0.301438
0.079 0.080 0.295329
0.080 0.081 0.286979
0.081 0.082 0.275791
0.082 0.083 0.268245
0.083 0.084 0.261055
0.084 0.085 0.254763
0.085 0.086 0.249057
0.086 0.087 0.241375
0.087 0.088 0.236429
0.088 0.089 0.229400
0.089 0.090 0.220020
0.090 0.091 0.211818
0.091 0.092 0.200157
0.092 0.093 0.192034
0.093 0.094 0.187657
0.094 0.095 0.179346
0.095 0.096 0.170220
0.096 0.097 0.163642
0.097 0.098 0.154903
0.098 0.099 0.147058
0.099 0.100 0.140759
0.100 0.101 0.135403
0.101 0.102 0.129245
0.102 0.103 0.121134
0.103 0.104 0.114912
0.104 0.105 0.109194
0.105 0.106 0.101965
0.106 0.107 0.095242
0.107 0.108 0.086250
0.108 0.109 0.081052
0.109 0.110 0.075599
0.110 0.111 0.070253
0.111 0.112 0.065767
0.112 0.113 0.059538
0.113 0.114 0.054146
0.114 0.115 0.049203
0.115 0.116 0.043568
0.116 0.117 0.037350
0.117 0.118 0.033266
0.118 0.119 0.027538
0.119 0.120 0.024558
0.120 0.121 0.023202
0.121 0.122 0.019791
0.122 0.123 0.016270
0.123 0.124 0.011760
0.124 0.125 0.009251
0.125 0.126 0.006775
0.126 0.127 0.004707
0.127 0.128 0.001780
0.128 0.129 0.001044
0.129 0.130 0.000000
0.130 0.131 0.000000
0.131 0.132 0.000000
0.132 0.133 0.000000
0.133 0.134 0.000000
0.134 0.135 0.000000
0.135 0.136 0.000000
0.136 0.137 0.000000
0.137 0.138 0.000000
0.138 0.139 0.000000
0.139 0.140 0.000000
0.140 0.141 0.000000
0.141 0.142 0.000000
0.142 0.143 0.000000
0.143 0.144 0.000000
0.144 0.145 0.000000
0.145 0.146 0.000000
0.146 0.147 0.000000
0.147 0.148 0.000000
0.148 0.149 0.000000
0.149 0.150 0.000000
