1
0.000 0.001 0.000000
0.001 0.002 0.000000
0.002 0.003 0.000000
0.003 0.004 0.000000
0.004 0.005 0.000000
0.005 0.006 0.000000
0.006 0.007 0.000000
0.007 0.008 0.000000
0.008 0.009 0.000000
0.009 0.010 0.000000
0.010 0.011 0.000000
0.011 0.012 0.000000
0.012 0.013 0.000000
0.013 0.014 0.000000
0.014 0.015 0.000000
0.015 0.016 0.000000
0.016 0.017 0.000000
0.017 0.018 0.000000
0.018 0.019 0.000000
0.019 0.020 0.000001
0.020 0.021 0.000003
0.021 0.022 0.000017
0.022 0.023 0.000065
0.023 0.024 0.000202
0.024 0.025 0.000535
0.025 0.026 0.001237
0.026 0.027 0.002542
0.027 0.028 0.004769
0.028 0.029 0.008258
0.029 0.030 0.013232
0.030 0.031 0.020093
0.031 0.032 0.028932
0.032 0.033 0.039857
0.033 0.034 0.053002
0.034 0.035 0.068110
0.035 0.036 0.084543
0.036 0.037 0.102844
0.037 0.038 0.123096
0.038 0.039 0.143374
0.039 0.040 0.164388
0.040 0.041 0.185801
0.041 0.042 0.206221
0.042 0.043 0.227215
0.043 0.044 0.247732
0.044 0.045 0.267647
0.045 0.046 0.285853
0.046 0.047 0.302608
0.047 0.048 0.320452
0.048 0.049 0.336545
0.049 0.050 0.349534
0.050 0.051 0.361204
0.051 0.052 0.373444
0.052 0.053 0.383930
0.053 0.054 0.391617
0.054 0.055 0.399168
0.055 0.056 0.407896
0.056 0.057 0.414707
0.057 0.058 0.614968
0.058 0.059 1.000000
0.059 0.060 0.808901
0.060 0.061 0.440292
0.061 0.062 0.441366
0.062 0.063 0.421148
0.063 0.064 0.419944
0.064 0.065 0.416135
0.065 0.066 0.413549
0.066 0.067 0.577077
0.067 0.068 0.576456
0.068 0.069 0.441094
0.069 0.070 0.398889
0.070 0.071 0.320912
0.071 0.072 0.317925
0.072 0.073 0.313602
0.073 0.074 0.310475
0.074 0.075 0.306897
0.075 0.076 0.303798
0.076 0.077 0.297852
0.077 0.078 0.292929
0.078 0.079 0.290657
0.079 0.080 0.286744
0.080 0.081 0.280353
0.081 0.082 0.273040
0.082 0.083 0.266905
0.083 0.084 0.261761
0.084 0.085 0.256880
0.085 0.086 0.252310
0.086 0.087 0.245326
0.087 0.088 0.242009
0.088 0.089 0.236531
0.089 0.090 0.228294
0.090 0.091 0.222213
0.091 0.092 0.211124
0.092 0.093 0.204368
0.093 0.094 0.202559
0.094 0.095 0.195842
0.095 0.096 0.189106
0.096 0.097 0.182596
0.097 0.098 0.173591
0.098 0.099 0.166637
0.099 0.100 0.160132
0.100 0.101 0.153514
0.101 0.102 0.147368
0.102 0.103 0.138926
0.103 0.104 0.132770
0.104 0.105 0.127241
0.105 0.106 0.120051
0.106 0.107 0.113439
0.107 0.108 0.105015
0.108 0.109 0.098002
0.109 0.110 0.090358
0.110 0.111 0.083178
0.111 0.112 0.077427
0.112 0.113 0.069410
0.113 0.114 0.062811
0.114 0.115 0.056329
0.115 0.116 0.048559
0.116 0.117 0.041649
0.117 0.118 0.033998
0.118 0.119 0.024139
0.119 0.120 0.018165
0.120 0.121 0.014884
0.121 0.122 0.009214
0.122 0.123 0.005121
0.123 0.124 0.000531
0.124 0.125 0.000000
0.125 0.126 0.000000
0.126 0.127 0.000000
0.127 0.128 0.000000
0.128 0.129 0.000000
0.129 0.130 0.000000
0.130 0.131 0.000000
0.131 0.132 0.000000
0.132 0.133 0.000000
0.133 0.134 0.000000
0.134 0.135 0.000000
0.135 0.136 0.000000
0.136 0.137 0.000000
0.137 0.138 0.000000
0.138 0.139 0.000000
0.139 0.140 0.000000
0.140 0.141 0.000000
0.141 0.142 0.000000
0.142 0.143 0.000000
0.143 0.144 0.000000
0.144 0.145 0.000000
0.145 0.146 0.000000
0.146 0.147 0.000000
0.147 0.148 0.000000
0.148 0.149 0.000000
0.149 0.150 0.000000
