1
0.000 0.001 0.000000
0.001 0.002 0.000000
0.002 0.003 0.000000
0.003 0.004 0.000000
0.004 0.005 0.000000
0.005 0.006 0.000000
0.006 0.007 0.000000
0.007 0.008 0.000000
0.008 0.009 0.000000
0.009 0.010 0.000000
0.010 0.011 0.000000
0.011 0.012 0.000000
0.012 0.013 0.000000
0.013 0.014 0.000000
0.014 0.015 0.000000
0.015 0.016 0.000000
0.016 0.017 0.000000
0.017 0.018 0.000000
0.018 0.019 0.000000
0.019 0.020 0.000000
0.020 0.021 0.000000
0.021 0.022 0.000001
0.022 0.023 0.000006
0.023 0.024 0.000025
0.024 0.025 0.000090
0.025 0.026 0.000263
0.026 0.027 0.000664
0.027 0.028 0.001485
0.028 0.029 0.002996
0.029 0.030 0.005485
0.030 0.031 0.009324
0.031 0.032 0.014859
0.032 0.033 0.022385
0.033 0.034 0.032123
0.034 0.035 0.044254
0.035 0.036 0.058766
0.036 0.037 0.075562
0.037 0.038 0.094385
0.038 0.039 0.114608
0.039 0.040 0.136542
0.040 0.041 0.159794
0.041 0.042 0.183410
0.042 0.043 0.208154
0.043 0.044 0.232706
0.044 0.045 0.257440
0.045 0.046 0.281340
0.046 0.047 0.302992
0.047 0.048 0.325764
0.048 0.049 0.348295
0.049 0.050 0.366635
0.050 0.051 0.383330
0.051 0.052 0.401306
0.052 0.053 0.418477
0.053 0.054 0.431690
0.054 0.055 0.442912
0.055 0.056 0.455660
0.056 0.057 0.467682
0.057 0.058 0.650080
0.058 0.059 1.000000
0.059 0.060 0.832859
0.060 0.061 0.500036
0.061 0.062 0.503050
0.062 0.063 0.486497
0.063 0.064 0.484326
0.064 0.065 0.481108
0.065 0.066 0.480660
0.066 0.067 0.636562
0.067 0.068 0.636556
0.068 0.069 0.504533
0.069 0.070 0.460805
0.070 0.071 0.384598
0.071 0.072 0.379053
0.072 0.073 0.371261
0.073 0.074 0.369551
0.074 0.075 0.365820
0.075 0.076 0.358622
0.076 0.077 0.348052
0.077 0.078 0.339810
0.078 0.079 0.336897
0.079 0.080 0.331185
0.080 0.081 0.320994
0.081 0.082 0.309416
0.082 0.083 0.299113
0.083 0.084 0.288717
0.084 0.085 0.279538
0.085 0.086 0.271650
0.086 0.087 0.260427
0.087 0.088 0.252747
0.088 0.089 0.244076
0.089 0.090 0.231569
0.090 0.091 0.218386
0.091 0.092 0.203403
0.092 0.093 0.193223
0.093 0.094 0.187065
0.094 0.095 0.175455
0.095 0.096 0.166221
0.096 0.097 0.155418
0.097 0.098 0.142475
0.098 0.099 0.129444
0.099 0.100 0.119024
0.100 0.101 0.113697
0.101 0.102 0.105970
0.102 0.103 0.094820
0.103 0.104 0.085412
0.104 0.105 0.079862
0.105 0.106 0.072698
0.106 0.107 0.065237
0.107 0.108 0.055606
0.108 0.109 0.048912
0.109 0.110 0.041561
0.110 0.111 0.034166
0.111 0.112 0.029690
0.112 0.113 0.024083
0.113 0.114 0.018561
0.114 0.115 0.014614
0.115 0.116 0.009517
0.116 0.117 0.006618
0.117 0.118 0.003087
0.118 0.119 0.000714
0.119 0.120 0.000000
0.120 0.121 0.000000
0.121 0.122 0.000000
0.122 0.123 0.000000
0.123 0.124 0.000000
0.124 0.125 0.000000
0.125 0.126 0.000000
0.126 0.127 0.000000
0.127 0.128 0.000000
0.128 0.129 0.000000
0.129 0.130 0.000000
0.130 0.131 0.000000
0.131 0.132 0.000000
0.132 0.133 0.000000
0.133 0.134 0.000000
0.134 0.135 0.000000
0.135 0.136 0.000000
0.136 0.137 0.000000
0.137 0.138 0.000000
0.138 0.139 0.000000
0.139 0.140 0.000000
0.140 0.141 0.000000
0.141 0.142 0.000000
0.142 0.143 0.000000
0.143 0.144 0.000000
0.144 0.145 0.000000
0.145 0.146 0.000000
0.146 0.147 0.000000
0.147 0.148 0.000000
0.148 0.149 0.000000
0.149 0.150 0.000000
