1
0.000 0.001 0.000000
0.001 0.002 0.000000
0.002 0.003 0.000000
0.003 0.004 0.000000
0.004 0.005 0.000000
0.005 0.006 0.000000
0.006 0.007 0.000000
0.007 0.008 0.000000
0.008 0.009 0.000000
0.009 0.010 0.000000
0.010 0.011 0.000000
0.011 0.012 0.000000
0.012 0.013 0.000000
0.013 0.014 0.000000
0.014 0.015 0.000000
0.015 0.016 0.000003
0.016 0.017 0.000021
0.017 0.018 0.000113
0.018 0.019 0.000440
0.019 0.020 0.001358
0.020 0.021 0.003468
0.021 0.022 0.007604
0.022 0.023 0.014727
0.023 0.024 0.025728
0.024 0.025 0.041400
0.025 0.026 0.061971
0.026 0.027 0.087426
0.027 0.028 0.117858
0.028 0.029 0.152464
0.029 0.030 0.190210
0.030 0.031 0.229752
0.031 0.032 0.270167
0.032 0.033 0.312227
0.033 0.034 0.353166
0.034 0.035 0.391951
0.035 0.036 0.430137
0.036 0.037 0.464746
0.037 0.038 0.494398
0.038 0.039 0.523059
0.039 0.040 0.550770
0.040 0.041 0.572468
0.041 0.042 0.591185
0.042 0.043 0.608627
0.043 0.044 0.621704
0.044 0.045 0.633429
0.045 0.046 0.641201
0.046 0.047 0.645281
0.047 0.048 0.648605
0.048 0.049 0.650238
0.049 0.050 0.646507
0.050 0.051 0.643373
0.051 0.052 0.642474
0.052 0.053 0.637167
0.053 0.054 0.629110
0.054 0.055 0.620137
0.055 0.056 0.610995
0.056 0.057 0.601972
0.057 0.058 0.736864
0.058 0.059 1.000000
0.059 0.060 0.841142
0.060 0.061 0.561593
0.061 0.062 0.546929
0.062 0.063 0.518064
0.063 0.064 0.501068
0.064 0.065 0.485480
0.065 0.066 0.471583
0.066 0.067 0.565850
0.067 0.068 0.552532
0.068 0.069 0.447576
0.069 0.070 0.403636
0.070 0.071 0.344793
0.071 0.072 0.331944
0.072 0.073 0.315331
0.073 0.074 0.304937
0.074 0.075 0.293398
0.075 0.076 0.277628
0.076 0.077 0.261092
0.077 0.078 0.246588
0.078 0.079 0.235710
0.079 0.080 0.224000
0.080 0.081 0.209099
0.081 0.082 0.193368
0.082 0.083 0.178611
0.083 0.084 0.163001
0.084 0.085 0.151033
0.085 0.086 0.140160
0.086 0.087 0.127959
0.087 0.088 0.115734
0.088 0.089 0.105153
0.089 0.090 0.094171
0.090 0.091 0.081887
0.091 0.092 0.072237
0.092 0.093 0.063740
0.093 0.094 0.054691
0.094 0.095 0.047214
0.095 0.096 0.040183
0.096 0.097 0.031056
0.097 0.098 0.023898
0.098 0.099 0.015717
0.099 0.100 0.011144
0.100 0.101 0.007524
0.101 0.102 0.003659
0.102 0.103 0.000959
0.103 0.104 0.000000
0.104 0.105 0.000000
0.105 0.106 0.000000
0.106 0.107 0.000000
0.107 0.108 0.000000
0.108 0.109 0.000000
0.109 0.110 0.000000
0.110 0.111 0.000000
0.111 0.112 0.000000
0.112 0.113 0.000000
0.113 0.114 0.000000
0.114 0.115 0.000000
0.115 0.116 0.000000
0.116 0.117 0.000000
0.117 0.118 0.000000
0.118 0.119 0.000000
0.119 0.120 0.000000
0.120 0.121 0.000000
0.121 0.122 0.000000
0.122 0.123 0.000000
0.123 0.124 0.000000
0.124 0.125 0.000000
0.125 0.126 0.000000
0.126 0.127 0.000000
0.127 0.128 0.000000
0.128 0.129 0.000000
0.129 0.130 0.000000
0.130 0.131 0.000000
0.131 0.132 0.000000
0.132 0.133 0.000000
0.133 0.134 0.000000
0.134 0.135 0.000000
0.135 0.136 0.000000
0.136 0.137 0.000000
0.137 0.138 0.000000
0.138 0.139 0.000000
0.139 0.140 0.000000
0.140 0.141 0.000000
0.141 0.142 0.000000
0.142 0.143 0.000000
0.143 0.144 0.000000
0.144 0.145 0.000000
0.145 0.146 0.000000
0.146 0.147 0.000000
0.147 0.148 0.000000
0.148 0.149 0.000000
0.149 0.150 0.000000
