1
0.000 0.001 0.000000
0.001 0.002 0.000000
0.002 0.003 0.000000
0.003 0.004 0.000000
0.004 0.005 0.000000
0.005 0.006 0.000000
0.006 0.007 0.000000
0.007 0.008 0.000000
0.008 0.009 0.000000
0.009 0.010 0.000000
0.010 0.011 0.000000
0.011 0.012 0.000000
0.012 0.013 0.000000
0.013 0.014 0.000000
0.014 0.015 0.000000
0.015 0.016 0.000000
0.016 0.017 0.000000
0.017 0.018 0.000001
0.018 0.019 0.000004
0.019 0.020 0.000025
0.020 0.021 0.000109
0.021 0.022 0.000369
0.022 0.023 0.001030
0.023 0.024 0.002449
0.024 0.025 0.005122
0.025 0.026 0.009596
0.026 0.027 0.016411
0.027 0.028 0.026145
0.028 0.029 0.039138
0.029 0.030 0.055385
0.030 0.031 0.074912
0.031 0.032 0.097302
0.032 0.033 0.122348
0.033 0.034 0.149499
0.034 0.035 0.178210
0.035 0.036 0.207893
0.036 0.037 0.237736
0.037 0.038 0.267193
0.038 0.039 0.295245
0.039 0.040 0.322764
0.040 0.041 0.348999
0.041 0.042 0.373185
0.042 0.043 0.396490
0.043 0.044 0.417098
0.044 0.045 0.436614
0.045 0.046 0.453115
0.046 0.047 0.465803
0.047 0.048 0.479042
0.048 0.049 0.491035
0.049 0.050 0.498070
0.050 0.051 0.503235
0.051 0.052 0.509744
0.052 0.053 0.514930
0.053 0.054 0.516482
0.054 0.055 0.516143
0.055 0.056 0.516623
0.056 0.057 0.516378
0.057 0.058 0.681427
0.058 0.059 1.000000
0.059 0.060 0.826826
0.060 0.061 0.507086
0.061 0.062 0.500363
0.062 0.063 0.477006
0.063 0.064 0.466940
0.064 0.065 0.456139
0.065 0.066 0.447634
0.066 0.067 0.571838
0.067 0.068 0.563719
0.068 0.069 0.445706
0.069 0.070 0.402452
0.070 0.071 0.335003
0.071 0.072 0.325263
0.072 0.073 0.313235
0.073 0.074 0.306332
0.074 0.075 0.299028
0.075 0.076 0.289238
0.076 0.077 0.277178
0.077 0.078 0.266676
0.078 0.079 0.260217
0.079 0.080 0.252203
0.080 0.081 0.240353
0.081 0.082 0.229338
0.082 0.083 0.219613
0.083 0.084 0.210108
0.084 0.085 0.201424
0.085 0.086 0.193714
0.086 0.087 0.183679
0.087 0.088 0.175582
0.088 0.089 0.168945
0.089 0.090 0.159716
0.090 0.091 0.150269
0.091 0.092 0.139032
0.092 0.093 0.131166
0.093 0.094 0.125433
0.094 0.095 0.118454
0.095 0.096 0.111729
0.096 0.097 0.103931
0.097 0.098 0.094759
0.098 0.099 0.085527
0.099 0.100 0.078071
0.100 0.101 0.074532
0.101 0.102 0.069371
0.102 0.103 0.061895
0.103 0.104 0.056034
0.104 0.105 0.051620
0.105 0.106 0.045506
0.106 0.107 0.040913
0.107 0.108 0.035370
0.108 0.109 0.030470
0.109 0.110 0.024635
0.110 0.111 0.020807
0.111 0.112 0.017709
0.112 0.113 0.013913
0.113 0.114 0.010014
0.114 0.115 0.007539
0.115 0.116 0.004252
0.116 0.117 0.002738
0.117 0.118 0.000730
0.118 0.119 0.000000
0.119 0.120 0.000000
0.120 0.121 0.000000
0.121 0.122 0.000000
0.122 0.123 0.000000
0.123 0.124 0.000000
0.124 0.125 0.000000
0.125 0.126 0.000000
0.126 0.127 0.000000
0.127 0.128 0.000000
0.128 0.129 0.000000
0.129 0.130 0.000000
0.130 0.131 0.000000
0.131 0.132 0.000000
0.132 0.133 0.000000
0.133 0.134 0.000000
0.134 0.135 0.000000
0.135 0.136 0.000000
0.136 0.137 0.000000
0.137 0.138 0.000000
0.138 0.139 0.000000
0.139 0.140 0.000000
0.140 0.141 0.000000
0.141 0.142 0.000000
0.142 0.143 0.000000
0.143 0.144 0.000000
0.144 0.145 0.000000
0.145 0.146 0.000000
0.146 0.147 0.000000
0.147 0.148 0.000000
0.148 0.149 0.000000
0.149 0.150 0.000000
