1
0.000 0.001 0.000000
0.001 0.002 0.000000
0.002 0.003 0.000000
0.003 0.004 0.000000
0.004 0.005 0.000000
0.005 0.006 0.000000
0.006 0.007 0.000000
0.007 0.008 0.000000
0.008 0.009 0.000000
0.009 0.010 0.000000
0.010 0.011 0.000000
0.011 0.012 0.000000
0.012 0.013 0.000002
0.013 0.014 0.000031
0.014 0.015 0.000243
0.015 0.016 0.001203
0.016 0.017 0.004226
0.017 0.018 0.011459
0.018 0.019 0.025490
0.019 0.020 0.048703
0.020 0.021 0.082641
0.021 0.022 0.127559
0.022 0.023 0.181701
0.023 0.024 0.245762
0.024 0.025 0.315944
0.025 0.026 0.388889
0.026 0.027 0.462730
0.027 0.028 0.535658
0.028 0.029 0.604977
0.029 0.030 0.667924
0.030 0.031 0.723938
0.031 0.032 0.773828
0.032 0.033 0.817470
0.033 0.034 0.852984
0.034 0.035 0.880978
0.035 0.036 0.904095
0.036 0.037 0.915439
0.037 0.038 0.925944
0.038 0.039 0.933524
0.039 0.040 0.939394
0.040 0.041 0.938291
0.041 0.042 0.932189
0.042 0.043 0.925862
0.043 0.044 0.915181
0.044 0.045 0.902735
0.045 0.046 0.885685
0.046 0.047 0.865243
0.047 0.048 0.846078
0.048 0.049 0.825335
0.049 0.050 0.798778
0.050 0.051 0.774786
0.051 0.052 0.757657
0.052 0.053 0.737491
0.053 0.054 0.716898
0.054 0.055 0.694701
0.055 0.056 0.671970
0.056 0.057 0.650604
0.057 0.058 0.766798
0.058 0.059 1.000000
0.059 0.060 0.837112
0.060 0.061 0.566340
0.061 0.062 0.543244
0.062 0.063 0.507715
0.063 0.064 0.480476
0.064 0.065 0.460864
0.065 0.066 0.442763
0.066 0.067 0.521372
0.067 0.068 0.504142
0.068 0.069 0.405590
0.069 0.070 0.362943
0.070 0.071 0.308464
0.071 0.072 0.293002
0.072 0.073 0.274197
0.073 0.074 0.262060
0.074 0.075 0.247249
0.075 0.076 0.233623
0.076 0.077 0.219376
0.077 0.078 0.207062
0.078 0.079 0.197873
0.079 0.080 0.188066
0.080 0.081 0.176066
0.081 0.082 0.162345
0.082 0.083 0.149508
0.083 0.084 0.136640
0.084 0.085 0.123317
0.085 0.086 0.115457
0.086 0.087 0.106586
0.087 0.088 0.098349
0.088 0.089 0.089505
0.089 0.090 0.080332
0.090 0.091 0.070707
0.091 0.092 0.061448
0.092 0.093 0.051883
0.093 0.094 0.046440
0.094 0.095 0.040460
0.095 0.096 0.034873
0.096 0.097 0.028121
0.097 0.098 0.021194
0.098 0.099 0.012946
0.099 0.100 0.009519
0.100 0.101 0.007417
0.101 0.102 0.002886
0.102 0.103 0.001672
0.103 0.104 0.000000
0.104 0.105 0.000000
0.105 0.106 0.000000
0.106 0.107 0.000000
0.107 0.108 0.000000
0.108 0.109 0.000000
0.109 0.110 0.000000
0.110 0.111 0.000000
0.111 0.112 0.000000
0.112 0.113 0.000000
0.113 0.114 0.000000
0.114 0.115 0.000000
0.115 0.116 0.000000
0.116 0.117 0.000000
0.117 0.118 0.000000
0.118 0.119 0.000000
0.119 0.120 0.000000
0.120 0.121 0.000000
0.121 0.122 0.000000
0.122 0.123 0.000000
0.123 0.124 0.000000
0.124 0.125 0.000000
0.125 0.126 0.000000
0.126 0.127 0.000000
0.127 0.128 0.000000
0.128 0.129 0.000000
0.129 0.130 0.000000
0.130 0.131 0.000000
0.131 0.132 0.000000
0.132 0.133 0.000000
0.133 0.134 0.000000
0.134 0.135 0.000000
0.135 0.136 0.000000
0.136 0.137 0.000000
0.137 0.138 0.000000
0.138 0.139 0.000000
0.139 0.140 0.000000
0.140 0.141 0.000000
0.141 0.142 0.000000
0.142 0.143 0.000000
0.143 0.144 0.000000
0.144 0.145 0.000000
0.145 0.146 0.000000
0.146 0.147 0.000000
0.147 0.148 0.000000
0.148 0.149 0.000000
0.149 0.150 0.000000
