1
0.000 0.001 0.000000
0.001 0.002 0.000000
0.002 0.003 0.000000
0.003 0.004 0.000000
0.004 0.005 0.000000
0.005 0.006 0.000000
0.006 0.007 0.000000
0.007 0.008 0.000000
0.008 0.009 0.000000
0.009 0.010 0.000000
0.010 0.011 0.000000
0.011 0.012 0.000000
0.012 0.013 0.000000
0.013 0.014 0.000000
0.014 0.015 0.000001
0.015 0.016 0.000010
0.016 0.017 0.000068
0.017 0.018 0.000321
0.018 0.019 0.001117
0.019 0.020 0.003102
0.020 0.021 0.007214
0.021 0.022 0.014525
0.022 0.023 0.025995
0.023 0.024 0.042448
0.024 0.025 0.064294
0.025 0.026 0.091039
0.026 0.027 0.122337
0.027 0.028 0.157992
0.028 0.029 0.196631
0.029 0.030 0.236699
0.030 0.031 0.277385
0.031 0.032 0.317289
0.032 0.033 0.356250
0.033 0.034 0.393965
0.034 0.035 0.429114
0.035 0.036 0.460929
0.036 0.037 0.490079
0.037 0.038 0.515919
0.038 0.039 0.536629
0.039 0.040 0.555222
0.040 0.041 0.571068
0.041 0.042 0.583019
0.042 0.043 0.593691
0.043 0.044 0.600811
0.044 0.045 0.606605
0.045 0.046 0.608626
0.046 0.047 0.606522
0.047 0.048 0.606111
0.048 0.049 0.604393
0.049 0.050 0.597338
0.050 0.051 0.589363
0.051 0.052 0.583272
0.052 0.053 0.576321
0.053 0.054 0.566115
0.054 0.055 0.555676
0.055 0.056 0.546484
0.056 0.057 0.537182
0.057 0.058 0.694759
0.058 0.059 1.000000
0.059 0.060 0.816735
0.060 0.061 0.496599
0.061 0.062 0.483638
0.062 0.063 0.455044
0.063 0.064 0.438676
0.064 0.065 0.424730
0.065 0.066 0.413168
0.066 0.067 0.524437
0.067 0.068 0.513073
0.068 0.069 0.401863
0.069 0.070 0.360219
0.070 0.071 0.297326
0.071 0.072 0.286613
0.072 0.073 0.274091
0.073 0.074 0.265763
0.074 0.075 0.258575
0.075 0.076 0.249528
0.076 0.077 0.238619
0.077 0.078 0.229159
0.078 0.079 0.223166
0.079 0.080 0.215971
0.080 0.081 0.206276
0.081 0.082 0.195565
0.082 0.083 0.185378
0.083 0.084 0.177483
0.084 0.085 0.170413
0.085 0.086 0.164224
0.086 0.087 0.156127
0.087 0.088 0.150298
0.088 0.089 0.143929
0.089 0.090 0.135511
0.090 0.091 0.127168
0.091 0.092 0.116497
0.092 0.093 0.110637
0.093 0.094 0.107221
0.094 0.095 0.101139
0.095 0.096 0.095291
0.096 0.097 0.088636
0.097 0.098 0.080843
0.098 0.099 0.073172
0.099 0.100 0.066785
0.100 0.101 0.063703
0.101 0.102 0.059480
0.102 0.103 0.053412
0.103 0.104 0.048695
0.104 0.105 0.045120
0.105 0.106 0.040635
0.106 0.107 0.035445
0.107 0.108 0.031184
0.108 0.109 0.027468
0.109 0.110 0.023417
0.110 0.111 0.019679
0.111 0.112 0.016084
0.112 0.113 0.013403
0.113 0.114 0.011121
0.114 0.115 0.008729
0.115 0.116 0.005526
0.116 0.117 0.004072
0.117 0.118 0.002571
0.118 0.119 0.000593
0.119 0.120 0.000000
0.120 0.121 0.000000
0.121 0.122 0.000000
0.122 0.123 0.000000
0.123 0.124 0.000000
0.124 0.125 0.000000
0.125 0.126 0.000000
0.126 0.127 0.000000
0.127 0.128 0.000000
0.128 0.129 0.000000
0.129 0.130 0.000000
0.130 0.131 0.000000
0.131 0.132 0.000000
0.132 0.133 0.000000
0.133 0.134 0.000000
0.134 0.135 0.000000
0.135 0.136 0.000000
0.136 0.137 0.000000
0.137 0.138 0.000000
0.138 0.139 0.000000
0.139 0.140 0.000000
0.140 0.141 0.000000
0.141 0.142 0.000000
0.142 0.143 0.000000
0.143 0.144 0.000000
0.144 0.145 0.000000
0.145 0.146 0.000000
0.146 0.147 0.000000
0.147 0.148 0.000000
0.148 0.149 0.000000
0.149 0.150 0.000000
