1
0.000 0.001 0.000000
0.001 0.002 0.000000
0.002 0.003 0.000000
0.003 0.004 0.000000
0.004 0.005 0.000000
0.005 0.006 0.000000
0.006 0.007 0.000000
0.007 0.008 0.000001
0.008 0.009 0.000000
0.009 0.010 0.000000
0.010 0.011 0.000000
0.011 0.012 0.000000
0.012 0.013 0.000002
0.013 0.014 0.000024
0.014 0.015 0.000181
0.015 0.016 0.000883
0.016 0.017 0.003107
0.017 0.018 0.008540
0.018 0.019 0.019373
0.019 0.020 0.037942
0.020 0.021 0.065970
0.021 0.022 0.104426
0.022 0.023 0.153178
0.023 0.024 0.209700
0.024 0.025 0.275553
0.025 0.026 0.346615
0.026 0.027 0.420088
0.027 0.028 0.494663
0.028 0.029 0.567411
0.029 0.030 0.635399
0.030 0.031 0.698669
0.031 0.032 0.755638
0.032 0.033 0.806512
0.033 0.034 0.848120
0.034 0.035 0.882448
0.035 0.036 0.912954
0.036 0.037 0.930730
0.037 0.038 0.947109
0.038 0.039 0.960548
0.039 0.040 0.972061
0.040 0.041 0.974749
0.041 0.042 0.972153
0.042 0.043 0.968922
0.043 0.044 0.961440
0.044 0.045 0.951085
0.045 0.046 0.933771
0.046 0.047 0.914108
0.047 0.048 0.893590
0.048 0.049 0.871531
0.049 0.050 0.844085
0.050 0.051 0.824647
0.051 0.052 0.806447
0.052 0.053 0.783069
0.053 0.054 0.760135
0.054 0.055 0.737742
0.055 0.056 0.711829
0.056 0.057 0.684711
0.057 0.058 0.787224
0.058 0.059 1.000000
0.059 0.060 0.847347
0.060 0.061 0.592773
0.061 0.062 0.563815
0.062 0.063 0.528923
0.063 0.064 0.505249
0.064 0.065 0.483145
0.065 0.066 0.461511
0.066 0.067 0.531098
0.067 0.068 0.511775
0.068 0.069 0.414617
0.069 0.070 0.369792
0.070 0.071 0.315918
0.071 0.072 0.298585
0.072 0.073 0.275565
0.073 0.074 0.262863
0.074 0.075 0.249546
0.075 0.076 0.233646
0.076 0.077 0.217793
0.077 0.078 0.203055
0.078 0.079 0.190906
0.079 0.080 0.178521
0.080 0.081 0.163987
0.081 0.082 0.145880
0.082 0.083 0.134144
0.083 0.084 0.122896
0.084 0.085 0.112210
0.085 0.086 0.102246
0.086 0.087 0.091021
0.087 0.088 0.080233
0.088 0.089 0.068442
0.089 0.090 0.056304
0.090 0.091 0.048961
0.091 0.092 0.041445
0.092 0.093 0.034375
0.093 0.094 0.027160
0.094 0.095 0.018273
0.095 0.096 0.014138
0.096 0.097 0.009468
0.097 0.098 0.003435
0.098 0.099 0.001877
0.099 0.100 0.000000
0.100 0.101 0.000000
0.101 0.102 0.000000
0.102 0.103 0.000000
0.103 0.104 0.000000
0.104 0.105 0.000000
0.105 0.106 0.000000
0.106 0.107 0.000000
0.107 0.108 0.000000
0.108 0.109 0.000000
0.109 0.110 0.000000
0.110 0.111 0.000000
0.111 0.112 0.000000
0.112 0.113 0.000000
0.113 0.114 0.000000
0.114 0.115 0.000000
0.115 0.116 0.000000
0.116 0.117 0.000000
0.117 0.118 0.000000
0.118 0.119 0.000000
0.119 0.120 0.000000
0.120 0.121 0.000000
0.121 0.122 0.000000
0.122 0.123 0.000000
0.123 0.124 0.000000
0.124 0.125 0.000000
0.125 0.126 0.000000
0.126 0.127 0.000000
0.127 0.128 0.000000
0.128 0.129 0.000000
0.129 0.130 0.000000
0.130 0.131 0.000000
0.131 0.132 0.000000
0.132 0.133 0.000000
0.133 0.134 0.000000
0.134 0.135 0.000000
0.135 0.136 0.000000
0.136 0.137 0.000000
0.137 0.138 0.000000
0.138 0.139 0.000000
0.139 0.140 0.000000
0.140 0.141 0.000000
0.141 0.142 0.000000
0.142 0.143 0.000000
0.143 0.144 0.000000
0.144 0.145 0.000000
0.145 0.146 0.000000
0.146 0.147 0.000000
0.147 0.148 0.000000
0.148 0.149 0.000000
0.149 0.150 0.000000
