1
0.000 0.001 0.000000
0.001 0.002 0.000000
0.002 0.003 0.000000
0.003 0.004 0.000000
0.004 0.005 0.000000
0.005 0.006 0.000000
0.006 0.007 0.000000
0.007 0.008 0.000000
0.008 0.009 0.000000
0.009 0.010 0.000000
0.010 0.011 0.000000
0.011 0.012 0.000000
0.012 0.013 0.000000
0.013 0.014 0.000000
0.014 0.015 0.000000
0.015 0.016 0.000000
0.016 0.017 0.000000
0.017 0.018 0.000000
0.018 0.019 0.000000
0.019 0.020 0.000000
0.020 0.021 0.000000
0.021 0.022 0.000000
0.022 0.023 0.000001
0.023 0.024 0.000007
0.024 0.025 0.000031
0.025 0.026 0.000105
0.026 0.027 0.000299
0.027 0.028 0.000741
0.028 0.029 0.001638
0.029 0.030 0.003250
0.030 0.031 0.005927
0.031 0.032 0.010041
0.032 0.033 0.015976
0.033 0.034 0.024048
0.034 0.035 0.034538
0.035 0.036 0.047661
0.036 0.037 0.063349
0.037 0.038 0.081506
0.038 0.039 0.101827
0.039 0.040 0.124374
0.040 0.041 0.148764
0.041 0.042 0.174395
0.042 0.043 0.201489
0.043 0.044 0.228669
0.044 0.045 0.256638
0.045 0.046 0.283963
0.046 0.047 0.309606
0.047 0.048 0.336104
0.048 0.049 0.362158
0.049 0.050 0.384562
0.050 0.051 0.405412
0.051 0.052 0.427109
0.052 0.053 0.447532
0.053 0.054 0.464354
0.054 0.055 0.478703
0.055 0.056 0.492879
0.056 0.057 0.506206
0.057 0.058 0.675678
0.058 0.059 1.000000
0.059 0.060 0.849520
0.060 0.061 0.542529
0.061 0.062 0.545456
0.062 0.063 0.530130
0.063 0.064 0.526925
0.064 0.065 0.522510
0.065 0.066 0.519804
0.066 0.067 0.666078
0.067 0.068 0.664416
0.068 0.069 0.534050
0.069 0.070 0.487527
0.070 0.071 0.412667
0.071 0.072 0.404529
0.072 0.073 0.392828
0.073 0.074 0.388520
0.074 0.075 0.381895
0.075 0.076 0.370882
0.076 0.077 0.355423
0.077 0.078 0.345154
0.078 0.079 0.339991
0.079 0.080 0.332492
0.080 0.081 0.320516
0.081 0.082 0.306333
0.082 0.083 0.293559
0.083 0.084 0.279473
0.084 0.085 0.269628
0.085 0.086 0.261128
0.086 0.087 0.249315
0.087 0.088 0.240657
0.088 0.089 0.231251
0.089 0.090 0.218089
0.090 0.091 0.203058
0.091 0.092 0.188859
0.092 0.093 0.179151
0.093 0.094 0.172913
0.094 0.095 0.162354
0.095 0.096 0.152123
0.096 0.097 0.138921
0.097 0.098 0.126830
0.098 0.099 0.113928
0.099 0.100 0.104704
0.100 0.101 0.099674
0.101 0.102 0.091347
0.102 0.103 0.078640
0.103 0.104 0.070939
0.104 0.105 0.065344
0.105 0.106 0.058201
0.106 0.107 0.050593
0.107 0.108 0.040711
0.108 0.109 0.034464
0.109 0.110 0.027701
0.110 0.111 0.020530
0.111 0.112 0.016820
0.112 0.113 0.012366
0.113 0.114 0.007398
0.114 0.115 0.004884
0.115 0.116 0.001278
0.116 0.117 0.000000
0.117 0.118 0.000000
0.118 0.119 0.000000
0.119 0.120 0.000000
0.120 0.121 0.000000
0.121 0.122 0.000000
0.122 0.123 0.000000
0.123 0.124 0.000000
0.124 0.125 0.000000
0.125 0.126 0.000000
0.126 0.127 0.000000
0.127 0.128 0.000000
0.128 0.129 0.000000
0.129 0.130 0.000000
0.130 0.131 0.000000
0.131 0.132 0.000000
0.132 0.133 0.000000
0.133 0.134 0.000000
0.134 0.135 0.000000
0.135 0.136 0.000000
0.136 0.137 0.000000
0.137 0.138 0.000000
0.138 0.139 0.000000
0.139 0.140 0.000000
0.140 0.141 0.000000
0.141 0.142 0.000000
0.142 0.143 0.000000
0.143 0.144 0.000000
0.144 0.145 0.000000
0.145 0.146 0.000000
0.146 0.147 0.000000
0.147 0.148 0.000000
0.148 0.149 0.000000
0.149 0.150 0.000000
