1
0.000 0.001 0.000000
0.001 0.002 0.000000
0.002 0.003 0.000000
0.003 0.004 0.000000
0.004 0.005 0.000000
0.005 0.006 0.000000
0.006 0.007 0.000000
0.007 0.008 0.000000
0.008 0.009 0.000000
0.009 0.010 0.000000
0.010 0.011 0.000000
0.011 0.012 0.000000
0.012 0.013 0.000000
0.013 0.014 0.000000
0.014 0.015 0.000000
0.015 0.016 0.000000
0.016 0.017 0.000000
0.017 0.018 0.000000
0.018 0.019 0.000000
0.019 0.020 0.000000
0.020 0.021 0.000000
0.021 0.022 0.000001
0.022 0.023 0.000004
0.023 0.024 0.000018
0.024 0.025 0.000070
0.025 0.026 0.000226
0.026 0.027 0.000613
0.027 0.028 0.001456
0.028 0.029 0.003098
0.029 0.030 0.005945
0.030 0.031 0.010488
0.031 0.032 0.017164
0.032 0.033 0.026676
0.033 0.034 0.039220
0.034 0.035 0.055150
0.035 0.036 0.074751
0.036 0.037 0.097577
0.037 0.038 0.122916
0.038 0.039 0.151115
0.039 0.040 0.182068
0.040 0.041 0.213920
0.041 0.042 0.246838
0.042 0.043 0.280665
0.043 0.044 0.313384
0.044 0.045 0.345341
0.045 0.046 0.377946
0.046 0.047 0.408591
0.047 0.048 0.438305
0.048 0.049 0.466043
0.049 0.050 0.489575
0.050 0.051 0.511614
0.051 0.052 0.532706
0.052 0.053 0.550472
0.053 0.054 0.564496
0.054 0.055 0.574759
0.055 0.056 0.582779
0.056 0.057 0.588585
0.057 0.058 0.730495
0.058 0.059 1.000000
0.059 0.060 0.869084
0.060 0.061 0.607327
0.061 0.062 0.604719
0.062 0.063 0.585081
0.063 0.064 0.574500
0.064 0.065 0.564659
0.065 0.066 0.555373
0.066 0.067 0.669891
0.067 0.068 0.660826
0.068 0.069 0.538507
0.069 0.070 0.493235
0.070 0.071 0.427407
0.071 0.072 0.415798
0.072 0.073 0.398592
0.073 0.074 0.390048
0.074 0.075 0.379375
0.075 0.076 0.362064
0.076 0.077 0.342665
0.077 0.078 0.325443
0.078 0.079 0.311003
0.079 0.080 0.301071
0.080 0.081 0.286759
0.081 0.082 0.269627
0.082 0.083 0.253235
0.083 0.084 0.236255
0.084 0.085 0.220755
0.085 0.086 0.206528
0.086 0.087 0.190143
0.087 0.088 0.172531
0.088 0.089 0.160549
0.089 0.090 0.147100
0.090 0.091 0.131966
0.091 0.092 0.117637
0.092 0.093 0.105117
0.093 0.094 0.092898
0.094 0.095 0.077175
0.095 0.096 0.068391
0.096 0.097 0.057312
0.097 0.098 0.045632
0.098 0.099 0.032940
0.099 0.100 0.021759
0.100 0.101 0.018673
0.101 0.102 0.013058
0.102 0.103 0.004805
0.103 0.104 0.002796
0.104 0.105 0.000000
0.105 0.106 0.000000
0.106 0.107 0.000000
0.107 0.108 0.000000
0.108 0.109 0.000000
0.109 0.110 0.000000
0.110 0.111 0.000000
0.111 0.112 0.000000
0.112 0.113 0.000000
0.113 0.114 0.000000
0.114 0.115 0.000000
0.115 0.116 0.000000
0.116 0.117 0.000000
0.117 0.118 0.000000
0.118 0.119 0.000000
0.119 0.120 0.000000
0.120 0.121 0.000000
0.121 0.122 0.000000
0.122 0.123 0.000000
0.123 0.124 0.000000
0.124 0.125 0.000000
0.125 0.126 0.000000
0.126 0.127 0.000000
0.127 0.128 0.000000
0.128 0.129 0.000000
0.129 0.130 0.000000
0.130 0.131 0.000000
0.131 0.132 0.000000
0.132 0.133 0.000000
0.133 0.134 0.000000
0.134 0.135 0.000000
0.135 0.136 0.000000
0.136 0.137 0.000000
0.137 0.138 0.000000
0.138 0.139 0.000000
0.139 0.140 0.000000
0.140 0.141 0.000000
0.141 0.142 0.000000
0.142 0.143 0.000000
0.143 0.144 0.000000
0.144 0.145 0.000000
0.145 0.146 0.000000
0.146 0.147 0.000000
0.147 0.148 0.000000
0.148 0.149 0.000000
0.149 0.150 0.000000
