1
0.000 0.001 0.000000
0.001 0.002 0.000000
0.002 0.003 0.000000
0.003 0.004 0.000000
0.004 0.005 0.000000
0.005 0.006 0.000000
0.006 0.007 0.000000
0.007 0.008 0.000000
0.008 0.009 0.000000
0.009 0.010 0.000000
0.010 0.011 0.000000
0.011 0.012 0.000000
0.012 0.013 0.000000
0.013 0.014 0.000000
0.014 0.015 0.000000
0.015 0.016 0.000000
0.016 0.017 0.000000
0.017 0.018 0.000000
0.018 0.019 0.000000
0.019 0.020 0.000001
0.020 0.021 0.000006
0.021 0.022 0.000032
0.022 0.023 0.000130
0.023 0.024 0.000421
0.024 0.025 0.001148
0.025 0.026 0.002711
0.026 0.027 0.005660
0.027 0.028 0.010707
0.028 0.029 0.018645
0.029 0.030 0.030154
0.030 0.031 0.045839
0.031 0.032 0.065877
0.032 0.033 0.090854
0.033 0.034 0.120210
0.034 0.035 0.153397
0.035 0.036 0.190512
0.036 0.037 0.229897
0.037 0.038 0.271108
0.038 0.039 0.314284
0.039 0.040 0.358656
0.040 0.041 0.401175
0.041 0.042 0.442934
0.042 0.043 0.483357
0.043 0.044 0.521373
0.044 0.045 0.557577
0.045 0.046 0.587273
0.046 0.047 0.615574
0.047 0.048 0.640095
0.048 0.049 0.659464
0.049 0.050 0.675116
0.050 0.051 0.689457
0.051 0.052 0.701275
0.052 0.053 0.704845
0.053 0.054 0.706775
0.054 0.055 0.707586
0.055 0.056 0.700394
0.056 0.057 0.691457
0.057 0.058 0.794163
0.058 0.059 1.000000
0.059 0.060 0.880398
0.060 0.061 0.656747
0.061 0.062 0.636078
0.062 0.063 0.605979
0.063 0.064 0.586060
0.064 0.065 0.566248
0.065 0.066 0.544554
0.066 0.067 0.618783
0.067 0.068 0.598652
0.068 0.069 0.497286
0.069 0.070 0.449044
0.070 0.071 0.391640
0.071 0.072 0.374030
0.072 0.073 0.349982
0.073 0.074 0.327166
0.074 0.075 0.308791
0.075 0.076 0.288652
0.076 0.077 0.268839
0.077 0.078 0.248413
0.078 0.079 0.228187
0.079 0.080 0.213501
0.080 0.081 0.195588
0.081 0.082 0.174499
0.082 0.083 0.155923
0.083 0.084 0.137017
0.084 0.085 0.122629
0.085 0.086 0.108410
0.086 0.087 0.092108
0.087 0.088 0.074352
0.088 0.089 0.060090
0.089 0.090 0.047921
0.090 0.091 0.036519
0.091 0.092 0.028210
0.092 0.093 0.019914
0.093 0.094 0.009542
0.094 0.095 0.002594
0.095 0.096 0.000000
0.096 0.097 0.000000
0.097 0.098 0.000000
0.098 0.099 0.000000
0.099 0.100 0.000000
0.100 0.101 0.000000
0.101 0.102 0.000000
0.102 0.103 0.000000
0.103 0.104 0.000000
0.104 0.105 0.000000
0.105 0.106 0.000000
0.106 0.107 0.000000
0.107 0.108 0.000000
0.108 0.109 0.000000
0.109 0.110 0.000000
0.110 0.111 0.000000
0.111 0.112 0.000000
0.112 0.113 0.000000
0.113 0.114 0.000000
0.114 0.115 0.000000
0.115 0.116 0.000000
0.116 0.117 0.000000
0.117 0.118 0.000000
0.118 0.119 0.000000
0.119 0.120 0.000000
0.120 0.121 0.000000
0.121 0.122 0.000000
0.122 0.123 0.000000
0.123 0.124 0.000000
0.124 0.125 0.000000
0.125 0.126 0.000000
0.126 0.127 0.000000
0.127 0.128 0.000000
0.128 0.129 0.000000
0.129 0.130 0.000000
0.130 0.131 0.000000
0.131 0.132 0.000000
0.132 0.133 0.000000
0.133 0.134 0.000000
0.134 0.135 0.000000
0.135 0.136 0.000000
0.136 0.137 0.000000
0.137 0.138 0.000000
0.138 0.139 0.000000
0.139 0.140 0.000000
0.140 0.141 0.000000
0.141 0.142 0.000000
0.142 0.143 0.000000
0.143 0.144 0.000000
0.144 0.145 0.000000
0.145 0.146 0.000000
0.146 0.147 0.000000
0.147 0.148 0.000000
0.148 0.149 0.000000
0.149 0.150 0.000000
