1
0.000 0.001 0.000000
0.001 0.002 0.000000
0.002 0.003 0.000000
0.003 0.004 0.000000
0.004 0.005 0.000000
0.005 0.006 0.000000
0.006 0.007 0.000000
0.007 0.008 0.000000
0.008 0.009 0.000000
0.009 0.010 0.000000
0.010 0.011 0.000000
0.011 0.012 0.000000
0.012 0.013 0.000000
0.013 0.014 0.000000
0.014 0.015 0.000000
0.015 0.016 0.000000
0.016 0.017 0.000000
0.017 0.018 0.000000
0.018 0.019 0.000000
0.019 0.020 0.000000
0.020 0.021 0.000000
0.021 0.022 0.000000
0.022 0.023 0.000002
0.023 0.024 0.000010
0.024 0.025 0.000037
0.025 0.026 0.000120
0.026 0.027 0.000324
0.027 0.028 0.000772
0.028 0.029 0.001648
0.029 0.030 0.003170
0.030 0.031 0.005631
0.031 0.032 0.009323
0.032 0.033 0.014542
0.033 0.034 0.021560
0.034 0.035 0.030561
0.035 0.036 0.041548
0.036 0.037 0.054712
0.037 0.038 0.070041
0.038 0.039 0.086805
0.039 0.040 0.105192
0.040 0.041 0.125156
0.041 0.042 0.145859
0.042 0.043 0.167673
0.043 0.044 0.189856
0.044 0.045 0.212622
0.045 0.046 0.234744
0.046 0.047 0.255652
0.047 0.048 0.278038
0.048 0.049 0.299705
0.049 0.050 0.318248
0.050 0.051 0.335822
0.051 0.052 0.354263
0.052 0.053 0.371479
0.053 0.054 0.385714
0.054 0.055 0.398735
0.055 0.056 0.412951
0.056 0.057 0.426314
0.057 0.058 0.622532
0.058 0.059 1.000000
0.059 0.060 0.824533
0.060 0.061 0.469523
0.061 0.062 0.475087
0.062 0.063 0.459288
0.063 0.064 0.460662
0.064 0.065 0.460080
0.065 0.066 0.461032
0.066 0.067 0.633807
0.067 0.068 0.636636
0.068 0.069 0.496098
0.069 0.070 0.452784
0.070 0.071 0.371381
0.071 0.072 0.368617
0.072 0.073 0.363762
0.073 0.074 0.362778
0.074 0.075 0.360747
0.075 0.076 0.356827
0.076 0.077 0.349396
0.077 0.078 0.343961
0.078 0.079 0.342279
0.079 0.080 0.338406
0.080 0.081 0.331302
0.081 0.082 0.322666
0.082 0.083 0.314817
0.083 0.084 0.307187
0.084 0.085 0.300645
0.085 0.086 0.294907
0.086 0.087 0.286512
0.087 0.088 0.281727
0.088 0.089 0.275015
0.089 0.090 0.264604
0.090 0.091 0.254884
0.091 0.092 0.241235
0.092 0.093 0.232358
0.093 0.094 0.228306
0.094 0.095 0.219088
0.095 0.096 0.210052
0.096 0.097 0.200215
0.097 0.098 0.187392
0.098 0.099 0.176391
0.099 0.100 0.167616
0.100 0.101 0.160635
0.101 0.102 0.152239
0.102 0.103 0.140429
0.103 0.104 0.132783
0.104 0.105 0.126118
0.105 0.106 0.117563
0.106 0.107 0.108821
0.107 0.108 0.100036
0.108 0.109 0.092600
0.109 0.110 0.084674
0.110 0.111 0.076551
0.111 0.112 0.071197
0.112 0.113 0.063814
0.113 0.114 0.057503
0.114 0.115 0.050921
0.115 0.116 0.045029
0.116 0.117 0.039573
0.117 0.118 0.033655
0.118 0.119 0.025433
0.119 0.120 0.021956
0.120 0.121 0.020183
0.121 0.122 0.015533
0.122 0.123 0.012274
0.123 0.124 0.008322
0.124 0.125 0.005656
0.125 0.126 0.002583
0.126 0.127 0.000712
0.127 0.128 0.000000
0.128 0.129 0.000000
0.129 0.130 0.000000
0.130 0.131 0.000000
0.131 0.132 0.000000
0.132 0.133 0.000000
0.133 0.134 0.000000
0.134 0.135 0.000000
0.135 0.136 0.000000
0.136 0.137 0.000000
0.137 0.138 0.000000
0.138 0.139 0.000000
0.139 0.140 0.000000
0.140 0.141 0.000000
0.141 0.142 0.000000
0.142 0.143 0.000000
0.143 0.144 0.000000
0.144 0.145 0.000000
0.145 0.146 0.000000
0.146 0.147 0.000000
0.147 0.148 0.000000
0.148 0.149 0.000000
0.149 0.150 0.000000
