1
0.000 0.001 0.000000
0.001 0.002 0.000000
0.002 0.003 0.000000
0.003 0.004 0.000000
0.004 0.005 0.000000
0.005 0.006 0.000000
0.006 0.007 0.000000
0.007 0.008 0.000000
0.008 0.009 0.000000
0.009 0.010 0.000000
0.010 0.011 0.000000
0.011 0.012 0.000000
0.012 0.013 0.000000
0.013 0.014 0.000000
0.014 0.015 0.000000
0.015 0.016 0.000000
0.016 0.017 0.000000
0.017 0.018 0.000000
0.018 0.019 0.000000
0.019 0.020 0.000003
0.020 0.021 0.000016
0.021 0.022 0.000070
0.022 0.023 0.000243
0.023 0.024 0.000694
0.024 0.025 0.001699
0.025 0.026 0.003646
0.026 0.027 0.006999
0.027 0.028 0.012355
0.028 0.029 0.020271
0.029 0.030 0.031024
0.030 0.031 0.044843
0.031 0.032 0.061956
0.032 0.033 0.082525
0.033 0.034 0.105829
0.034 0.035 0.131534
0.035 0.036 0.160068
0.036 0.037 0.189746
0.037 0.038 0.218591
0.038 0.039 0.248611
0.039 0.040 0.280097
0.040 0.041 0.309457
0.041 0.042 0.337520
0.042 0.043 0.366037
0.043 0.044 0.391676
0.044 0.045 0.416131
0.045 0.046 0.438953
0.046 0.047 0.457514
0.047 0.048 0.476012
0.048 0.049 0.493714
0.049 0.050 0.504764
0.050 0.051 0.515509
0.051 0.052 0.528166
0.052 0.053 0.537647
0.053 0.054 0.542785
0.054 0.055 0.545489
0.055 0.056 0.549404
0.056 0.057 0.553855
0.057 0.058 0.707446
0.058 0.059 1.000000
0.059 0.060 0.842720
0.060 0.061 0.550154
0.061 0.062 0.544624
0.062 0.063 0.522034
0.063 0.064 0.511019
0.064 0.065 0.501982
0.065 0.066 0.495499
0.066 0.067 0.613647
0.067 0.068 0.605843
0.068 0.069 0.490251
0.069 0.070 0.446636
0.070 0.071 0.382336
0.071 0.072 0.372123
0.072 0.073 0.358168
0.073 0.074 0.352714
0.074 0.075 0.345425
0.075 0.076 0.331280
0.076 0.077 0.315388
0.077 0.078 0.303239
0.078 0.079 0.296473
0.079 0.080 0.287185
0.080 0.081 0.273731
0.081 0.082 0.258446
0.082 0.083 0.243329
0.083 0.084 0.227228
0.084 0.085 0.213521
0.085 0.086 0.201513
0.086 0.087 0.187672
0.087 0.088 0.174720
0.088 0.089 0.160584
0.089 0.090 0.145517
0.090 0.091 0.129189
0.091 0.092 0.113260
0.092 0.093 0.100221
0.093 0.094 0.086566
0.094 0.095 0.074230
0.095 0.096 0.061719
0.096 0.097 0.048602
0.097 0.098 0.037456
0.098 0.099 0.024961
0.099 0.100 0.016598
0.100 0.101 0.011839
0.101 0.102 0.006221
0.102 0.103 0.001056
0.103 0.104 0.000000
0.104 0.105 0.000000
0.105 0.106 0.000000
0.106 0.107 0.000000
0.107 0.108 0.000000
0.108 0.109 0.000000
0.109 0.110 0.000000
0.110 0.111 0.000000
0.111 0.112 0.000000
0.112 0.113 0.000000
0.113 0.114 0.000000
0.114 0.115 0.000000
0.115 0.116 0.000000
0.116 0.117 0.000000
0.117 0.118 0.000000
0.118 0.119 0.000000
0.119 0.120 0.000000
0.120 0.121 0.000000
0.121 0.122 0.000000
0.122 0.123 0.000000
0.123 0.124 0.000000
0.124 0.125 0.000000
0.125 0.126 0.000000
0.126 0.127 0.000000
0.127 0.128 0.000000
0.128 0.129 0.000000
0.129 0.130 0.000000
0.130 0.131 0.000000
0.131 0.132 0.000000
0.132 0.133 0.000000
0.133 0.134 0.000000
0.134 0.135 0.000000
0.135 0.136 0.000000
0.136 0.137 0.000000
0.137 0.138 0.000000
0.138 0.139 0.000000
0.139 0.140 0.000000
0.140 0.141 0.000000
0.141 0.142 0.000000
0.142 0.143 0.000000
0.143 0.144 0.000000
0.144 0.145 0.000000
0.145 0.146 0.000000
0.146 0.147 0.000000
0.147 0.148 0.000000
0.148 0.149 0.000000
0.149 0.150 0.000000
