1
0.000 0.001 0.000000
0.001 0.002 0.000000
0.002 0.003 0.000000
0.003 0.004 0.000000
0.004 0.005 0.000000
0.005 0.006 0.000000
0.006 0.007 0.000000
0.007 0.008 0.000000
0.008 0.009 0.000000
0.009 0.010 0.000000
0.010 0.011 0.000000
0.011 0.012 0.000000
0.012 0.013 0.000000
0.013 0.014 0.000000
0.014 0.015 0.000000
0.015 0.016 0.000000
0.016 0.017 0.000000
0.017 0.018 0.000000
0.018 0.019 0.000000
0.019 0.020 0.000002
0.020 0.021 0.000012
0.021 0.022 0.000052
0.022 0.023 0.000181
0.023 0.024 0.000520
0.024 0.025 0.001284
0.025 0.026 0.002776
0.026 0.027 0.005368
0.027 0.028 0.009529
0.028 0.029 0.015674
0.029 0.030 0.024018
0.030 0.031 0.034951
0.031 0.032 0.048445
0.032 0.033 0.064449
0.033 0.034 0.083022
0.034 0.035 0.103562
0.035 0.036 0.125770
0.036 0.037 0.149250
0.037 0.038 0.174027
0.038 0.039 0.198719
0.039 0.040 0.223326
0.040 0.041 0.247595
0.041 0.042 0.270826
0.042 0.043 0.293478
0.043 0.044 0.314520
0.044 0.045 0.334659
0.045 0.046 0.351855
0.046 0.047 0.367497
0.047 0.048 0.383368
0.048 0.049 0.395823
0.049 0.050 0.406469
0.050 0.051 0.417064
0.051 0.052 0.427530
0.052 0.053 0.434722
0.053 0.054 0.440094
0.054 0.055 0.444291
0.055 0.056 0.448446
0.056 0.057 0.452160
0.057 0.058 0.639845
0.058 0.059 1.000000
0.059 0.060 0.813469
0.060 0.061 0.461047
0.061 0.062 0.458193
0.062 0.063 0.434982
0.063 0.064 0.429348
0.064 0.065 0.421737
0.065 0.066 0.416280
0.066 0.067 0.565286
0.067 0.068 0.561761
0.068 0.069 0.432130
0.069 0.070 0.390243
0.070 0.071 0.316330
0.071 0.072 0.311216
0.072 0.073 0.303669
0.073 0.074 0.298558
0.074 0.075 0.293584
0.075 0.076 0.287418
0.076 0.077 0.279008
0.077 0.078 0.272137
0.078 0.079 0.266375
0.079 0.080 0.261924
0.080 0.081 0.256023
0.081 0.082 0.248627
0.082 0.083 0.241344
0.083 0.084 0.234452
0.084 0.085 0.228488
0.085 0.086 0.222925
0.086 0.087 0.216339
0.087 0.088 0.211552
0.088 0.089 0.204731
0.089 0.090 0.196465
0.090 0.091 0.189295
0.091 0.092 0.179482
0.092 0.093 0.171421
0.093 0.094 0.168359
0.094 0.095 0.162465
0.095 0.096 0.156875
0.096 0.097 0.151123
0.097 0.098 0.143547
0.098 0.099 0.136551
0.099 0.100 0.131131
0.100 0.101 0.126337
0.101 0.102 0.120670
0.102 0.103 0.114027
0.103 0.104 0.108718
0.104 0.105 0.102579
0.105 0.106 0.097169
0.106 0.107 0.092513
0.107 0.108 0.086840
0.108 0.109 0.082234
0.109 0.110 0.077718
0.110 0.111 0.072986
0.111 0.112 0.068747
0.112 0.113 0.062970
0.113 0.114 0.057689
0.114 0.115 0.052667
0.115 0.116 0.049103
0.116 0.117 0.045210
0.117 0.118 0.041509
0.118 0.119 0.036523
0.119 0.120 0.033347
0.120 0.121 0.031625
0.121 0.122 0.028377
0.122 0.123 0.024528
0.123 0.124 0.022169
0.124 0.125 0.019233
0.125 0.126 0.016287
0.126 0.127 0.014023
0.127 0.128 0.011320
0.128 0.129 0.008837
0.129 0.130 0.005935
0.130 0.131 0.004300
0.131 0.132 0.003144
0.132 0.133 0.001225
0.133 0.134 0.000706
0.134 0.135 0.000000
0.135 0.136 0.000000
0.136 0.137 0.000000
0.137 0.138 0.000000
0.138 0.139 0.000000
0.139 0.140 0.000000
0.140 0.141 0.000000
0.141 0.142 0.000000
0.142 0.143 0.000000
0.143 0.144 0.000000
0.144 0.145 0.000000
0.145 0.146 0.000000
0.146 0.147 0.000000
0.147 0.148 0.000000
0.148 0.149 0.000000
0.149 0.150 0.000000
