1
0.000 0.001 0.000000
0.001 0.002 0.000000
0.002 0.003 0.000000
0.003 0.004 0.000000
0.004 0.005 0.000000
0.005 0.006 0.000000
0.006 0.007 0.000000
0.007 0.008 0.000000
0.008 0.009 0.000000
0.009 0.010 0.000000
0.010 0.011 0.000000
0.011 0.012 0.000000
0.012 0.013 0.000000
0.013 0.014 0.000000
0.014 0.015 0.000000
0.015 0.016 0.000000
0.016 0.017 0.000000
0.017 0.018 0.000003
0.018 0.019 0.000020
0.019 0.020 0.000096
0.020 0.021 0.000347
0.021 0.022 0.001007
0.022 0.023 0.002458
0.023 0.024 0.005222
0.024 0.025 0.009895
0.025 0.026 0.017046
0.026 0.027 0.027076
0.027 0.028 0.040347
0.028 0.029 0.057025
0.029 0.030 0.076692
0.030 0.031 0.099101
0.031 0.032 0.123744
0.032 0.033 0.150294
0.033 0.034 0.178100
0.034 0.035 0.206274
0.035 0.036 0.234213
0.036 0.037 0.261903
0.037 0.038 0.288980
0.038 0.039 0.313816
0.039 0.040 0.337274
0.040 0.041 0.359261
0.041 0.042 0.379014
0.042 0.043 0.397443
0.043 0.044 0.413719
0.044 0.045 0.428858
0.045 0.046 0.440583
0.046 0.047 0.449800
0.047 0.048 0.459895
0.048 0.049 0.467682
0.049 0.050 0.471465
0.050 0.051 0.474524
0.051 0.052 0.478503
0.052 0.053 0.480129
0.053 0.054 0.479351
0.054 0.055 0.477911
0.055 0.056 0.477323
0.056 0.057 0.475704
0.057 0.058 0.655043
0.058 0.059 1.000000
0.059 0.060 0.811723
0.060 0.061 0.467922
0.061 0.062 0.461575
0.062 0.063 0.436832
0.063 0.064 0.428545
0.064 0.065 0.419062
0.065 0.066 0.410864
0.066 0.067 0.543719
0.067 0.068 0.536548
0.068 0.069 0.415055
0.069 0.070 0.373210
0.070 0.071 0.304219
0.071 0.072 0.296997
0.072 0.073 0.287807
0.073 0.074 0.281285
0.074 0.075 0.275191
0.075 0.076 0.268092
0.076 0.077 0.258957
0.077 0.078 0.251198
0.078 0.079 0.245897
0.079 0.080 0.239606
0.080 0.081 0.231398
0.081 0.082 0.221882
0.082 0.083 0.212707
0.083 0.084 0.205574
0.084 0.085 0.199173
0.085 0.086 0.193342
0.086 0.087 0.185931
0.087 0.088 0.180783
0.088 0.089 0.174262
0.089 0.090 0.165906
0.090 0.091 0.157927
0.091 0.092 0.148935
0.092 0.093 0.142793
0.093 0.094 0.139568
0.094 0.095 0.133391
0.095 0.096 0.127404
0.096 0.097 0.121075
0.097 0.098 0.113214
0.098 0.099 0.105718
0.099 0.100 0.100754
0.100 0.101 0.096561
0.101 0.102 0.091810
0.102 0.103 0.085607
0.103 0.104 0.080822
0.104 0.105 0.076497
0.105 0.106 0.070649
0.106 0.107 0.066503
0.107 0.108 0.061376
0.108 0.109 0.057079
0.109 0.110 0.052568
0.110 0.111 0.048207
0.111 0.112 0.044548
0.112 0.113 0.039263
0.113 0.114 0.035799
0.114 0.115 0.032617
0.115 0.116 0.028948
0.116 0.117 0.025478
0.117 0.118 0.021435
0.118 0.119 0.017428
0.119 0.120 0.015361
0.120 0.121 0.014383
0.121 0.122 0.011991
0.122 0.123 0.009134
0.123 0.124 0.007330
0.124 0.125 0.005305
0.125 0.126 0.002973
0.126 0.127 0.001952
0.127 0.128 0.000529
0.128 0.129 0.000000
0.129 0.130 0.000000
0.130 0.131 0.000000
0.131 0.132 0.000000
0.132 0.133 0.000000
0.133 0.134 0.000000
0.134 0.135 0.000000
0.135 0.136 0.000000
0.136 0.137 0.000000
0.137 0.138 0.000000
0.138 0.139 0.000000
0.139 0.140 0.000000
0.140 0.141 0.000000
0.141 0.142 0.000000
0.142 0.143 0.000000
0.143 0.144 0.000000
0.144 0.145 0.000000
0.145 0.146 0.000000
0.146 0.147 0.000000
0.147 0.148 0.000000
0.148 0.149 0.000000
0.149 0.150 0.000000
