1
0.000 0.001 0.000000
0.001 0.002 0.000000
0.002 0.003 0.000000
0.003 0.004 0.000000
0.004 0.005 0.000000
0.005 0.006 0.000000
0.006 0.007 0.000000
0.007 0.008 0.000000
0.008 0.009 0.000000
0.009 0.010 0.000000
0.010 0.011 0.000000
0.011 0.012 0.000000
0.012 0.013 0.000000
0.013 0.014 0.000000
0.014 0.015 0.000000
0.015 0.016 0.000000
0.016 0.017 0.000000
0.017 0.018 0.000002
0.018 0.019 0.000013
0.019 0.020 0.000071
0.020 0.021 0.000286
0.021 0.022 0.000909
0.022 0.023 0.002380
0.023 0.024 0.005356
0.024 0.025 0.010645
0.025 0.026 0.019071
0.026 0.027 0.031286
0.027 0.028 0.047918
0.028 0.029 0.069200
0.029 0.030 0.094569
0.030 0.031 0.123776
0.031 0.032 0.156409
0.032 0.033 0.191469
0.033 0.034 0.227686
0.034 0.035 0.264606
0.035 0.036 0.302069
0.036 0.037 0.337489
0.037 0.038 0.372223
0.038 0.039 0.404528
0.039 0.040 0.435821
0.040 0.041 0.464410
0.041 0.042 0.489156
0.042 0.043 0.512650
0.043 0.044 0.532039
0.044 0.045 0.549246
0.045 0.046 0.562890
0.046 0.047 0.570834
0.047 0.048 0.578730
0.048 0.049 0.585408
0.049 0.050 0.585150
0.050 0.051 0.586751
0.051 0.052 0.589027
0.052 0.053 0.589635
0.053 0.054 0.587438
0.054 0.055 0.582145
0.055 0.056 0.576419
0.056 0.057 0.570784
0.057 0.058 0.716561
0.058 0.059 1.000000
0.059 0.060 0.834345
0.060 0.061 0.536494
0.061 0.062 0.524245
0.062 0.063 0.495723
0.063 0.064 0.482103
0.064 0.065 0.468895
0.065 0.066 0.457900
0.066 0.067 0.565686
0.067 0.068 0.554498
0.068 0.069 0.443127
0.069 0.070 0.399994
0.070 0.071 0.337235
0.071 0.072 0.324643
0.072 0.073 0.309151
0.073 0.074 0.301145
0.074 0.075 0.290119
0.075 0.076 0.278895
0.076 0.077 0.265740
0.077 0.078 0.254819
0.078 0.079 0.248063
0.079 0.080 0.239874
0.080 0.081 0.228664
0.081 0.082 0.215792
0.082 0.083 0.203875
0.083 0.084 0.191671
0.084 0.085 0.180769
0.085 0.086 0.169765
0.086 0.087 0.160807
0.087 0.088 0.153564
0.088 0.089 0.146074
0.089 0.090 0.136335
0.090 0.091 0.125302
0.091 0.092 0.114225
0.092 0.093 0.105730
0.093 0.094 0.098803
0.094 0.095 0.088650
0.095 0.096 0.082270
0.096 0.097 0.074281
0.097 0.098 0.065384
0.098 0.099 0.055396
0.099 0.100 0.048533
0.100 0.101 0.045094
0.101 0.102 0.037714
0.102 0.103 0.031676
0.103 0.104 0.026681
0.104 0.105 0.022899
0.105 0.106 0.018327
0.106 0.107 0.012432
0.107 0.108 0.009224
0.108 0.109 0.006252
0.109 0.110 0.002319
0.110 0.111 0.001343
0.111 0.112 0.000000
0.112 0.113 0.000000
0.113 0.114 0.000000
0.114 0.115 0.000000
0.115 0.116 0.000000
0.116 0.117 0.000000
0.117 0.118 0.000000
0.118 0.119 0.000000
0.119 0.120 0.000000
0.120 0.121 0.000000
0.121 0.122 0.000000
0.122 0.123 0.000000
0.123 0.124 0.000000
0.124 0.125 0.000000
0.125 0.126 0.000000
0.126 0.127 0.000000
0.127 0.128 0.000000
0.128 0.129 0.000000
0.129 0.130 0.000000
0.130 0.131 0.000000
0.131 0.132 0.000000
0.132 0.133 0.000000
0.133 0.134 0.000000
0.134 0.135 0.000000
0.135 0.136 0.000000
0.136 0.137 0.000000
0.137 0.138 0.000000
0.138 0.139 0.000000
0.139 0.140 0.000000
0.140 0.141 0.000000
0.141 0.142 0.000000
0.142 0.143 0.000000
0.143 0.144 0.000000
0.144 0.145 0.000000
0.145 0.146 0.000000
0.146 0.147 0.000000
0.147 0.148 0.000000
0.148 0.149 0.000000
0.149 0.150 0.000000
