1
0.000 0.001 0.000000
0.001 0.002 0.000000
0.002 0.003 0.000000
0.003 0.004 0.000000
0.004 0.005 0.000000
0.005 0.006 0.000000
0.006 0.007 0.000000
0.007 0.008 0.000000
0.008 0.009 0.000000
0.009 0.010 0.000000
0.010 0.011 0.000000
0.011 0.012 0.000000
0.012 0.013 0.000000
0.013 0.014 0.000003
0.014 0.015 0.000030
0.015 0.016 0.000204
0.016 0.017 0.000918
0.017 0.018 0.003075
0.018 0.019 0.008186
0.019 0.020 0.018256
0.020 0.021 0.035440
0.021 0.022 0.061261
0.022 0.023 0.097605
0.023 0.024 0.144203
0.024 0.025 0.200390
0.025 0.026 0.264161
0.026 0.027 0.333027
0.027 0.028 0.406351
0.028 0.029 0.480980
0.029 0.030 0.552756
0.030 0.031 0.622011
0.031 0.032 0.685952
0.032 0.033 0.745571
0.033 0.034 0.795649
0.034 0.035 0.838689
0.035 0.036 0.874707
0.036 0.037 0.907523
0.037 0.038 0.933842
0.038 0.039 0.956240
0.039 0.040 0.973963
0.040 0.041 0.982340
0.041 0.042 0.986410
0.042 0.043 0.987310
0.043 0.044 0.984468
0.044 0.045 0.976750
0.045 0.046 0.960218
0.046 0.047 0.944127
0.047 0.048 0.922757
0.048 0.049 0.905822
0.049 0.050 0.885358
0.050 0.051 0.865702
0.051 0.052 0.848236
0.052 0.053 0.824152
0.053 0.054 0.798525
0.054 0.055 0.773686
0.055 0.056 0.745834
0.056 0.057 0.716275
0.057 0.058 0.806657
0.058 0.059 1.000000
0.059 0.060 0.853676
0.060 0.061 0.619007
0.061 0.062 0.593696
0.062 0.063 0.555887
0.063 0.064 0.529765
0.064 0.065 0.504915
0.065 0.066 0.479701
0.066 0.067 0.541318
0.067 0.068 0.519895
0.068 0.069 0.423494
0.069 0.070 0.375882
0.070 0.071 0.318621
0.071 0.072 0.303871
0.072 0.073 0.284647
0.073 0.074 0.268180
0.074 0.075 0.251319
0.075 0.076 0.233125
0.076 0.077 0.215485
0.077 0.078 0.197916
0.078 0.079 0.182446
0.079 0.080 0.165377
0.080 0.081 0.151646
0.081 0.082 0.136161
0.082 0.083 0.122598
0.083 0.084 0.110349
0.084 0.085 0.097621
0.085 0.086 0.085157
0.086 0.087 0.069371
0.087 0.088 0.059981
0.088 0.089 0.049118
0.089 0.090 0.039872
0.090 0.091 0.032478
0.091 0.092 0.021831
0.092 0.093 0.016727
0.093 0.094 0.011463
0.094 0.095 0.004375
0.095 0.096 0.002684
0.096 0.097 0.000000
0.097 0.098 0.000000
0.098 0.099 0.000000
0.099 0.100 0.000000
0.100 0.101 0.000000
0.101 0.102 0.000000
0.102 0.103 0.000000
0.103 0.104 0.000000
0.104 0.105 0.000000
0.105 0.106 0.000000
0.106 0.107 0.000000
0.107 0.108 0.000000
0.108 0.109 0.000000
0.109 0.110 0.000000
0.110 0.111 0.000000
0.111 0.112 0.000000
0.112 0.113 0.000000
0.113 0.114 0.000000
0.114 0.115 0.000000
0.115 0.116 0.000000
0.116 0.117 0.000000
0.117 0.118 0.000000
0.118 0.119 0.000000
0.119 0.120 0.000000
0.120 0.121 0.000000
0.121 0.122 0.000000
0.122 0.123 0.000000
0.123 0.124 0.000000
0.124 0.125 0.000000
0.125 0.126 0.000000
0.126 0.127 0.000000
0.127 0.128 0.000000
0.128 0.129 0.000000
0.129 0.130 0.000000
0.130 0.131 0.000000
0.131 0.132 0.000000
0.132 0.133 0.000000
0.133 0.134 0.000000
0.134 0.135 0.000000
0.135 0.136 0.000000
0.136 0.137 0.000000
0.137 0.138 0.000000
0.138 0.139 0.000000
0.139 0.140 0.000000
0.140 0.141 0.000000
0.141 0.142 0.000000
0.142 0.143 0.000000
0.143 0.144 0.000000
0.144 0.145 0.000000
0.145 0.146 0.000000
0.146 0.147 0.000000
0.147 0.148 0.000000
0.148 0.149 0.000000
0.149 0.150 0.000000
