1
0.000 0.001 0.000000
0.001 0.002 0.000000
0.002 0.003 0.000000
0.003 0.004 0.000000
0.004 0.005 0.000000
0.005 0.006 0.000000
0.006 0.007 0.000000
0.007 0.008 0.000000
0.008 0.009 0.000000
0.009 0.010 0.000000
0.010 0.011 0.000000
0.011 0.012 0.000000
0.012 0.013 0.000000
0.013 0.014 0.000000
0.014 0.015 0.000000
0.015 0.016 0.000000
0.016 0.017 0.000001
0.017 0.018 0.000005
0.018 0.019 0.000025
0.019 0.020 0.000101
0.020 0.021 0.000325
0.021 0.022 0.000870
0.022 0.023 0.001992
0.023 0.024 0.004044
0.024 0.025 0.007428
0.025 0.026 0.012454
0.026 0.027 0.019473
0.027 0.028 0.028711
0.028 0.029 0.040225
0.029 0.030 0.053823
0.030 0.031 0.069462
0.031 0.032 0.086686
0.032 0.033 0.105582
0.033 0.034 0.125487
0.034 0.035 0.145429
0.035 0.036 0.165725
0.036 0.037 0.186380
0.037 0.038 0.207348
0.038 0.039 0.226769
0.039 0.040 0.244822
0.040 0.041 0.261565
0.041 0.042 0.277795
0.042 0.043 0.293885
0.043 0.044 0.307418
0.044 0.045 0.319956
0.045 0.046 0.329514
0.046 0.047 0.339217
0.047 0.048 0.350841
0.048 0.049 0.358101
0.049 0.050 0.362075
0.050 0.051 0.368134
0.051 0.052 0.374067
0.052 0.053 0.375068
0.053 0.054 0.376363
0.054 0.055 0.378217
0.055 0.056 0.379476
0.056 0.057 0.381162
0.057 0.058 0.594398
0.058 0.059 1.000000
0.059 0.060 0.785723
0.060 0.061 0.391437
0.061 0.062 0.389365
0.062 0.063 0.364317
0.063 0.064 0.361870
0.064 0.065 0.358350
0.065 0.066 0.352335
0.066 0.067 0.512337
0.067 0.068 0.508541
0.068 0.069 0.373170
0.069 0.070 0.333859
0.070 0.071 0.258646
0.071 0.072 0.256499
0.072 0.073 0.252299
0.073 0.074 0.247754
0.074 0.075 0.245221
0.075 0.076 0.242409
0.076 0.077 0.237973
0.077 0.078 0.235227
0.078 0.079 0.231548
0.079 0.080 0.228495
0.080 0.081 0.226524
0.081 0.082 0.222634
0.082 0.083 0.217349
0.083 0.084 0.212360
0.084 0.085 0.208506
0.085 0.086 0.204647
0.086 0.087 0.201904
0.087 0.088 0.198903
0.088 0.089 0.193730
0.089 0.090 0.188767
0.090 0.091 0.184641
0.091 0.092 0.179183
0.092 0.093 0.174131
0.093 0.094 0.170620
0.094 0.095 0.166056
0.095 0.096 0.162173
0.096 0.097 0.158804
0.097 0.098 0.153908
0.098 0.099 0.149112
0.099 0.100 0.145795
0.100 0.101 0.141992
0.101 0.102 0.137420
0.102 0.103 0.133764
0.103 0.104 0.130575
0.104 0.105 0.125650
0.105 0.106 0.120114
0.106 0.107 0.115858
0.107 0.108 0.111055
0.108 0.109 0.107520
0.109 0.110 0.104857
0.110 0.111 0.101104
0.111 0.112 0.097052
0.112 0.113 0.091577
0.113 0.114 0.086117
0.114 0.115 0.082552
0.115 0.116 0.079201
0.116 0.117 0.074515
0.117 0.118 0.071142
0.118 0.119 0.067073
0.119 0.120 0.062843
0.120 0.121 0.059914
0.121 0.122 0.056483
0.122 0.123 0.053158
0.123 0.124 0.049660
0.124 0.125 0.045188
0.125 0.126 0.040642
0.126 0.127 0.037140
0.127 0.128 0.032631
0.128 0.129 0.028874
0.129 0.130 0.025052
0.130 0.131 0.020746
0.131 0.132 0.018240
0.132 0.133 0.014731
0.133 0.134 0.010600
0.134 0.135 0.006515
0.135 0.136 0.002976
0.136 0.137 0.000254
0.137 0.138 0.000000
0.138 0.139 0.000000
0.139 0.140 0.000000
0.140 0.141 0.000000
0.141 0.142 0.000000
0.142 0.143 0.000000
0.143 0.144 0.000000
0.144 0.145 0.000000
0.145 0.146 0.000000
0.146 0.147 0.000000
0.147 0.148 0.000000
0.148 0.149 0.000000
0.149 0.150 0.000000
