1
0.000 0.001 0.000000
0.001 0.002 0.000000
0.002 0.003 0.000000
0.003 0.004 0.000000
0.004 0.005 0.000000
0.005 0.006 0.000000
0.006 0.007 0.000000
0.007 0.008 0.000000
0.008 0.009 0.000000
0.009 0.010 0.000000
0.010 0.011 0.000000
0.011 0.012 0.000000
0.012 0.013 0.000000
0.013 0.014 0.000000
0.014 0.015 0.000000
0.015 0.016 0.000000
0.016 0.017 0.000000
0.017 0.018 0.000000
0.018 0.019 0.000000
0.019 0.020 0.000000
0.020 0.021 0.000002
0.021 0.022 0.000011
0.022 0.023 0.000049
0.023 0.024 0.000173
0.024 0.025 0.000511
0.025 0.026 0.001285
0.026 0.027 0.002818
0.027 0.028 0.005615
0.028 0.029 0.010248
0.029 0.030 0.017202
0.030 0.031 0.027015
0.031 0.032 0.040067
0.032 0.033 0.056699
0.033 0.034 0.076767
0.034 0.035 0.100177
0.035 0.036 0.126846
0.036 0.037 0.155936
0.037 0.038 0.186175
0.038 0.039 0.217737
0.039 0.040 0.251063
0.040 0.041 0.283743
0.041 0.042 0.314918
0.042 0.043 0.347958
0.043 0.044 0.378899
0.044 0.045 0.409123
0.045 0.046 0.436840
0.046 0.047 0.461288
0.047 0.048 0.485084
0.048 0.049 0.506324
0.049 0.050 0.522018
0.050 0.051 0.536316
0.051 0.052 0.550243
0.052 0.053 0.561450
0.053 0.054 0.568484
0.054 0.055 0.571587
0.055 0.056 0.572223
0.056 0.057 0.577977
0.057 0.058 0.722794
0.058 0.059 1.000000
0.059 0.060 0.854528
0.060 0.061 0.576590
0.061 0.062 0.570623
0.062 0.063 0.548331
0.063 0.064 0.535430
0.064 0.065 0.523362
0.065 0.066 0.512980
0.066 0.067 0.625260
0.067 0.068 0.612621
0.068 0.069 0.498704
0.069 0.070 0.454595
0.070 0.071 0.389587
0.071 0.072 0.378079
0.072 0.073 0.362205
0.073 0.074 0.354855
0.074 0.075 0.345557
0.075 0.076 0.330498
0.076 0.077 0.313257
0.077 0.078 0.298194
0.078 0.079 0.287844
0.079 0.080 0.274342
0.080 0.081 0.262060
0.081 0.082 0.247741
0.082 0.083 0.234078
0.083 0.084 0.219808
0.084 0.085 0.207178
0.085 0.086 0.195889
0.086 0.087 0.182600
0.087 0.088 0.170682
0.088 0.089 0.157043
0.089 0.090 0.146137
0.090 0.091 0.133055
0.091 0.092 0.120907
0.092 0.093 0.111131
0.093 0.094 0.102373
0.094 0.095 0.091803
0.095 0.096 0.081789
0.096 0.097 0.067827
0.097 0.098 0.058220
0.098 0.099 0.047083
0.099 0.100 0.039556
0.100 0.101 0.035927
0.101 0.102 0.028781
0.102 0.103 0.018624
0.103 0.104 0.013914
0.104 0.105 0.010026
0.105 0.106 0.003919
0.106 0.107 0.002394
0.107 0.108 0.000000
0.108 0.109 0.000000
0.109 0.110 0.000000
0.110 0.111 0.000000
0.111 0.112 0.000000
0.112 0.113 0.000000
0.113 0.114 0.000000
0.114 0.115 0.000000
0.115 0.116 0.000000
0.116 0.117 0.000000
0.117 0.118 0.000000
0.118 0.119 0.000000
0.119 0.120 0.000000
0.120 0.121 0.000000
0.121 0.122 0.000000
0.122 0.123 0.000000
0.123 0.124 0.000000
0.124 0.125 0.000000
0.125 0.126 0.000000
0.126 0.127 0.000000
0.127 0.128 0.000000
0.128 0.129 0.000000
0.129 0.130 0.000000
0.130 0.131 0.000000
0.131 0.132 0.000000
0.132 0.133 0.000000
0.133 0.134 0.000000
0.134 0.135 0.000000
0.135 0.136 0.000000
0.136 0.137 0.000000
0.137 0.138 0.000000
0.138 0.139 0.000000
0.139 0.140 0.000000
0.140 0.141 0.000000
0.141 0.142 0.000000
0.142 0.143 0.000000
0.143 0.144 0.000000
0.144 0.145 0.000000
0.145 0.146 0.000000
0.146 0.147 0.000000
0.147 0.148 0.000000
0.148 0.149 0.000000
0.149 0.150 0.000000
