1
0.000 0.001 0.000000
0.001 0.002 0.000000
0.002 0.003 0.000000
0.003 0.004 0.000000
0.004 0.005 0.000000
0.005 0.006 0.000000
0.006 0.007 0.000000
0.007 0.008 0.000000
0.008 0.009 0.000000
0.009 0.010 0.000000
0.010 0.011 0.000000
0.011 0.012 0.000000
0.012 0.013 0.000000
0.013 0.014 0.000000
0.014 0.015 0.000000
0.015 0.016 0.000000
0.016 0.017 0.000000
0.017 0.018 0.000000
0.018 0.019 0.000003
0.019 0.020 0.000023
0.020 0.021 0.000114
0.021 0.022 0.000435
0.022 0.023 0.001332
0.023 0.024 0.003428
0.024 0.025 0.007666
0.025 0.026 0.015216
0.026 0.027 0.027320
0.027 0.028 0.045253
0.028 0.029 0.069955
0.029 0.030 0.101726
0.030 0.031 0.140893
0.031 0.032 0.186205
0.032 0.033 0.237006
0.033 0.034 0.292843
0.034 0.035 0.351927
0.035 0.036 0.412599
0.036 0.037 0.471638
0.037 0.038 0.531742
0.038 0.039 0.589264
0.039 0.040 0.642543
0.040 0.041 0.689879
0.041 0.042 0.738062
0.042 0.043 0.779768
0.043 0.044 0.816183
0.044 0.045 0.848385
0.045 0.046 0.868751
0.046 0.047 0.887419
0.047 0.048 0.898944
0.048 0.049 0.900624
0.049 0.050 0.899035
0.050 0.051 0.902141
0.051 0.052 0.899107
0.052 0.053 0.888950
0.053 0.054 0.879136
0.054 0.055 0.864146
0.055 0.056 0.837318
0.056 0.057 0.809191
0.057 0.058 0.862322
0.058 0.059 1.000000
0.059 0.060 0.897950
0.060 0.061 0.717588
0.061 0.062 0.687391
0.062 0.063 0.649695
0.063 0.064 0.616114
0.064 0.065 0.577575
0.065 0.066 0.543724
0.066 0.067 0.579981
0.067 0.068 0.553914
0.068 0.069 0.463347
0.069 0.070 0.410582
0.070 0.071 0.356537
0.071 0.072 0.323511
0.072 0.073 0.293967
0.073 0.074 0.268182
0.074 0.075 0.241988
0.075 0.076 0.215995
0.076 0.077 0.186760
0.077 0.078 0.164483
0.078 0.079 0.140493
0.079 0.080 0.120785
0.080 0.081 0.101703
0.081 0.082 0.074056
0.082 0.083 0.059105
0.083 0.084 0.046064
0.084 0.085 0.027341
0.085 0.086 0.017817
0.086 0.087 0.004747
0.087 0.088 0.000000
0.088 0.089 0.000000
0.089 0.090 0.000000
0.090 0.091 0.000000
0.091 0.092 0.000000
0.092 0.093 0.000000
0.093 0.094 0.000000
0.094 0.095 0.000000
0.095 0.096 0.000000
0.096 0.097 0.000000
0.097 0.098 0.000000
0.098 0.099 0.000000
0.099 0.100 0.000000
0.100 0.101 0.000000
0.101 0.102 0.000000
0.102 0.103 0.000000
0.103 0.104 0.000000
0.104 0.105 0.000000
0.105 0.106 0.000000
0.106 0.107 0.000000
0.107 0.108 0.000000
0.108 0.109 0.000000
0.109 0.110 0.000000
0.110 0.111 0.000000
0.111 0.112 0.000000
0.112 0.113 0.000000
0.113 0.114 0.000000
0.114 0.115 0.000000
0.115 0.116 0.000000
0.116 0.117 0.000000
0.117 0.118 0.000000
0.118 0.119 0.000000
0.119 0.120 0.000000
0.120 0.121 0.000000
0.121 0.122 0.000000
0.122 0.123 0.000000
0.123 0.124 0.000000
0.124 0.125 0.000000
0.125 0.126 0.000000
0.126 0.127 0.000000
0.127 0.128 0.000000
0.128 0.129 0.000000
0.129 0.130 0.000000
0.130 0.131 0.000000
0.131 0.132 0.000000
0.132 0.133 0.000000
0.133 0.134 0.000000
0.134 0.135 0.000000
0.135 0.136 0.000000
0.136 0.137 0.000000
0.137 0.138 0.000000
0.138 0.139 0.000000
0.139 0.140 0.000000
0.140 0.141 0.000000
0.141 0.142 0.000000
0.142 0.143 0.000000
0.143 0.144 0.000000
0.144 0.145 0.000000
0.145 0.146 0.000000
0.146 0.147 0.000000
0.147 0.148 0.000000
0.148 0.149 0.000000
0.149 0.150 0.000000
