1
0.000 0.001 0.000000
0.001 0.002 0.000000
0.002 0.003 0.000000
0.003 0.004 0.000000
0.004 0.005 0.000000
0.005 0.006 0.000000
0.006 0.007 0.000055
0.007 0.008 0.002061
0.008 0.009 0.000904
0.009 0.010 0.004015
0.010 0.011 0.010445
0.011 0.012 0.022690
0.012 0.013 0.044333
0.013 0.014 0.083217
0.014 0.015 0.136983
0.015 0.016 0.202440
0.016 0.017 0.276591
0.017 0.018 0.355765
0.018 0.019 0.434454
0.019 0.020 0.512307
0.020 0.021 0.587267
0.021 0.022 0.655133
0.022 0.023 0.714875
0.023 0.024 0.767854
0.024 0.025 0.813270
0.025 0.026 0.849270
0.026 0.027 0.877608
0.027 0.028 0.902021
0.028 0.029 0.919583
0.029 0.030 0.929391
0.030 0.031 0.936266
0.031 0.032 0.937787
0.032 0.033 0.934821
0.033 0.034 0.929017
0.034 0.035 0.920910
0.035 0.036 0.909190
0.036 0.037 0.896042
0.037 0.038 0.882181
0.038 0.039 0.863915
0.039 0.040 0.845884
0.040 0.041 0.827068
0.041 0.042 0.806178
0.042 0.043 0.787476
0.043 0.044 0.767822
0.044 0.045 0.748026
0.045 0.046 0.726416
0.046 0.047 0.702870
0.047 0.048 0.685267
0.048 0.049 0.667377
0.049 0.050 0.645838
0.050 0.051 0.624810
0.051 0.052 0.607521
0.052 0.053 0.590166
0.053 0.054 0.570758
0.054 0.055 0.551548
0.055 0.056 0.535091
0.056 0.057 0.518874
0.057 0.058 0.682327
0.058 0.059 1.000000
0.059 0.060 0.798820
0.060 0.061 0.462283
0.061 0.062 0.447742
0.062 0.063 0.417242
0.063 0.064 0.402131
0.064 0.065 0.386696
0.065 0.066 0.373342
0.066 0.067 0.481566
0.067 0.068 0.468558
0.068 0.069 0.359722
0.069 0.070 0.319639
0.070 0.071 0.258656
0.071 0.072 0.248167
0.072 0.073 0.238495
0.073 0.074 0.231811
0.074 0.075 0.224719
0.075 0.076 0.216871
0.076 0.077 0.207552
0.077 0.078 0.199417
0.078 0.079 0.193752
0.079 0.080 0.187328
0.080 0.081 0.179248
0.081 0.082 0.170389
0.082 0.083 0.161954
0.083 0.084 0.155579
0.084 0.085 0.149843
0.085 0.086 0.144684
0.086 0.087 0.138190
0.087 0.088 0.133651
0.088 0.089 0.128257
0.089 0.090 0.121436
0.090 0.091 0.115268
0.091 0.092 0.107252
0.092 0.093 0.101079
0.093 0.094 0.098644
0.094 0.095 0.093939
0.095 0.096 0.089409
0.096 0.097 0.084580
0.097 0.098 0.078682
0.098 0.099 0.073262
0.099 0.100 0.068892
0.100 0.101 0.065434
0.101 0.102 0.061403
0.102 0.103 0.055750
0.103 0.104 0.052458
0.104 0.105 0.049688
0.105 0.106 0.046210
0.106 0.107 0.042886
0.107 0.108 0.038847
0.108 0.109 0.035394
0.109 0.110 0.031751
0.110 0.111 0.027948
0.111 0.112 0.025797
0.112 0.113 0.022905
0.113 0.114 0.020478
0.114 0.115 0.018118
0.115 0.116 0.015388
0.116 0.117 0.012553
0.117 0.118 0.010613
0.118 0.119 0.008021
0.119 0.120 0.006656
0.120 0.121 0.005876
0.121 0.122 0.003901
0.122 0.123 0.002925
0.123 0.124 0.001908
0.124 0.125 0.000504
0.125 0.126 0.000000
0.126 0.127 0.000000
0.127 0.128 0.000000
0.128 0.129 0.000000
0.129 0.130 0.000000
0.130 0.131 0.000000
0.131 0.132 0.000000
0.132 0.133 0.000000
0.133 0.134 0.000000
0.134 0.135 0.000000
0.135 0.136 0.000000
0.136 0.137 0.000000
0.137 0.138 0.000000
0.138 0.139 0.000000
0.139 0.140 0.000000
0.140 0.141 0.000000
0.141 0.142 0.000000
0.142 0.143 0.000000
0.143 0.144 0.000000
0.144 0.145 0.000000
0.145 0.146 0.000000
0.146 0.147 0.000000
0.147 0.148 0.000000
0.148 0.149 0.000000
0.149 0.150 0.000000
