1
0.000 0.001 0.000000
0.001 0.002 0.000000
0.002 0.003 0.000000
0.003 0.004 0.000000
0.004 0.005 0.000000
0.005 0.006 0.000000
0.006 0.007 0.000000
0.007 0.008 0.000000
0.008 0.009 0.000000
0.009 0.010 0.000000
0.010 0.011 0.000000
0.011 0.012 0.000000
0.012 0.013 0.000000
0.013 0.014 0.000000
0.014 0.015 0.000000
0.015 0.016 0.000006
0.016 0.017 0.000044
0.017 0.018 0.000215
0.018 0.019 0.000772
0.019 0.020 0.002200
0.020 0.021 0.005223
0.021 0.022 0.010671
0.022 0.023 0.019372
0.023 0.024 0.031965
0.024 0.025 0.048773
0.025 0.026 0.069511
0.026 0.027 0.094583
0.027 0.028 0.123337
0.028 0.029 0.154906
0.029 0.030 0.187837
0.030 0.031 0.221568
0.031 0.032 0.255266
0.032 0.033 0.288425
0.033 0.034 0.320101
0.034 0.035 0.349703
0.035 0.036 0.376803
0.036 0.037 0.402222
0.037 0.038 0.425714
0.038 0.039 0.444825
0.039 0.040 0.461406
0.040 0.041 0.475341
0.041 0.042 0.486333
0.042 0.043 0.495801
0.043 0.044 0.502446
0.044 0.045 0.507451
0.045 0.046 0.511138
0.046 0.047 0.512304
0.047 0.048 0.514855
0.048 0.049 0.515212
0.049 0.050 0.511903
0.050 0.051 0.508894
0.051 0.052 0.506404
0.052 0.053 0.501218
0.053 0.054 0.494993
0.054 0.055 0.488123
0.055 0.056 0.481839
0.056 0.057 0.475464
0.057 0.058 0.654955
0.058 0.059 1.000000
0.059 0.060 0.802023
0.060 0.061 0.451002
0.061 0.062 0.441301
0.062 0.063 0.413495
0.063 0.064 0.401750
0.064 0.065 0.391657
0.065 0.066 0.382268
0.066 0.067 0.510447
0.067 0.068 0.502099
0.068 0.069 0.384075
0.069 0.070 0.343852
0.070 0.071 0.277229
0.071 0.072 0.270345
0.072 0.073 0.261576
0.073 0.074 0.255291
0.074 0.075 0.249119
0.075 0.076 0.242125
0.076 0.077 0.233369
0.077 0.078 0.225951
0.078 0.079 0.220361
0.079 0.080 0.213491
0.080 0.081 0.207355
0.081 0.082 0.200239
0.082 0.083 0.193465
0.083 0.084 0.187116
0.084 0.085 0.181562
0.085 0.086 0.176443
0.086 0.087 0.170371
0.087 0.088 0.166006
0.088 0.089 0.160098
0.089 0.090 0.152996
0.090 0.091 0.146899
0.091 0.092 0.138628
0.092 0.093 0.132526
0.093 0.094 0.128861
0.094 0.095 0.122226
0.095 0.096 0.117690
0.096 0.097 0.113094
0.097 0.098 0.107119
0.098 0.099 0.101754
0.099 0.100 0.097478
0.100 0.101 0.093670
0.101 0.102 0.089376
0.102 0.103 0.084162
0.103 0.104 0.080089
0.104 0.105 0.076070
0.105 0.106 0.071156
0.106 0.107 0.066746
0.107 0.108 0.060985
0.108 0.109 0.057684
0.109 0.110 0.054394
0.110 0.111 0.051038
0.111 0.112 0.048117
0.112 0.113 0.044069
0.113 0.114 0.040498
0.114 0.115 0.037438
0.115 0.116 0.034038
0.116 0.117 0.030604
0.117 0.118 0.027203
0.118 0.119 0.022453
0.119 0.120 0.020514
0.120 0.121 0.019608
0.121 0.122 0.017582
0.122 0.123 0.015526
0.123 0.124 0.013349
0.124 0.125 0.010811
0.125 0.126 0.007866
0.126 0.127 0.006678
0.127 0.128 0.005274
0.128 0.129 0.003973
0.129 0.130 0.002739
0.130 0.131 0.000982
0.131 0.132 0.000632
0.132 0.133 0.000000
0.133 0.134 0.000000
0.134 0.135 0.000000
0.135 0.136 0.000000
0.136 0.137 0.000000
0.137 0.138 0.000000
0.138 0.139 0.000000
0.139 0.140 0.000000
0.140 0.141 0.000000
0.141 0.142 0.000000
0.142 0.143 0.000000
0.143 0.144 0.000000
0.144 0.145 0.000000
0.145 0.146 0.000000
0.146 0.147 0.000000
0.147 0.148 0.000000
0.148 0.149 0.000000
0.149 0.150 0.000000
