1
0.000 0.001 0.000000
0.001 0.002 0.000000
0.002 0.003 0.000000
0.003 0.004 0.000000
0.004 0.005 0.000000
0.005 0.006 0.000000
0.006 0.007 0.000000
0.007 0.008 0.000000
0.008 0.009 0.000000
0.009 0.010 0.000000
0.010 0.011 0.000000
0.011 0.012 0.000000
0.012 0.013 0.000000
0.013 0.014 0.000000
0.014 0.015 0.000000
0.015 0.016 0.000000
0.016 0.017 0.000000
0.017 0.018 0.000000
0.018 0.019 0.000000
0.019 0.020 0.000001
0.020 0.021 0.000004
0.021 0.022 0.000017
0.022 0.023 0.000066
0.023 0.024 0.000204
0.024 0.025 0.000539
0.025 0.026 0.001235
0.026 0.027 0.002526
0.027 0.028 0.004701
0.028 0.029 0.008074
0.029 0.030 0.012893
0.030 0.031 0.019460
0.031 0.032 0.027894
0.032 0.033 0.038328
0.033 0.034 0.050781
0.034 0.035 0.064969
0.035 0.036 0.080646
0.036 0.037 0.097877
0.037 0.038 0.116739
0.038 0.039 0.135852
0.039 0.040 0.155223
0.040 0.041 0.175039
0.041 0.042 0.194650
0.042 0.043 0.214232
0.043 0.044 0.233120
0.044 0.045 0.251959
0.045 0.046 0.268536
0.046 0.047 0.284437
0.047 0.048 0.301214
0.048 0.049 0.315476
0.049 0.050 0.327377
0.050 0.051 0.339409
0.051 0.052 0.351331
0.052 0.053 0.360041
0.053 0.054 0.367501
0.054 0.055 0.374927
0.055 0.056 0.382299
0.056 0.057 0.389212
0.057 0.058 0.598697
0.058 0.059 1.000000
0.059 0.060 0.800327
0.060 0.061 0.416339
0.061 0.062 0.417964
0.062 0.063 0.396581
0.063 0.064 0.396524
0.064 0.065 0.394779
0.065 0.066 0.391749
0.066 0.067 0.561499
0.067 0.068 0.561102
0.068 0.069 0.421146
0.069 0.070 0.379952
0.070 0.071 0.300167
0.071 0.072 0.298436
0.072 0.073 0.294726
0.073 0.074 0.291393
0.074 0.075 0.289199
0.075 0.076 0.286744
0.076 0.077 0.281969
0.077 0.078 0.278814
0.078 0.079 0.276006
0.079 0.080 0.272980
0.080 0.081 0.269759
0.081 0.082 0.264719
0.082 0.083 0.259040
0.083 0.084 0.253828
0.084 0.085 0.249552
0.085 0.086 0.245422
0.086 0.087 0.241193
0.087 0.088 0.238024
0.088 0.089 0.232550
0.089 0.090 0.226127
0.090 0.091 0.220901
0.091 0.092 0.212965
0.092 0.093 0.206900
0.093 0.094 0.203708
0.094 0.095 0.197940
0.095 0.096 0.192691
0.096 0.097 0.187814
0.097 0.098 0.180864
0.098 0.099 0.174521
0.099 0.100 0.169670
0.100 0.101 0.164647
0.101 0.102 0.158947
0.102 0.103 0.153039
0.103 0.104 0.148320
0.104 0.105 0.142567
0.105 0.106 0.135715
0.106 0.107 0.129987
0.107 0.108 0.123172
0.108 0.109 0.117853
0.109 0.110 0.112979
0.110 0.111 0.107395
0.111 0.112 0.102064
0.112 0.113 0.094703
0.113 0.114 0.088260
0.114 0.115 0.083343
0.115 0.116 0.078197
0.116 0.117 0.071919
0.117 0.118 0.067414
0.118 0.119 0.061683
0.119 0.120 0.057030
0.120 0.121 0.053685
0.121 0.122 0.049988
0.122 0.123 0.046334
0.123 0.124 0.042486
0.124 0.125 0.037481
0.125 0.126 0.033344
0.126 0.127 0.030077
0.127 0.128 0.026028
0.128 0.129 0.022243
0.129 0.130 0.019283
0.130 0.131 0.015964
0.131 0.132 0.013640
0.132 0.133 0.011410
0.133 0.134 0.008482
0.134 0.135 0.006527
0.135 0.136 0.004731
0.136 0.137 0.002772
0.137 0.138 0.001224
0.138 0.139 0.000283
0.139 0.140 0.000000
0.140 0.141 0.000000
0.141 0.142 0.000000
0.142 0.143 0.000000
0.143 0.144 0.000000
0.144 0.145 0.000000
0.145 0.146 0.000000
0.146 0.147 0.000000
0.147 0.148 0.000000
0.148 0.149 0.000000
0.149 0.150 0.000000
