1
0.000 0.001 0.000000
0.001 0.002 0.000000
0.002 0.003 0.000000
0.003 0.004 0.000000
0.004 0.005 0.000000
0.005 0.006 0.000000
0.006 0.007 0.000000
0.007 0.008 0.000000
0.008 0.009 0.000000
0.009 0.010 0.000000
0.010 0.011 0.000000
0.011 0.012 0.000000
0.012 0.013 0.000000
0.013 0.014 0.000000
0.014 0.015 0.000000
0.015 0.016 0.000000
0.016 0.017 0.000001
0.017 0.018 0.000012
0.018 0.019 0.000072
0.019 0.020 0.000305
0.020 0.021 0.001010
0.021 0.022 0.002735
0.022 0.023 0.006305
0.023 0.024 0.012750
0.024 0.025 0.023193
0.025 0.026 0.038519
0.026 0.027 0.059341
0.027 0.028 0.086170
0.028 0.029 0.118907
0.029 0.030 0.156862
0.030 0.031 0.199001
0.031 0.032 0.243810
0.032 0.033 0.291843
0.033 0.034 0.340529
0.034 0.035 0.388215
0.035 0.036 0.435707
0.036 0.037 0.480198
0.037 0.038 0.521603
0.038 0.039 0.561318
0.039 0.040 0.599117
0.040 0.041 0.630853
0.041 0.042 0.659499
0.042 0.043 0.685084
0.043 0.044 0.706224
0.044 0.045 0.724432
0.045 0.046 0.735416
0.046 0.047 0.745118
0.047 0.048 0.751663
0.048 0.049 0.753461
0.049 0.050 0.751306
0.050 0.051 0.749841
0.051 0.052 0.747962
0.052 0.053 0.738774
0.053 0.054 0.728485
0.054 0.055 0.717951
0.055 0.056 0.703515
0.056 0.057 0.686702
0.057 0.058 0.790072
0.058 0.059 1.000000
0.059 0.060 0.863961
0.060 0.061 0.626021
0.061 0.062 0.604178
0.062 0.063 0.568606
0.063 0.064 0.543054
0.064 0.065 0.521008
0.065 0.066 0.498553
0.066 0.067 0.568846
0.067 0.068 0.549358
0.068 0.069 0.447113
0.069 0.070 0.401419
0.070 0.071 0.346690
0.071 0.072 0.329988
0.072 0.073 0.308337
0.073 0.074 0.289341
0.074 0.075 0.273544
0.075 0.076 0.255559
0.076 0.077 0.237800
0.077 0.078 0.220491
0.078 0.079 0.204376
0.079 0.080 0.191893
0.080 0.081 0.176692
0.081 0.082 0.159187
0.082 0.083 0.143533
0.083 0.084 0.127593
0.084 0.085 0.115287
0.085 0.086 0.103473
0.086 0.087 0.090103
0.087 0.088 0.075918
0.088 0.089 0.063921
0.089 0.090 0.053369
0.090 0.091 0.043228
0.091 0.092 0.035378
0.092 0.093 0.027760
0.093 0.094 0.018717
0.094 0.095 0.013067
0.095 0.096 0.006375
0.096 0.097 0.001702
0.097 0.098 0.000000
0.098 0.099 0.000000
0.099 0.100 0.000000
0.100 0.101 0.000000
0.101 0.102 0.000000
0.102 0.103 0.000000
0.103 0.104 0.000000
0.104 0.105 0.000000
0.105 0.106 0.000000
0.106 0.107 0.000000
0.107 0.108 0.000000
0.108 0.109 0.000000
0.109 0.110 0.000000
0.110 0.111 0.000000
0.111 0.112 0.000000
0.112 0.113 0.000000
0.113 0.114 0.000000
0.114 0.115 0.000000
0.115 0.116 0.000000
0.116 0.117 0.000000
0.117 0.118 0.000000
0.118 0.119 0.000000
0.119 0.120 0.000000
0.120 0.121 0.000000
0.121 0.122 0.000000
0.122 0.123 0.000000
0.123 0.124 0.000000
0.124 0.125 0.000000
0.125 0.126 0.000000
0.126 0.127 0.000000
0.127 0.128 0.000000
0.128 0.129 0.000000
0.129 0.130 0.000000
0.130 0.131 0.000000
0.131 0.132 0.000000
0.132 0.133 0.000000
0.133 0.134 0.000000
0.134 0.135 0.000000
0.135 0.136 0.000000
0.136 0.137 0.000000
0.137 0.138 0.000000
0.138 0.139 0.000000
0.139 0.140 0.000000
0.140 0.141 0.000000
0.141 0.142 0.000000
0.142 0.143 0.000000
0.143 0.144 0.000000
0.144 0.145 0.000000
0.145 0.146 0.000000
0.146 0.147 0.000000
0.147 0.148 0.000000
0.148 0.149 0.000000
0.149 0.150 0.000000
