1
0.000 0.001 0.000000
0.001 0.002 0.000000
0.002 0.003 0.000000
0.003 0.004 0.000000
0.004 0.005 0.000000
0.005 0.006 0.000000
0.006 0.007 0.000000
0.007 0.008 0.000000
0.008 0.009 0.000000
0.009 0.010 0.000000
0.010 0.011 0.000000
0.011 0.012 0.000000
0.012 0.013 0.000000
0.013 0.014 0.000007
0.014 0.015 0.000063
0.015 0.016 0.000364
0.016 0.017 0.001459
0.017 0.018 0.004419
0.018 0.019 0.010809
0.019 0.020 0.022466
0.020 0.021 0.041070
0.021 0.022 0.067631
0.022 0.023 0.102131
0.023 0.024 0.144300
0.024 0.025 0.193179
0.025 0.026 0.246116
0.026 0.027 0.301606
0.027 0.028 0.358918
0.028 0.029 0.416334
0.029 0.030 0.471471
0.030 0.031 0.522383
0.031 0.032 0.569763
0.032 0.033 0.613112
0.033 0.034 0.651319
0.034 0.035 0.684341
0.035 0.036 0.713605
0.036 0.037 0.737816
0.037 0.038 0.754572
0.038 0.039 0.766761
0.039 0.040 0.777891
0.040 0.041 0.783709
0.041 0.042 0.785230
0.042 0.043 0.786674
0.043 0.044 0.783151
0.044 0.045 0.778644
0.045 0.046 0.770920
0.046 0.047 0.758018
0.047 0.048 0.747307
0.048 0.049 0.736306
0.049 0.050 0.719083
0.050 0.051 0.702081
0.051 0.052 0.688212
0.052 0.053 0.672475
0.053 0.054 0.656440
0.054 0.055 0.638235
0.055 0.056 0.620542
0.056 0.057 0.604013
0.057 0.058 0.737168
0.058 0.059 1.000000
0.059 0.060 0.827590
0.060 0.061 0.535294
0.061 0.062 0.515349
0.062 0.063 0.485305
0.063 0.064 0.465856
0.064 0.065 0.447633
0.065 0.066 0.431781
0.066 0.067 0.522055
0.067 0.068 0.506140
0.068 0.069 0.402414
0.069 0.070 0.359757
0.070 0.071 0.300259
0.071 0.072 0.287842
0.072 0.073 0.272849
0.073 0.074 0.264675
0.074 0.075 0.255320
0.075 0.076 0.242278
0.076 0.077 0.227884
0.077 0.078 0.215430
0.078 0.079 0.205912
0.079 0.080 0.198040
0.080 0.081 0.187713
0.081 0.082 0.176143
0.082 0.083 0.165369
0.083 0.084 0.154414
0.084 0.085 0.144708
0.085 0.086 0.135165
0.086 0.087 0.127013
0.087 0.088 0.120141
0.088 0.089 0.113085
0.089 0.090 0.104496
0.090 0.091 0.094892
0.091 0.092 0.085520
0.092 0.093 0.077260
0.093 0.094 0.072399
0.094 0.095 0.066144
0.095 0.096 0.060298
0.096 0.097 0.053107
0.097 0.098 0.045350
0.098 0.099 0.036224
0.099 0.100 0.031512
0.100 0.101 0.029309
0.101 0.102 0.024999
0.102 0.103 0.018838
0.103 0.104 0.015430
0.104 0.105 0.012809
0.105 0.106 0.009693
0.106 0.107 0.005716
0.107 0.108 0.003603
0.108 0.109 0.000966
0.109 0.110 0.000000
0.110 0.111 0.000000
0.111 0.112 0.000000
0.112 0.113 0.000000
0.113 0.114 0.000000
0.114 0.115 0.000000
0.115 0.116 0.000000
0.116 0.117 0.000000
0.117 0.118 0.000000
0.118 0.119 0.000000
0.119 0.120 0.000000
0.120 0.121 0.000000
0.121 0.122 0.000000
0.122 0.123 0.000000
0.123 0.124 0.000000
0.124 0.125 0.000000
0.125 0.126 0.000000
0.126 0.127 0.000000
0.127 0.128 0.000000
0.128 0.129 0.000000
0.129 0.130 0.000000
0.130 0.131 0.000000
0.131 0.132 0.000000
0.132 0.133 0.000000
0.133 0.134 0.000000
0.134 0.135 0.000000
0.135 0.136 0.000000
0.136 0.137 0.000000
0.137 0.138 0.000000
0.138 0.139 0.000000
0.139 0.140 0.000000
0.140 0.141 0.000000
0.141 0.142 0.000000
0.142 0.143 0.000000
0.143 0.144 0.000000
0.144 0.145 0.000000
0.145 0.146 0.000000
0.146 0.147 0.000000
0.147 0.148 0.000000
0.148 0.149 0.000000
0.149 0.150 0.000000
