1
0.000 0.001 0.000000
0.001 0.002 0.000000
0.002 0.003 0.000000
0.003 0.004 0.000000
0.004 0.005 0.000000
0.005 0.006 0.000000
0.006 0.007 0.000000
0.007 0.008 0.000000
0.008 0.009 0.000000
0.009 0.010 0.000000
0.010 0.011 0.000000
0.011 0.012 0.000000
0.012 0.013 0.000000
0.013 0.014 0.000000
0.014 0.015 0.000000
0.015 0.016 0.000000
0.016 0.017 0.000000
0.017 0.018 0.000000
0.018 0.019 0.000002
0.019 0.020 0.000010
0.020 0.021 0.000049
0.021 0.022 0.000180
0.022 0.023 0.000539
0.023 0.024 0.001368
0.024 0.025 0.003028
0.025 0.026 0.005962
0.026 0.027 0.010645
0.027 0.028 0.017636
0.028 0.029 0.027331
0.029 0.030 0.039728
0.030 0.031 0.055256
0.031 0.032 0.073576
0.032 0.033 0.094411
0.033 0.034 0.117736
0.034 0.035 0.142792
0.035 0.036 0.168577
0.036 0.037 0.195268
0.037 0.038 0.222704
0.038 0.039 0.248936
0.039 0.040 0.274425
0.040 0.041 0.299709
0.041 0.042 0.323162
0.042 0.043 0.345561
0.043 0.044 0.366435
0.044 0.045 0.386085
0.045 0.046 0.401945
0.046 0.047 0.415810
0.047 0.048 0.430675
0.048 0.049 0.442330
0.049 0.050 0.449189
0.050 0.051 0.455687
0.051 0.052 0.463015
0.052 0.053 0.467487
0.053 0.054 0.468146
0.054 0.055 0.469938
0.055 0.056 0.472413
0.056 0.057 0.474144
0.057 0.058 0.654210
0.058 0.059 1.000000
0.059 0.060 0.816359
0.060 0.061 0.474603
0.061 0.062 0.469941
0.062 0.063 0.445958
0.063 0.064 0.438239
0.064 0.065 0.429384
0.065 0.066 0.421620
0.066 0.067 0.559754
0.067 0.068 0.552250
0.068 0.069 0.428160
0.069 0.070 0.386404
0.070 0.071 0.315523
0.071 0.072 0.309347
0.072 0.073 0.300975
0.073 0.074 0.295593
0.074 0.075 0.289790
0.075 0.076 0.282812
0.076 0.077 0.273600
0.077 0.078 0.265730
0.078 0.079 0.260358
0.079 0.080 0.253909
0.080 0.081 0.244704
0.081 0.082 0.236447
0.082 0.083 0.228836
0.083 0.084 0.221667
0.084 0.085 0.215285
0.085 0.086 0.209442
0.086 0.087 0.201959
0.087 0.088 0.196832
0.088 0.089 0.190028
0.089 0.090 0.181365
0.090 0.091 0.173750
0.091 0.092 0.163322
0.092 0.093 0.155144
0.093 0.094 0.152196
0.094 0.095 0.146074
0.095 0.096 0.140150
0.096 0.097 0.133895
0.097 0.098 0.125919
0.098 0.099 0.118693
0.099 0.100 0.112846
0.100 0.101 0.107880
0.101 0.102 0.102181
0.102 0.103 0.094392
0.103 0.104 0.089976
0.104 0.105 0.085872
0.105 0.106 0.080679
0.106 0.107 0.075927
0.107 0.108 0.070079
0.108 0.109 0.065166
0.109 0.110 0.060072
0.110 0.111 0.055089
0.111 0.112 0.050257
0.112 0.113 0.045791
0.113 0.114 0.041970
0.114 0.115 0.038528
0.115 0.116 0.034550
0.116 0.117 0.030756
0.117 0.118 0.026742
0.118 0.119 0.021435
0.119 0.120 0.018018
0.120 0.121 0.017117
0.121 0.122 0.014760
0.122 0.123 0.012336
0.123 0.124 0.009778
0.124 0.125 0.006396
0.125 0.126 0.004680
0.126 0.127 0.003248
0.127 0.128 0.001227
0.128 0.129 0.000719
0.129 0.130 0.000000
0.130 0.131 0.000000
0.131 0.132 0.000000
0.132 0.133 0.000000
0.133 0.134 0.000000
0.134 0.135 0.000000
0.135 0.136 0.000000
0.136 0.137 0.000000
0.137 0.138 0.000000
0.138 0.139 0.000000
0.139 0.140 0.000000
0.140 0.141 0.000000
0.141 0.142 0.000000
0.142 0.143 0.000000
0.143 0.144 0.000000
0.144 0.145 0.000000
0.145 0.146 0.000000
0.146 0.147 0.000000
0.147 0.148 0.000000
0.148 0.149 0.000000
0.149 0.150 0.000000
