1
0.000 0.001 0.000000
0.001 0.002 0.000000
0.002 0.003 0.000000
0.003 0.004 0.000000
0.004 0.005 0.000000
0.005 0.006 0.000000
0.006 0.007 0.000000
0.007 0.008 0.000000
0.008 0.009 0.000000
0.009 0.010 0.000000
0.010 0.011 0.000000
0.011 0.012 0.000000
0.012 0.013 0.000001
0.013 0.014 0.000009
0.014 0.015 0.000076
0.015 0.016 0.000396
0.016 0.017 0.001468
0.017 0.018 0.004201
0.018 0.019 0.009829
0.019 0.020 0.019751
0.020 0.021 0.035149
0.021 0.022 0.056656
0.022 0.023 0.084303
0.023 0.024 0.117416
0.024 0.025 0.155279
0.025 0.026 0.196454
0.026 0.027 0.239914
0.027 0.028 0.284595
0.028 0.029 0.329419
0.029 0.030 0.372182
0.030 0.031 0.412442
0.031 0.032 0.449182
0.032 0.033 0.483191
0.033 0.034 0.513187
0.034 0.035 0.539398
0.035 0.036 0.561256
0.036 0.037 0.580285
0.037 0.038 0.595540
0.038 0.039 0.605001
0.039 0.040 0.613351
0.040 0.041 0.618461
0.041 0.042 0.618830
0.042 0.043 0.621539
0.043 0.044 0.621214
0.044 0.045 0.619828
0.045 0.046 0.615673
0.046 0.047 0.608711
0.047 0.048 0.603404
0.048 0.049 0.596696
0.049 0.050 0.586348
0.050 0.051 0.575197
0.051 0.052 0.565462
0.052 0.053 0.555151
0.053 0.054 0.542625
0.054 0.055 0.529687
0.055 0.056 0.518534
0.056 0.057 0.506044
0.057 0.058 0.675132
0.058 0.059 1.000000
0.059 0.060 0.805963
0.060 0.061 0.469961
0.061 0.062 0.458079
0.062 0.063 0.429319
0.063 0.064 0.415893
0.064 0.065 0.401953
0.065 0.066 0.389984
0.066 0.067 0.505442
0.067 0.068 0.493877
0.068 0.069 0.380534
0.069 0.070 0.339284
0.070 0.071 0.274290
0.071 0.072 0.266375
0.072 0.073 0.256960
0.073 0.074 0.250668
0.074 0.075 0.243845
0.075 0.076 0.236111
0.076 0.077 0.226662
0.077 0.078 0.218435
0.078 0.079 0.212831
0.079 0.080 0.206355
0.080 0.081 0.198011
0.081 0.082 0.188697
0.082 0.083 0.180404
0.083 0.084 0.171849
0.084 0.085 0.166024
0.085 0.086 0.160828
0.086 0.087 0.154116
0.087 0.088 0.149553
0.088 0.089 0.143996
0.089 0.090 0.136783
0.090 0.091 0.130252
0.091 0.092 0.121628
0.092 0.093 0.115621
0.093 0.094 0.112144
0.094 0.095 0.106078
0.095 0.096 0.099549
0.096 0.097 0.094582
0.097 0.098 0.088391
0.098 0.099 0.082750
0.099 0.100 0.078189
0.100 0.101 0.074571
0.101 0.102 0.070383
0.102 0.103 0.064771
0.103 0.104 0.060415
0.104 0.105 0.056711
0.105 0.106 0.051565
0.106 0.107 0.048245
0.107 0.108 0.044124
0.108 0.109 0.040646
0.109 0.110 0.036894
0.110 0.111 0.033384
0.111 0.112 0.030534
0.112 0.113 0.026771
0.113 0.114 0.023560
0.114 0.115 0.019892
0.115 0.116 0.017297
0.116 0.117 0.014971
0.117 0.118 0.012415
0.118 0.119 0.009089
0.119 0.120 0.007239
0.120 0.121 0.005587
0.121 0.122 0.004312
0.122 0.123 0.002991
0.123 0.124 0.001150
0.124 0.125 0.000673
0.125 0.126 0.000000
0.126 0.127 0.000000
0.127 0.128 0.000000
0.128 0.129 0.000000
0.129 0.130 0.000000
0.130 0.131 0.000000
0.131 0.132 0.000000
0.132 0.133 0.000000
0.133 0.134 0.000000
0.134 0.135 0.000000
0.135 0.136 0.000000
0.136 0.137 0.000000
0.137 0.138 0.000000
0.138 0.139 0.000000
0.139 0.140 0.000000
0.140 0.141 0.000000
0.141 0.142 0.000000
0.142 0.143 0.000000
0.143 0.144 0.000000
0.144 0.145 0.000000
0.145 0.146 0.000000
0.146 0.147 0.000000
0.147 0.148 0.000000
0.148 0.149 0.000000
0.149 0.150 0.000000
