1
0.000 0.001 0.000000
0.001 0.002 0.000000
0.002 0.003 0.000000
0.003 0.004 0.000000
0.004 0.005 0.000000
0.005 0.006 0.000000
0.006 0.007 0.000000
0.007 0.008 0.000000
0.008 0.009 0.000000
0.009 0.010 0.000000
0.010 0.011 0.000000
0.011 0.012 0.000000
0.012 0.013 0.000000
0.013 0.014 0.000000
0.014 0.015 0.000000
0.015 0.016 0.000000
0.016 0.017 0.000000
0.017 0.018 0.000002
0.018 0.019 0.000012
0.019 0.020 0.000058
0.020 0.021 0.000224
0.021 0.022 0.000694
0.022 0.023 0.001791
0.023 0.024 0.003996
0.024 0.025 0.007927
0.025 0.026 0.014193
0.026 0.027 0.023329
0.027 0.028 0.035943
0.028 0.029 0.052237
0.029 0.030 0.072312
0.030 0.031 0.096007
0.031 0.032 0.122840
0.032 0.033 0.152269
0.033 0.034 0.183384
0.034 0.035 0.215824
0.035 0.036 0.249017
0.036 0.037 0.282126
0.037 0.038 0.313736
0.038 0.039 0.343365
0.039 0.040 0.372300
0.040 0.041 0.398626
0.041 0.042 0.422456
0.042 0.043 0.445164
0.043 0.044 0.464383
0.044 0.045 0.480768
0.045 0.046 0.496250
0.046 0.047 0.507741
0.047 0.048 0.519896
0.048 0.049 0.530710
0.049 0.050 0.535688
0.050 0.051 0.538130
0.051 0.052 0.542352
0.052 0.053 0.545565
0.053 0.054 0.544154
0.054 0.055 0.540358
0.055 0.056 0.537492
0.056 0.057 0.534133
0.057 0.058 0.692811
0.058 0.059 1.000000
0.059 0.060 0.824920
0.060 0.061 0.511436
0.061 0.062 0.503800
0.062 0.063 0.479612
0.063 0.064 0.468235
0.064 0.065 0.456399
0.065 0.066 0.446735
0.066 0.067 0.566591
0.067 0.068 0.557097
0.068 0.069 0.440108
0.069 0.070 0.396755
0.070 0.071 0.330386
0.071 0.072 0.319466
0.072 0.073 0.306287
0.073 0.074 0.297716
0.074 0.075 0.291062
0.075 0.076 0.281804
0.076 0.077 0.270397
0.077 0.078 0.260684
0.078 0.079 0.255044
0.079 0.080 0.247806
0.080 0.081 0.237383
0.081 0.082 0.225686
0.082 0.083 0.215300
0.083 0.084 0.205113
0.084 0.085 0.195745
0.085 0.086 0.187314
0.086 0.087 0.175601
0.087 0.088 0.169747
0.088 0.089 0.163412
0.089 0.090 0.154479
0.090 0.091 0.145067
0.091 0.092 0.134224
0.092 0.093 0.126641
0.093 0.094 0.121653
0.094 0.095 0.113657
0.095 0.096 0.105952
0.096 0.097 0.096090
0.097 0.098 0.088024
0.098 0.099 0.079666
0.099 0.100 0.073610
0.100 0.101 0.070151
0.101 0.102 0.064805
0.102 0.103 0.057164
0.103 0.104 0.051079
0.104 0.105 0.046463
0.105 0.106 0.039827
0.106 0.107 0.035731
0.107 0.108 0.030781
0.108 0.109 0.026408
0.109 0.110 0.021671
0.110 0.111 0.017273
0.111 0.112 0.012730
0.112 0.113 0.010127
0.113 0.114 0.007849
0.114 0.115 0.005451
0.115 0.116 0.002003
0.116 0.117 0.001194
0.117 0.118 0.000000
0.118 0.119 0.000000
0.119 0.120 0.000000
0.120 0.121 0.000000
0.121 0.122 0.000000
0.122 0.123 0.000000
0.123 0.124 0.000000
0.124 0.125 0.000000
0.125 0.126 0.000000
0.126 0.127 0.000000
0.127 0.128 0.000000
0.128 0.129 0.000000
0.129 0.130 0.000000
0.130 0.131 0.000000
0.131 0.132 0.000000
0.132 0.133 0.000000
0.133 0.134 0.000000
0.134 0.135 0.000000
0.135 0.136 0.000000
0.136 0.137 0.000000
0.137 0.138 0.000000
0.138 0.139 0.000000
0.139 0.140 0.000000
0.140 0.141 0.000000
0.141 0.142 0.000000
0.142 0.143 0.000000
0.143 0.144 0.000000
0.144 0.145 0.000000
0.145 0.146 0.000000
0.146 0.147 0.000000
0.147 0.148 0.000000
0.148 0.149 0.000000
0.149 0.150 0.000000
