1
0.000 0.001 0.000000
0.001 0.002 0.000000
0.002 0.003 0.000000
0.003 0.004 0.000000
0.004 0.005 0.000000
0.005 0.006 0.000000
0.006 0.007 0.000000
0.007 0.008 0.000000
0.008 0.009 0.000000
0.009 0.010 0.000000
0.010 0.011 0.000000
0.011 0.012 0.000000
0.012 0.013 0.000000
0.013 0.014 0.000000
0.014 0.015 0.000000
0.015 0.016 0.000000
0.016 0.017 0.000000
0.017 0.018 0.000001
0.018 0.019 0.000004
0.019 0.020 0.000022
0.020 0.021 0.000088
0.021 0.022 0.000282
0.022 0.023 0.000756
0.023 0.024 0.001748
0.024 0.025 0.003587
0.025 0.026 0.006628
0.026 0.027 0.011250
0.027 0.028 0.017830
0.028 0.029 0.026594
0.029 0.030 0.037558
0.030 0.031 0.050899
0.031 0.032 0.066281
0.032 0.033 0.083649
0.033 0.034 0.102760
0.034 0.035 0.122911
0.035 0.036 0.143593
0.036 0.037 0.165133
0.037 0.038 0.187502
0.038 0.039 0.208562
0.039 0.040 0.228920
0.040 0.041 0.248849
0.041 0.042 0.267592
0.042 0.043 0.285888
0.043 0.044 0.302531
0.044 0.045 0.318565
0.045 0.046 0.331868
0.046 0.047 0.343718
0.047 0.048 0.356933
0.048 0.049 0.367493
0.049 0.050 0.374637
0.050 0.051 0.381967
0.051 0.052 0.389624
0.052 0.053 0.394188
0.053 0.054 0.397262
0.054 0.055 0.400233
0.055 0.056 0.403741
0.056 0.057 0.406846
0.057 0.058 0.610680
0.058 0.059 1.000000
0.059 0.060 0.796804
0.060 0.061 0.418452
0.061 0.062 0.416773
0.062 0.063 0.393564
0.063 0.064 0.390454
0.064 0.065 0.385824
0.065 0.066 0.380773
0.066 0.067 0.536816
0.067 0.068 0.533385
0.068 0.069 0.401073
0.069 0.070 0.360584
0.070 0.071 0.285712
0.071 0.072 0.282422
0.072 0.073 0.277382
0.073 0.074 0.273453
0.074 0.075 0.270265
0.075 0.076 0.266627
0.076 0.077 0.260829
0.077 0.078 0.256623
0.078 0.079 0.253365
0.079 0.080 0.249649
0.080 0.081 0.245344
0.081 0.082 0.239595
0.082 0.083 0.233549
0.083 0.084 0.227919
0.084 0.085 0.223242
0.085 0.086 0.218817
0.086 0.087 0.213989
0.087 0.088 0.210596
0.088 0.089 0.205251
0.089 0.090 0.198640
0.090 0.091 0.193012
0.091 0.092 0.184978
0.092 0.093 0.179060
0.093 0.094 0.175977
0.094 0.095 0.170307
0.095 0.096 0.165043
0.096 0.097 0.159913
0.097 0.098 0.152944
0.098 0.099 0.146592
0.099 0.100 0.141677
0.100 0.101 0.136975
0.101 0.102 0.131605
0.102 0.103 0.125632
0.103 0.104 0.120897
0.104 0.105 0.115642
0.105 0.106 0.109339
0.106 0.107 0.103737
0.107 0.108 0.097629
0.108 0.109 0.092726
0.109 0.110 0.088099
0.110 0.111 0.083055
0.111 0.112 0.078074
0.112 0.113 0.072403
0.113 0.114 0.067166
0.114 0.115 0.063052
0.115 0.116 0.058702
0.116 0.117 0.053560
0.117 0.118 0.049750
0.118 0.119 0.044815
0.119 0.120 0.041178
0.120 0.121 0.038663
0.121 0.122 0.035723
0.122 0.123 0.032795
0.123 0.124 0.029704
0.124 0.125 0.025679
0.125 0.126 0.022456
0.126 0.127 0.019958
0.127 0.128 0.016897
0.128 0.129 0.013957
0.129 0.130 0.011769
0.130 0.131 0.009307
0.131 0.132 0.007466
0.132 0.133 0.005878
0.133 0.134 0.003801
0.134 0.135 0.002566
0.135 0.136 0.001202
0.136 0.137 0.000327
0.137 0.138 0.000000
0.138 0.139 0.000000
0.139 0.140 0.000000
0.140 0.141 0.000000
0.141 0.142 0.000000
0.142 0.143 0.000000
0.143 0.144 0.000000
0.144 0.145 0.000000
0.145 0.146 0.000000
0.146 0.147 0.000000
0.147 0.148 0.000000
0.148 0.149 0.000000
0.149 0.150 0.000000
