1
0.000 0.001 0.000000
0.001 0.002 0.000000
0.002 0.003 0.000000
0.003 0.004 0.000000
0.004 0.005 0.000000
0.005 0.006 0.000000
0.006 0.007 0.000000
0.007 0.008 0.000000
0.008 0.009 0.000000
0.009 0.010 0.000000
0.010 0.011 0.000000
0.011 0.012 0.000000
0.012 0.013 0.000000
0.013 0.014 0.000000
0.014 0.015 0.000000
0.015 0.016 0.000000
0.016 0.017 0.000004
0.017 0.018 0.000029
0.018 0.019 0.000156
0.019 0.020 0.000614
0.020 0.021 0.001914
0.021 0.022 0.004937
0.022 0.023 0.010916
0.023 0.024 0.021300
0.024 0.025 0.037586
0.025 0.026 0.060887
0.026 0.027 0.091797
0.027 0.028 0.130580
0.028 0.029 0.176925
0.029 0.030 0.229786
0.030 0.031 0.287732
0.031 0.032 0.347995
0.032 0.033 0.411252
0.033 0.034 0.474630
0.034 0.035 0.536043
0.035 0.036 0.595228
0.036 0.037 0.649281
0.037 0.038 0.700713
0.038 0.039 0.748638
0.039 0.040 0.791623
0.040 0.041 0.827475
0.041 0.042 0.858879
0.042 0.043 0.883982
0.043 0.044 0.904225
0.044 0.045 0.920548
0.045 0.046 0.925410
0.046 0.047 0.930311
0.047 0.048 0.929391
0.048 0.049 0.920788
0.049 0.050 0.910433
0.050 0.051 0.899786
0.051 0.052 0.885478
0.052 0.053 0.865240
0.053 0.054 0.846099
0.054 0.055 0.826215
0.055 0.056 0.797889
0.056 0.057 0.766684
0.057 0.058 0.835224
0.058 0.059 1.000000
0.059 0.060 0.879594
0.060 0.061 0.672476
0.061 0.062 0.642268
0.062 0.063 0.601306
0.063 0.064 0.567497
0.064 0.065 0.540200
0.065 0.066 0.510317
0.066 0.067 0.558823
0.067 0.068 0.535106
0.068 0.069 0.441619
0.069 0.070 0.389042
0.070 0.071 0.338261
0.071 0.072 0.318719
0.072 0.073 0.293259
0.073 0.074 0.269770
0.074 0.075 0.243768
0.075 0.076 0.224370
0.076 0.077 0.205877
0.077 0.078 0.185527
0.078 0.079 0.165546
0.079 0.080 0.145712
0.080 0.081 0.129708
0.081 0.082 0.110615
0.082 0.083 0.094472
0.083 0.084 0.078480
0.084 0.085 0.066396
0.085 0.086 0.054019
0.086 0.087 0.038443
0.087 0.088 0.028893
0.088 0.089 0.018747
0.089 0.090 0.008473
0.090 0.091 0.002597
0.091 0.092 0.000000
0.092 0.093 0.000000
0.093 0.094 0.000000
0.094 0.095 0.000000
0.095 0.096 0.000000
0.096 0.097 0.000000
0.097 0.098 0.000000
0.098 0.099 0.000000
0.099 0.100 0.000000
0.100 0.101 0.000000
0.101 0.102 0.000000
0.102 0.103 0.000000
0.103 0.104 0.000000
0.104 0.105 0.000000
0.105 0.106 0.000000
0.106 0.107 0.000000
0.107 0.108 0.000000
0.108 0.109 0.000000
0.109 0.110 0.000000
0.110 0.111 0.000000
0.111 0.112 0.000000
0.112 0.113 0.000000
0.113 0.114 0.000000
0.114 0.115 0.000000
0.115 0.116 0.000000
0.116 0.117 0.000000
0.117 0.118 0.000000
0.118 0.119 0.000000
0.119 0.120 0.000000
0.120 0.121 0.000000
0.121 0.122 0.000000
0.122 0.123 0.000000
0.123 0.124 0.000000
0.124 0.125 0.000000
0.125 0.126 0.000000
0.126 0.127 0.000000
0.127 0.128 0.000000
0.128 0.129 0.000000
0.129 0.130 0.000000
0.130 0.131 0.000000
0.131 0.132 0.000000
0.132 0.133 0.000000
0.133 0.134 0.000000
0.134 0.135 0.000000
0.135 0.136 0.000000
0.136 0.137 0.000000
0.137 0.138 0.000000
0.138 0.139 0.000000
0.139 0.140 0.000000
0.140 0.141 0.000000
0.141 0.142 0.000000
0.142 0.143 0.000000
0.143 0.144 0.000000
0.144 0.145 0.000000
0.145 0.146 0.000000
0.146 0.147 0.000000
0.147 0.148 0.000000
0.148 0.149 0.000000
0.149 0.150 0.000000
