1
0.000 0.001 0.000000
0.001 0.002 0.000000
0.002 0.003 0.000000
0.003 0.004 0.000000
0.004 0.005 0.000000
0.005 0.006 0.000000
0.006 0.007 0.000000
0.007 0.008 0.000000
0.008 0.009 0.000000
0.009 0.010 0.000000
0.010 0.011 0.000000
0.011 0.012 0.000000
0.012 0.013 0.000000
0.013 0.014 0.000000
0.014 0.015 0.000000
0.015 0.016 0.000000
0.016 0.017 0.000000
0.017 0.018 0.000005
0.018 0.019 0.000032
0.019 0.020 0.000158
0.020 0.021 0.000594
0.021 0.022 0.001792
0.022 0.023 0.004522
0.023 0.024 0.009884
0.024 0.025 0.019240
0.025 0.026 0.033865
0.026 0.027 0.054882
0.027 0.028 0.083184
0.028 0.029 0.119142
0.029 0.030 0.162500
0.030 0.031 0.212421
0.031 0.032 0.266846
0.032 0.033 0.325879
0.033 0.034 0.387376
0.034 0.035 0.449592
0.035 0.036 0.511413
0.036 0.037 0.569735
0.037 0.038 0.627668
0.038 0.039 0.683287
0.039 0.040 0.733716
0.040 0.041 0.778222
0.041 0.042 0.819088
0.042 0.043 0.853720
0.043 0.044 0.882412
0.044 0.045 0.907865
0.045 0.046 0.921481
0.046 0.047 0.934127
0.047 0.048 0.941401
0.048 0.049 0.939762
0.049 0.050 0.936398
0.050 0.051 0.931221
0.051 0.052 0.922037
0.052 0.053 0.905065
0.053 0.054 0.888712
0.054 0.055 0.869123
0.055 0.056 0.837516
0.056 0.057 0.807100
0.057 0.058 0.865699
0.058 0.059 1.000000
0.059 0.060 0.888925
0.060 0.061 0.698368
0.061 0.062 0.667942
0.062 0.063 0.629435
0.063 0.064 0.596482
0.064 0.065 0.562302
0.065 0.066 0.522065
0.066 0.067 0.558189
0.067 0.068 0.532171
0.068 0.069 0.443084
0.069 0.070 0.391610
0.070 0.071 0.336089
0.071 0.072 0.313233
0.072 0.073 0.283528
0.073 0.074 0.257371
0.074 0.075 0.228448
0.075 0.076 0.207017
0.076 0.077 0.186136
0.077 0.078 0.162105
0.078 0.079 0.135195
0.079 0.080 0.118232
0.080 0.081 0.101253
0.081 0.082 0.077771
0.082 0.083 0.063704
0.083 0.084 0.051623
0.084 0.085 0.035140
0.085 0.086 0.024653
0.086 0.087 0.011505
0.087 0.088 0.002994
0.088 0.089 0.000000
0.089 0.090 0.000000
0.090 0.091 0.000000
0.091 0.092 0.000000
0.092 0.093 0.000000
0.093 0.094 0.000000
0.094 0.095 0.000000
0.095 0.096 0.000000
0.096 0.097 0.000000
0.097 0.098 0.000000
0.098 0.099 0.000000
0.099 0.100 0.000000
0.100 0.101 0.000000
0.101 0.102 0.000000
0.102 0.103 0.000000
0.103 0.104 0.000000
0.104 0.105 0.000000
0.105 0.106 0.000000
0.106 0.107 0.000000
0.107 0.108 0.000000
0.108 0.109 0.000000
0.109 0.110 0.000000
0.110 0.111 0.000000
0.111 0.112 0.000000
0.112 0.113 0.000000
0.113 0.114 0.000000
0.114 0.115 0.000000
0.115 0.116 0.000000
0.116 0.117 0.000000
0.117 0.118 0.000000
0.118 0.119 0.000000
0.119 0.120 0.000000
0.120 0.121 0.000000
0.121 0.122 0.000000
0.122 0.123 0.000000
0.123 0.124 0.000000
0.124 0.125 0.000000
0.125 0.126 0.000000
0.126 0.127 0.000000
0.127 0.128 0.000000
0.128 0.129 0.000000
0.129 0.130 0.000000
0.130 0.131 0.000000
0.131 0.132 0.000000
0.132 0.133 0.000000
0.133 0.134 0.000000
0.134 0.135 0.000000
0.135 0.136 0.000000
0.136 0.137 0.000000
0.137 0.138 0.000000
0.138 0.139 0.000000
0.139 0.140 0.000000
0.140 0.141 0.000000
0.141 0.142 0.000000
0.142 0.143 0.000000
0.143 0.144 0.000000
0.144 0.145 0.000000
0.145 0.146 0.000000
0.146 0.147 0.000000
0.147 0.148 0.000000
0.148 0.149 0.000000
0.149 0.150 0.000000
