1
0.000 0.001 0.000000
0.001 0.002 0.000000
0.002 0.003 0.000000
0.003 0.004 0.000000
0.004 0.005 0.000000
0.005 0.006 0.000000
0.006 0.007 0.000000
0.007 0.008 0.000000
0.008 0.009 0.000000
0.009 0.010 0.000000
0.010 0.011 0.000000
0.011 0.012 0.000000
0.012 0.013 0.000000
0.013 0.014 0.000000
0.014 0.015 0.000000
0.015 0.016 0.000000
0.016 0.017 0.000000
0.017 0.018 0.000000
0.018 0.019 0.000000
0.019 0.020 0.000000
0.020 0.021 0.000001
0.021 0.022 0.000006
0.022 0.023 0.000027
0.023 0.024 0.000100
0.024 0.025 0.000307
0.025 0.026 0.000801
0.026 0.027 0.001821
0.027 0.028 0.003720
0.028 0.029 0.006941
0.029 0.030 0.011868
0.030 0.031 0.018991
0.031 0.032 0.028636
0.032 0.033 0.041058
0.033 0.034 0.056383
0.034 0.035 0.074691
0.035 0.036 0.095652
0.036 0.037 0.118953
0.037 0.038 0.144295
0.038 0.039 0.170631
0.039 0.040 0.198258
0.040 0.041 0.226591
0.041 0.042 0.254622
0.042 0.043 0.283009
0.043 0.044 0.310432
0.044 0.045 0.336972
0.045 0.046 0.361333
0.046 0.047 0.383022
0.047 0.048 0.404634
0.048 0.049 0.425827
0.049 0.050 0.442365
0.050 0.051 0.456595
0.051 0.052 0.471523
0.052 0.053 0.485165
0.053 0.054 0.494393
0.054 0.055 0.500778
0.055 0.056 0.507566
0.056 0.057 0.513696
0.057 0.058 0.680145
0.058 0.059 1.000000
0.059 0.060 0.838408
0.060 0.061 0.524081
0.061 0.062 0.522463
0.062 0.063 0.502631
0.063 0.064 0.495644
0.064 0.065 0.487716
0.065 0.066 0.481738
0.066 0.067 0.618559
0.067 0.068 0.613196
0.068 0.069 0.486955
0.069 0.070 0.440581
0.070 0.071 0.369165
0.071 0.072 0.361325
0.072 0.073 0.350740
0.073 0.074 0.346123
0.074 0.075 0.339680
0.075 0.076 0.330125
0.076 0.077 0.317717
0.077 0.078 0.306930
0.078 0.079 0.300797
0.079 0.080 0.291680
0.080 0.081 0.281530
0.081 0.082 0.270057
0.082 0.083 0.259900
0.083 0.084 0.249850
0.084 0.085 0.240715
0.085 0.086 0.232659
0.086 0.087 0.221697
0.087 0.088 0.213746
0.088 0.089 0.205113
0.089 0.090 0.192481
0.090 0.091 0.182068
0.091 0.092 0.169593
0.092 0.093 0.161178
0.093 0.094 0.156118
0.094 0.095 0.147127
0.095 0.096 0.138405
0.096 0.097 0.128311
0.097 0.098 0.115559
0.098 0.099 0.105583
0.099 0.100 0.098192
0.100 0.101 0.093722
0.101 0.102 0.087129
0.102 0.103 0.077646
0.103 0.104 0.070127
0.104 0.105 0.063429
0.105 0.106 0.058066
0.106 0.107 0.052460
0.107 0.108 0.045626
0.108 0.109 0.039596
0.109 0.110 0.033042
0.110 0.111 0.026132
0.111 0.112 0.022645
0.112 0.113 0.018289
0.113 0.114 0.014478
0.114 0.115 0.009586
0.115 0.116 0.006870
0.116 0.117 0.004429
0.117 0.118 0.001181
0.118 0.119 0.000000
0.119 0.120 0.000000
0.120 0.121 0.000000
0.121 0.122 0.000000
0.122 0.123 0.000000
0.123 0.124 0.000000
0.124 0.125 0.000000
0.125 0.126 0.000000
0.126 0.127 0.000000
0.127 0.128 0.000000
0.128 0.129 0.000000
0.129 0.130 0.000000
0.130 0.131 0.000000
0.131 0.132 0.000000
0.132 0.133 0.000000
0.133 0.134 0.000000
0.134 0.135 0.000000
0.135 0.136 0.000000
0.136 0.137 0.000000
0.137 0.138 0.000000
0.138 0.139 0.000000
0.139 0.140 0.000000
0.140 0.141 0.000000
0.141 0.142 0.000000
0.142 0.143 0.000000
0.143 0.144 0.000000
0.144 0.145 0.000000
0.145 0.146 0.000000
0.146 0.147 0.000000
0.147 0.148 0.000000
0.148 0.149 0.000000
0.149 0.150 0.000000
