1
0.000 0.001 0.000000
0.001 0.002 0.000000
0.002 0.003 0.000000
0.003 0.004 0.000000
0.004 0.005 0.000000
0.005 0.006 0.000000
0.006 0.007 0.000000
0.007 0.008 0.000000
0.008 0.009 0.000000
0.009 0.010 0.000000
0.010 0.011 0.000000
0.011 0.012 0.000000
0.012 0.013 0.000000
0.013 0.014 0.000000
0.014 0.015 0.000000
0.015 0.016 0.000000
0.016 0.017 0.000000
0.017 0.018 0.000000
0.018 0.019 0.000000
0.019 0.020 0.000001
0.020 0.021 0.000004
0.021 0.022 0.000022
0.022 0.023 0.000089
0.023 0.024 0.000289
0.024 0.025 0.000791
0.025 0.026 0.001865
0.026 0.027 0.003893
0.027 0.028 0.007374
0.028 0.029 0.012866
0.029 0.030 0.020801
0.030 0.031 0.031536
0.031 0.032 0.045384
0.032 0.033 0.062657
0.033 0.034 0.083024
0.034 0.035 0.106217
0.035 0.036 0.132438
0.036 0.037 0.160635
0.037 0.038 0.189111
0.038 0.039 0.219210
0.039 0.040 0.251434
0.040 0.041 0.281991
0.041 0.042 0.311972
0.042 0.043 0.342531
0.043 0.044 0.371152
0.044 0.045 0.398582
0.045 0.046 0.423881
0.046 0.047 0.446315
0.047 0.048 0.467876
0.048 0.049 0.488119
0.049 0.050 0.502363
0.050 0.051 0.516789
0.051 0.052 0.532759
0.052 0.053 0.543655
0.053 0.054 0.550603
0.054 0.055 0.556422
0.055 0.056 0.562505
0.056 0.057 0.567637
0.057 0.058 0.716003
0.058 0.059 1.000000
0.059 0.060 0.852299
0.060 0.061 0.571799
0.061 0.062 0.566491
0.062 0.063 0.543151
0.063 0.064 0.532560
0.064 0.065 0.524122
0.065 0.066 0.517555
0.066 0.067 0.634254
0.067 0.068 0.627196
0.068 0.069 0.511720
0.069 0.070 0.466963
0.070 0.071 0.403081
0.071 0.072 0.393192
0.072 0.073 0.378843
0.073 0.074 0.371303
0.074 0.075 0.362054
0.075 0.076 0.346346
0.076 0.077 0.329563
0.077 0.078 0.316306
0.078 0.079 0.308269
0.079 0.080 0.297440
0.080 0.081 0.281822
0.081 0.082 0.264214
0.082 0.083 0.247126
0.083 0.084 0.229542
0.084 0.085 0.213849
0.085 0.086 0.199683
0.086 0.087 0.183275
0.087 0.088 0.167381
0.088 0.089 0.148990
0.089 0.090 0.131632
0.090 0.091 0.114999
0.091 0.092 0.097818
0.092 0.093 0.081517
0.093 0.094 0.063318
0.094 0.095 0.047790
0.095 0.096 0.034487
0.096 0.097 0.021539
0.097 0.098 0.009618
0.098 0.099 0.001141
0.099 0.100 0.000000
0.100 0.101 0.000000
0.101 0.102 0.000000
0.102 0.103 0.000000
0.103 0.104 0.000000
0.104 0.105 0.000000
0.105 0.106 0.000000
0.106 0.107 0.000000
0.107 0.108 0.000000
0.108 0.109 0.000000
0.109 0.110 0.000000
0.110 0.111 0.000000
0.111 0.112 0.000000
0.112 0.113 0.000000
0.113 0.114 0.000000
0.114 0.115 0.000000
0.115 0.116 0.000000
0.116 0.117 0.000000
0.117 0.118 0.000000
0.118 0.119 0.000000
0.119 0.120 0.000000
0.120 0.121 0.000000
0.121 0.122 0.000000
0.122 0.123 0.000000
0.123 0.124 0.000000
0.124 0.125 0.000000
0.125 0.126 0.000000
0.126 0.127 0.000000
0.127 0.128 0.000000
0.128 0.129 0.000000
0.129 0.130 0.000000
0.130 0.131 0.000000
0.131 0.132 0.000000
0.132 0.133 0.000000
0.133 0.134 0.000000
0.134 0.135 0.000000
0.135 0.136 0.000000
0.136 0.137 0.000000
0.137 0.138 0.000000
0.138 0.139 0.000000
0.139 0.140 0.000000
0.140 0.141 0.000000
0.141 0.142 0.000000
0.142 0.143 0.000000
0.143 0.144 0.000000
0.144 0.145 0.000000
0.145 0.146 0.000000
0.146 0.147 0.000000
0.147 0.148 0.000000
0.148 0.149 0.000000
0.149 0.150 0.000000
