1
0.000 0.001 0.000000
0.001 0.002 0.000000
0.002 0.003 0.000000
0.003 0.004 0.000000
0.004 0.005 0.000000
0.005 0.006 0.000000
0.006 0.007 0.000000
0.007 0.008 0.000000
0.008 0.009 0.000000
0.009 0.010 0.000000
0.010 0.011 0.000000
0.011 0.012 0.000000
0.012 0.013 0.000000
0.013 0.014 0.000000
0.014 0.015 0.000000
0.015 0.016 0.000000
0.016 0.017 0.000000
0.017 0.018 0.000001
0.018 0.019 0.000006
0.019 0.020 0.000035
0.020 0.021 0.000151
0.021 0.022 0.000516
0.022 0.023 0.001453
0.023 0.024 0.003481
0.024 0.025 0.007323
0.025 0.026 0.013812
0.026 0.027 0.023795
0.027 0.028 0.038055
0.028 0.029 0.057126
0.029 0.030 0.081393
0.030 0.031 0.110508
0.031 0.032 0.143355
0.032 0.033 0.181121
0.033 0.034 0.221882
0.034 0.035 0.263741
0.035 0.036 0.306581
0.036 0.037 0.348444
0.037 0.038 0.391482
0.038 0.039 0.435297
0.039 0.040 0.477132
0.040 0.041 0.514361
0.041 0.042 0.550365
0.042 0.043 0.581894
0.043 0.044 0.611639
0.044 0.045 0.640234
0.045 0.046 0.659056
0.046 0.047 0.679631
0.047 0.048 0.694092
0.048 0.049 0.702047
0.049 0.050 0.710184
0.050 0.051 0.718629
0.051 0.052 0.725898
0.052 0.053 0.721413
0.053 0.054 0.717559
0.054 0.055 0.716707
0.055 0.056 0.707369
0.056 0.057 0.692128
0.057 0.058 0.792307
0.058 0.059 1.000000
0.059 0.060 0.883467
0.060 0.061 0.662488
0.061 0.062 0.642207
0.062 0.063 0.610231
0.063 0.064 0.592274
0.064 0.065 0.572295
0.065 0.066 0.549540
0.066 0.067 0.619369
0.067 0.068 0.604401
0.068 0.069 0.507814
0.069 0.070 0.456831
0.070 0.071 0.399373
0.071 0.072 0.383202
0.072 0.073 0.360133
0.073 0.074 0.335463
0.074 0.075 0.310539
0.075 0.076 0.287561
0.076 0.077 0.265939
0.077 0.078 0.241139
0.078 0.079 0.215453
0.079 0.080 0.193158
0.080 0.081 0.169524
0.081 0.082 0.140097
0.082 0.083 0.114774
0.083 0.084 0.093306
0.084 0.085 0.071001
0.085 0.086 0.050460
0.086 0.087 0.031416
0.087 0.088 0.014173
0.088 0.089 0.001723
0.089 0.090 0.000000
0.090 0.091 0.000000
0.091 0.092 0.000000
0.092 0.093 0.000000
0.093 0.094 0.000000
0.094 0.095 0.000000
0.095 0.096 0.000000
0.096 0.097 0.000000
0.097 0.098 0.000000
0.098 0.099 0.000000
0.099 0.100 0.000000
0.100 0.101 0.000000
0.101 0.102 0.000000
0.102 0.103 0.000000
0.103 0.104 0.000000
0.104 0.105 0.000000
0.105 0.106 0.000000
0.106 0.107 0.000000
0.107 0.108 0.000000
0.108 0.109 0.000000
0.109 0.110 0.000000
0.110 0.111 0.000000
0.111 0.112 0.000000
0.112 0.113 0.000000
0.113 0.114 0.000000
0.114 0.115 0.000000
0.115 0.116 0.000000
0.116 0.117 0.000000
0.117 0.118 0.000000
0.118 0.119 0.000000
0.119 0.120 0.000000
0.120 0.121 0.000000
0.121 0.122 0.000000
0.122 0.123 0.000000
0.123 0.124 0.000000
0.124 0.125 0.000000
0.125 0.126 0.000000
0.126 0.127 0.000000
0.127 0.128 0.000000
0.128 0.129 0.000000
0.129 0.130 0.000000
0.130 0.131 0.000000
0.131 0.132 0.000000
0.132 0.133 0.000000
0.133 0.134 0.000000
0.134 0.135 0.000000
0.135 0.136 0.000000
0.136 0.137 0.000000
0.137 0.138 0.000000
0.138 0.139 0.000000
0.139 0.140 0.000000
0.140 0.141 0.000000
0.141 0.142 0.000000
0.142 0.143 0.000000
0.143 0.144 0.000000
0.144 0.145 0.000000
0.145 0.146 0.000000
0.146 0.147 0.000000
0.147 0.148 0.000000
0.148 0.149 0.000000
0.149 0.150 0.000000
