1
0.000 0.001 0.000000
0.001 0.002 0.000000
0.002 0.003 0.000000
0.003 0.004 0.000000
0.004 0.005 0.000000
0.005 0.006 0.000000
0.006 0.007 0.000000
0.007 0.008 0.000000
0.008 0.009 0.000000
0.009 0.010 0.000000
0.010 0.011 0.000000
0.011 0.012 0.000000
0.012 0.013 0.000000
0.013 0.014 0.000000
0.014 0.015 0.000000
0.015 0.016 0.000000
0.016 0.017 0.000000
0.017 0.018 0.000000
0.018 0.019 0.000002
0.019 0.020 0.000013
0.020 0.021 0.000060
0.021 0.022 0.000216
0.022 0.023 0.000628
0.023 0.024 0.001550
0.024 0.025 0.003343
0.025 0.026 0.006437
0.026 0.027 0.011291
0.027 0.028 0.018353
0.028 0.029 0.027961
0.029 0.030 0.040169
0.030 0.031 0.055054
0.031 0.032 0.072465
0.032 0.033 0.092256
0.033 0.034 0.113793
0.034 0.035 0.136732
0.035 0.036 0.160711
0.036 0.037 0.185211
0.037 0.038 0.210193
0.038 0.039 0.234313
0.039 0.040 0.257793
0.040 0.041 0.280131
0.041 0.042 0.301398
0.042 0.043 0.321766
0.043 0.044 0.340080
0.044 0.045 0.357510
0.045 0.046 0.371739
0.046 0.047 0.384513
0.047 0.048 0.397779
0.048 0.049 0.408052
0.049 0.050 0.415278
0.050 0.051 0.422416
0.051 0.052 0.429374
0.052 0.053 0.433193
0.053 0.054 0.435449
0.054 0.055 0.437060
0.055 0.056 0.438451
0.056 0.057 0.439561
0.057 0.058 0.631359
0.058 0.059 1.000000
0.059 0.060 0.805398
0.060 0.061 0.443833
0.061 0.062 0.440385
0.062 0.063 0.416057
0.063 0.064 0.410595
0.064 0.065 0.404160
0.065 0.066 0.397011
0.066 0.067 0.544127
0.067 0.068 0.538796
0.068 0.069 0.408587
0.069 0.070 0.366857
0.070 0.071 0.292380
0.071 0.072 0.287992
0.072 0.073 0.281431
0.073 0.074 0.276439
0.074 0.075 0.272145
0.075 0.076 0.266937
0.076 0.077 0.259767
0.077 0.078 0.254130
0.078 0.079 0.249345
0.079 0.080 0.244418
0.080 0.081 0.238996
0.081 0.082 0.231737
0.082 0.083 0.223701
0.083 0.084 0.217531
0.084 0.085 0.212334
0.085 0.086 0.207509
0.086 0.087 0.202370
0.087 0.088 0.198136
0.088 0.089 0.192146
0.089 0.090 0.185376
0.090 0.091 0.179369
0.091 0.092 0.171425
0.092 0.093 0.165107
0.093 0.094 0.160949
0.094 0.095 0.154270
0.095 0.096 0.149556
0.096 0.097 0.144898
0.097 0.098 0.138676
0.098 0.099 0.132627
0.099 0.100 0.128179
0.100 0.101 0.124149
0.101 0.102 0.119136
0.102 0.103 0.113826
0.103 0.104 0.109463
0.104 0.105 0.104485
0.105 0.106 0.098169
0.106 0.107 0.094009
0.107 0.108 0.089095
0.108 0.109 0.085275
0.109 0.110 0.081793
0.110 0.111 0.077776
0.111 0.112 0.073922
0.112 0.113 0.068758
0.113 0.114 0.063896
0.114 0.115 0.060145
0.115 0.116 0.055856
0.116 0.117 0.052149
0.117 0.118 0.049114
0.118 0.119 0.045253
0.119 0.120 0.042021
0.120 0.121 0.039912
0.121 0.122 0.036989
0.122 0.123 0.034094
0.123 0.124 0.030663
0.124 0.125 0.027830
0.125 0.126 0.024959
0.126 0.127 0.022687
0.127 0.128 0.019837
0.128 0.129 0.017394
0.129 0.130 0.014973
0.130 0.131 0.011953
0.131 0.132 0.010862
0.132 0.133 0.009275
0.133 0.134 0.007347
0.134 0.135 0.005558
0.135 0.136 0.003592
0.136 0.137 0.002637
0.137 0.138 0.001579
0.138 0.139 0.000365
0.139 0.140 0.000000
0.140 0.141 0.000000
0.141 0.142 0.000000
0.142 0.143 0.000000
0.143 0.144 0.000000
0.144 0.145 0.000000
0.145 0.146 0.000000
0.146 0.147 0.000000
0.147 0.148 0.000000
0.148 0.149 0.000000
0.149 0.150 0.000000
