1
0.000 0.001 0.000000
0.001 0.002 0.000000
0.002 0.003 0.000000
0.003 0.004 0.000000
0.004 0.005 0.000000
0.005 0.006 0.000000
0.006 0.007 0.000000
0.007 0.008 0.000000
0.008 0.009 0.000000
0.009 0.010 0.000000
0.010 0.011 0.000000
0.011 0.012 0.000000
0.012 0.013 0.000000
0.013 0.014 0.000000
0.014 0.015 0.000000
0.015 0.016 0.000001
0.016 0.017 0.000008
0.017 0.018 0.000049
0.018 0.019 0.000225
0.019 0.020 0.000791
0.020 0.021 0.002236
0.021 0.022 0.005330
0.022 0.023 0.011029
0.023 0.024 0.020340
0.024 0.025 0.034202
0.025 0.026 0.053273
0.026 0.027 0.077716
0.027 0.028 0.107676
0.028 0.029 0.142543
0.029 0.030 0.180915
0.030 0.031 0.222114
0.031 0.032 0.265192
0.032 0.033 0.309050
0.033 0.034 0.351983
0.034 0.035 0.393485
0.035 0.036 0.433834
0.036 0.037 0.470523
0.037 0.038 0.501602
0.038 0.039 0.532350
0.039 0.040 0.561668
0.040 0.041 0.586273
0.041 0.042 0.606014
0.042 0.043 0.624737
0.043 0.044 0.638657
0.044 0.045 0.650206
0.045 0.046 0.657316
0.046 0.047 0.658915
0.047 0.048 0.660763
0.048 0.049 0.661005
0.049 0.050 0.654522
0.050 0.051 0.647319
0.051 0.052 0.644493
0.052 0.053 0.639444
0.053 0.054 0.632017
0.054 0.055 0.621951
0.055 0.056 0.610949
0.056 0.057 0.600366
0.057 0.058 0.735436
0.058 0.059 1.000000
0.059 0.060 0.836507
0.060 0.061 0.549794
0.061 0.062 0.533768
0.062 0.063 0.502360
0.063 0.064 0.485758
0.064 0.065 0.470048
0.065 0.066 0.456160
0.066 0.067 0.552553
0.067 0.068 0.538722
0.068 0.069 0.431906
0.069 0.070 0.388615
0.070 0.071 0.328797
0.071 0.072 0.314700
0.072 0.073 0.297455
0.073 0.074 0.286261
0.074 0.075 0.277620
0.075 0.076 0.264843
0.076 0.077 0.250621
0.077 0.078 0.238495
0.078 0.079 0.230169
0.079 0.080 0.220834
0.080 0.081 0.208855
0.081 0.082 0.195099
0.082 0.083 0.182159
0.083 0.084 0.167585
0.084 0.085 0.158220
0.085 0.086 0.150069
0.086 0.087 0.140473
0.087 0.088 0.132121
0.088 0.089 0.123467
0.089 0.090 0.113297
0.090 0.091 0.102008
0.091 0.092 0.089872
0.092 0.093 0.083121
0.093 0.094 0.077342
0.094 0.095 0.070170
0.095 0.096 0.063464
0.096 0.097 0.055163
0.097 0.098 0.046286
0.098 0.099 0.035618
0.099 0.100 0.030614
0.100 0.101 0.028342
0.101 0.102 0.023715
0.102 0.103 0.017937
0.103 0.104 0.011861
0.104 0.105 0.009437
0.105 0.106 0.006580
0.106 0.107 0.002542
0.107 0.108 0.001488
0.108 0.109 0.000000
0.109 0.110 0.000000
0.110 0.111 0.000000
0.111 0.112 0.000000
0.112 0.113 0.000000
0.113 0.114 0.000000
0.114 0.115 0.000000
0.115 0.116 0.000000
0.116 0.117 0.000000
0.117 0.118 0.000000
0.118 0.119 0.000000
0.119 0.120 0.000000
0.120 0.121 0.000000
0.121 0.122 0.000000
0.122 0.123 0.000000
0.123 0.124 0.000000
0.124 0.125 0.000000
0.125 0.126 0.000000
0.126 0.127 0.000000
0.127 0.128 0.000000
0.128 0.129 0.000000
0.129 0.130 0.000000
0.130 0.131 0.000000
0.131 0.132 0.000000
0.132 0.133 0.000000
0.133 0.134 0.000000
0.134 0.135 0.000000
0.135 0.136 0.000000
0.136 0.137 0.000000
0.137 0.138 0.000000
0.138 0.139 0.000000
0.139 0.140 0.000000
0.140 0.141 0.000000
0.141 0.142 0.000000
0.142 0.143 0.000000
0.143 0.144 0.000000
0.144 0.145 0.000000
0.145 0.146 0.000000
0.146 0.147 0.000000
0.147 0.148 0.000000
0.148 0.149 0.000000
0.149 0.150 0.000000
