1
0.000 0.001 0.000000
0.001 0.002 0.000000
0.002 0.003 0.000000
0.003 0.004 0.000000
0.004 0.005 0.000000
0.005 0.006 0.000000
0.006 0.007 0.000000
0.007 0.008 0.000000
0.008 0.009 0.000000
0.009 0.010 0.000000
0.010 0.011 0.000000
0.011 0.012 0.000000
0.012 0.013 0.000000
0.013 0.014 0.000000
0.014 0.015 0.000002
0.015 0.016 0.000015
0.016 0.017 0.000094
0.017 0.018 0.000412
0.018 0.019 0.001370
0.019 0.020 0.003709
0.020 0.021 0.008482
0.021 0.022 0.016930
0.022 0.023 0.030214
0.023 0.024 0.049296
0.024 0.025 0.074820
0.025 0.026 0.106289
0.026 0.027 0.143285
0.027 0.028 0.185545
0.028 0.029 0.231791
0.029 0.030 0.280250
0.030 0.031 0.329265
0.031 0.032 0.377998
0.032 0.033 0.426708
0.033 0.034 0.472530
0.034 0.035 0.515149
0.035 0.036 0.556080
0.036 0.037 0.591673
0.037 0.038 0.621460
0.038 0.039 0.648939
0.039 0.040 0.674571
0.040 0.041 0.693802
0.041 0.042 0.709428
0.042 0.043 0.723528
0.043 0.044 0.732183
0.044 0.045 0.739075
0.045 0.046 0.741474
0.046 0.047 0.740189
0.047 0.048 0.738505
0.048 0.049 0.734547
0.049 0.050 0.725285
0.050 0.051 0.716654
0.051 0.052 0.709512
0.052 0.053 0.698752
0.053 0.054 0.685894
0.054 0.055 0.671264
0.055 0.056 0.655756
0.056 0.057 0.640781
0.057 0.058 0.761454
0.058 0.059 1.000000
0.059 0.060 0.844064
0.060 0.061 0.577311
0.061 0.062 0.558021
0.062 0.063 0.525428
0.063 0.064 0.502292
0.064 0.065 0.482647
0.065 0.066 0.464266
0.066 0.067 0.546059
0.067 0.068 0.528500
0.068 0.069 0.425836
0.069 0.070 0.379953
0.070 0.071 0.324203
0.071 0.072 0.309709
0.072 0.073 0.291491
0.073 0.074 0.280041
0.074 0.075 0.267521
0.075 0.076 0.249764
0.076 0.077 0.234572
0.077 0.078 0.221208
0.078 0.079 0.211109
0.079 0.080 0.200372
0.080 0.081 0.187280
0.081 0.082 0.171330
0.082 0.083 0.159147
0.083 0.084 0.146899
0.084 0.085 0.135809
0.085 0.086 0.125691
0.086 0.087 0.113472
0.087 0.088 0.104873
0.088 0.089 0.095631
0.089 0.090 0.085965
0.090 0.091 0.075748
0.091 0.092 0.065036
0.092 0.093 0.058063
0.093 0.094 0.051316
0.094 0.095 0.043955
0.095 0.096 0.036117
0.096 0.097 0.029675
0.097 0.098 0.023010
0.098 0.099 0.015198
0.099 0.100 0.011308
0.100 0.101 0.008975
0.101 0.102 0.004363
0.102 0.103 0.001144
0.103 0.104 0.000000
0.104 0.105 0.000000
0.105 0.106 0.000000
0.106 0.107 0.000000
0.107 0.108 0.000000
0.108 0.109 0.000000
0.109 0.110 0.000000
0.110 0.111 0.000000
0.111 0.112 0.000000
0.112 0.113 0.000000
0.113 0.114 0.000000
0.114 0.115 0.000000
0.115 0.116 0.000000
0.116 0.117 0.000000
0.117 0.118 0.000000
0.118 0.119 0.000000
0.119 0.120 0.000000
0.120 0.121 0.000000
0.121 0.122 0.000000
0.122 0.123 0.000000
0.123 0.124 0.000000
0.124 0.125 0.000000
0.125 0.126 0.000000
0.126 0.127 0.000000
0.127 0.128 0.000000
0.128 0.129 0.000000
0.129 0.130 0.000000
0.130 0.131 0.000000
0.131 0.132 0.000000
0.132 0.133 0.000000
0.133 0.134 0.000000
0.134 0.135 0.000000
0.135 0.136 0.000000
0.136 0.137 0.000000
0.137 0.138 0.000000
0.138 0.139 0.000000
0.139 0.140 0.000000
0.140 0.141 0.000000
0.141 0.142 0.000000
0.142 0.143 0.000000
0.143 0.144 0.000000
0.144 0.145 0.000000
0.145 0.146 0.000000
0.146 0.147 0.000000
0.147 0.148 0.000000
0.148 0.149 0.000000
0.149 0.150 0.000000
