1
0.000 0.001 0.000000
0.001 0.002 0.000000
0.002 0.003 0.000000
0.003 0.004 0.000000
0.004 0.005 0.000000
0.005 0.006 0.000000
0.006 0.007 0.000000
0.007 0.008 0.000000
0.008 0.009 0.000000
0.009 0.010 0.000000
0.010 0.011 0.000000
0.011 0.012 0.000000
0.012 0.013 0.000000
0.013 0.014 0.000000
0.014 0.015 0.000000
0.015 0.016 0.000000
0.016 0.017 0.000000
0.017 0.018 0.000001
0.018 0.019 0.000004
0.019 0.020 0.000025
0.020 0.021 0.000103
0.021 0.022 0.000345
0.022 0.023 0.000953
0.023 0.024 0.002256
0.024 0.025 0.004719
0.025 0.026 0.008856
0.026 0.027 0.015198
0.027 0.028 0.024314
0.028 0.029 0.036577
0.029 0.030 0.051953
0.030 0.031 0.070633
0.031 0.032 0.092282
0.032 0.033 0.116627
0.033 0.034 0.143196
0.034 0.035 0.171430
0.035 0.036 0.200552
0.036 0.037 0.230248
0.037 0.038 0.260037
0.038 0.039 0.288326
0.039 0.040 0.316336
0.040 0.041 0.342927
0.041 0.042 0.366846
0.042 0.043 0.390429
0.043 0.044 0.411630
0.044 0.045 0.431263
0.045 0.046 0.447483
0.046 0.047 0.460081
0.047 0.048 0.473216
0.048 0.049 0.484705
0.049 0.050 0.491303
0.050 0.051 0.495843
0.051 0.052 0.501939
0.052 0.053 0.506381
0.053 0.054 0.507664
0.054 0.055 0.507486
0.055 0.056 0.507319
0.056 0.057 0.505805
0.057 0.058 0.674556
0.058 0.059 1.000000
0.059 0.060 0.821988
0.060 0.061 0.494367
0.061 0.062 0.486032
0.062 0.063 0.462568
0.063 0.064 0.453540
0.064 0.065 0.443413
0.065 0.066 0.435041
0.066 0.067 0.564014
0.067 0.068 0.556370
0.068 0.069 0.435773
0.069 0.070 0.392739
0.070 0.071 0.323898
0.071 0.072 0.314812
0.072 0.073 0.302887
0.073 0.074 0.297644
0.074 0.075 0.291261
0.075 0.076 0.283235
0.076 0.077 0.272961
0.077 0.078 0.264017
0.078 0.079 0.258572
0.079 0.080 0.251719
0.080 0.081 0.242044
0.081 0.082 0.231110
0.082 0.083 0.221450
0.083 0.084 0.211375
0.084 0.085 0.204331
0.085 0.086 0.198091
0.086 0.087 0.189628
0.087 0.088 0.183870
0.088 0.089 0.177099
0.089 0.090 0.167967
0.090 0.091 0.159313
0.091 0.092 0.148126
0.092 0.093 0.139593
0.093 0.094 0.136387
0.094 0.095 0.129802
0.095 0.096 0.123410
0.096 0.097 0.116292
0.097 0.098 0.107625
0.098 0.099 0.099366
0.099 0.100 0.092834
0.100 0.101 0.088064
0.101 0.102 0.081418
0.102 0.103 0.074683
0.103 0.104 0.069572
0.104 0.105 0.065554
0.105 0.106 0.060426
0.106 0.107 0.055299
0.107 0.108 0.049085
0.108 0.109 0.043033
0.109 0.110 0.038458
0.110 0.111 0.034240
0.111 0.112 0.030861
0.112 0.113 0.026466
0.113 0.114 0.022725
0.114 0.115 0.018284
0.115 0.116 0.015118
0.116 0.117 0.012327
0.117 0.118 0.009325
0.118 0.119 0.005304
0.119 0.120 0.003960
0.120 0.121 0.003031
0.121 0.122 0.000838
0.122 0.123 0.000000
0.123 0.124 0.000000
0.124 0.125 0.000000
0.125 0.126 0.000000
0.126 0.127 0.000000
0.127 0.128 0.000000
0.128 0.129 0.000000
0.129 0.130 0.000000
0.130 0.131 0.000000
0.131 0.132 0.000000
0.132 0.133 0.000000
0.133 0.134 0.000000
0.134 0.135 0.000000
0.135 0.136 0.000000
0.136 0.137 0.000000
0.137 0.138 0.000000
0.138 0.139 0.000000
0.139 0.140 0.000000
0.140 0.141 0.000000
0.141 0.142 0.000000
0.142 0.143 0.000000
0.143 0.144 0.000000
0.144 0.145 0.000000
0.145 0.146 0.000000
0.146 0.147 0.000000
0.147 0.148 0.000000
0.148 0.149 0.000000
0.149 0.150 0.000000
