1
0.000 0.001 0.000000
0.001 0.002 0.000000
0.002 0.003 0.000000
0.003 0.004 0.000000
0.004 0.005 0.000000
0.005 0.006 0.000000
0.006 0.007 0.000000
0.007 0.008 0.000000
0.008 0.009 0.000000
0.009 0.010 0.000000
0.010 0.011 0.000000
0.011 0.012 0.000000
0.012 0.013 0.000000
0.013 0.014 0.000000
0.014 0.015 0.000000
0.015 0.016 0.000000
0.016 0.017 0.000000
0.017 0.018 0.000000
0.018 0.019 0.000000
0.019 0.020 0.000000
0.020 0.021 0.000001
0.021 0.022 0.000005
0.022 0.023 0.000023
0.023 0.024 0.000084
0.024 0.025 0.000249
0.025 0.026 0.000632
0.026 0.027 0.001410
0.027 0.028 0.002835
0.028 0.029 0.005217
0.029 0.030 0.008825
0.030 0.031 0.014015
0.031 0.032 0.021025
0.032 0.033 0.030039
0.033 0.034 0.041175
0.034 0.035 0.054403
0.035 0.036 0.069536
0.036 0.037 0.086566
0.037 0.038 0.105401
0.038 0.039 0.124944
0.039 0.040 0.145434
0.040 0.041 0.166743
0.041 0.042 0.188021
0.042 0.043 0.209765
0.043 0.044 0.231044
0.044 0.045 0.252432
0.045 0.046 0.272029
0.046 0.047 0.290039
0.047 0.048 0.309319
0.048 0.049 0.327190
0.049 0.050 0.341677
0.050 0.051 0.355608
0.051 0.052 0.370074
0.052 0.053 0.382284
0.053 0.054 0.392022
0.054 0.055 0.400975
0.055 0.056 0.410746
0.056 0.057 0.419809
0.057 0.058 0.618424
0.058 0.059 1.000000
0.059 0.060 0.813589
0.060 0.061 0.449337
0.061 0.062 0.451637
0.062 0.063 0.432424
0.063 0.064 0.431733
0.064 0.065 0.429294
0.065 0.066 0.427390
0.066 0.067 0.592597
0.067 0.068 0.592490
0.068 0.069 0.455399
0.069 0.070 0.413121
0.070 0.071 0.334396
0.071 0.072 0.331355
0.072 0.073 0.326237
0.073 0.074 0.323702
0.074 0.075 0.321030
0.075 0.076 0.317044
0.076 0.077 0.310233
0.077 0.078 0.305314
0.078 0.079 0.302717
0.079 0.080 0.298778
0.080 0.081 0.292960
0.081 0.082 0.285590
0.082 0.083 0.278377
0.083 0.084 0.271447
0.084 0.085 0.265644
0.085 0.086 0.260350
0.086 0.087 0.253620
0.087 0.088 0.249399
0.088 0.089 0.243045
0.089 0.090 0.234258
0.090 0.091 0.226374
0.091 0.092 0.215382
0.092 0.093 0.207772
0.093 0.094 0.203968
0.094 0.095 0.196345
0.095 0.096 0.189011
0.096 0.097 0.181340
0.097 0.098 0.171156
0.098 0.099 0.162560
0.099 0.100 0.155755
0.100 0.101 0.149806
0.101 0.102 0.142892
0.102 0.103 0.133945
0.103 0.104 0.128163
0.104 0.105 0.122430
0.105 0.106 0.115259
0.106 0.107 0.108824
0.107 0.108 0.101002
0.108 0.109 0.094026
0.109 0.110 0.088334
0.110 0.111 0.082546
0.111 0.112 0.077498
0.112 0.113 0.070572
0.113 0.114 0.063944
0.114 0.115 0.059378
0.115 0.116 0.054291
0.116 0.117 0.049084
0.117 0.118 0.043507
0.118 0.119 0.037496
0.119 0.120 0.033980
0.120 0.121 0.032210
0.121 0.122 0.028052
0.122 0.123 0.025026
0.123 0.124 0.021804
0.124 0.125 0.017968
0.125 0.126 0.013792
0.126 0.127 0.011448
0.127 0.128 0.008741
0.128 0.129 0.005821
0.129 0.130 0.004087
0.130 0.131 0.001824
0.131 0.132 0.000534
0.132 0.133 0.000000
0.133 0.134 0.000000
0.134 0.135 0.000000
0.135 0.136 0.000000
0.136 0.137 0.000000
0.137 0.138 0.000000
0.138 0.139 0.000000
0.139 0.140 0.000000
0.140 0.141 0.000000
0.141 0.142 0.000000
0.142 0.143 0.000000
0.143 0.144 0.000000
0.144 0.145 0.000000
0.145 0.146 0.000000
0.146 0.147 0.000000
0.147 0.148 0.000000
0.148 0.149 0.000000
0.149 0.150 0.000000
