1
0.000 0.001 0.000000
0.001 0.002 0.000000
0.002 0.003 0.000000
0.003 0.004 0.000000
0.004 0.005 0.000000
0.005 0.006 0.000000
0.006 0.007 0.000000
0.007 0.008 0.000000
0.008 0.009 0.000000
0.009 0.010 0.000000
0.010 0.011 0.000000
0.011 0.012 0.000000
0.012 0.013 0.000000
0.013 0.014 0.000000
0.014 0.015 0.000000
0.015 0.016 0.000000
0.016 0.017 0.000000
0.017 0.018 0.000000
0.018 0.019 0.000000
0.019 0.020 0.000000
0.020 0.021 0.000001
0.021 0.022 0.000005
0.022 0.023 0.000025
0.023 0.024 0.000098
0.024 0.025 0.000320
0.025 0.026 0.000876
0.026 0.027 0.002078
0.027 0.028 0.004396
0.028 0.029 0.008440
0.029 0.030 0.014825
0.030 0.031 0.024219
0.031 0.032 0.037116
0.032 0.033 0.054158
0.033 0.034 0.075291
0.034 0.035 0.100468
0.035 0.036 0.129818
0.036 0.037 0.162220
0.037 0.038 0.197605
0.038 0.039 0.235800
0.039 0.040 0.276040
0.040 0.041 0.316265
0.041 0.042 0.357016
0.042 0.043 0.397392
0.043 0.044 0.436544
0.044 0.045 0.474506
0.045 0.046 0.507632
0.046 0.047 0.540159
0.047 0.048 0.569732
0.048 0.049 0.594452
0.049 0.050 0.615334
0.050 0.051 0.635579
0.051 0.052 0.654041
0.052 0.053 0.664830
0.053 0.054 0.673134
0.054 0.055 0.679189
0.055 0.056 0.679748
0.056 0.057 0.677216
0.057 0.058 0.786281
0.058 0.059 1.000000
0.059 0.060 0.883910
0.060 0.061 0.659679
0.061 0.062 0.646027
0.062 0.063 0.616789
0.063 0.064 0.597033
0.064 0.065 0.575914
0.065 0.066 0.557906
0.066 0.067 0.641032
0.067 0.068 0.626519
0.068 0.069 0.519324
0.069 0.070 0.466885
0.070 0.071 0.408431
0.071 0.072 0.392891
0.072 0.073 0.370615
0.073 0.074 0.352041
0.074 0.075 0.332153
0.075 0.076 0.307360
0.076 0.077 0.288463
0.077 0.078 0.269281
0.078 0.079 0.252072
0.079 0.080 0.234825
0.080 0.081 0.212410
0.081 0.082 0.191967
0.082 0.083 0.173785
0.083 0.084 0.156932
0.084 0.085 0.137191
0.085 0.086 0.123515
0.086 0.087 0.107601
0.087 0.088 0.091955
0.088 0.089 0.072632
0.089 0.090 0.060518
0.090 0.091 0.050575
0.091 0.092 0.036950
0.092 0.093 0.028755
0.093 0.094 0.020187
0.094 0.095 0.009663
0.095 0.096 0.002697
0.096 0.097 0.000000
0.097 0.098 0.000000
0.098 0.099 0.000000
0.099 0.100 0.000000
0.100 0.101 0.000000
0.101 0.102 0.000000
0.102 0.103 0.000000
0.103 0.104 0.000000
0.104 0.105 0.000000
0.105 0.106 0.000000
0.106 0.107 0.000000
0.107 0.108 0.000000
0.108 0.109 0.000000
0.109 0.110 0.000000
0.110 0.111 0.000000
0.111 0.112 0.000000
0.112 0.113 0.000000
0.113 0.114 0.000000
0.114 0.115 0.000000
0.115 0.116 0.000000
0.116 0.117 0.000000
0.117 0.118 0.000000
0.118 0.119 0.000000
0.119 0.120 0.000000
0.120 0.121 0.000000
0.121 0.122 0.000000
0.122 0.123 0.000000
0.123 0.124 0.000000
0.124 0.125 0.000000
0.125 0.126 0.000000
0.126 0.127 0.000000
0.127 0.128 0.000000
0.128 0.129 0.000000
0.129 0.130 0.000000
0.130 0.131 0.000000
0.131 0.132 0.000000
0.132 0.133 0.000000
0.133 0.134 0.000000
0.134 0.135 0.000000
0.135 0.136 0.000000
0.136 0.137 0.000000
0.137 0.138 0.000000
0.138 0.139 0.000000
0.139 0.140 0.000000
0.140 0.141 0.000000
0.141 0.142 0.000000
0.142 0.143 0.000000
0.143 0.144 0.000000
0.144 0.145 0.000000
0.145 0.146 0.000000
0.146 0.147 0.000000
0.147 0.148 0.000000
0.148 0.149 0.000000
0.149 0.150 0.000000
