1
0.000 0.001 0.000000
0.001 0.002 0.000000
0.002 0.003 0.000000
0.003 0.004 0.000000
0.004 0.005 0.000000
0.005 0.006 0.000000
0.006 0.007 0.000000
0.007 0.008 0.000000
0.008 0.009 0.000000
0.009 0.010 0.000000
0.010 0.011 0.000000
0.011 0.012 0.000000
0.012 0.013 0.000000
0.013 0.014 0.000000
0.014 0.015 0.000000
0.015 0.016 0.000000
0.016 0.017 0.000000
0.017 0.018 0.000000
0.018 0.019 0.000004
0.019 0.020 0.000022
0.020 0.021 0.000095
0.021 0.022 0.000318
0.022 0.023 0.000875
0.023 0.024 0.002065
0.024 0.025 0.004290
0.025 0.026 0.007992
0.026 0.027 0.013596
0.027 0.028 0.021575
0.028 0.029 0.032208
0.029 0.030 0.045414
0.030 0.031 0.061406
0.031 0.032 0.079790
0.032 0.033 0.100103
0.033 0.034 0.122248
0.034 0.035 0.145858
0.035 0.036 0.169726
0.036 0.037 0.193960
0.037 0.038 0.219210
0.038 0.039 0.242200
0.039 0.040 0.264163
0.040 0.041 0.286266
0.041 0.042 0.305687
0.042 0.043 0.325080
0.043 0.044 0.343745
0.044 0.045 0.360764
0.045 0.046 0.374902
0.046 0.047 0.385987
0.047 0.048 0.398658
0.048 0.049 0.410377
0.049 0.050 0.417718
0.050 0.051 0.422643
0.051 0.052 0.428937
0.052 0.053 0.435159
0.053 0.054 0.437629
0.054 0.055 0.439044
0.055 0.056 0.442843
0.056 0.057 0.445082
0.057 0.058 0.634362
0.058 0.059 1.000000
0.059 0.060 0.807798
0.060 0.061 0.449238
0.061 0.062 0.446238
0.062 0.063 0.424096
0.063 0.064 0.418439
0.064 0.065 0.410856
0.065 0.066 0.406167
0.066 0.067 0.551744
0.067 0.068 0.547435
0.068 0.069 0.421853
0.069 0.070 0.380300
0.070 0.071 0.308035
0.071 0.072 0.302473
0.072 0.073 0.296112
0.073 0.074 0.292799
0.074 0.075 0.288255
0.075 0.076 0.283388
0.076 0.077 0.275663
0.077 0.078 0.269133
0.078 0.079 0.266463
0.079 0.080 0.261796
0.080 0.081 0.253972
0.081 0.082 0.245623
0.082 0.083 0.238928
0.083 0.084 0.232962
0.084 0.085 0.227309
0.085 0.086 0.222387
0.086 0.087 0.214600
0.087 0.088 0.210587
0.088 0.089 0.205593
0.089 0.090 0.197312
0.090 0.091 0.190106
0.091 0.092 0.178846
0.092 0.093 0.172173
0.093 0.094 0.170027
0.094 0.095 0.163153
0.095 0.096 0.156320
0.096 0.097 0.149158
0.097 0.098 0.139917
0.098 0.099 0.131795
0.099 0.100 0.124942
0.100 0.101 0.119507
0.101 0.102 0.113524
0.102 0.103 0.104544
0.103 0.104 0.097925
0.104 0.105 0.092971
0.105 0.106 0.086465
0.106 0.107 0.079881
0.107 0.108 0.071615
0.108 0.109 0.064521
0.109 0.110 0.056552
0.110 0.111 0.049315
0.111 0.112 0.043591
0.112 0.113 0.036287
0.113 0.114 0.030106
0.114 0.115 0.023552
0.115 0.116 0.016084
0.116 0.117 0.008820
0.117 0.118 0.000487
0.118 0.119 0.000000
0.119 0.120 0.000000
0.120 0.121 0.000000
0.121 0.122 0.000000
0.122 0.123 0.000000
0.123 0.124 0.000000
0.124 0.125 0.000000
0.125 0.126 0.000000
0.126 0.127 0.000000
0.127 0.128 0.000000
0.128 0.129 0.000000
0.129 0.130 0.000000
0.130 0.131 0.000000
0.131 0.132 0.000000
0.132 0.133 0.000000
0.133 0.134 0.000000
0.134 0.135 0.000000
0.135 0.136 0.000000
0.136 0.137 0.000000
0.137 0.138 0.000000
0.138 0.139 0.000000
0.139 0.140 0.000000
0.140 0.141 0.000000
0.141 0.142 0.000000
0.142 0.143 0.000000
0.143 0.144 0.000000
0.144 0.145 0.000000
0.145 0.146 0.000000
0.146 0.147 0.000000
0.147 0.148 0.000000
0.148 0.149 0.000000
0.149 0.150 0.000000
