1
0.000 0.001 0.000000
0.001 0.002 0.000000
0.002 0.003 0.000000
0.003 0.004 0.000000
0.004 0.005 0.000000
0.005 0.006 0.000000
0.006 0.007 0.000000
0.007 0.008 0.000000
0.008 0.009 0.000000
0.009 0.010 0.000000
0.010 0.011 0.000000
0.011 0.012 0.000000
0.012 0.013 0.000000
0.013 0.014 0.000000
0.014 0.015 0.000000
0.015 0.016 0.000000
0.016 0.017 0.000000
0.017 0.018 0.000003
0.018 0.019 0.000020
0.019 0.020 0.000094
0.020 0.021 0.000346
0.021 0.022 0.001020
0.022 0.023 0.002515
0.023 0.024 0.005378
0.024 0.025 0.010243
0.025 0.026 0.017687
0.026 0.027 0.028140
0.027 0.028 0.042091
0.028 0.029 0.059667
0.029 0.030 0.080340
0.030 0.031 0.103818
0.031 0.032 0.129886
0.032 0.033 0.157627
0.033 0.034 0.186719
0.034 0.035 0.216736
0.035 0.036 0.246924
0.036 0.037 0.277342
0.037 0.038 0.304844
0.038 0.039 0.329339
0.039 0.040 0.353974
0.040 0.041 0.377282
0.041 0.042 0.397630
0.042 0.043 0.417558
0.043 0.044 0.433686
0.044 0.045 0.448828
0.045 0.046 0.463087
0.046 0.047 0.470932
0.047 0.048 0.480899
0.048 0.049 0.491287
0.049 0.050 0.494622
0.050 0.051 0.496086
0.051 0.052 0.500152
0.052 0.053 0.505286
0.053 0.054 0.505577
0.054 0.055 0.502068
0.055 0.056 0.501927
0.056 0.057 0.503452
0.057 0.058 0.674071
0.058 0.059 1.000000
0.059 0.060 0.817530
0.060 0.061 0.487696
0.061 0.062 0.481883
0.062 0.063 0.459837
0.063 0.064 0.449277
0.064 0.065 0.439245
0.065 0.066 0.433156
0.066 0.067 0.558654
0.067 0.068 0.550568
0.068 0.069 0.433830
0.069 0.070 0.392624
0.070 0.071 0.326510
0.071 0.072 0.317254
0.072 0.073 0.306342
0.073 0.074 0.303925
0.074 0.075 0.299594
0.075 0.076 0.290373
0.076 0.077 0.278299
0.077 0.078 0.269264
0.078 0.079 0.265451
0.079 0.080 0.259461
0.080 0.081 0.250155
0.081 0.082 0.239834
0.082 0.083 0.230007
0.083 0.084 0.219313
0.084 0.085 0.210710
0.085 0.086 0.203697
0.086 0.087 0.194712
0.087 0.088 0.188127
0.088 0.089 0.181857
0.089 0.090 0.171830
0.090 0.091 0.159463
0.091 0.092 0.147373
0.092 0.093 0.138925
0.093 0.094 0.132906
0.094 0.095 0.123898
0.095 0.096 0.115438
0.096 0.097 0.104838
0.097 0.098 0.092935
0.098 0.099 0.079491
0.099 0.100 0.070403
0.100 0.101 0.065887
0.101 0.102 0.058100
0.102 0.103 0.047188
0.103 0.104 0.039283
0.104 0.105 0.032724
0.105 0.106 0.025913
0.106 0.107 0.019646
0.107 0.108 0.014208
0.108 0.109 0.008700
0.109 0.110 0.003687
0.110 0.111 0.000622
0.111 0.112 0.000000
0.112 0.113 0.000000
0.113 0.114 0.000000
0.114 0.115 0.000000
0.115 0.116 0.000000
0.116 0.117 0.000000
0.117 0.118 0.000000
0.118 0.119 0.000000
0.119 0.120 0.000000
0.120 0.121 0.000000
0.121 0.122 0.000000
0.122 0.123 0.000000
0.123 0.124 0.000000
0.124 0.125 0.000000
0.125 0.126 0.000000
0.126 0.127 0.000000
0.127 0.128 0.000000
0.128 0.129 0.000000
0.129 0.130 0.000000
0.130 0.131 0.000000
0.131 0.132 0.000000
0.132 0.133 0.000000
0.133 0.134 0.000000
0.134 0.135 0.000000
0.135 0.136 0.000000
0.136 0.137 0.000000
0.137 0.138 0.000000
0.138 0.139 0.000000
0.139 0.140 0.000000
0.140 0.141 0.000000
0.141 0.142 0.000000
0.142 0.143 0.000000
0.143 0.144 0.000000
0.144 0.145 0.000000
0.145 0.146 0.000000
0.146 0.147 0.000000
0.147 0.148 0.000000
0.148 0.149 0.000000
0.149 0.150 0.000000
