1
0.000 0.001 0.000000
0.001 0.002 0.000000
0.002 0.003 0.000000
0.003 0.004 0.000000
0.004 0.005 0.000000
0.005 0.006 0.000000
0.006 0.007 0.000000
0.007 0.008 0.000000
0.008 0.009 0.000000
0.009 0.010 0.000000
0.010 0.011 0.000000
0.011 0.012 0.000000
0.012 0.013 0.000000
0.013 0.014 0.000000
0.014 0.015 0.000000
0.015 0.016 0.000000
0.016 0.017 0.000000
0.017 0.018 0.000000
0.018 0.019 0.000000
0.019 0.020 0.000001
0.020 0.021 0.000006
0.021 0.022 0.000030
0.022 0.023 0.000114
0.023 0.024 0.000353
0.024 0.025 0.000926
0.025 0.026 0.002107
0.026 0.027 0.004271
0.027 0.028 0.007905
0.028 0.029 0.013502
0.029 0.030 0.021426
0.030 0.031 0.032105
0.031 0.032 0.045638
0.032 0.033 0.062209
0.033 0.034 0.081777
0.034 0.035 0.104034
0.035 0.036 0.128440
0.036 0.037 0.154757
0.037 0.038 0.182514
0.038 0.039 0.210371
0.039 0.040 0.238886
0.040 0.041 0.267478
0.041 0.042 0.295061
0.042 0.043 0.322426
0.043 0.044 0.348059
0.044 0.045 0.372930
0.045 0.046 0.395081
0.046 0.047 0.414163
0.047 0.048 0.433689
0.048 0.049 0.451386
0.049 0.050 0.464158
0.050 0.051 0.475125
0.051 0.052 0.486581
0.052 0.053 0.496431
0.053 0.054 0.502495
0.054 0.055 0.505609
0.055 0.056 0.510206
0.056 0.057 0.514202
0.057 0.058 0.680363
0.058 0.059 1.000000
0.059 0.060 0.832801
0.060 0.061 0.515812
0.061 0.062 0.511219
0.062 0.063 0.488984
0.063 0.064 0.479570
0.064 0.065 0.468492
0.065 0.066 0.461957
0.066 0.067 0.594414
0.067 0.068 0.588589
0.068 0.069 0.466394
0.069 0.070 0.422733
0.070 0.071 0.352674
0.071 0.072 0.343394
0.072 0.073 0.331546
0.073 0.074 0.325498
0.074 0.075 0.316777
0.075 0.076 0.308185
0.076 0.077 0.297010
0.077 0.078 0.287427
0.078 0.079 0.282015
0.079 0.080 0.274875
0.080 0.081 0.264326
0.081 0.082 0.252266
0.082 0.083 0.241530
0.083 0.084 0.229980
0.084 0.085 0.222041
0.085 0.086 0.215143
0.086 0.087 0.205661
0.087 0.088 0.199036
0.088 0.089 0.191591
0.089 0.090 0.181290
0.090 0.091 0.170895
0.091 0.092 0.158235
0.092 0.093 0.148460
0.093 0.094 0.144446
0.094 0.095 0.136787
0.095 0.096 0.129385
0.096 0.097 0.120796
0.097 0.098 0.110577
0.098 0.099 0.100342
0.099 0.100 0.092531
0.100 0.101 0.086601
0.101 0.102 0.081056
0.102 0.103 0.072953
0.103 0.104 0.066656
0.104 0.105 0.061890
0.105 0.106 0.055854
0.106 0.107 0.048816
0.107 0.108 0.043027
0.108 0.109 0.037971
0.109 0.110 0.032427
0.110 0.111 0.027298
0.111 0.112 0.022347
0.112 0.113 0.018651
0.113 0.114 0.015499
0.114 0.115 0.012184
0.115 0.116 0.007725
0.116 0.117 0.005699
0.117 0.118 0.003603
0.118 0.119 0.000832
0.119 0.120 0.000000
0.120 0.121 0.000000
0.121 0.122 0.000000
0.122 0.123 0.000000
0.123 0.124 0.000000
0.124 0.125 0.000000
0.125 0.126 0.000000
0.126 0.127 0.000000
0.127 0.128 0.000000
0.128 0.129 0.000000
0.129 0.130 0.000000
0.130 0.131 0.000000
0.131 0.132 0.000000
0.132 0.133 0.000000
0.133 0.134 0.000000
0.134 0.135 0.000000
0.135 0.136 0.000000
0.136 0.137 0.000000
0.137 0.138 0.000000
0.138 0.139 0.000000
0.139 0.140 0.000000
0.140 0.141 0.000000
0.141 0.142 0.000000
0.142 0.143 0.000000
0.143 0.144 0.000000
0.144 0.145 0.000000
0.145 0.146 0.000000
0.146 0.147 0.000000
0.147 0.148 0.000000
0.148 0.149 0.000000
0.149 0.150 0.000000
