1
0.000 0.001 0.000000
0.001 0.002 0.000000
0.002 0.003 0.000000
0.003 0.004 0.000000
0.004 0.005 0.000000
0.005 0.006 0.000000
0.006 0.007 0.000000
0.007 0.008 0.000000
0.008 0.009 0.000000
0.009 0.010 0.000000
0.010 0.011 0.000000
0.011 0.012 0.000000
0.012 0.013 0.000000
0.013 0.014 0.000000
0.014 0.015 0.000000
0.015 0.016 0.000000
0.016 0.017 0.000000
0.017 0.018 0.000000
0.018 0.019 0.000000
0.019 0.020 0.000001
0.020 0.021 0.000005
0.021 0.022 0.000027
0.022 0.023 0.000108
0.023 0.024 0.000350
0.024 0.025 0.000957
0.025 0.026 0.002252
0.026 0.027 0.004675
0.027 0.028 0.008827
0.028 0.029 0.015322
0.029 0.030 0.024553
0.030 0.031 0.037069
0.031 0.032 0.053120
0.032 0.033 0.072747
0.033 0.034 0.095659
0.034 0.035 0.121595
0.035 0.036 0.149903
0.036 0.037 0.181008
0.037 0.038 0.213241
0.038 0.039 0.246272
0.039 0.040 0.280223
0.040 0.041 0.313632
0.041 0.042 0.345434
0.042 0.043 0.376937
0.043 0.044 0.406138
0.044 0.045 0.433747
0.045 0.046 0.458124
0.046 0.047 0.478690
0.047 0.048 0.498860
0.048 0.049 0.516302
0.049 0.050 0.527120
0.050 0.051 0.537136
0.051 0.052 0.550470
0.052 0.053 0.560934
0.053 0.054 0.567926
0.054 0.055 0.570914
0.055 0.056 0.573269
0.056 0.057 0.576294
0.057 0.058 0.721240
0.058 0.059 1.000000
0.059 0.060 0.849030
0.060 0.061 0.565133
0.061 0.062 0.557186
0.062 0.063 0.533382
0.063 0.064 0.519152
0.064 0.065 0.504128
0.065 0.066 0.495754
0.066 0.067 0.609878
0.067 0.068 0.601679
0.068 0.069 0.487553
0.069 0.070 0.443412
0.070 0.071 0.378743
0.071 0.072 0.366611
0.072 0.073 0.350440
0.073 0.074 0.342774
0.074 0.075 0.333202
0.075 0.076 0.318036
0.076 0.077 0.300765
0.077 0.078 0.284040
0.078 0.079 0.277638
0.079 0.080 0.269249
0.080 0.081 0.257092
0.081 0.082 0.243005
0.082 0.083 0.229677
0.083 0.084 0.215848
0.084 0.085 0.203570
0.085 0.086 0.192614
0.086 0.087 0.179646
0.087 0.088 0.168151
0.088 0.089 0.155019
0.089 0.090 0.144438
0.090 0.091 0.131862
0.091 0.092 0.119999
0.092 0.093 0.110581
0.093 0.094 0.102320
0.094 0.095 0.092163
0.095 0.096 0.082530
0.096 0.097 0.069153
0.097 0.098 0.059903
0.098 0.099 0.049223
0.099 0.100 0.042017
0.100 0.101 0.038587
0.101 0.102 0.031811
0.102 0.103 0.021969
0.103 0.104 0.017488
0.104 0.105 0.013945
0.105 0.106 0.009743
0.106 0.107 0.003772
0.107 0.108 0.002212
0.108 0.109 0.000000
0.109 0.110 0.000000
0.110 0.111 0.000000
0.111 0.112 0.000000
0.112 0.113 0.000000
0.113 0.114 0.000000
0.114 0.115 0.000000
0.115 0.116 0.000000
0.116 0.117 0.000000
0.117 0.118 0.000000
0.118 0.119 0.000000
0.119 0.120 0.000000
0.120 0.121 0.000000
0.121 0.122 0.000000
0.122 0.123 0.000000
0.123 0.124 0.000000
0.124 0.125 0.000000
0.125 0.126 0.000000
0.126 0.127 0.000000
0.127 0.128 0.000000
0.128 0.129 0.000000
0.129 0.130 0.000000
0.130 0.131 0.000000
0.131 0.132 0.000000
0.132 0.133 0.000000
0.133 0.134 0.000000
0.134 0.135 0.000000
0.135 0.136 0.000000
0.136 0.137 0.000000
0.137 0.138 0.000000
0.138 0.139 0.000000
0.139 0.140 0.000000
0.140 0.141 0.000000
0.141 0.142 0.000000
0.142 0.143 0.000000
0.143 0.144 0.000000
0.144 0.145 0.000000
0.145 0.146 0.000000
0.146 0.147 0.000000
0.147 0.148 0.000000
0.148 0.149 0.000000
0.149 0.150 0.000000
