1
0.000 0.001 0.000000
0.001 0.002 0.000000
0.002 0.003 0.000000
0.003 0.004 0.000000
0.004 0.005 0.000000
0.005 0.006 0.000000
0.006 0.007 0.000000
0.007 0.008 0.000000
0.008 0.009 0.000000
0.009 0.010 0.000000
0.010 0.011 0.000000
0.011 0.012 0.000000
0.012 0.013 0.000001
0.013 0.014 0.000012
0.014 0.015 0.000114
0.015 0.016 0.000653
0.016 0.017 0.002591
0.017 0.018 0.007770
0.018 0.019 0.018841
0.019 0.020 0.038779
0.020 0.021 0.070073
0.021 0.022 0.114174
0.022 0.023 0.170390
0.023 0.024 0.237849
0.024 0.025 0.314611
0.025 0.026 0.396178
0.026 0.027 0.478685
0.027 0.028 0.561372
0.028 0.029 0.641627
0.029 0.030 0.714070
0.030 0.031 0.779681
0.031 0.032 0.839088
0.032 0.033 0.886770
0.033 0.034 0.924952
0.034 0.035 0.957609
0.035 0.036 0.981328
0.036 0.037 0.992163
0.037 0.038 0.995723
0.038 0.039 1.000000
0.039 0.040 0.996109
0.040 0.041 0.987363
0.041 0.042 0.974230
0.042 0.043 0.957526
0.043 0.044 0.934470
0.044 0.045 0.907652
0.045 0.046 0.870288
0.046 0.047 0.842124
0.047 0.048 0.816122
0.048 0.049 0.783725
0.049 0.050 0.747255
0.050 0.051 0.711835
0.051 0.052 0.677248
0.052 0.053 0.639850
0.053 0.054 0.612259
0.054 0.055 0.578479
0.055 0.056 0.539951
0.056 0.057 0.505377
0.057 0.058 0.494562
0.058 0.059 0.492974
0.059 0.060 0.442845
0.060 0.061 0.377279
0.061 0.062 0.350524
0.062 0.063 0.323128
0.063 0.064 0.292360
0.064 0.065 0.260006
0.065 0.066 0.232836
0.066 0.067 0.222138
0.067 0.068 0.198751
0.068 0.069 0.159224
0.069 0.070 0.130914
0.070 0.071 0.112748
0.071 0.072 0.094549
0.072 0.073 0.073429
0.073 0.074 0.056298
0.074 0.075 0.045930
0.075 0.076 0.034433
0.076 0.077 0.020225
0.077 0.078 0.012585
0.078 0.079 0.003159
0.079 0.080 0.000000
0.080 0.081 0.000000
0.081 0.082 0.000000
0.082 0.083 0.000000
0.083 0.084 0.000000
0.084 0.085 0.000000
0.085 0.086 0.000000
0.086 0.087 0.000000
0.087 0.088 0.000000
0.088 0.089 0.000000
0.089 0.090 0.000000
0.090 0.091 0.000000
0.091 0.092 0.000000
0.092 0.093 0.000000
0.093 0.094 0.000000
0.094 0.095 0.000000
0.095 0.096 0.000000
0.096 0.097 0.000000
0.097 0.098 0.000000
0.098 0.099 0.000000
0.099 0.100 0.000000
0.100 0.101 0.000000
0.101 0.102 0.000000
0.102 0.103 0.000000
0.103 0.104 0.000000
0.104 0.105 0.000000
0.105 0.106 0.000000
0.106 0.107 0.000000
0.107 0.108 0.000000
0.108 0.109 0.000000
0.109 0.110 0.000000
0.110 0.111 0.000000
0.111 0.112 0.000000
0.112 0.113 0.000000
0.113 0.114 0.000000
0.114 0.115 0.000000
0.115 0.116 0.000000
0.116 0.117 0.000000
0.117 0.118 0.000000
0.118 0.119 0.000000
0.119 0.120 0.000000
0.120 0.121 0.000000
0.121 0.122 0.000000
0.122 0.123 0.000000
0.123 0.124 0.000000
0.124 0.125 0.000000
0.125 0.126 0.000000
0.126 0.127 0.000000
0.127 0.128 0.000000
0.128 0.129 0.000000
0.129 0.130 0.000000
0.130 0.131 0.000000
0.131 0.132 0.000000
0.132 0.133 0.000000
0.133 0.134 0.000000
0.134 0.135 0.000000
0.135 0.136 0.000000
0.136 0.137 0.000000
0.137 0.138 0.000000
0.138 0.139 0.000000
0.139 0.140 0.000000
0.140 0.141 0.000000
0.141 0.142 0.000000
0.142 0.143 0.000000
0.143 0.144 0.000000
0.144 0.145 0.000000
0.145 0.146 0.000000
0.146 0.147 0.000000
0.147 0.148 0.000000
0.148 0.149 0.000000
0.149 0.150 0.000000
