1
0.000 0.001 0.000000
0.001 0.002 0.000000
0.002 0.003 0.000000
0.003 0.004 0.000000
0.004 0.005 0.000000
0.005 0.006 0.000000
0.006 0.007 0.000000
0.007 0.008 0.000000
0.008 0.009 0.000000
0.009 0.010 0.000000
0.010 0.011 0.000000
0.011 0.012 0.000000
0.012 0.013 0.000000
0.013 0.014 0.000000
0.014 0.015 0.000000
0.015 0.016 0.000000
0.016 0.017 0.000000
0.017 0.018 0.000000
0.018 0.019 0.000000
0.019 0.020 0.000002
0.020 0.021 0.000010
0.021 0.022 0.000044
0.022 0.023 0.000151
0.023 0.024 0.000429
0.024 0.025 0.001044
0.025 0.026 0.002241
0.026 0.027 0.004313
0.027 0.028 0.007620
0.028 0.029 0.012516
0.029 0.030 0.019154
0.030 0.031 0.027909
0.031 0.032 0.038759
0.032 0.033 0.051707
0.033 0.034 0.066767
0.034 0.035 0.083502
0.035 0.036 0.101340
0.036 0.037 0.120702
0.037 0.038 0.141784
0.038 0.039 0.162499
0.039 0.040 0.182816
0.040 0.041 0.203572
0.041 0.042 0.223704
0.042 0.043 0.242923
0.043 0.044 0.261825
0.044 0.045 0.280520
0.045 0.046 0.296228
0.046 0.047 0.311208
0.047 0.048 0.327510
0.048 0.049 0.340898
0.049 0.050 0.351465
0.050 0.051 0.361879
0.051 0.052 0.372441
0.052 0.053 0.379927
0.053 0.054 0.385640
0.054 0.055 0.391632
0.055 0.056 0.398292
0.056 0.057 0.403435
0.057 0.058 0.607870
0.058 0.059 1.000000
0.059 0.060 0.801930
0.060 0.061 0.425033
0.061 0.062 0.425161
0.062 0.063 0.403359
0.063 0.064 0.402010
0.064 0.065 0.398311
0.065 0.066 0.394621
0.066 0.067 0.557499
0.067 0.068 0.556061
0.068 0.069 0.420545
0.069 0.070 0.379172
0.070 0.071 0.301826
0.071 0.072 0.299435
0.072 0.073 0.295331
0.073 0.074 0.291522
0.074 0.075 0.288216
0.075 0.076 0.285395
0.076 0.077 0.280153
0.077 0.078 0.276177
0.078 0.079 0.273408
0.079 0.080 0.269749
0.080 0.081 0.264944
0.081 0.082 0.258835
0.082 0.083 0.253040
0.083 0.084 0.248066
0.084 0.085 0.243686
0.085 0.086 0.239394
0.086 0.087 0.233924
0.087 0.088 0.231022
0.088 0.089 0.225500
0.089 0.090 0.218192
0.090 0.091 0.213029
0.091 0.092 0.203793
0.092 0.093 0.197656
0.093 0.094 0.195550
0.094 0.095 0.189694
0.095 0.096 0.183940
0.096 0.097 0.178633
0.097 0.098 0.171032
0.098 0.099 0.165265
0.099 0.100 0.159973
0.100 0.101 0.153957
0.101 0.102 0.148416
0.102 0.103 0.141756
0.103 0.104 0.136814
0.104 0.105 0.131467
0.105 0.106 0.124719
0.106 0.107 0.119007
0.107 0.108 0.111855
0.108 0.109 0.106049
0.109 0.110 0.100155
0.110 0.111 0.094223
0.111 0.112 0.089167
0.112 0.113 0.081894
0.113 0.114 0.075639
0.114 0.115 0.070204
0.115 0.116 0.063926
0.116 0.117 0.057840
0.117 0.118 0.051305
0.118 0.119 0.042107
0.119 0.120 0.037452
0.120 0.121 0.035418
0.121 0.122 0.030044
0.122 0.123 0.024344
0.123 0.124 0.018504
0.124 0.125 0.012726
0.125 0.126 0.007422
0.126 0.127 0.004115
0.127 0.128 0.000423
0.128 0.129 0.000000
0.129 0.130 0.000000
0.130 0.131 0.000000
0.131 0.132 0.000000
0.132 0.133 0.000000
0.133 0.134 0.000000
0.134 0.135 0.000000
0.135 0.136 0.000000
0.136 0.137 0.000000
0.137 0.138 0.000000
0.138 0.139 0.000000
0.139 0.140 0.000000
0.140 0.141 0.000000
0.141 0.142 0.000000
0.142 0.143 0.000000
0.143 0.144 0.000000
0.144 0.145 0.000000
0.145 0.146 0.000000
0.146 0.147 0.000000
0.147 0.148 0.000000
0.148 0.149 0.000000
0.149 0.150 0.000000
