1
0.000 0.001 0.000000
0.001 0.002 0.000000
0.002 0.003 0.000000
0.003 0.004 0.000000
0.004 0.005 0.000000
0.005 0.006 0.000000
0.006 0.007 0.000000
0.007 0.008 0.000000
0.008 0.009 0.000000
0.009 0.010 0.000000
0.010 0.011 0.000000
0.011 0.012 0.000000
0.012 0.013 0.000004
0.013 0.014 0.000047
0.014 0.015 0.000321
0.015 0.016 0.001441
0.016 0.017 0.004723
0.017 0.018 0.012246
0.018 0.019 0.026496
0.019 0.020 0.049785
0.020 0.021 0.083704
0.021 0.022 0.128820
0.022 0.023 0.184079
0.023 0.024 0.247850
0.024 0.025 0.318448
0.025 0.026 0.391960
0.026 0.027 0.466896
0.027 0.028 0.541584
0.028 0.029 0.613479
0.029 0.030 0.681426
0.030 0.031 0.742803
0.031 0.032 0.796095
0.032 0.033 0.846067
0.033 0.034 0.887105
0.034 0.035 0.919535
0.035 0.036 0.947843
0.036 0.037 0.967193
0.037 0.038 0.980841
0.038 0.039 0.991834
0.039 0.040 1.000000
0.040 0.041 0.999880
0.041 0.042 0.997187
0.042 0.043 0.991823
0.043 0.044 0.982984
0.044 0.045 0.972252
0.045 0.046 0.954028
0.046 0.047 0.937280
0.047 0.048 0.918763
0.048 0.049 0.896278
0.049 0.050 0.871722
0.050 0.051 0.850053
0.051 0.052 0.829618
0.052 0.053 0.802728
0.053 0.054 0.776488
0.054 0.055 0.751176
0.055 0.056 0.723102
0.056 0.057 0.694036
0.057 0.058 0.780658
0.058 0.059 0.965776
0.059 0.060 0.826066
0.060 0.061 0.595490
0.061 0.062 0.568351
0.062 0.063 0.529459
0.063 0.064 0.501331
0.064 0.065 0.474979
0.065 0.066 0.447420
0.066 0.067 0.505643
0.067 0.068 0.485778
0.068 0.069 0.395842
0.069 0.070 0.351962
0.070 0.071 0.301677
0.071 0.072 0.282517
0.072 0.073 0.263489
0.073 0.074 0.247575
0.074 0.075 0.231308
0.075 0.076 0.213576
0.076 0.077 0.195053
0.077 0.078 0.180767
0.078 0.079 0.168291
0.079 0.080 0.155972
0.080 0.081 0.141711
0.081 0.082 0.124366
0.082 0.083 0.112184
0.083 0.084 0.101076
0.084 0.085 0.089712
0.085 0.086 0.077524
0.086 0.087 0.067589
0.087 0.088 0.057991
0.088 0.089 0.047155
0.089 0.090 0.036972
0.090 0.091 0.031050
0.091 0.092 0.024136
0.092 0.093 0.016322
0.093 0.094 0.011392
0.094 0.095 0.005422
0.095 0.096 0.001506
0.096 0.097 0.000000
0.097 0.098 0.000000
0.098 0.099 0.000000
0.099 0.100 0.000000
0.100 0.101 0.000000
0.101 0.102 0.000000
0.102 0.103 0.000000
0.103 0.104 0.000000
0.104 0.105 0.000000
0.105 0.106 0.000000
0.106 0.107 0.000000
0.107 0.108 0.000000
0.108 0.109 0.000000
0.109 0.110 0.000000
0.110 0.111 0.000000
0.111 0.112 0.000000
0.112 0.113 0.000000
0.113 0.114 0.000000
0.114 0.115 0.000000
0.115 0.116 0.000000
0.116 0.117 0.000000
0.117 0.118 0.000000
0.118 0.119 0.000000
0.119 0.120 0.000000
0.120 0.121 0.000000
0.121 0.122 0.000000
0.122 0.123 0.000000
0.123 0.124 0.000000
0.124 0.125 0.000000
0.125 0.126 0.000000
0.126 0.127 0.000000
0.127 0.128 0.000000
0.128 0.129 0.000000
0.129 0.130 0.000000
0.130 0.131 0.000000
0.131 0.132 0.000000
0.132 0.133 0.000000
0.133 0.134 0.000000
0.134 0.135 0.000000
0.135 0.136 0.000000
0.136 0.137 0.000000
0.137 0.138 0.000000
0.138 0.139 0.000000
0.139 0.140 0.000000
0.140 0.141 0.000000
0.141 0.142 0.000000
0.142 0.143 0.000000
0.143 0.144 0.000000
0.144 0.145 0.000000
0.145 0.146 0.000000
0.146 0.147 0.000000
0.147 0.148 0.000000
0.148 0.149 0.000000
0.149 0.150 0.000000
