1
0.000 0.001 0.000000
0.001 0.002 0.000000
0.002 0.003 0.000000
0.003 0.004 0.000000
0.004 0.005 0.000000
0.005 0.006 0.000000
0.006 0.007 0.000000
0.007 0.008 0.000000
0.008 0.009 0.000000
0.009 0.010 0.000000
0.010 0.011 0.000000
0.011 0.012 0.000000
0.012 0.013 0.000000
0.013 0.014 0.000000
0.014 0.015 0.000000
0.015 0.016 0.000000
0.016 0.017 0.000000
0.017 0.018 0.000000
0.018 0.019 0.000000
0.019 0.020 0.000003
0.020 0.021 0.000019
0.021 0.022 0.000083
0.022 0.023 0.000286
0.023 0.024 0.000814
0.024 0.025 0.001985
0.025 0.026 0.004239
0.026 0.027 0.008116
0.027 0.028 0.014273
0.028 0.029 0.023312
0.029 0.030 0.035574
0.030 0.031 0.051383
0.031 0.032 0.070805
0.032 0.033 0.093790
0.033 0.034 0.119821
0.034 0.035 0.148661
0.035 0.036 0.180062
0.036 0.037 0.212768
0.037 0.038 0.245594
0.038 0.039 0.278546
0.039 0.040 0.312102
0.040 0.041 0.344338
0.041 0.042 0.374995
0.042 0.043 0.405266
0.043 0.044 0.432464
0.044 0.045 0.458238
0.045 0.046 0.481098
0.046 0.047 0.499925
0.047 0.048 0.518547
0.048 0.049 0.535315
0.049 0.050 0.546156
0.050 0.051 0.555461
0.051 0.052 0.565602
0.052 0.053 0.573367
0.053 0.054 0.577115
0.054 0.055 0.577510
0.055 0.056 0.577469
0.056 0.057 0.577464
0.057 0.058 0.721607
0.058 0.059 1.000000
0.059 0.060 0.845597
0.060 0.061 0.558994
0.061 0.062 0.550811
0.062 0.063 0.526900
0.063 0.064 0.513072
0.064 0.065 0.499886
0.065 0.066 0.488470
0.066 0.067 0.597352
0.067 0.068 0.585788
0.068 0.069 0.469868
0.069 0.070 0.426212
0.070 0.071 0.362538
0.071 0.072 0.350298
0.072 0.073 0.334403
0.073 0.074 0.326498
0.074 0.075 0.316804
0.075 0.076 0.300925
0.076 0.077 0.286498
0.077 0.078 0.274311
0.078 0.079 0.266454
0.079 0.080 0.257118
0.080 0.081 0.244488
0.081 0.082 0.229840
0.082 0.083 0.215018
0.083 0.084 0.202754
0.084 0.085 0.192079
0.085 0.086 0.182714
0.086 0.087 0.171414
0.087 0.088 0.161685
0.088 0.089 0.151672
0.089 0.090 0.138761
0.090 0.091 0.126943
0.091 0.092 0.115517
0.092 0.093 0.106551
0.093 0.094 0.098906
0.094 0.095 0.088321
0.095 0.096 0.081150
0.096 0.097 0.072107
0.097 0.098 0.062208
0.098 0.099 0.051140
0.099 0.100 0.042677
0.100 0.101 0.040040
0.101 0.102 0.034543
0.102 0.103 0.027379
0.103 0.104 0.020323
0.104 0.105 0.016913
0.105 0.106 0.012828
0.106 0.107 0.007583
0.107 0.108 0.004790
0.108 0.109 0.001287
0.109 0.110 0.000000
0.110 0.111 0.000000
0.111 0.112 0.000000
0.112 0.113 0.000000
0.113 0.114 0.000000
0.114 0.115 0.000000
0.115 0.116 0.000000
0.116 0.117 0.000000
0.117 0.118 0.000000
0.118 0.119 0.000000
0.119 0.120 0.000000
0.120 0.121 0.000000
0.121 0.122 0.000000
0.122 0.123 0.000000
0.123 0.124 0.000000
0.124 0.125 0.000000
0.125 0.126 0.000000
0.126 0.127 0.000000
0.127 0.128 0.000000
0.128 0.129 0.000000
0.129 0.130 0.000000
0.130 0.131 0.000000
0.131 0.132 0.000000
0.132 0.133 0.000000
0.133 0.134 0.000000
0.134 0.135 0.000000
0.135 0.136 0.000000
0.136 0.137 0.000000
0.137 0.138 0.000000
0.138 0.139 0.000000
0.139 0.140 0.000000
0.140 0.141 0.000000
0.141 0.142 0.000000
0.142 0.143 0.000000
0.143 0.144 0.000000
0.144 0.145 0.000000
0.145 0.146 0.000000
0.146 0.147 0.000000
0.147 0.148 0.000000
0.148 0.149 0.000000
0.149 0.150 0.000000
