1
0.000 0.001 0.000000
0.001 0.002 0.000000
0.002 0.003 0.000000
0.003 0.004 0.000000
0.004 0.005 0.000000
0.005 0.006 0.000000
0.006 0.007 0.000000
0.007 0.008 0.000000
0.008 0.009 0.000000
0.009 0.010 0.000000
0.010 0.011 0.000000
0.011 0.012 0.000000
0.012 0.013 0.000000
0.013 0.014 0.000000
0.014 0.015 0.000000
0.015 0.016 0.000000
0.016 0.017 0.000000
0.017 0.018 0.000000
0.018 0.019 0.000002
0.019 0.020 0.000013
0.020 0.021 0.000065
0.021 0.022 0.000249
0.022 0.023 0.000765
0.023 0.024 0.001972
0.024 0.025 0.004410
0.025 0.026 0.008754
0.026 0.027 0.015740
0.027 0.028 0.026117
0.028 0.029 0.040495
0.029 0.030 0.059179
0.030 0.031 0.082059
0.031 0.032 0.108742
0.032 0.033 0.140046
0.033 0.034 0.174103
0.034 0.035 0.209649
0.035 0.036 0.247380
0.036 0.037 0.285068
0.037 0.038 0.322455
0.038 0.039 0.360808
0.039 0.040 0.399271
0.040 0.041 0.433478
0.041 0.042 0.466331
0.042 0.043 0.496922
0.043 0.044 0.525797
0.044 0.045 0.552593
0.045 0.046 0.572670
0.046 0.047 0.592871
0.047 0.048 0.608898
0.048 0.049 0.620724
0.049 0.050 0.629542
0.050 0.051 0.639135
0.051 0.052 0.648934
0.052 0.053 0.648811
0.053 0.054 0.647250
0.054 0.055 0.648191
0.055 0.056 0.645181
0.056 0.057 0.637230
0.057 0.058 0.758344
0.058 0.059 1.000000
0.059 0.060 0.867652
0.060 0.061 0.619716
0.061 0.062 0.605038
0.062 0.063 0.574410
0.063 0.064 0.558917
0.064 0.065 0.543859
0.065 0.066 0.528329
0.066 0.067 0.617992
0.067 0.068 0.606446
0.068 0.069 0.502090
0.069 0.070 0.454106
0.070 0.071 0.394951
0.071 0.072 0.382395
0.072 0.073 0.364294
0.073 0.074 0.346642
0.074 0.075 0.328225
0.075 0.076 0.308675
0.076 0.077 0.289941
0.077 0.078 0.271172
0.078 0.079 0.254526
0.079 0.080 0.237670
0.080 0.081 0.217198
0.081 0.082 0.193401
0.082 0.083 0.172107
0.083 0.084 0.154472
0.084 0.085 0.134327
0.085 0.086 0.117788
0.086 0.087 0.097821
0.087 0.088 0.081667
0.088 0.089 0.062515
0.089 0.090 0.048076
0.090 0.091 0.039173
0.091 0.092 0.027059
0.092 0.093 0.017009
0.093 0.094 0.008781
0.094 0.095 0.001541
0.095 0.096 0.000000
0.096 0.097 0.000000
0.097 0.098 0.000000
0.098 0.099 0.000000
0.099 0.100 0.000000
0.100 0.101 0.000000
0.101 0.102 0.000000
0.102 0.103 0.000000
0.103 0.104 0.000000
0.104 0.105 0.000000
0.105 0.106 0.000000
0.106 0.107 0.000000
0.107 0.108 0.000000
0.108 0.109 0.000000
0.109 0.110 0.000000
0.110 0.111 0.000000
0.111 0.112 0.000000
0.112 0.113 0.000000
0.113 0.114 0.000000
0.114 0.115 0.000000
0.115 0.116 0.000000
0.116 0.117 0.000000
0.117 0.118 0.000000
0.118 0.119 0.000000
0.119 0.120 0.000000
0.120 0.121 0.000000
0.121 0.122 0.000000
0.122 0.123 0.000000
0.123 0.124 0.000000
0.124 0.125 0.000000
0.125 0.126 0.000000
0.126 0.127 0.000000
0.127 0.128 0.000000
0.128 0.129 0.000000
0.129 0.130 0.000000
0.130 0.131 0.000000
0.131 0.132 0.000000
0.132 0.133 0.000000
0.133 0.134 0.000000
0.134 0.135 0.000000
0.135 0.136 0.000000
0.136 0.137 0.000000
0.137 0.138 0.000000
0.138 0.139 0.000000
0.139 0.140 0.000000
0.140 0.141 0.000000
0.141 0.142 0.000000
0.142 0.143 0.000000
0.143 0.144 0.000000
0.144 0.145 0.000000
0.145 0.146 0.000000
0.146 0.147 0.000000
0.147 0.148 0.000000
0.148 0.149 0.000000
0.149 0.150 0.000000
