1
0.000 0.001 0.000000
0.001 0.002 0.000000
0.002 0.003 0.000000
0.003 0.004 0.000000
0.004 0.005 0.000000
0.005 0.006 0.000000
0.006 0.007 0.000000
0.007 0.008 0.000000
0.008 0.009 0.000000
0.009 0.010 0.000000
0.010 0.011 0.000000
0.011 0.012 0.000000
0.012 0.013 0.000001
0.013 0.014 0.000020
0.014 0.015 0.000162
0.015 0.016 0.000837
0.016 0.017 0.003052
0.017 0.018 0.008533
0.018 0.019 0.019522
0.019 0.020 0.038339
0.020 0.021 0.066632
0.021 0.022 0.105029
0.022 0.023 0.152952
0.023 0.024 0.209165
0.024 0.025 0.271753
0.025 0.026 0.337658
0.026 0.027 0.404734
0.027 0.028 0.472059
0.028 0.029 0.537639
0.029 0.030 0.598982
0.030 0.031 0.654190
0.031 0.032 0.704063
0.032 0.033 0.749025
0.033 0.034 0.786272
0.034 0.035 0.818032
0.035 0.036 0.845895
0.036 0.037 0.866277
0.037 0.038 0.878394
0.038 0.039 0.886558
0.039 0.040 0.893536
0.040 0.041 0.894346
0.041 0.042 0.891472
0.042 0.043 0.887155
0.043 0.044 0.877986
0.044 0.045 0.867416
0.045 0.046 0.853749
0.046 0.047 0.836721
0.047 0.048 0.820306
0.048 0.049 0.801914
0.049 0.050 0.781028
0.050 0.051 0.761150
0.051 0.052 0.743479
0.052 0.053 0.724457
0.053 0.054 0.703245
0.054 0.055 0.679441
0.055 0.056 0.656937
0.056 0.057 0.636995
0.057 0.058 0.755865
0.058 0.059 1.000000
0.059 0.060 0.834733
0.060 0.061 0.558101
0.061 0.062 0.537774
0.062 0.063 0.504316
0.063 0.064 0.480913
0.064 0.065 0.459610
0.065 0.066 0.440616
0.066 0.067 0.519656
0.067 0.068 0.503383
0.068 0.069 0.403872
0.069 0.070 0.361746
0.070 0.071 0.306398
0.071 0.072 0.291712
0.072 0.073 0.273919
0.073 0.074 0.263124
0.074 0.075 0.250090
0.075 0.076 0.236597
0.076 0.077 0.222193
0.077 0.078 0.209766
0.078 0.079 0.200698
0.079 0.080 0.190916
0.080 0.081 0.178953
0.081 0.082 0.164439
0.082 0.083 0.153659
0.083 0.084 0.142689
0.084 0.085 0.133029
0.085 0.086 0.124421
0.086 0.087 0.114704
0.087 0.088 0.105842
0.088 0.089 0.095938
0.089 0.090 0.087822
0.090 0.091 0.078711
0.091 0.092 0.070249
0.092 0.093 0.063113
0.093 0.094 0.056440
0.094 0.095 0.048066
0.095 0.096 0.042750
0.096 0.097 0.036194
0.097 0.098 0.029323
0.098 0.099 0.021119
0.099 0.100 0.017194
0.100 0.101 0.015211
0.101 0.102 0.011490
0.102 0.103 0.006435
0.103 0.104 0.004037
0.104 0.105 0.001163
0.105 0.106 0.000000
0.106 0.107 0.000000
0.107 0.108 0.000000
0.108 0.109 0.000000
0.109 0.110 0.000000
0.110 0.111 0.000000
0.111 0.112 0.000000
0.112 0.113 0.000000
0.113 0.114 0.000000
0.114 0.115 0.000000
0.115 0.116 0.000000
0.116 0.117 0.000000
0.117 0.118 0.000000
0.118 0.119 0.000000
0.119 0.120 0.000000
0.120 0.121 0.000000
0.121 0.122 0.000000
0.122 0.123 0.000000
0.123 0.124 0.000000
0.124 0.125 0.000000
0.125 0.126 0.000000
0.126 0.127 0.000000
0.127 0.128 0.000000
0.128 0.129 0.000000
0.129 0.130 0.000000
0.130 0.131 0.000000
0.131 0.132 0.000000
0.132 0.133 0.000000
0.133 0.134 0.000000
0.134 0.135 0.000000
0.135 0.136 0.000000
0.136 0.137 0.000000
0.137 0.138 0.000000
0.138 0.139 0.000000
0.139 0.140 0.000000
0.140 0.141 0.000000
0.141 0.142 0.000000
0.142 0.143 0.000000
0.143 0.144 0.000000
0.144 0.145 0.000000
0.145 0.146 0.000000
0.146 0.147 0.000000
0.147 0.148 0.000000
0.148 0.149 0.000000
0.149 0.150 0.000000
