1
0.000 0.001 0.000000
0.001 0.002 0.000000
0.002 0.003 0.000000
0.003 0.004 0.000000
0.004 0.005 0.000000
0.005 0.006 0.000000
0.006 0.007 0.000000
0.007 0.008 0.000000
0.008 0.009 0.000000
0.009 0.010 0.000000
0.010 0.011 0.000000
0.011 0.012 0.000000
0.012 0.013 0.000000
0.013 0.014 0.000000
0.014 0.015 0.000000
0.015 0.016 0.000000
0.016 0.017 0.000000
0.017 0.018 0.000000
0.018 0.019 0.000000
0.019 0.020 0.000000
0.020 0.021 0.000001
0.021 0.022 0.000006
0.022 0.023 0.000028
0.023 0.024 0.000103
0.024 0.025 0.000311
0.025 0.026 0.000801
0.026 0.027 0.001797
0.027 0.028 0.003657
0.028 0.029 0.006807
0.029 0.030 0.011607
0.030 0.031 0.018531
0.031 0.032 0.027912
0.032 0.033 0.039928
0.033 0.034 0.054688
0.034 0.035 0.072267
0.035 0.036 0.092330
0.036 0.037 0.114740
0.037 0.038 0.138970
0.038 0.039 0.164071
0.039 0.040 0.190440
0.040 0.041 0.217055
0.041 0.042 0.243316
0.042 0.043 0.270049
0.043 0.044 0.295044
0.044 0.045 0.320990
0.045 0.046 0.344803
0.046 0.047 0.366178
0.047 0.048 0.388178
0.048 0.049 0.408965
0.049 0.050 0.425200
0.050 0.051 0.439059
0.051 0.052 0.453891
0.052 0.053 0.467283
0.053 0.054 0.476383
0.054 0.055 0.483296
0.055 0.056 0.490494
0.056 0.057 0.496413
0.057 0.058 0.668461
0.058 0.059 1.000000
0.059 0.060 0.831252
0.060 0.061 0.508668
0.061 0.062 0.508109
0.062 0.063 0.488867
0.063 0.064 0.483795
0.064 0.065 0.477298
0.065 0.066 0.472412
0.066 0.067 0.615327
0.067 0.068 0.611555
0.068 0.069 0.483446
0.069 0.070 0.439047
0.070 0.071 0.365554
0.071 0.072 0.357286
0.072 0.073 0.346433
0.073 0.074 0.340754
0.074 0.075 0.332066
0.075 0.076 0.324817
0.076 0.077 0.314813
0.077 0.078 0.306455
0.078 0.079 0.302337
0.079 0.080 0.296112
0.080 0.081 0.286144
0.081 0.082 0.274741
0.082 0.083 0.264768
0.083 0.084 0.255172
0.084 0.085 0.246240
0.085 0.086 0.238186
0.086 0.087 0.227280
0.087 0.088 0.219539
0.088 0.089 0.209919
0.089 0.090 0.200462
0.090 0.091 0.190897
0.091 0.092 0.178726
0.092 0.093 0.170704
0.093 0.094 0.166381
0.094 0.095 0.157902
0.095 0.096 0.149634
0.096 0.097 0.140270
0.097 0.098 0.129005
0.098 0.099 0.118232
0.099 0.100 0.108741
0.100 0.101 0.104177
0.101 0.102 0.098354
0.102 0.103 0.089791
0.103 0.104 0.083260
0.104 0.105 0.078243
0.105 0.106 0.071786
0.106 0.107 0.065218
0.107 0.108 0.057277
0.108 0.109 0.049229
0.109 0.110 0.043776
0.110 0.111 0.038773
0.111 0.112 0.034787
0.112 0.113 0.029603
0.113 0.114 0.025205
0.114 0.115 0.020628
0.115 0.116 0.014405
0.116 0.117 0.011604
0.117 0.118 0.008578
0.118 0.119 0.005051
0.119 0.120 0.001956
0.120 0.121 0.001404
0.121 0.122 0.000000
0.122 0.123 0.000000
0.123 0.124 0.000000
0.124 0.125 0.000000
0.125 0.126 0.000000
0.126 0.127 0.000000
0.127 0.128 0.000000
0.128 0.129 0.000000
0.129 0.130 0.000000
0.130 0.131 0.000000
0.131 0.132 0.000000
0.132 0.133 0.000000
0.133 0.134 0.000000
0.134 0.135 0.000000
0.135 0.136 0.000000
0.136 0.137 0.000000
0.137 0.138 0.000000
0.138 0.139 0.000000
0.139 0.140 0.000000
0.140 0.141 0.000000
0.141 0.142 0.000000
0.142 0.143 0.000000
0.143 0.144 0.000000
0.144 0.145 0.000000
0.145 0.146 0.000000
0.146 0.147 0.000000
0.147 0.148 0.000000
0.148 0.149 0.000000
0.149 0.150 0.000000
