1
0.000 0.001 0.000000
0.001 0.002 0.000000
0.002 0.003 0.000000
0.003 0.004 0.000000
0.004 0.005 0.000000
0.005 0.006 0.000000
0.006 0.007 0.000000
0.007 0.008 0.000000
0.008 0.009 0.000000
0.009 0.010 0.000000
0.010 0.011 0.000000
0.011 0.012 0.000000
0.012 0.013 0.000000
0.013 0.014 0.000000
0.014 0.015 0.000000
0.015 0.016 0.000000
0.016 0.017 0.000000
0.017 0.018 0.000000
0.018 0.019 0.000002
0.019 0.020 0.000015
0.020 0.021 0.000071
0.021 0.022 0.000267
0.022 0.023 0.000814
0.023 0.024 0.002091
0.024 0.025 0.004686
0.025 0.026 0.009318
0.026 0.027 0.016748
0.027 0.028 0.027850
0.028 0.029 0.043305
0.029 0.030 0.063233
0.030 0.031 0.088148
0.031 0.032 0.117527
0.032 0.033 0.151336
0.033 0.034 0.188421
0.034 0.035 0.227628
0.035 0.036 0.269178
0.036 0.037 0.310728
0.037 0.038 0.350768
0.038 0.039 0.390668
0.039 0.040 0.430696
0.040 0.041 0.465382
0.041 0.042 0.499872
0.042 0.043 0.533282
0.043 0.044 0.563050
0.044 0.045 0.589896
0.045 0.046 0.610537
0.046 0.047 0.627457
0.047 0.048 0.642682
0.048 0.049 0.654088
0.049 0.050 0.658407
0.050 0.051 0.662537
0.051 0.052 0.666041
0.052 0.053 0.667297
0.053 0.054 0.666347
0.054 0.055 0.663521
0.055 0.056 0.656464
0.056 0.057 0.647552
0.057 0.058 0.765910
0.058 0.059 1.000000
0.059 0.060 0.860277
0.060 0.061 0.606546
0.061 0.062 0.587655
0.062 0.063 0.559820
0.063 0.064 0.542144
0.064 0.065 0.525442
0.065 0.066 0.508721
0.066 0.067 0.595954
0.067 0.068 0.580728
0.068 0.069 0.473999
0.069 0.070 0.426666
0.070 0.071 0.363942
0.071 0.072 0.350803
0.072 0.073 0.332792
0.073 0.074 0.320576
0.074 0.075 0.307137
0.075 0.076 0.289544
0.076 0.077 0.271306
0.077 0.078 0.254362
0.078 0.079 0.240773
0.079 0.080 0.224862
0.080 0.081 0.210875
0.081 0.082 0.194724
0.082 0.083 0.179721
0.083 0.084 0.164992
0.084 0.085 0.150944
0.085 0.086 0.137692
0.086 0.087 0.121089
0.087 0.088 0.110511
0.088 0.089 0.098547
0.089 0.090 0.087024
0.090 0.091 0.075773
0.091 0.092 0.064296
0.092 0.093 0.051822
0.093 0.094 0.044311
0.094 0.095 0.036401
0.095 0.096 0.028842
0.096 0.097 0.018474
0.097 0.098 0.013081
0.098 0.099 0.007696
0.099 0.100 0.001940
0.100 0.101 0.000000
0.101 0.102 0.000000
0.102 0.103 0.000000
0.103 0.104 0.000000
0.104 0.105 0.000000
0.105 0.106 0.000000
0.106 0.107 0.000000
0.107 0.108 0.000000
0.108 0.109 0.000000
0.109 0.110 0.000000
0.110 0.111 0.000000
0.111 0.112 0.000000
0.112 0.113 0.000000
0.113 0.114 0.000000
0.114 0.115 0.000000
0.115 0.116 0.000000
0.116 0.117 0.000000
0.117 0.118 0.000000
0.118 0.119 0.000000
0.119 0.120 0.000000
0.120 0.121 0.000000
0.121 0.122 0.000000
0.122 0.123 0.000000
0.123 0.124 0.000000
0.124 0.125 0.000000
0.125 0.126 0.000000
0.126 0.127 0.000000
0.127 0.128 0.000000
0.128 0.129 0.000000
0.129 0.130 0.000000
0.130 0.131 0.000000
0.131 0.132 0.000000
0.132 0.133 0.000000
0.133 0.134 0.000000
0.134 0.135 0.000000
0.135 0.136 0.000000
0.136 0.137 0.000000
0.137 0.138 0.000000
0.138 0.139 0.000000
0.139 0.140 0.000000
0.140 0.141 0.000000
0.141 0.142 0.000000
0.142 0.143 0.000000
0.143 0.144 0.000000
0.144 0.145 0.000000
0.145 0.146 0.000000
0.146 0.147 0.000000
0.147 0.148 0.000000
0.148 0.149 0.000000
0.149 0.150 0.000000
