1
0.000 0.001 0.000000
0.001 0.002 0.000000
0.002 0.003 0.000000
0.003 0.004 0.000000
0.004 0.005 0.000000
0.005 0.006 0.000000
0.006 0.007 0.000000
0.007 0.008 0.000000
0.008 0.009 0.000000
0.009 0.010 0.000000
0.010 0.011 0.000000
0.011 0.012 0.000000
0.012 0.013 0.000000
0.013 0.014 0.000000
0.014 0.015 0.000000
0.015 0.016 0.000000
0.016 0.017 0.000000
0.017 0.018 0.000001
0.018 0.019 0.000007
0.019 0.020 0.000037
0.020 0.021 0.000146
0.021 0.022 0.000457
0.022 0.023 0.001198
0.023 0.024 0.002713
0.024 0.025 0.005450
0.025 0.026 0.009877
0.026 0.027 0.016444
0.027 0.028 0.025676
0.028 0.029 0.037795
0.029 0.030 0.052581
0.030 0.031 0.070268
0.031 0.032 0.090576
0.032 0.033 0.112786
0.033 0.034 0.136825
0.034 0.035 0.162559
0.035 0.036 0.188847
0.036 0.037 0.215798
0.037 0.038 0.242168
0.038 0.039 0.266038
0.039 0.040 0.289558
0.040 0.041 0.313191
0.041 0.042 0.334527
0.042 0.043 0.355289
0.043 0.044 0.373469
0.044 0.045 0.390809
0.045 0.046 0.406450
0.046 0.047 0.417130
0.047 0.048 0.429762
0.048 0.049 0.442399
0.049 0.050 0.449158
0.050 0.051 0.453313
0.051 0.052 0.459595
0.052 0.053 0.466961
0.053 0.054 0.469540
0.054 0.055 0.469339
0.055 0.056 0.472112
0.056 0.057 0.475184
0.057 0.058 0.655686
0.058 0.059 1.000000
0.059 0.060 0.813469
0.060 0.061 0.471363
0.061 0.062 0.467560
0.062 0.063 0.446376
0.063 0.064 0.438463
0.064 0.065 0.429817
0.065 0.066 0.424871
0.066 0.067 0.561105
0.067 0.068 0.555052
0.068 0.069 0.433704
0.069 0.070 0.392193
0.070 0.071 0.322719
0.071 0.072 0.315018
0.072 0.073 0.306156
0.073 0.074 0.303859
0.074 0.075 0.299694
0.075 0.076 0.292516
0.076 0.077 0.282288
0.077 0.078 0.274234
0.078 0.079 0.271198
0.079 0.080 0.265911
0.080 0.081 0.257099
0.081 0.082 0.247594
0.082 0.083 0.239192
0.083 0.084 0.230584
0.084 0.085 0.223301
0.085 0.086 0.217294
0.086 0.087 0.208696
0.087 0.088 0.203385
0.088 0.089 0.198075
0.089 0.090 0.188753
0.090 0.091 0.178289
0.091 0.092 0.166204
0.092 0.093 0.158539
0.093 0.094 0.154502
0.094 0.095 0.146387
0.095 0.096 0.138617
0.096 0.097 0.129335
0.097 0.098 0.118303
0.098 0.099 0.106547
0.099 0.100 0.098311
0.100 0.101 0.094124
0.101 0.102 0.086973
0.102 0.103 0.076364
0.103 0.104 0.068027
0.104 0.105 0.062053
0.105 0.106 0.054562
0.106 0.107 0.046546
0.107 0.108 0.037049
0.108 0.109 0.028615
0.109 0.110 0.020690
0.110 0.111 0.014023
0.111 0.112 0.008527
0.112 0.113 0.004496
0.113 0.114 0.000596
0.114 0.115 0.000000
0.115 0.116 0.000000
0.116 0.117 0.000000
0.117 0.118 0.000000
0.118 0.119 0.000000
0.119 0.120 0.000000
0.120 0.121 0.000000
0.121 0.122 0.000000
0.122 0.123 0.000000
0.123 0.124 0.000000
0.124 0.125 0.000000
0.125 0.126 0.000000
0.126 0.127 0.000000
0.127 0.128 0.000000
0.128 0.129 0.000000
0.129 0.130 0.000000
0.130 0.131 0.000000
0.131 0.132 0.000000
0.132 0.133 0.000000
0.133 0.134 0.000000
0.134 0.135 0.000000
0.135 0.136 0.000000
0.136 0.137 0.000000
0.137 0.138 0.000000
0.138 0.139 0.000000
0.139 0.140 0.000000
0.140 0.141 0.000000
0.141 0.142 0.000000
0.142 0.143 0.000000
0.143 0.144 0.000000
0.144 0.145 0.000000
0.145 0.146 0.000000
0.146 0.147 0.000000
0.147 0.148 0.000000
0.148 0.149 0.000000
0.149 0.150 0.000000
