1
0.000 0.001 0.000000
0.001 0.002 0.000000
0.002 0.003 0.000000
0.003 0.004 0.000000
0.004 0.005 0.000000
0.005 0.006 0.000000
0.006 0.007 0.000000
0.007 0.008 0.000000
0.008 0.009 0.000000
0.009 0.010 0.000000
0.010 0.011 0.000000
0.011 0.012 0.000000
0.012 0.013 0.000000
0.013 0.014 0.000000
0.014 0.015 0.000000
0.015 0.016 0.000000
0.016 0.017 0.000000
0.017 0.018 0.000000
0.018 0.019 0.000000
0.019 0.020 0.000000
0.020 0.021 0.000000
0.021 0.022 0.000003
0.022 0.023 0.000017
0.023 0.024 0.000070
0.024 0.025 0.000237
0.025 0.026 0.000669
0.026 0.027 0.001624
0.027 0.028 0.003506
0.028 0.029 0.006844
0.029 0.030 0.012191
0.030 0.031 0.020129
0.031 0.032 0.031018
0.032 0.033 0.045747
0.033 0.034 0.064280
0.034 0.035 0.086599
0.035 0.036 0.112746
0.036 0.037 0.141999
0.037 0.038 0.173395
0.038 0.039 0.207310
0.039 0.040 0.243436
0.040 0.041 0.279217
0.041 0.042 0.315214
0.042 0.043 0.351029
0.043 0.044 0.384089
0.044 0.045 0.419016
0.045 0.046 0.450793
0.046 0.047 0.480690
0.047 0.048 0.508823
0.048 0.049 0.533307
0.049 0.050 0.552904
0.050 0.051 0.571751
0.051 0.052 0.589189
0.052 0.053 0.601323
0.053 0.054 0.609997
0.054 0.055 0.615536
0.055 0.056 0.616250
0.056 0.057 0.621354
0.057 0.058 0.751089
0.058 0.059 1.000000
0.059 0.060 0.871407
0.060 0.061 0.621793
0.061 0.062 0.613896
0.062 0.063 0.589334
0.063 0.064 0.574174
0.064 0.065 0.560089
0.065 0.066 0.546252
0.066 0.067 0.643350
0.067 0.068 0.634968
0.068 0.069 0.524057
0.069 0.070 0.477768
0.070 0.071 0.415268
0.071 0.072 0.401553
0.072 0.073 0.381926
0.073 0.074 0.369196
0.074 0.075 0.354710
0.075 0.076 0.334741
0.076 0.077 0.311153
0.077 0.078 0.296651
0.078 0.079 0.285791
0.079 0.080 0.273565
0.080 0.081 0.257406
0.081 0.082 0.238110
0.082 0.083 0.220137
0.083 0.084 0.202299
0.084 0.085 0.185067
0.085 0.086 0.166248
0.086 0.087 0.152626
0.087 0.088 0.139499
0.088 0.089 0.124697
0.089 0.090 0.110170
0.090 0.091 0.095785
0.091 0.092 0.078815
0.092 0.093 0.069400
0.093 0.094 0.059845
0.094 0.095 0.049664
0.095 0.096 0.039888
0.096 0.097 0.026323
0.097 0.098 0.019229
0.098 0.099 0.011983
0.099 0.100 0.004391
0.100 0.101 0.003063
0.101 0.102 0.000000
0.102 0.103 0.000000
0.103 0.104 0.000000
0.104 0.105 0.000000
0.105 0.106 0.000000
0.106 0.107 0.000000
0.107 0.108 0.000000
0.108 0.109 0.000000
0.109 0.110 0.000000
0.110 0.111 0.000000
0.111 0.112 0.000000
0.112 0.113 0.000000
0.113 0.114 0.000000
0.114 0.115 0.000000
0.115 0.116 0.000000
0.116 0.117 0.000000
0.117 0.118 0.000000
0.118 0.119 0.000000
0.119 0.120 0.000000
0.120 0.121 0.000000
0.121 0.122 0.000000
0.122 0.123 0.000000
0.123 0.124 0.000000
0.124 0.125 0.000000
0.125 0.126 0.000000
0.126 0.127 0.000000
0.127 0.128 0.000000
0.128 0.129 0.000000
0.129 0.130 0.000000
0.130 0.131 0.000000
0.131 0.132 0.000000
0.132 0.133 0.000000
0.133 0.134 0.000000
0.134 0.135 0.000000
0.135 0.136 0.000000
0.136 0.137 0.000000
0.137 0.138 0.000000
0.138 0.139 0.000000
0.139 0.140 0.000000
0.140 0.141 0.000000
0.141 0.142 0.000000
0.142 0.143 0.000000
0.143 0.144 0.000000
0.144 0.145 0.000000
0.145 0.146 0.000000
0.146 0.147 0.000000
0.147 0.148 0.000000
0.148 0.149 0.000000
0.149 0.150 0.000000
