1
0.000 0.001 0.000000
0.001 0.002 0.000000
0.002 0.003 0.000000
0.003 0.004 0.000000
0.004 0.005 0.000000
0.005 0.006 0.000000
0.006 0.007 0.000000
0.007 0.008 0.000000
0.008 0.009 0.000000
0.009 0.010 0.000000
0.010 0.011 0.000000
0.011 0.012 0.000000
0.012 0.013 0.000000
0.013 0.014 0.000000
0.014 0.015 0.000000
0.015 0.016 0.000000
0.016 0.017 0.000000
0.017 0.018 0.000004
0.018 0.019 0.000026
0.019 0.020 0.000119
0.020 0.021 0.000427
0.021 0.022 0.001237
0.022 0.023 0.003017
0.023 0.024 0.006394
0.024 0.025 0.012117
0.025 0.026 0.020845
0.026 0.027 0.033127
0.027 0.028 0.049488
0.028 0.029 0.070021
0.029 0.030 0.094318
0.030 0.031 0.121765
0.031 0.032 0.152120
0.032 0.033 0.185193
0.033 0.034 0.219231
0.034 0.035 0.253704
0.035 0.036 0.289291
0.036 0.037 0.323677
0.037 0.038 0.354301
0.038 0.039 0.384288
0.039 0.040 0.414644
0.040 0.041 0.440735
0.041 0.042 0.464130
0.042 0.043 0.486919
0.043 0.044 0.505794
0.044 0.045 0.523146
0.045 0.046 0.537872
0.046 0.047 0.547959
0.047 0.048 0.557956
0.048 0.049 0.566933
0.049 0.050 0.569556
0.050 0.051 0.571962
0.051 0.052 0.576537
0.052 0.053 0.578070
0.053 0.054 0.575844
0.054 0.055 0.571659
0.055 0.056 0.568604
0.056 0.057 0.565958
0.057 0.058 0.714352
0.058 0.059 1.000000
0.059 0.060 0.836265
0.060 0.061 0.541962
0.061 0.062 0.531888
0.062 0.063 0.506150
0.063 0.064 0.492264
0.064 0.065 0.479852
0.065 0.066 0.469955
0.066 0.067 0.577865
0.067 0.068 0.567347
0.068 0.069 0.456904
0.069 0.070 0.413675
0.070 0.071 0.351797
0.071 0.072 0.340631
0.072 0.073 0.326191
0.073 0.074 0.318926
0.074 0.075 0.310149
0.075 0.076 0.296300
0.076 0.077 0.280997
0.077 0.078 0.268457
0.078 0.079 0.260365
0.079 0.080 0.250658
0.080 0.081 0.237615
0.081 0.082 0.222733
0.082 0.083 0.208601
0.083 0.084 0.194075
0.084 0.085 0.180762
0.085 0.086 0.169963
0.086 0.087 0.157584
0.087 0.088 0.145611
0.088 0.089 0.135376
0.089 0.090 0.123759
0.090 0.091 0.110837
0.091 0.092 0.097847
0.092 0.093 0.088821
0.093 0.094 0.080470
0.094 0.095 0.070176
0.095 0.096 0.062501
0.096 0.097 0.053012
0.097 0.098 0.042368
0.098 0.099 0.032767
0.099 0.100 0.025451
0.100 0.101 0.022632
0.101 0.102 0.016682
0.102 0.103 0.011800
0.103 0.104 0.006764
0.104 0.105 0.003411
0.105 0.106 0.000946
0.106 0.107 0.000000
0.107 0.108 0.000000
0.108 0.109 0.000000
0.109 0.110 0.000000
0.110 0.111 0.000000
0.111 0.112 0.000000
0.112 0.113 0.000000
0.113 0.114 0.000000
0.114 0.115 0.000000
0.115 0.116 0.000000
0.116 0.117 0.000000
0.117 0.118 0.000000
0.118 0.119 0.000000
0.119 0.120 0.000000
0.120 0.121 0.000000
0.121 0.122 0.000000
0.122 0.123 0.000000
0.123 0.124 0.000000
0.124 0.125 0.000000
0.125 0.126 0.000000
0.126 0.127 0.000000
0.127 0.128 0.000000
0.128 0.129 0.000000
0.129 0.130 0.000000
0.130 0.131 0.000000
0.131 0.132 0.000000
0.132 0.133 0.000000
0.133 0.134 0.000000
0.134 0.135 0.000000
0.135 0.136 0.000000
0.136 0.137 0.000000
0.137 0.138 0.000000
0.138 0.139 0.000000
0.139 0.140 0.000000
0.140 0.141 0.000000
0.141 0.142 0.000000
0.142 0.143 0.000000
0.143 0.144 0.000000
0.144 0.145 0.000000
0.145 0.146 0.000000
0.146 0.147 0.000000
0.147 0.148 0.000000
0.148 0.149 0.000000
0.149 0.150 0.000000
