1
0.000 0.001 0.000000
0.001 0.002 0.000000
0.002 0.003 0.000000
0.003 0.004 0.000000
0.004 0.005 0.000000
0.005 0.006 0.000000
0.006 0.007 0.000000
0.007 0.008 0.000000
0.008 0.009 0.000000
0.009 0.010 0.000000
0.010 0.011 0.000000
0.011 0.012 0.000000
0.012 0.013 0.000000
0.013 0.014 0.000000
0.014 0.015 0.000000
0.015 0.016 0.000000
0.016 0.017 0.000003
0.017 0.018 0.000020
0.018 0.019 0.000097
0.019 0.020 0.000356
0.020 0.021 0.001052
0.021 0.022 0.002606
0.022 0.023 0.005586
0.023 0.024 0.010658
0.024 0.025 0.018471
0.025 0.026 0.029448
0.026 0.027 0.043911
0.027 0.028 0.062196
0.028 0.029 0.084050
0.029 0.030 0.108692
0.030 0.031 0.135846
0.031 0.032 0.164958
0.032 0.033 0.195406
0.033 0.034 0.226198
0.034 0.035 0.257123
0.035 0.036 0.287664
0.036 0.037 0.317114
0.037 0.038 0.344340
0.038 0.039 0.368629
0.039 0.040 0.392264
0.040 0.041 0.413851
0.041 0.042 0.432435
0.042 0.043 0.450292
0.043 0.044 0.465207
0.044 0.045 0.478796
0.045 0.046 0.489681
0.046 0.047 0.496283
0.047 0.048 0.504147
0.048 0.049 0.511419
0.049 0.050 0.513020
0.050 0.051 0.513125
0.051 0.052 0.515478
0.052 0.053 0.517001
0.053 0.054 0.514481
0.054 0.055 0.510425
0.055 0.056 0.508673
0.056 0.057 0.506628
0.057 0.058 0.675657
0.058 0.059 1.000000
0.059 0.060 0.817372
0.060 0.061 0.489242
0.061 0.062 0.481451
0.062 0.063 0.456709
0.063 0.064 0.445836
0.064 0.065 0.434857
0.065 0.066 0.426924
0.066 0.067 0.550056
0.067 0.068 0.541587
0.068 0.069 0.425826
0.069 0.070 0.384004
0.070 0.071 0.318372
0.071 0.072 0.309661
0.072 0.073 0.299204
0.073 0.074 0.294106
0.074 0.075 0.287563
0.075 0.076 0.278311
0.076 0.077 0.266929
0.077 0.078 0.257541
0.078 0.079 0.252475
0.079 0.080 0.245547
0.080 0.081 0.235360
0.081 0.082 0.224251
0.082 0.083 0.214320
0.083 0.084 0.204509
0.084 0.085 0.195721
0.085 0.086 0.187994
0.086 0.087 0.177780
0.087 0.088 0.170914
0.088 0.089 0.163521
0.089 0.090 0.153712
0.090 0.091 0.143632
0.091 0.092 0.131476
0.092 0.093 0.124131
0.093 0.094 0.119373
0.094 0.095 0.111667
0.095 0.096 0.103738
0.096 0.097 0.096249
0.097 0.098 0.087506
0.098 0.099 0.078515
0.099 0.100 0.071870
0.100 0.101 0.067365
0.101 0.102 0.062350
0.102 0.103 0.055155
0.103 0.104 0.049462
0.104 0.105 0.044718
0.105 0.106 0.040347
0.106 0.107 0.035756
0.107 0.108 0.030302
0.108 0.109 0.024997
0.109 0.110 0.020689
0.110 0.111 0.016713
0.111 0.112 0.012987
0.112 0.113 0.009955
0.113 0.114 0.006819
0.114 0.115 0.004822
0.115 0.116 0.002215
0.116 0.117 0.000597
0.117 0.118 0.000000
0.118 0.119 0.000000
0.119 0.120 0.000000
0.120 0.121 0.000000
0.121 0.122 0.000000
0.122 0.123 0.000000
0.123 0.124 0.000000
0.124 0.125 0.000000
0.125 0.126 0.000000
0.126 0.127 0.000000
0.127 0.128 0.000000
0.128 0.129 0.000000
0.129 0.130 0.000000
0.130 0.131 0.000000
0.131 0.132 0.000000
0.132 0.133 0.000000
0.133 0.134 0.000000
0.134 0.135 0.000000
0.135 0.136 0.000000
0.136 0.137 0.000000
0.137 0.138 0.000000
0.138 0.139 0.000000
0.139 0.140 0.000000
0.140 0.141 0.000000
0.141 0.142 0.000000
0.142 0.143 0.000000
0.143 0.144 0.000000
0.144 0.145 0.000000
0.145 0.146 0.000000
0.146 0.147 0.000000
0.147 0.148 0.000000
0.148 0.149 0.000000
0.149 0.150 0.000000
