1
0.000 0.001 0.000000
0.001 0.002 0.000000
0.002 0.003 0.000000
0.003 0.004 0.000000
0.004 0.005 0.000000
0.005 0.006 0.000000
0.006 0.007 0.000000
0.007 0.008 0.000009
0.008 0.009 0.000000
0.009 0.010 0.000000
0.010 0.011 0.000000
0.011 0.012 0.000000
0.012 0.013 0.000000
0.013 0.014 0.000005
0.014 0.015 0.000051
0.015 0.016 0.000312
0.016 0.017 0.001309
0.017 0.018 0.004149
0.018 0.019 0.010600
0.019 0.020 0.022955
0.020 0.021 0.043424
0.021 0.022 0.073879
0.022 0.023 0.115047
0.023 0.024 0.166371
0.024 0.025 0.227563
0.025 0.026 0.295870
0.026 0.027 0.369136
0.027 0.028 0.445452
0.028 0.029 0.521553
0.029 0.030 0.596722
0.030 0.031 0.668364
0.031 0.032 0.732352
0.032 0.033 0.790761
0.033 0.034 0.841927
0.034 0.035 0.885382
0.035 0.036 0.922105
0.036 0.037 0.949135
0.037 0.038 0.971893
0.038 0.039 0.988318
0.039 0.040 0.997218
0.040 0.041 1.000000
0.041 0.042 0.998060
0.042 0.043 0.990321
0.043 0.044 0.975923
0.044 0.045 0.964196
0.045 0.046 0.942707
0.046 0.047 0.920871
0.047 0.048 0.895880
0.048 0.049 0.865210
0.049 0.050 0.836127
0.050 0.051 0.806412
0.051 0.052 0.777980
0.052 0.053 0.747070
0.053 0.054 0.720384
0.054 0.055 0.691262
0.055 0.056 0.652917
0.056 0.057 0.612699
0.057 0.058 0.640447
0.058 0.059 0.716253
0.059 0.060 0.634098
0.060 0.061 0.504024
0.061 0.062 0.473470
0.062 0.063 0.438186
0.063 0.064 0.412076
0.064 0.065 0.385007
0.065 0.066 0.355381
0.066 0.067 0.367605
0.067 0.068 0.343855
0.068 0.069 0.281375
0.069 0.070 0.247771
0.070 0.071 0.214577
0.071 0.072 0.195359
0.072 0.073 0.171687
0.073 0.074 0.150241
0.074 0.075 0.134374
0.075 0.076 0.118847
0.076 0.077 0.103578
0.077 0.078 0.084268
0.078 0.079 0.069882
0.079 0.080 0.058396
0.080 0.081 0.047790
0.081 0.082 0.032464
0.082 0.083 0.024060
0.083 0.084 0.014751
0.084 0.085 0.009718
0.085 0.086 0.002631
0.086 0.087 0.000000
0.087 0.088 0.000000
0.088 0.089 0.000000
0.089 0.090 0.000000
0.090 0.091 0.000000
0.091 0.092 0.000000
0.092 0.093 0.000000
0.093 0.094 0.000000
0.094 0.095 0.000000
0.095 0.096 0.000000
0.096 0.097 0.000000
0.097 0.098 0.000000
0.098 0.099 0.000000
0.099 0.100 0.000000
0.100 0.101 0.000000
0.101 0.102 0.000000
0.102 0.103 0.000000
0.103 0.104 0.000000
0.104 0.105 0.000000
0.105 0.106 0.000000
0.106 0.107 0.000000
0.107 0.108 0.000000
0.108 0.109 0.000000
0.109 0.110 0.000000
0.110 0.111 0.000000
0.111 0.112 0.000000
0.112 0.113 0.000000
0.113 0.114 0.000000
0.114 0.115 0.000000
0.115 0.116 0.000000
0.116 0.117 0.000000
0.117 0.118 0.000000
0.118 0.119 0.000000
0.119 0.120 0.000000
0.120 0.121 0.000000
0.121 0.122 0.000000
0.122 0.123 0.000000
0.123 0.124 0.000000
0.124 0.125 0.000000
0.125 0.126 0.000000
0.126 0.127 0.000000
0.127 0.128 0.000000
0.128 0.129 0.000000
0.129 0.130 0.000000
0.130 0.131 0.000000
0.131 0.132 0.000000
0.132 0.133 0.000000
0.133 0.134 0.000000
0.134 0.135 0.000000
0.135 0.136 0.000000
0.136 0.137 0.000000
0.137 0.138 0.000000
0.138 0.139 0.000000
0.139 0.140 0.000000
0.140 0.141 0.000000
0.141 0.142 0.000000
0.142 0.143 0.000000
0.143 0.144 0.000000
0.144 0.145 0.000000
0.145 0.146 0.000000
0.146 0.147 0.000000
0.147 0.148 0.000000
0.148 0.149 0.000000
0.149 0.150 0.000000
