1
0.000 0.001 0.000000
0.001 0.002 0.000000
0.002 0.003 0.000000
0.003 0.004 0.000000
0.004 0.005 0.000000
0.005 0.006 0.000000
0.006 0.007 0.000000
0.007 0.008 0.000000
0.008 0.009 0.000000
0.009 0.010 0.000000
0.010 0.011 0.000000
0.011 0.012 0.000000
0.012 0.013 0.000000
0.013 0.014 0.000000
0.014 0.015 0.000000
0.015 0.016 0.000000
0.016 0.017 0.000004
0.017 0.018 0.000033
0.018 0.019 0.000165
0.019 0.020 0.000617
0.020 0.021 0.001837
0.021 0.022 0.004538
0.022 0.023 0.009627
0.023 0.024 0.018117
0.024 0.025 0.030963
0.025 0.026 0.048656
0.026 0.027 0.071270
0.027 0.028 0.099159
0.028 0.029 0.131886
0.029 0.030 0.167919
0.030 0.031 0.206045
0.031 0.032 0.246494
0.032 0.033 0.287672
0.033 0.034 0.328580
0.034 0.035 0.368605
0.035 0.036 0.406606
0.036 0.037 0.442618
0.037 0.038 0.474249
0.038 0.039 0.501586
0.039 0.040 0.527334
0.040 0.041 0.549164
0.041 0.042 0.567196
0.042 0.043 0.583019
0.043 0.044 0.593030
0.044 0.045 0.604630
0.045 0.046 0.612858
0.046 0.047 0.616312
0.047 0.048 0.620292
0.048 0.049 0.622400
0.049 0.050 0.618503
0.050 0.051 0.613550
0.051 0.052 0.609716
0.052 0.053 0.605036
0.053 0.054 0.596726
0.054 0.055 0.585433
0.055 0.056 0.574274
0.056 0.057 0.567878
0.057 0.058 0.714899
0.058 0.059 1.000000
0.059 0.060 0.829604
0.060 0.061 0.528966
0.061 0.062 0.516423
0.062 0.063 0.488651
0.063 0.064 0.471858
0.064 0.065 0.455944
0.065 0.066 0.442839
0.066 0.067 0.546418
0.067 0.068 0.531542
0.068 0.069 0.423362
0.069 0.070 0.381576
0.070 0.071 0.320315
0.071 0.072 0.308845
0.072 0.073 0.294833
0.073 0.074 0.287700
0.074 0.075 0.279122
0.075 0.076 0.266862
0.076 0.077 0.252744
0.077 0.078 0.240584
0.078 0.079 0.231662
0.079 0.080 0.224446
0.080 0.081 0.214230
0.081 0.082 0.202875
0.082 0.083 0.192449
0.083 0.084 0.181879
0.084 0.085 0.172526
0.085 0.086 0.164302
0.086 0.087 0.154293
0.087 0.088 0.146105
0.088 0.089 0.137022
0.089 0.090 0.128561
0.090 0.091 0.118867
0.091 0.092 0.109048
0.092 0.093 0.101819
0.093 0.094 0.096287
0.094 0.095 0.088630
0.095 0.096 0.081364
0.096 0.097 0.071717
0.097 0.098 0.064054
0.098 0.099 0.055489
0.099 0.100 0.049679
0.100 0.101 0.046929
0.101 0.102 0.041705
0.102 0.103 0.034663
0.103 0.104 0.027952
0.104 0.105 0.024909
0.105 0.106 0.021161
0.106 0.107 0.017148
0.107 0.108 0.012639
0.108 0.109 0.007640
0.109 0.110 0.005086
0.110 0.111 0.001886
0.111 0.112 0.001175
0.112 0.113 0.000000
0.113 0.114 0.000000
0.114 0.115 0.000000
0.115 0.116 0.000000
0.116 0.117 0.000000
0.117 0.118 0.000000
0.118 0.119 0.000000
0.119 0.120 0.000000
0.120 0.121 0.000000
0.121 0.122 0.000000
0.122 0.123 0.000000
0.123 0.124 0.000000
0.124 0.125 0.000000
0.125 0.126 0.000000
0.126 0.127 0.000000
0.127 0.128 0.000000
0.128 0.129 0.000000
0.129 0.130 0.000000
0.130 0.131 0.000000
0.131 0.132 0.000000
0.132 0.133 0.000000
0.133 0.134 0.000000
0.134 0.135 0.000000
0.135 0.136 0.000000
0.136 0.137 0.000000
0.137 0.138 0.000000
0.138 0.139 0.000000
0.139 0.140 0.000000
0.140 0.141 0.000000
0.141 0.142 0.000000
0.142 0.143 0.000000
0.143 0.144 0.000000
0.144 0.145 0.000000
0.145 0.146 0.000000
0.146 0.147 0.000000
0.147 0.148 0.000000
0.148 0.149 0.000000
0.149 0.150 0.000000
