1
0.000 0.001 0.000000
0.001 0.002 0.000000
0.002 0.003 0.000000
0.003 0.004 0.000000
0.004 0.005 0.000000
0.005 0.006 0.000000
0.006 0.007 0.000000
0.007 0.008 0.000000
0.008 0.009 0.000000
0.009 0.010 0.000000
0.010 0.011 0.000000
0.011 0.012 0.000000
0.012 0.013 0.000000
0.013 0.014 0.000000
0.014 0.015 0.000000
0.015 0.016 0.000007
0.016 0.017 0.000057
0.017 0.018 0.000308
0.018 0.019 0.001217
0.019 0.020 0.003737
0.020 0.021 0.009427
0.021 0.022 0.020298
0.022 0.023 0.038347
0.023 0.024 0.065377
0.024 0.025 0.102644
0.025 0.026 0.149877
0.026 0.027 0.206338
0.027 0.028 0.271202
0.028 0.029 0.342214
0.029 0.030 0.416559
0.030 0.031 0.493250
0.031 0.032 0.567479
0.032 0.033 0.638300
0.033 0.034 0.704547
0.034 0.035 0.766012
0.035 0.036 0.820745
0.036 0.037 0.864729
0.037 0.038 0.905425
0.038 0.039 0.939339
0.039 0.040 0.961820
0.040 0.041 0.980319
0.041 0.042 0.993609
0.042 0.043 1.000000
0.043 0.044 0.999154
0.044 0.045 0.994634
0.045 0.046 0.978744
0.046 0.047 0.958097
0.047 0.048 0.945303
0.048 0.049 0.923407
0.049 0.050 0.897854
0.050 0.051 0.872170
0.051 0.052 0.846267
0.052 0.053 0.817153
0.053 0.054 0.784833
0.054 0.055 0.755385
0.055 0.056 0.717586
0.056 0.057 0.682355
0.057 0.058 0.702818
0.058 0.059 0.765807
0.059 0.060 0.678474
0.060 0.061 0.553388
0.061 0.062 0.523009
0.062 0.063 0.491035
0.063 0.064 0.458591
0.064 0.065 0.424984
0.065 0.066 0.385463
0.066 0.067 0.394389
0.067 0.068 0.369228
0.068 0.069 0.307210
0.069 0.070 0.268369
0.070 0.071 0.231158
0.071 0.072 0.202283
0.072 0.073 0.176480
0.073 0.074 0.156603
0.074 0.075 0.136629
0.075 0.076 0.113508
0.076 0.077 0.098015
0.077 0.078 0.079924
0.078 0.079 0.060739
0.079 0.080 0.043186
0.080 0.081 0.033559
0.081 0.082 0.018770
0.082 0.083 0.012095
0.083 0.084 0.003488
0.084 0.085 0.000000
0.085 0.086 0.000000
0.086 0.087 0.000000
0.087 0.088 0.000000
0.088 0.089 0.000000
0.089 0.090 0.000000
0.090 0.091 0.000000
0.091 0.092 0.000000
0.092 0.093 0.000000
0.093 0.094 0.000000
0.094 0.095 0.000000
0.095 0.096 0.000000
0.096 0.097 0.000000
0.097 0.098 0.000000
0.098 0.099 0.000000
0.099 0.100 0.000000
0.100 0.101 0.000000
0.101 0.102 0.000000
0.102 0.103 0.000000
0.103 0.104 0.000000
0.104 0.105 0.000000
0.105 0.106 0.000000
0.106 0.107 0.000000
0.107 0.108 0.000000
0.108 0.109 0.000000
0.109 0.110 0.000000
0.110 0.111 0.000000
0.111 0.112 0.000000
0.112 0.113 0.000000
0.113 0.114 0.000000
0.114 0.115 0.000000
0.115 0.116 0.000000
0.116 0.117 0.000000
0.117 0.118 0.000000
0.118 0.119 0.000000
0.119 0.120 0.000000
0.120 0.121 0.000000
0.121 0.122 0.000000
0.122 0.123 0.000000
0.123 0.124 0.000000
0.124 0.125 0.000000
0.125 0.126 0.000000
0.126 0.127 0.000000
0.127 0.128 0.000000
0.128 0.129 0.000000
0.129 0.130 0.000000
0.130 0.131 0.000000
0.131 0.132 0.000000
0.132 0.133 0.000000
0.133 0.134 0.000000
0.134 0.135 0.000000
0.135 0.136 0.000000
0.136 0.137 0.000000
0.137 0.138 0.000000
0.138 0.139 0.000000
0.139 0.140 0.000000
0.140 0.141 0.000000
0.141 0.142 0.000000
0.142 0.143 0.000000
0.143 0.144 0.000000
0.144 0.145 0.000000
0.145 0.146 0.000000
0.146 0.147 0.000000
0.147 0.148 0.000000
0.148 0.149 0.000000
0.149 0.150 0.000000
