1
0.000 0.001 0.000000
0.001 0.002 0.000000
0.002 0.003 0.000000
0.003 0.004 0.000000
0.004 0.005 0.000000
0.005 0.006 0.000000
0.006 0.007 0.000000
0.007 0.008 0.000000
0.008 0.009 0.000000
0.009 0.010 0.000000
0.010 0.011 0.000000
0.011 0.012 0.000000
0.012 0.013 0.000007
0.013 0.014 0.000071
0.014 0.015 0.000437
0.015 0.016 0.001787
0.016 0.017 0.005435
0.017 0.018 0.013190
0.018 0.019 0.026884
0.019 0.020 0.048044
0.020 0.021 0.077456
0.021 0.022 0.114798
0.022 0.023 0.158595
0.023 0.024 0.207662
0.024 0.025 0.260492
0.025 0.026 0.313843
0.026 0.027 0.366810
0.027 0.028 0.419409
0.028 0.029 0.468995
0.029 0.030 0.514362
0.030 0.031 0.555203
0.031 0.032 0.591380
0.032 0.033 0.623390
0.033 0.034 0.650323
0.034 0.035 0.672864
0.035 0.036 0.691840
0.036 0.037 0.706130
0.037 0.038 0.715788
0.038 0.039 0.720587
0.039 0.040 0.723763
0.040 0.041 0.724632
0.041 0.042 0.722664
0.042 0.043 0.720267
0.043 0.044 0.714088
0.044 0.045 0.707852
0.045 0.046 0.699143
0.046 0.047 0.686537
0.047 0.048 0.676685
0.048 0.049 0.666814
0.049 0.050 0.652024
0.050 0.051 0.636967
0.051 0.052 0.625100
0.052 0.053 0.613278
0.053 0.054 0.598718
0.054 0.055 0.582786
0.055 0.056 0.569066
0.056 0.057 0.556004
0.057 0.058 0.707000
0.058 0.059 1.000000
0.059 0.060 0.816075
0.060 0.061 0.502821
0.061 0.062 0.487697
0.062 0.063 0.458124
0.063 0.064 0.440982
0.064 0.065 0.424216
0.065 0.066 0.410225
0.066 0.067 0.511024
0.067 0.068 0.496967
0.068 0.069 0.389696
0.069 0.070 0.348631
0.070 0.071 0.288922
0.071 0.072 0.277371
0.072 0.073 0.263959
0.073 0.074 0.256191
0.074 0.075 0.247313
0.075 0.076 0.235281
0.076 0.077 0.223756
0.077 0.078 0.213866
0.078 0.079 0.207497
0.079 0.080 0.200026
0.080 0.081 0.190184
0.081 0.082 0.179376
0.082 0.083 0.169077
0.083 0.084 0.160653
0.084 0.085 0.153190
0.085 0.086 0.146672
0.086 0.087 0.138511
0.087 0.088 0.132272
0.088 0.089 0.125835
0.089 0.090 0.117052
0.090 0.091 0.109273
0.091 0.092 0.100738
0.092 0.093 0.094711
0.093 0.094 0.090594
0.094 0.095 0.084321
0.095 0.096 0.078338
0.096 0.097 0.070893
0.097 0.098 0.064165
0.098 0.099 0.057152
0.099 0.100 0.052060
0.100 0.101 0.049095
0.101 0.102 0.044060
0.102 0.103 0.038872
0.103 0.104 0.034791
0.104 0.105 0.031780
0.105 0.106 0.028042
0.106 0.107 0.023639
0.107 0.108 0.020080
0.108 0.109 0.016923
0.109 0.110 0.013546
0.110 0.111 0.009998
0.111 0.112 0.008159
0.112 0.113 0.005975
0.113 0.114 0.003561
0.114 0.115 0.002342
0.115 0.116 0.000611
0.116 0.117 0.000000
0.117 0.118 0.000000
0.118 0.119 0.000000
0.119 0.120 0.000000
0.120 0.121 0.000000
0.121 0.122 0.000000
0.122 0.123 0.000000
0.123 0.124 0.000000
0.124 0.125 0.000000
0.125 0.126 0.000000
0.126 0.127 0.000000
0.127 0.128 0.000000
0.128 0.129 0.000000
0.129 0.130 0.000000
0.130 0.131 0.000000
0.131 0.132 0.000000
0.132 0.133 0.000000
0.133 0.134 0.000000
0.134 0.135 0.000000
0.135 0.136 0.000000
0.136 0.137 0.000000
0.137 0.138 0.000000
0.138 0.139 0.000000
0.139 0.140 0.000000
0.140 0.141 0.000000
0.141 0.142 0.000000
0.142 0.143 0.000000
0.143 0.144 0.000000
0.144 0.145 0.000000
0.145 0.146 0.000000
0.146 0.147 0.000000
0.147 0.148 0.000000
0.148 0.149 0.000000
0.149 0.150 0.000000
