1
0.000 0.001 0.000000
0.001 0.002 0.000000
0.002 0.003 0.000000
0.003 0.004 0.000000
0.004 0.005 0.000000
0.005 0.006 0.000000
0.006 0.007 0.000000
0.007 0.008 0.000000
0.008 0.009 0.000000
0.009 0.010 0.000000
0.010 0.011 0.000000
0.011 0.012 0.000000
0.012 0.013 0.000000
0.013 0.014 0.000000
0.014 0.015 0.000000
0.015 0.016 0.000000
0.016 0.017 0.000000
0.017 0.018 0.000000
0.018 0.019 0.000000
0.019 0.020 0.000003
0.020 0.021 0.000015
0.021 0.022 0.000068
0.022 0.023 0.000238
0.023 0.024 0.000689
0.024 0.025 0.001703
0.025 0.026 0.003676
0.026 0.027 0.007087
0.027 0.028 0.012543
0.028 0.029 0.020618
0.029 0.030 0.031589
0.030 0.031 0.045654
0.031 0.032 0.063070
0.032 0.033 0.083976
0.033 0.034 0.107624
0.034 0.035 0.133662
0.035 0.036 0.162512
0.036 0.037 0.192466
0.037 0.038 0.221507
0.038 0.039 0.251691
0.039 0.040 0.283275
0.040 0.041 0.312671
0.041 0.042 0.340733
0.042 0.043 0.369190
0.043 0.044 0.394715
0.044 0.045 0.418997
0.045 0.046 0.441689
0.046 0.047 0.460033
0.047 0.048 0.478292
0.048 0.049 0.495769
0.049 0.050 0.506558
0.050 0.051 0.517080
0.051 0.052 0.529484
0.052 0.053 0.538711
0.053 0.054 0.543680
0.054 0.055 0.546151
0.055 0.056 0.549894
0.056 0.057 0.554158
0.057 0.058 0.707623
0.058 0.059 1.000000
0.059 0.060 0.842493
0.060 0.061 0.549847
0.061 0.062 0.544233
0.062 0.063 0.521569
0.063 0.064 0.510465
0.064 0.065 0.501371
0.065 0.066 0.494898
0.066 0.067 0.612761
0.067 0.068 0.604954
0.068 0.069 0.489517
0.069 0.070 0.445949
0.070 0.071 0.381728
0.071 0.072 0.371519
0.072 0.073 0.357590
0.073 0.074 0.352136
0.074 0.075 0.344863
0.075 0.076 0.330755
0.076 0.077 0.314886
0.077 0.078 0.302782
0.078 0.079 0.296034
0.079 0.080 0.286768
0.080 0.081 0.273360
0.081 0.082 0.258102
0.082 0.083 0.243029
0.083 0.084 0.226966
0.084 0.085 0.213290
0.085 0.086 0.201321
0.086 0.087 0.187513
0.087 0.088 0.174585
0.088 0.089 0.160480
0.089 0.090 0.145438
0.090 0.091 0.129137
0.091 0.092 0.113227
0.092 0.093 0.100206
0.093 0.094 0.086563
0.094 0.095 0.074238
0.095 0.096 0.061731
0.096 0.097 0.048618
0.097 0.098 0.037474
0.098 0.099 0.024976
0.099 0.100 0.016611
0.100 0.101 0.011850
0.101 0.102 0.006228
0.102 0.103 0.001057
0.103 0.104 0.000000
0.104 0.105 0.000000
0.105 0.106 0.000000
0.106 0.107 0.000000
0.107 0.108 0.000000
0.108 0.109 0.000000
0.109 0.110 0.000000
0.110 0.111 0.000000
0.111 0.112 0.000000
0.112 0.113 0.000000
0.113 0.114 0.000000
0.114 0.115 0.000000
0.115 0.116 0.000000
0.116 0.117 0.000000
0.117 0.118 0.000000
0.118 0.119 0.000000
0.119 0.120 0.000000
0.120 0.121 0.000000
0.121 0.122 0.000000
0.122 0.123 0.000000
0.123 0.124 0.000000
0.124 0.125 0.000000
0.125 0.126 0.000000
0.126 0.127 0.000000
0.127 0.128 0.000000
0.128 0.129 0.000000
0.129 0.130 0.000000
0.130 0.131 0.000000
0.131 0.132 0.000000
0.132 0.133 0.000000
0.133 0.134 0.000000
0.134 0.135 0.000000
0.135 0.136 0.000000
0.136 0.137 0.000000
0.137 0.138 0.000000
0.138 0.139 0.000000
0.139 0.140 0.000000
0.140 0.141 0.000000
0.141 0.142 0.000000
0.142 0.143 0.000000
0.143 0.144 0.000000
0.144 0.145 0.000000
0.145 0.146 0.000000
0.146 0.147 0.000000
0.147 0.148 0.000000
0.148 0.149 0.000000
0.149 0.150 0.000000
