1
0.000 0.001 0.000000
0.001 0.002 0.000000
0.002 0.003 0.000000
0.003 0.004 0.000000
0.004 0.005 0.000000
0.005 0.006 0.000000
0.006 0.007 0.000000
0.007 0.008 0.000000
0.008 0.009 0.000000
0.009 0.010 0.000000
0.010 0.011 0.000000
0.011 0.012 0.000000
0.012 0.013 0.000001
0.013 0.014 0.000017
0.014 0.015 0.000133
0.015 0.016 0.000658
0.016 0.017 0.002327
0.017 0.018 0.006392
0.018 0.019 0.014418
0.019 0.020 0.028066
0.020 0.021 0.048560
0.021 0.022 0.076328
0.022 0.023 0.111006
0.023 0.024 0.151462
0.024 0.025 0.196444
0.025 0.026 0.246159
0.026 0.027 0.297025
0.027 0.028 0.348473
0.028 0.029 0.399468
0.029 0.030 0.447403
0.030 0.031 0.491286
0.031 0.032 0.531573
0.032 0.033 0.568014
0.033 0.034 0.599191
0.034 0.035 0.626318
0.035 0.036 0.648904
0.036 0.037 0.667645
0.037 0.038 0.680646
0.038 0.039 0.687343
0.039 0.040 0.693366
0.040 0.041 0.696014
0.041 0.042 0.693352
0.042 0.043 0.694391
0.043 0.044 0.692273
0.044 0.045 0.688697
0.045 0.046 0.682191
0.046 0.047 0.671943
0.047 0.048 0.663546
0.048 0.049 0.654975
0.049 0.050 0.641949
0.050 0.051 0.627343
0.051 0.052 0.615096
0.052 0.053 0.603401
0.053 0.054 0.588569
0.054 0.055 0.572403
0.055 0.056 0.558381
0.056 0.057 0.544753
0.057 0.058 0.696987
0.058 0.059 1.000000
0.059 0.060 0.814768
0.060 0.061 0.495352
0.061 0.062 0.481675
0.062 0.063 0.452623
0.063 0.064 0.436827
0.064 0.065 0.421101
0.065 0.066 0.407976
0.066 0.067 0.514031
0.067 0.068 0.500895
0.068 0.069 0.391386
0.069 0.070 0.349671
0.070 0.071 0.288051
0.071 0.072 0.276525
0.072 0.073 0.262415
0.073 0.074 0.256150
0.074 0.075 0.248834
0.075 0.076 0.239646
0.076 0.077 0.228768
0.077 0.078 0.219397
0.078 0.079 0.213457
0.079 0.080 0.206381
0.080 0.081 0.196879
0.081 0.082 0.186409
0.082 0.083 0.177163
0.083 0.084 0.168214
0.084 0.085 0.159977
0.085 0.086 0.151617
0.086 0.087 0.144375
0.087 0.088 0.139237
0.088 0.089 0.133683
0.089 0.090 0.126125
0.090 0.091 0.118411
0.091 0.092 0.109412
0.092 0.093 0.103109
0.093 0.094 0.099004
0.094 0.095 0.092472
0.095 0.096 0.086187
0.096 0.097 0.078322
0.097 0.098 0.071867
0.098 0.099 0.065353
0.099 0.100 0.060527
0.100 0.101 0.057573
0.101 0.102 0.053327
0.102 0.103 0.047334
0.103 0.104 0.042593
0.104 0.105 0.038966
0.105 0.106 0.033776
0.106 0.107 0.030598
0.107 0.108 0.026735
0.108 0.109 0.023360
0.109 0.110 0.019674
0.110 0.111 0.016285
0.111 0.112 0.013504
0.112 0.113 0.009543
0.113 0.114 0.007823
0.114 0.115 0.006010
0.115 0.116 0.003970
0.116 0.117 0.001507
0.117 0.118 0.000886
0.118 0.119 0.000000
0.119 0.120 0.000000
0.120 0.121 0.000000
0.121 0.122 0.000000
0.122 0.123 0.000000
0.123 0.124 0.000000
0.124 0.125 0.000000
0.125 0.126 0.000000
0.126 0.127 0.000000
0.127 0.128 0.000000
0.128 0.129 0.000000
0.129 0.130 0.000000
0.130 0.131 0.000000
0.131 0.132 0.000000
0.132 0.133 0.000000
0.133 0.134 0.000000
0.134 0.135 0.000000
0.135 0.136 0.000000
0.136 0.137 0.000000
0.137 0.138 0.000000
0.138 0.139 0.000000
0.139 0.140 0.000000
0.140 0.141 0.000000
0.141 0.142 0.000000
0.142 0.143 0.000000
0.143 0.144 0.000000
0.144 0.145 0.000000
0.145 0.146 0.000000
0.146 0.147 0.000000
0.147 0.148 0.000000
0.148 0.149 0.000000
0.149 0.150 0.000000
