1
0.000 0.001 0.000000
0.001 0.002 0.000000
0.002 0.003 0.000000
0.003 0.004 0.000000
0.004 0.005 0.000000
0.005 0.006 0.000000
0.006 0.007 0.000000
0.007 0.008 0.000000
0.008 0.009 0.000000
0.009 0.010 0.000000
0.010 0.011 0.000000
0.011 0.012 0.000000
0.012 0.013 0.000001
0.013 0.014 0.000010
0.014 0.015 0.000083
0.015 0.016 0.000422
0.016 0.017 0.001541
0.017 0.018 0.004372
0.018 0.019 0.010183
0.019 0.020 0.020427
0.020 0.021 0.036340
0.021 0.022 0.058801
0.022 0.023 0.087846
0.023 0.024 0.122851
0.024 0.025 0.163217
0.025 0.026 0.207077
0.026 0.027 0.253320
0.027 0.028 0.301574
0.028 0.029 0.349632
0.029 0.030 0.395888
0.030 0.031 0.439003
0.031 0.032 0.479334
0.032 0.033 0.517395
0.033 0.034 0.551018
0.034 0.035 0.580390
0.035 0.036 0.607192
0.036 0.037 0.629715
0.037 0.038 0.645431
0.038 0.039 0.657678
0.039 0.040 0.669658
0.040 0.041 0.677035
0.041 0.042 0.680939
0.042 0.043 0.684636
0.043 0.044 0.684206
0.044 0.045 0.683340
0.045 0.046 0.680185
0.046 0.047 0.672428
0.047 0.048 0.666295
0.048 0.049 0.660173
0.049 0.050 0.648337
0.050 0.051 0.636890
0.051 0.052 0.628877
0.052 0.053 0.619372
0.053 0.054 0.606786
0.054 0.055 0.592792
0.055 0.056 0.580845
0.056 0.057 0.570009
0.057 0.058 0.715982
0.058 0.059 1.000000
0.059 0.060 0.824093
0.060 0.061 0.521150
0.061 0.062 0.506517
0.062 0.063 0.477670
0.063 0.064 0.460845
0.064 0.065 0.445216
0.065 0.066 0.432414
0.066 0.067 0.531447
0.067 0.068 0.518225
0.068 0.069 0.412927
0.069 0.070 0.371044
0.070 0.071 0.311968
0.071 0.072 0.300230
0.072 0.073 0.286005
0.073 0.074 0.278238
0.074 0.075 0.269238
0.075 0.076 0.256500
0.076 0.077 0.242438
0.077 0.078 0.230548
0.078 0.079 0.222553
0.079 0.080 0.213453
0.080 0.081 0.201743
0.081 0.082 0.188313
0.082 0.083 0.176737
0.083 0.084 0.165020
0.084 0.085 0.154610
0.085 0.086 0.144665
0.086 0.087 0.135283
0.087 0.088 0.127256
0.088 0.089 0.119089
0.089 0.090 0.108890
0.090 0.091 0.099107
0.091 0.092 0.089714
0.092 0.093 0.082305
0.093 0.094 0.075413
0.094 0.095 0.068777
0.095 0.096 0.062574
0.096 0.097 0.054968
0.097 0.098 0.046263
0.098 0.099 0.038309
0.099 0.100 0.032871
0.100 0.101 0.029643
0.101 0.102 0.025633
0.102 0.103 0.020405
0.103 0.104 0.015445
0.104 0.105 0.012750
0.105 0.106 0.009552
0.106 0.107 0.005680
0.107 0.108 0.002634
0.108 0.109 0.000706
0.109 0.110 0.000000
0.110 0.111 0.000000
0.111 0.112 0.000000
0.112 0.113 0.000000
0.113 0.114 0.000000
0.114 0.115 0.000000
0.115 0.116 0.000000
0.116 0.117 0.000000
0.117 0.118 0.000000
0.118 0.119 0.000000
0.119 0.120 0.000000
0.120 0.121 0.000000
0.121 0.122 0.000000
0.122 0.123 0.000000
0.123 0.124 0.000000
0.124 0.125 0.000000
0.125 0.126 0.000000
0.126 0.127 0.000000
0.127 0.128 0.000000
0.128 0.129 0.000000
0.129 0.130 0.000000
0.130 0.131 0.000000
0.131 0.132 0.000000
0.132 0.133 0.000000
0.133 0.134 0.000000
0.134 0.135 0.000000
0.135 0.136 0.000000
0.136 0.137 0.000000
0.137 0.138 0.000000
0.138 0.139 0.000000
0.139 0.140 0.000000
0.140 0.141 0.000000
0.141 0.142 0.000000
0.142 0.143 0.000000
0.143 0.144 0.000000
0.144 0.145 0.000000
0.145 0.146 0.000000
0.146 0.147 0.000000
0.147 0.148 0.000000
0.148 0.149 0.000000
0.149 0.150 0.000000
