1
0.000 0.001 0.000000
0.001 0.002 0.000000
0.002 0.003 0.000000
0.003 0.004 0.000000
0.004 0.005 0.000000
0.005 0.006 0.000000
0.006 0.007 0.000000
0.007 0.008 0.000000
0.008 0.009 0.000000
0.009 0.010 0.000000
0.010 0.011 0.000000
0.011 0.012 0.000000
0.012 0.013 0.000000
0.013 0.014 0.000000
0.014 0.015 0.000000
0.015 0.016 0.000000
0.016 0.017 0.000000
0.017 0.018 0.000002
0.018 0.019 0.000012
0.019 0.020 0.000056
0.020 0.021 0.000210
0.021 0.022 0.000629
0.022 0.023 0.001578
0.023 0.024 0.003453
0.024 0.025 0.006710
0.025 0.026 0.011809
0.026 0.027 0.019209
0.027 0.028 0.029238
0.028 0.029 0.042113
0.029 0.030 0.057581
0.030 0.031 0.075496
0.031 0.032 0.095416
0.032 0.033 0.117195
0.033 0.034 0.140999
0.034 0.035 0.166102
0.035 0.036 0.189717
0.036 0.037 0.213968
0.037 0.038 0.239963
0.038 0.039 0.262358
0.039 0.040 0.283475
0.040 0.041 0.304582
0.041 0.042 0.322757
0.042 0.043 0.340831
0.043 0.044 0.358134
0.044 0.045 0.373700
0.045 0.046 0.386107
0.046 0.047 0.395756
0.047 0.048 0.407041
0.048 0.049 0.417131
0.049 0.050 0.423033
0.050 0.051 0.426716
0.051 0.052 0.431737
0.052 0.053 0.436411
0.053 0.054 0.437565
0.054 0.055 0.438049
0.055 0.056 0.440837
0.056 0.057 0.441917
0.057 0.058 0.633048
0.058 0.059 1.000000
0.059 0.060 0.804212
0.060 0.061 0.443684
0.061 0.062 0.440024
0.062 0.063 0.417103
0.063 0.064 0.411231
0.064 0.065 0.403351
0.065 0.066 0.398109
0.066 0.067 0.542775
0.067 0.068 0.538049
0.068 0.069 0.412988
0.069 0.070 0.371683
0.070 0.071 0.299890
0.071 0.072 0.294490
0.072 0.073 0.288293
0.073 0.074 0.284586
0.074 0.075 0.279875
0.075 0.076 0.275179
0.076 0.077 0.267794
0.077 0.078 0.261477
0.078 0.079 0.258661
0.079 0.080 0.254022
0.080 0.081 0.246477
0.081 0.082 0.238428
0.082 0.083 0.231965
0.083 0.084 0.226324
0.084 0.085 0.220921
0.085 0.086 0.216138
0.086 0.087 0.208670
0.087 0.088 0.204841
0.088 0.089 0.199869
0.089 0.090 0.191915
0.090 0.091 0.185298
0.091 0.092 0.174552
0.092 0.093 0.168146
0.093 0.094 0.166165
0.094 0.095 0.159647
0.095 0.096 0.153144
0.096 0.097 0.146497
0.097 0.098 0.137826
0.098 0.099 0.130495
0.099 0.100 0.124078
0.100 0.101 0.118604
0.101 0.102 0.112946
0.102 0.103 0.104605
0.103 0.104 0.098486
0.104 0.105 0.093746
0.105 0.106 0.087536
0.106 0.107 0.081384
0.107 0.108 0.073622
0.108 0.109 0.067013
0.109 0.110 0.059601
0.110 0.111 0.052860
0.111 0.112 0.047561
0.112 0.113 0.040636
0.113 0.114 0.034894
0.114 0.115 0.028840
0.115 0.116 0.021768
0.116 0.117 0.015507
0.117 0.118 0.009119
0.118 0.119 0.000000
0.119 0.120 0.000000
0.120 0.121 0.000000
0.121 0.122 0.000000
0.122 0.123 0.000000
0.123 0.124 0.000000
0.124 0.125 0.000000
0.125 0.126 0.000000
0.126 0.127 0.000000
0.127 0.128 0.000000
0.128 0.129 0.000000
0.129 0.130 0.000000
0.130 0.131 0.000000
0.131 0.132 0.000000
0.132 0.133 0.000000
0.133 0.134 0.000000
0.134 0.135 0.000000
0.135 0.136 0.000000
0.136 0.137 0.000000
0.137 0.138 0.000000
0.138 0.139 0.000000
0.139 0.140 0.000000
0.140 0.141 0.000000
0.141 0.142 0.000000
0.142 0.143 0.000000
0.143 0.144 0.000000
0.144 0.145 0.000000
0.145 0.146 0.000000
0.146 0.147 0.000000
0.147 0.148 0.000000
0.148 0.149 0.000000
0.149 0.150 0.000000
