1
0.000 0.001 0.000000
0.001 0.002 0.000000
0.002 0.003 0.000000
0.003 0.004 0.000000
0.004 0.005 0.000000
0.005 0.006 0.000000
0.006 0.007 0.000000
0.007 0.008 0.000002
0.008 0.009 0.000000
0.009 0.010 0.000000
0.010 0.011 0.000000
0.011 0.012 0.000001
0.012 0.013 0.000014
0.013 0.014 0.000127
0.014 0.015 0.000712
0.015 0.016 0.002743
0.016 0.017 0.007987
0.017 0.018 0.018899
0.018 0.019 0.038025
0.019 0.020 0.067374
0.020 0.021 0.108123
0.021 0.022 0.160069
0.022 0.023 0.221531
0.023 0.024 0.290527
0.024 0.025 0.365057
0.025 0.026 0.441237
0.026 0.027 0.517176
0.027 0.028 0.591474
0.028 0.029 0.661432
0.029 0.030 0.726375
0.030 0.031 0.785028
0.031 0.032 0.833960
0.032 0.033 0.879058
0.033 0.034 0.916247
0.034 0.035 0.944495
0.035 0.036 0.967041
0.036 0.037 0.980399
0.037 0.038 0.989853
0.038 0.039 0.996786
0.039 0.040 1.000000
0.040 0.041 0.995309
0.041 0.042 0.988350
0.042 0.043 0.978273
0.043 0.044 0.966282
0.044 0.045 0.951596
0.045 0.046 0.928351
0.046 0.047 0.908295
0.047 0.048 0.886887
0.048 0.049 0.860636
0.049 0.050 0.832237
0.050 0.051 0.806873
0.051 0.052 0.783578
0.052 0.053 0.753931
0.053 0.054 0.723499
0.054 0.055 0.696810
0.055 0.056 0.667447
0.056 0.057 0.637241
0.057 0.058 0.704636
0.058 0.059 0.854925
0.059 0.060 0.732186
0.060 0.061 0.538174
0.061 0.062 0.512109
0.062 0.063 0.476047
0.063 0.064 0.449681
0.064 0.065 0.424664
0.065 0.066 0.397967
0.066 0.067 0.444603
0.067 0.068 0.426299
0.068 0.069 0.348675
0.069 0.070 0.309316
0.070 0.071 0.265544
0.071 0.072 0.247762
0.072 0.073 0.230620
0.073 0.074 0.215245
0.074 0.075 0.199715
0.075 0.076 0.183752
0.076 0.077 0.168516
0.077 0.078 0.151654
0.078 0.079 0.139995
0.079 0.080 0.128793
0.080 0.081 0.115992
0.081 0.082 0.101302
0.082 0.083 0.087426
0.083 0.084 0.078299
0.084 0.085 0.068533
0.085 0.086 0.058872
0.086 0.087 0.046955
0.087 0.088 0.038897
0.088 0.089 0.029857
0.089 0.090 0.021345
0.090 0.091 0.017215
0.091 0.092 0.012034
0.092 0.093 0.005782
0.093 0.094 0.001569
0.094 0.095 0.000000
0.095 0.096 0.000000
0.096 0.097 0.000000
0.097 0.098 0.000000
0.098 0.099 0.000000
0.099 0.100 0.000000
0.100 0.101 0.000000
0.101 0.102 0.000000
0.102 0.103 0.000000
0.103 0.104 0.000000
0.104 0.105 0.000000
0.105 0.106 0.000000
0.106 0.107 0.000000
0.107 0.108 0.000000
0.108 0.109 0.000000
0.109 0.110 0.000000
0.110 0.111 0.000000
0.111 0.112 0.000000
0.112 0.113 0.000000
0.113 0.114 0.000000
0.114 0.115 0.000000
0.115 0.116 0.000000
0.116 0.117 0.000000
0.117 0.118 0.000000
0.118 0.119 0.000000
0.119 0.120 0.000000
0.120 0.121 0.000000
0.121 0.122 0.000000
0.122 0.123 0.000000
0.123 0.124 0.000000
0.124 0.125 0.000000
0.125 0.126 0.000000
0.126 0.127 0.000000
0.127 0.128 0.000000
0.128 0.129 0.000000
0.129 0.130 0.000000
0.130 0.131 0.000000
0.131 0.132 0.000000
0.132 0.133 0.000000
0.133 0.134 0.000000
0.134 0.135 0.000000
0.135 0.136 0.000000
0.136 0.137 0.000000
0.137 0.138 0.000000
0.138 0.139 0.000000
0.139 0.140 0.000000
0.140 0.141 0.000000
0.141 0.142 0.000000
0.142 0.143 0.000000
0.143 0.144 0.000000
0.144 0.145 0.000000
0.145 0.146 0.000000
0.146 0.147 0.000000
0.147 0.148 0.000000
0.148 0.149 0.000000
0.149 0.150 0.000000
