1
0.000 0.001 0.000000
0.001 0.002 0.000000
0.002 0.003 0.000000
0.003 0.004 0.000000
0.004 0.005 0.000000
0.005 0.006 0.000000
0.006 0.007 0.000000
0.007 0.008 0.000000
0.008 0.009 0.000000
0.009 0.010 0.000000
0.010 0.011 0.000000
0.011 0.012 0.000000
0.012 0.013 0.000000
0.013 0.014 0.000000
0.014 0.015 0.000000
0.015 0.016 0.000001
0.016 0.017 0.000013
0.017 0.018 0.000077
0.018 0.019 0.000326
0.019 0.020 0.001067
0.020 0.021 0.002853
0.021 0.022 0.006489
0.022 0.023 0.012921
0.023 0.024 0.023094
0.024 0.025 0.037843
0.025 0.026 0.057461
0.026 0.027 0.082066
0.027 0.028 0.111674
0.028 0.029 0.145578
0.029 0.030 0.182770
0.030 0.031 0.222171
0.031 0.032 0.262684
0.032 0.033 0.303823
0.033 0.034 0.344284
0.034 0.035 0.383736
0.035 0.036 0.421633
0.036 0.037 0.457199
0.037 0.038 0.488372
0.038 0.039 0.515565
0.039 0.040 0.541669
0.040 0.041 0.564171
0.041 0.042 0.582889
0.042 0.043 0.599687
0.043 0.044 0.611939
0.044 0.045 0.622739
0.045 0.046 0.630115
0.046 0.047 0.632726
0.047 0.048 0.635647
0.048 0.049 0.636976
0.049 0.050 0.632808
0.050 0.051 0.627655
0.051 0.052 0.623682
0.052 0.053 0.618481
0.053 0.054 0.610168
0.054 0.055 0.598941
0.055 0.056 0.588477
0.056 0.057 0.578476
0.057 0.058 0.721493
0.058 0.059 1.000000
0.059 0.060 0.830697
0.060 0.061 0.533635
0.061 0.062 0.519533
0.062 0.063 0.490829
0.063 0.064 0.472926
0.064 0.065 0.454955
0.065 0.066 0.442180
0.066 0.067 0.543791
0.067 0.068 0.531016
0.068 0.069 0.423063
0.069 0.070 0.380448
0.070 0.071 0.319618
0.071 0.072 0.306743
0.072 0.073 0.291211
0.073 0.074 0.281634
0.074 0.075 0.273384
0.075 0.076 0.261602
0.076 0.077 0.248147
0.077 0.078 0.236581
0.078 0.079 0.228908
0.079 0.080 0.220088
0.080 0.081 0.208590
0.081 0.082 0.194791
0.082 0.083 0.184515
0.083 0.084 0.174062
0.084 0.085 0.164861
0.085 0.086 0.156772
0.086 0.087 0.147018
0.087 0.088 0.138933
0.088 0.089 0.130045
0.089 0.090 0.121506
0.090 0.091 0.111820
0.091 0.092 0.102089
0.092 0.093 0.094736
0.093 0.094 0.088895
0.094 0.095 0.080351
0.095 0.096 0.074538
0.096 0.097 0.067338
0.097 0.098 0.059325
0.098 0.099 0.050451
0.099 0.100 0.044288
0.100 0.101 0.040384
0.101 0.102 0.036162
0.102 0.103 0.030308
0.103 0.104 0.025457
0.104 0.105 0.021759
0.105 0.106 0.016619
0.106 0.107 0.013337
0.107 0.108 0.009666
0.108 0.109 0.005589
0.109 0.110 0.003522
0.110 0.111 0.000919
0.111 0.112 0.000000
0.112 0.113 0.000000
0.113 0.114 0.000000
0.114 0.115 0.000000
0.115 0.116 0.000000
0.116 0.117 0.000000
0.117 0.118 0.000000
0.118 0.119 0.000000
0.119 0.120 0.000000
0.120 0.121 0.000000
0.121 0.122 0.000000
0.122 0.123 0.000000
0.123 0.124 0.000000
0.124 0.125 0.000000
0.125 0.126 0.000000
0.126 0.127 0.000000
0.127 0.128 0.000000
0.128 0.129 0.000000
0.129 0.130 0.000000
0.130 0.131 0.000000
0.131 0.132 0.000000
0.132 0.133 0.000000
0.133 0.134 0.000000
0.134 0.135 0.000000
0.135 0.136 0.000000
0.136 0.137 0.000000
0.137 0.138 0.000000
0.138 0.139 0.000000
0.139 0.140 0.000000
0.140 0.141 0.000000
0.141 0.142 0.000000
0.142 0.143 0.000000
0.143 0.144 0.000000
0.144 0.145 0.000000
0.145 0.146 0.000000
0.146 0.147 0.000000
0.147 0.148 0.000000
0.148 0.149 0.000000
0.149 0.150 0.000000
