1
0.000 0.001 0.000000
0.001 0.002 0.000000
0.002 0.003 0.000000
0.003 0.004 0.000000
0.004 0.005 0.000000
0.005 0.006 0.000000
0.006 0.007 0.000000
0.007 0.008 0.000016
0.008 0.009 0.000000
0.009 0.010 0.000000
0.010 0.011 0.000000
0.011 0.012 0.000000
0.012 0.013 0.000000
0.013 0.014 0.000002
0.014 0.015 0.000019
0.015 0.016 0.000134
0.016 0.017 0.000638
0.017 0.018 0.002243
0.018 0.019 0.006222
0.019 0.020 0.014386
0.020 0.021 0.028838
0.021 0.022 0.051267
0.022 0.023 0.083735
0.023 0.024 0.126341
0.024 0.025 0.178622
0.025 0.026 0.239239
0.026 0.027 0.306024
0.027 0.028 0.378067
0.028 0.029 0.452330
0.029 0.030 0.524974
0.030 0.031 0.596135
0.031 0.032 0.661714
0.032 0.033 0.723487
0.033 0.034 0.777201
0.034 0.035 0.822062
0.035 0.036 0.867445
0.036 0.037 0.903090
0.037 0.038 0.933942
0.038 0.039 0.959762
0.039 0.040 0.979637
0.040 0.041 0.991082
0.041 0.042 0.998173
0.042 0.043 1.000000
0.043 0.044 0.998368
0.044 0.045 0.991718
0.045 0.046 0.975253
0.046 0.047 0.960702
0.047 0.048 0.939038
0.048 0.049 0.920624
0.049 0.050 0.900347
0.050 0.051 0.880912
0.051 0.052 0.862108
0.052 0.053 0.836344
0.053 0.054 0.809524
0.054 0.055 0.783125
0.055 0.056 0.753188
0.056 0.057 0.722018
0.057 0.058 0.800685
0.058 0.059 0.971147
0.059 0.060 0.841617
0.060 0.061 0.623275
0.061 0.062 0.596078
0.062 0.063 0.556930
0.063 0.064 0.528841
0.064 0.065 0.501914
0.065 0.066 0.474338
0.066 0.067 0.527227
0.067 0.068 0.504197
0.068 0.069 0.409054
0.069 0.070 0.365442
0.070 0.071 0.316112
0.071 0.072 0.299814
0.072 0.073 0.278669
0.073 0.074 0.259771
0.074 0.075 0.240594
0.075 0.076 0.220826
0.076 0.077 0.201901
0.077 0.078 0.180026
0.078 0.079 0.166836
0.079 0.080 0.154062
0.080 0.081 0.139213
0.081 0.082 0.122070
0.082 0.083 0.107334
0.083 0.084 0.094267
0.084 0.085 0.077800
0.085 0.086 0.068164
0.086 0.087 0.057143
0.087 0.088 0.046455
0.088 0.089 0.034675
0.089 0.090 0.022985
0.090 0.091 0.018401
0.091 0.092 0.012630
0.092 0.093 0.004856
0.093 0.094 0.002920
0.094 0.095 0.000000
0.095 0.096 0.000000
0.096 0.097 0.000000
0.097 0.098 0.000000
0.098 0.099 0.000000
0.099 0.100 0.000000
0.100 0.101 0.000000
0.101 0.102 0.000000
0.102 0.103 0.000000
0.103 0.104 0.000000
0.104 0.105 0.000000
0.105 0.106 0.000000
0.106 0.107 0.000000
0.107 0.108 0.000000
0.108 0.109 0.000000
0.109 0.110 0.000000
0.110 0.111 0.000000
0.111 0.112 0.000000
0.112 0.113 0.000000
0.113 0.114 0.000000
0.114 0.115 0.000000
0.115 0.116 0.000000
0.116 0.117 0.000000
0.117 0.118 0.000000
0.118 0.119 0.000000
0.119 0.120 0.000000
0.120 0.121 0.000000
0.121 0.122 0.000000
0.122 0.123 0.000000
0.123 0.124 0.000000
0.124 0.125 0.000000
0.125 0.126 0.000000
0.126 0.127 0.000000
0.127 0.128 0.000000
0.128 0.129 0.000000
0.129 0.130 0.000000
0.130 0.131 0.000000
0.131 0.132 0.000000
0.132 0.133 0.000000
0.133 0.134 0.000000
0.134 0.135 0.000000
0.135 0.136 0.000000
0.136 0.137 0.000000
0.137 0.138 0.000000
0.138 0.139 0.000000
0.139 0.140 0.000000
0.140 0.141 0.000000
0.141 0.142 0.000000
0.142 0.143 0.000000
0.143 0.144 0.000000
0.144 0.145 0.000000
0.145 0.146 0.000000
0.146 0.147 0.000000
0.147 0.148 0.000000
0.148 0.149 0.000000
0.149 0.150 0.000000
