1
0.000 0.001 0.000000
0.001 0.002 0.000000
0.002 0.003 0.000000
0.003 0.004 0.000000
0.004 0.005 0.000000
0.005 0.006 0.000000
0.006 0.007 0.000000
0.007 0.008 0.000000
0.008 0.009 0.000000
0.009 0.010 0.000000
0.010 0.011 0.000000
0.011 0.012 0.000000
0.012 0.013 0.000000
0.013 0.014 0.000000
0.014 0.015 0.000000
0.015 0.016 0.000000
0.016 0.017 0.000000
0.017 0.018 0.000000
0.018 0.019 0.000000
0.019 0.020 0.000001
0.020 0.021 0.000005
0.021 0.022 0.000027
0.022 0.023 0.000105
0.023 0.024 0.000332
0.024 0.025 0.000891
0.025 0.026 0.002063
0.026 0.027 0.004235
0.027 0.028 0.007916
0.028 0.029 0.013641
0.029 0.030 0.021807
0.030 0.031 0.032810
0.031 0.032 0.046860
0.032 0.033 0.064065
0.033 0.034 0.084297
0.034 0.035 0.107396
0.035 0.036 0.133043
0.036 0.037 0.160570
0.037 0.038 0.189108
0.038 0.039 0.218093
0.039 0.040 0.248035
0.040 0.041 0.277840
0.041 0.042 0.306753
0.042 0.043 0.335542
0.043 0.044 0.362153
0.044 0.045 0.388046
0.045 0.046 0.411628
0.046 0.047 0.431615
0.047 0.048 0.451818
0.048 0.049 0.470626
0.049 0.050 0.484323
0.050 0.051 0.496164
0.051 0.052 0.508714
0.052 0.053 0.519690
0.053 0.054 0.526853
0.054 0.055 0.530986
0.055 0.056 0.535081
0.056 0.057 0.538840
0.057 0.058 0.696994
0.058 0.059 1.000000
0.059 0.060 0.839862
0.060 0.061 0.537539
0.061 0.062 0.532299
0.062 0.063 0.510553
0.063 0.064 0.500029
0.064 0.065 0.488743
0.065 0.066 0.480742
0.066 0.067 0.604206
0.067 0.068 0.596481
0.068 0.069 0.477066
0.069 0.070 0.432525
0.070 0.071 0.364204
0.071 0.072 0.352747
0.072 0.073 0.337329
0.073 0.074 0.331902
0.074 0.075 0.324643
0.075 0.076 0.313442
0.076 0.077 0.299710
0.077 0.078 0.287862
0.078 0.079 0.280611
0.079 0.080 0.270801
0.080 0.081 0.259965
0.081 0.082 0.247578
0.082 0.083 0.236306
0.083 0.084 0.224845
0.084 0.085 0.214561
0.085 0.086 0.205455
0.086 0.087 0.193033
0.087 0.088 0.185840
0.088 0.089 0.178224
0.089 0.090 0.167714
0.090 0.091 0.156134
0.091 0.092 0.143579
0.092 0.093 0.134406
0.093 0.094 0.126780
0.094 0.095 0.118744
0.095 0.096 0.111083
0.096 0.097 0.101739
0.097 0.098 0.091065
0.098 0.099 0.079626
0.099 0.100 0.070754
0.100 0.101 0.067444
0.101 0.102 0.061508
0.102 0.103 0.053070
0.103 0.104 0.046198
0.104 0.105 0.040187
0.105 0.106 0.035428
0.106 0.107 0.030327
0.107 0.108 0.024398
0.108 0.109 0.018222
0.109 0.110 0.014120
0.110 0.111 0.010267
0.111 0.112 0.006208
0.112 0.113 0.003970
0.113 0.114 0.001103
0.114 0.115 0.000000
0.115 0.116 0.000000
0.116 0.117 0.000000
0.117 0.118 0.000000
0.118 0.119 0.000000
0.119 0.120 0.000000
0.120 0.121 0.000000
0.121 0.122 0.000000
0.122 0.123 0.000000
0.123 0.124 0.000000
0.124 0.125 0.000000
0.125 0.126 0.000000
0.126 0.127 0.000000
0.127 0.128 0.000000
0.128 0.129 0.000000
0.129 0.130 0.000000
0.130 0.131 0.000000
0.131 0.132 0.000000
0.132 0.133 0.000000
0.133 0.134 0.000000
0.134 0.135 0.000000
0.135 0.136 0.000000
0.136 0.137 0.000000
0.137 0.138 0.000000
0.138 0.139 0.000000
0.139 0.140 0.000000
0.140 0.141 0.000000
0.141 0.142 0.000000
0.142 0.143 0.000000
0.143 0.144 0.000000
0.144 0.145 0.000000
0.145 0.146 0.000000
0.146 0.147 0.000000
0.147 0.148 0.000000
0.148 0.149 0.000000
0.149 0.150 0.000000
