1
0.000 0.001 0.000000
0.001 0.002 0.000000
0.002 0.003 0.000000
0.003 0.004 0.000000
0.004 0.005 0.000000
0.005 0.006 0.000000
0.006 0.007 0.000000
0.007 0.008 0.000000
0.008 0.009 0.000000
0.009 0.010 0.000000
0.010 0.011 0.000000
0.011 0.012 0.000000
0.012 0.013 0.000000
0.013 0.014 0.000000
0.014 0.015 0.000000
0.015 0.016 0.000000
0.016 0.017 0.000000
0.017 0.018 0.000000
0.018 0.019 0.000000
0.019 0.020 0.000000
0.020 0.021 0.000000
0.021 0.022 0.000003
0.022 0.023 0.000014
0.023 0.024 0.000056
0.024 0.025 0.000186
0.025 0.026 0.000517
0.026 0.027 0.001238
0.027 0.028 0.002640
0.028 0.029 0.005111
0.029 0.030 0.009010
0.030 0.031 0.014855
0.031 0.032 0.023034
0.032 0.033 0.033839
0.033 0.034 0.047411
0.034 0.035 0.063876
0.035 0.036 0.083101
0.036 0.037 0.104905
0.037 0.038 0.128714
0.038 0.039 0.153839
0.039 0.040 0.180502
0.040 0.041 0.207765
0.041 0.042 0.234892
0.042 0.043 0.262856
0.043 0.044 0.289836
0.044 0.045 0.316224
0.045 0.046 0.340034
0.046 0.047 0.362833
0.047 0.048 0.386217
0.048 0.049 0.408841
0.049 0.050 0.426894
0.050 0.051 0.442510
0.051 0.052 0.458874
0.052 0.053 0.473911
0.053 0.054 0.484992
0.054 0.055 0.493453
0.055 0.056 0.501654
0.056 0.057 0.508604
0.057 0.058 0.676282
0.058 0.059 1.000000
0.059 0.060 0.838430
0.060 0.061 0.520602
0.061 0.062 0.520669
0.062 0.063 0.502649
0.063 0.064 0.497516
0.064 0.065 0.491219
0.065 0.066 0.486781
0.066 0.067 0.627354
0.067 0.068 0.623718
0.068 0.069 0.496722
0.069 0.070 0.452092
0.070 0.071 0.379154
0.071 0.072 0.370130
0.072 0.073 0.358241
0.073 0.074 0.352765
0.074 0.075 0.343832
0.075 0.076 0.335727
0.076 0.077 0.324686
0.077 0.078 0.315551
0.078 0.079 0.311105
0.079 0.080 0.304450
0.080 0.081 0.293774
0.081 0.082 0.281404
0.082 0.083 0.270468
0.083 0.084 0.259618
0.084 0.085 0.249641
0.085 0.086 0.240741
0.086 0.087 0.228914
0.087 0.088 0.218895
0.088 0.089 0.212311
0.089 0.090 0.202074
0.090 0.091 0.191056
0.091 0.092 0.178031
0.092 0.093 0.169258
0.093 0.094 0.163941
0.094 0.095 0.154524
0.095 0.096 0.145394
0.096 0.097 0.134712
0.097 0.098 0.122213
0.098 0.099 0.108571
0.099 0.100 0.101189
0.100 0.101 0.096843
0.101 0.102 0.090294
0.102 0.103 0.080672
0.103 0.104 0.073121
0.104 0.105 0.067453
0.105 0.106 0.060271
0.106 0.107 0.051535
0.107 0.108 0.045190
0.108 0.109 0.039627
0.109 0.110 0.033484
0.110 0.111 0.027808
0.111 0.112 0.023132
0.112 0.113 0.016397
0.113 0.114 0.013483
0.114 0.115 0.010389
0.115 0.116 0.006882
0.116 0.117 0.002620
0.117 0.118 0.001543
0.118 0.119 0.000000
0.119 0.120 0.000000
0.120 0.121 0.000000
0.121 0.122 0.000000
0.122 0.123 0.000000
0.123 0.124 0.000000
0.124 0.125 0.000000
0.125 0.126 0.000000
0.126 0.127 0.000000
0.127 0.128 0.000000
0.128 0.129 0.000000
0.129 0.130 0.000000
0.130 0.131 0.000000
0.131 0.132 0.000000
0.132 0.133 0.000000
0.133 0.134 0.000000
0.134 0.135 0.000000
0.135 0.136 0.000000
0.136 0.137 0.000000
0.137 0.138 0.000000
0.138 0.139 0.000000
0.139 0.140 0.000000
0.140 0.141 0.000000
0.141 0.142 0.000000
0.142 0.143 0.000000
0.143 0.144 0.000000
0.144 0.145 0.000000
0.145 0.146 0.000000
0.146 0.147 0.000000
0.147 0.148 0.000000
0.148 0.149 0.000000
0.149 0.150 0.000000
