1
0.000 0.001 0.000000
0.001 0.002 0.000000
0.002 0.003 0.000000
0.003 0.004 0.000000
0.004 0.005 0.000000
0.005 0.006 0.000000
0.006 0.007 0.000000
0.007 0.008 0.000000
0.008 0.009 0.000000
0.009 0.010 0.000000
0.010 0.011 0.000000
0.011 0.012 0.000000
0.012 0.013 0.000000
0.013 0.014 0.000000
0.014 0.015 0.000000
0.015 0.016 0.000000
0.016 0.017 0.000000
0.017 0.018 0.000000
0.018 0.019 0.000001
0.019 0.020 0.000006
0.020 0.021 0.000034
0.021 0.022 0.000139
0.022 0.023 0.000450
0.023 0.024 0.001208
0.024 0.025 0.002797
0.025 0.026 0.005706
0.026 0.027 0.010515
0.027 0.028 0.017825
0.028 0.029 0.028171
0.029 0.030 0.041687
0.030 0.031 0.058561
0.031 0.032 0.078669
0.032 0.033 0.101786
0.033 0.034 0.127671
0.034 0.035 0.155655
0.035 0.036 0.184570
0.036 0.037 0.214278
0.037 0.038 0.244312
0.038 0.039 0.272901
0.039 0.040 0.301172
0.040 0.041 0.327669
0.041 0.042 0.353861
0.042 0.043 0.379049
0.043 0.044 0.401863
0.044 0.045 0.423226
0.045 0.046 0.441313
0.046 0.047 0.455973
0.047 0.048 0.471305
0.048 0.049 0.484419
0.049 0.050 0.491921
0.050 0.051 0.497862
0.051 0.052 0.504620
0.052 0.053 0.509792
0.053 0.054 0.511025
0.054 0.055 0.509114
0.055 0.056 0.511205
0.056 0.057 0.512529
0.057 0.058 0.679077
0.058 0.059 1.000000
0.059 0.060 0.827419
0.060 0.061 0.506627
0.061 0.062 0.500688
0.062 0.063 0.476980
0.063 0.064 0.466743
0.064 0.065 0.455902
0.065 0.066 0.447417
0.066 0.067 0.574908
0.067 0.068 0.566770
0.068 0.069 0.444683
0.069 0.070 0.402408
0.070 0.071 0.334207
0.071 0.072 0.326100
0.072 0.073 0.315790
0.073 0.074 0.310397
0.074 0.075 0.303631
0.075 0.076 0.294668
0.076 0.077 0.283255
0.077 0.078 0.273302
0.078 0.079 0.267204
0.079 0.080 0.259580
0.080 0.081 0.248927
0.081 0.082 0.235891
0.082 0.083 0.227153
0.083 0.084 0.218629
0.084 0.085 0.210945
0.085 0.086 0.204224
0.086 0.087 0.195035
0.087 0.088 0.188596
0.088 0.089 0.181276
0.089 0.090 0.171420
0.090 0.091 0.161832
0.091 0.092 0.149798
0.092 0.093 0.140351
0.093 0.094 0.136851
0.094 0.095 0.129891
0.095 0.096 0.123133
0.096 0.097 0.115431
0.097 0.098 0.106183
0.098 0.099 0.097085
0.099 0.100 0.090051
0.100 0.101 0.085248
0.101 0.102 0.077963
0.102 0.103 0.070994
0.103 0.104 0.065707
0.104 0.105 0.061740
0.105 0.106 0.056622
0.106 0.107 0.051375
0.107 0.108 0.045011
0.108 0.109 0.039411
0.109 0.110 0.032562
0.110 0.111 0.028555
0.111 0.112 0.025367
0.112 0.113 0.021280
0.113 0.114 0.017800
0.114 0.115 0.014148
0.115 0.116 0.009230
0.116 0.117 0.007000
0.117 0.118 0.004670
0.118 0.119 0.001522
0.119 0.120 0.000895
0.120 0.121 0.000000
0.121 0.122 0.000000
0.122 0.123 0.000000
0.123 0.124 0.000000
0.124 0.125 0.000000
0.125 0.126 0.000000
0.126 0.127 0.000000
0.127 0.128 0.000000
0.128 0.129 0.000000
0.129 0.130 0.000000
0.130 0.131 0.000000
0.131 0.132 0.000000
0.132 0.133 0.000000
0.133 0.134 0.000000
0.134 0.135 0.000000
0.135 0.136 0.000000
0.136 0.137 0.000000
0.137 0.138 0.000000
0.138 0.139 0.000000
0.139 0.140 0.000000
0.140 0.141 0.000000
0.141 0.142 0.000000
0.142 0.143 0.000000
0.143 0.144 0.000000
0.144 0.145 0.000000
0.145 0.146 0.000000
0.146 0.147 0.000000
0.147 0.148 0.000000
0.148 0.149 0.000000
0.149 0.150 0.000000
