1
0.000 0.001 0.000000
0.001 0.002 0.000000
0.002 0.003 0.000000
0.003 0.004 0.000000
0.004 0.005 0.000000
0.005 0.006 0.000000
0.006 0.007 0.000000
0.007 0.008 0.000000
0.008 0.009 0.000000
0.009 0.010 0.000000
0.010 0.011 0.000000
0.011 0.012 0.000000
0.012 0.013 0.000000
0.013 0.014 0.000000
0.014 0.015 0.000000
0.015 0.016 0.000000
0.016 0.017 0.000000
0.017 0.018 0.000000
0.018 0.019 0.000001
0.019 0.020 0.000007
0.020 0.021 0.000034
0.021 0.022 0.000130
0.022 0.023 0.000401
0.023 0.024 0.001042
0.024 0.025 0.002353
0.025 0.026 0.004719
0.026 0.027 0.008567
0.027 0.028 0.014379
0.028 0.029 0.022556
0.029 0.030 0.033221
0.030 0.031 0.046606
0.031 0.032 0.062611
0.032 0.033 0.081082
0.033 0.034 0.101847
0.034 0.035 0.124417
0.035 0.036 0.148018
0.036 0.037 0.172790
0.037 0.038 0.198139
0.038 0.039 0.222652
0.039 0.040 0.247355
0.040 0.041 0.271363
0.041 0.042 0.293643
0.042 0.043 0.315796
0.043 0.044 0.336291
0.044 0.045 0.355664
0.045 0.046 0.372848
0.046 0.047 0.387194
0.047 0.048 0.402389
0.048 0.049 0.416129
0.049 0.050 0.425395
0.050 0.051 0.433367
0.051 0.052 0.442479
0.052 0.053 0.449818
0.053 0.054 0.453801
0.054 0.055 0.456785
0.055 0.056 0.461248
0.056 0.057 0.464602
0.057 0.058 0.647788
0.058 0.059 1.000000
0.059 0.060 0.816112
0.060 0.061 0.471097
0.061 0.062 0.468080
0.062 0.063 0.445877
0.063 0.064 0.439888
0.064 0.065 0.432758
0.065 0.066 0.427654
0.066 0.067 0.570130
0.067 0.068 0.565609
0.068 0.069 0.440208
0.069 0.070 0.398012
0.070 0.071 0.326484
0.071 0.072 0.320437
0.072 0.073 0.312579
0.073 0.074 0.308328
0.074 0.075 0.303120
0.075 0.076 0.296301
0.076 0.077 0.287040
0.077 0.078 0.279499
0.078 0.079 0.275480
0.079 0.080 0.269693
0.080 0.081 0.261006
0.081 0.082 0.251212
0.082 0.083 0.242476
0.083 0.084 0.234150
0.084 0.085 0.226620
0.085 0.086 0.219852
0.086 0.087 0.210876
0.087 0.088 0.204451
0.088 0.089 0.197502
0.089 0.090 0.188106
0.090 0.091 0.179400
0.091 0.092 0.167859
0.092 0.093 0.159870
0.093 0.094 0.154759
0.094 0.095 0.147576
0.095 0.096 0.140583
0.096 0.097 0.132974
0.097 0.098 0.123615
0.098 0.099 0.114532
0.099 0.100 0.108419
0.100 0.101 0.103695
0.101 0.102 0.098048
0.102 0.103 0.090308
0.103 0.104 0.084318
0.104 0.105 0.078811
0.105 0.106 0.073427
0.106 0.107 0.068227
0.107 0.108 0.061832
0.108 0.109 0.056345
0.109 0.110 0.050046
0.110 0.111 0.045388
0.111 0.112 0.041599
0.112 0.113 0.036554
0.113 0.114 0.031810
0.114 0.115 0.028413
0.115 0.116 0.024406
0.116 0.117 0.020782
0.117 0.118 0.016467
0.118 0.119 0.012345
0.119 0.120 0.010129
0.120 0.121 0.008404
0.121 0.122 0.006559
0.122 0.123 0.004644
0.123 0.124 0.002235
0.124 0.125 0.000592
0.125 0.126 0.000000
0.126 0.127 0.000000
0.127 0.128 0.000000
0.128 0.129 0.000000
0.129 0.130 0.000000
0.130 0.131 0.000000
0.131 0.132 0.000000
0.132 0.133 0.000000
0.133 0.134 0.000000
0.134 0.135 0.000000
0.135 0.136 0.000000
0.136 0.137 0.000000
0.137 0.138 0.000000
0.138 0.139 0.000000
0.139 0.140 0.000000
0.140 0.141 0.000000
0.141 0.142 0.000000
0.142 0.143 0.000000
0.143 0.144 0.000000
0.144 0.145 0.000000
0.145 0.146 0.000000
0.146 0.147 0.000000
0.147 0.148 0.000000
0.148 0.149 0.000000
0.149 0.150 0.000000
