1
0.000 0.001 0.000000
0.001 0.002 0.000000
0.002 0.003 0.000000
0.003 0.004 0.000000
0.004 0.005 0.000000
0.005 0.006 0.000000
0.006 0.007 0.000000
0.007 0.008 0.000000
0.008 0.009 0.000000
0.009 0.010 0.000000
0.010 0.011 0.000000
0.011 0.012 0.000002
0.012 0.013 0.000023
0.013 0.014 0.000155
0.014 0.015 0.000698
0.015 0.016 0.002273
0.016 0.017 0.005835
0.017 0.018 0.012544
0.018 0.019 0.023306
0.019 0.020 0.038994
0.020 0.021 0.059958
0.021 0.022 0.085556
0.022 0.023 0.115349
0.023 0.024 0.148592
0.024 0.025 0.183866
0.025 0.026 0.219856
0.026 0.027 0.256037
0.027 0.028 0.292233
0.028 0.029 0.326573
0.029 0.030 0.357655
0.030 0.031 0.387369
0.031 0.032 0.413990
0.032 0.033 0.437150
0.033 0.034 0.458294
0.034 0.035 0.476586
0.035 0.036 0.490245
0.036 0.037 0.503106
0.037 0.038 0.515336
0.038 0.039 0.521293
0.039 0.040 0.525236
0.040 0.041 0.528955
0.041 0.042 0.529416
0.042 0.043 0.529333
0.043 0.044 0.528361
0.044 0.045 0.527102
0.045 0.046 0.522712
0.046 0.047 0.516345
0.047 0.048 0.513435
0.048 0.049 0.508969
0.049 0.050 0.500716
0.050 0.051 0.492228
0.051 0.052 0.485955
0.052 0.053 0.479012
0.053 0.054 0.469831
0.054 0.055 0.460915
0.055 0.056 0.454776
0.056 0.057 0.448007
0.057 0.058 0.637864
0.058 0.059 1.000000
0.059 0.060 0.789878
0.060 0.061 0.424200
0.061 0.062 0.415440
0.062 0.063 0.388396
0.063 0.064 0.378954
0.064 0.065 0.368235
0.065 0.066 0.359493
0.066 0.067 0.488896
0.067 0.068 0.480215
0.068 0.069 0.363323
0.069 0.070 0.324169
0.070 0.071 0.258447
0.071 0.072 0.252312
0.072 0.073 0.245272
0.073 0.074 0.240343
0.074 0.075 0.235183
0.075 0.076 0.229855
0.076 0.077 0.222572
0.077 0.078 0.216547
0.078 0.079 0.212860
0.079 0.080 0.208104
0.080 0.081 0.201701
0.081 0.082 0.194730
0.082 0.083 0.188554
0.083 0.084 0.182954
0.084 0.085 0.177938
0.085 0.086 0.173382
0.086 0.087 0.167411
0.087 0.088 0.163853
0.088 0.089 0.159134
0.089 0.090 0.152506
0.090 0.091 0.146843
0.091 0.092 0.138581
0.092 0.093 0.133203
0.093 0.094 0.130902
0.094 0.095 0.125620
0.095 0.096 0.120482
0.096 0.097 0.115267
0.097 0.098 0.108566
0.098 0.099 0.102761
0.099 0.100 0.097898
0.100 0.101 0.093652
0.101 0.102 0.089120
0.102 0.103 0.083093
0.103 0.104 0.078532
0.104 0.105 0.074536
0.105 0.106 0.069531
0.106 0.107 0.064835
0.107 0.108 0.059001
0.108 0.109 0.054412
0.109 0.110 0.049586
0.110 0.111 0.044752
0.111 0.112 0.041378
0.112 0.113 0.036851
0.113 0.114 0.032735
0.114 0.115 0.029534
0.115 0.116 0.025826
0.116 0.117 0.022173
0.117 0.118 0.018969
0.118 0.119 0.014711
0.119 0.120 0.012235
0.120 0.121 0.011265
0.121 0.122 0.008792
0.122 0.123 0.006928
0.123 0.124 0.004750
0.124 0.125 0.002890
0.125 0.126 0.001740
0.126 0.127 0.000309
0.127 0.128 0.000000
0.128 0.129 0.000000
0.129 0.130 0.000000
0.130 0.131 0.000000
0.131 0.132 0.000000
0.132 0.133 0.000000
0.133 0.134 0.000000
0.134 0.135 0.000000
0.135 0.136 0.000000
0.136 0.137 0.000000
0.137 0.138 0.000000
0.138 0.139 0.000000
0.139 0.140 0.000000
0.140 0.141 0.000000
0.141 0.142 0.000000
0.142 0.143 0.000000
0.143 0.144 0.000000
0.144 0.145 0.000000
0.145 0.146 0.000000
0.146 0.147 0.000000
0.147 0.148 0.000000
0.148 0.149 0.000000
0.149 0.150 0.000000
