1
0.000 0.001 0.000000
0.001 0.002 0.000000
0.002 0.003 0.000000
0.003 0.004 0.000000
0.004 0.005 0.000000
0.005 0.006 0.000000
0.006 0.007 0.000000
0.007 0.008 0.000000
0.008 0.009 0.000000
0.009 0.010 0.000000
0.010 0.011 0.000000
0.011 0.012 0.000000
0.012 0.013 0.000000
0.013 0.014 0.000000
0.014 0.015 0.000000
0.015 0.016 0.000000
0.016 0.017 0.000000
0.017 0.018 0.000001
0.018 0.019 0.000004
0.019 0.020 0.000022
0.020 0.021 0.000087
0.021 0.022 0.000277
0.022 0.023 0.000740
0.023 0.024 0.001711
0.024 0.025 0.003503
0.025 0.026 0.006486
0.026 0.027 0.011013
0.027 0.028 0.017445
0.028 0.029 0.026058
0.029 0.030 0.036696
0.030 0.031 0.049859
0.031 0.032 0.065108
0.032 0.033 0.082149
0.033 0.034 0.100933
0.034 0.035 0.120754
0.035 0.036 0.141033
0.036 0.037 0.162394
0.037 0.038 0.184889
0.038 0.039 0.205985
0.039 0.040 0.225699
0.040 0.041 0.245596
0.041 0.042 0.264583
0.042 0.043 0.281293
0.043 0.044 0.297977
0.044 0.045 0.314921
0.045 0.046 0.327400
0.046 0.047 0.339371
0.047 0.048 0.353106
0.048 0.049 0.363268
0.049 0.050 0.370575
0.050 0.051 0.378229
0.051 0.052 0.386005
0.052 0.053 0.390225
0.053 0.054 0.393033
0.054 0.055 0.396403
0.055 0.056 0.400341
0.056 0.057 0.403050
0.057 0.058 0.608446
0.058 0.059 1.000000
0.059 0.060 0.795825
0.060 0.061 0.416422
0.061 0.062 0.414734
0.062 0.063 0.391360
0.063 0.064 0.388747
0.064 0.065 0.384000
0.065 0.066 0.378890
0.066 0.067 0.535981
0.067 0.068 0.532867
0.068 0.069 0.400448
0.069 0.070 0.359833
0.070 0.071 0.284758
0.071 0.072 0.282013
0.072 0.073 0.277517
0.073 0.074 0.273158
0.074 0.075 0.269602
0.075 0.076 0.266469
0.076 0.077 0.261211
0.077 0.078 0.257254
0.078 0.079 0.254069
0.079 0.080 0.250302
0.080 0.081 0.245864
0.081 0.082 0.240128
0.082 0.083 0.234398
0.083 0.084 0.229397
0.084 0.085 0.225112
0.085 0.086 0.220855
0.086 0.087 0.215914
0.087 0.088 0.213043
0.088 0.089 0.207617
0.089 0.090 0.200836
0.090 0.091 0.196000
0.091 0.092 0.187752
0.092 0.093 0.182002
0.093 0.094 0.179721
0.094 0.095 0.174334
0.095 0.096 0.169120
0.096 0.097 0.164369
0.097 0.098 0.157564
0.098 0.099 0.152352
0.099 0.100 0.147661
0.100 0.101 0.142200
0.101 0.102 0.137128
0.102 0.103 0.131373
0.103 0.104 0.127034
0.104 0.105 0.122036
0.105 0.106 0.115855
0.106 0.107 0.110751
0.107 0.108 0.104447
0.108 0.109 0.099372
0.109 0.110 0.094402
0.110 0.111 0.089243
0.111 0.112 0.084715
0.112 0.113 0.078201
0.113 0.114 0.072481
0.114 0.115 0.067746
0.115 0.116 0.062410
0.116 0.117 0.057015
0.117 0.118 0.051389
0.118 0.119 0.043390
0.119 0.120 0.039285
0.120 0.121 0.037649
0.121 0.122 0.033084
0.122 0.123 0.028404
0.123 0.124 0.023440
0.124 0.125 0.017748
0.125 0.126 0.012172
0.126 0.127 0.007401
0.127 0.128 0.000000
0.128 0.129 0.000000
0.129 0.130 0.000000
0.130 0.131 0.000000
0.131 0.132 0.000000
0.132 0.133 0.000000
0.133 0.134 0.000000
0.134 0.135 0.000000
0.135 0.136 0.000000
0.136 0.137 0.000000
0.137 0.138 0.000000
0.138 0.139 0.000000
0.139 0.140 0.000000
0.140 0.141 0.000000
0.141 0.142 0.000000
0.142 0.143 0.000000
0.143 0.144 0.000000
0.144 0.145 0.000000
0.145 0.146 0.000000
0.146 0.147 0.000000
0.147 0.148 0.000000
0.148 0.149 0.000000
0.149 0.150 0.000000
