1
0.000 0.001 0.000000
0.001 0.002 0.000000
0.002 0.003 0.000000
0.003 0.004 0.000000
0.004 0.005 0.000000
0.005 0.006 0.000000
0.006 0.007 0.000000
0.007 0.008 0.000000
0.008 0.009 0.000000
0.009 0.010 0.000000
0.010 0.011 0.000000
0.011 0.012 0.000000
0.012 0.013 0.000000
0.013 0.014 0.000000
0.014 0.015 0.000000
0.015 0.016 0.000001
0.016 0.017 0.000008
0.017 0.018 0.000051
0.018 0.019 0.000224
0.019 0.020 0.000756
0.020 0.021 0.002081
0.021 0.022 0.004851
0.022 0.023 0.009847
0.023 0.024 0.017894
0.024 0.025 0.029812
0.025 0.026 0.045855
0.026 0.027 0.066324
0.027 0.028 0.091392
0.028 0.029 0.120518
0.029 0.030 0.152381
0.030 0.031 0.186796
0.031 0.032 0.222535
0.032 0.033 0.258819
0.033 0.034 0.295080
0.034 0.035 0.330615
0.035 0.036 0.363865
0.036 0.037 0.394951
0.037 0.038 0.423960
0.038 0.039 0.448512
0.039 0.040 0.471239
0.040 0.041 0.490387
0.041 0.042 0.508232
0.042 0.043 0.524646
0.043 0.044 0.538045
0.044 0.045 0.549492
0.045 0.046 0.556895
0.046 0.047 0.560628
0.047 0.048 0.565773
0.048 0.049 0.568685
0.049 0.050 0.565679
0.050 0.051 0.561683
0.051 0.052 0.559363
0.052 0.053 0.556059
0.053 0.054 0.548914
0.054 0.055 0.538786
0.055 0.056 0.533655
0.056 0.057 0.528594
0.057 0.058 0.689676
0.058 0.059 1.000000
0.059 0.060 0.819618
0.060 0.061 0.499554
0.061 0.062 0.489040
0.062 0.063 0.462027
0.063 0.064 0.448128
0.064 0.065 0.434104
0.065 0.066 0.422772
0.066 0.067 0.537873
0.067 0.068 0.525372
0.068 0.069 0.412921
0.069 0.070 0.371563
0.070 0.071 0.307458
0.071 0.072 0.298095
0.072 0.073 0.286812
0.073 0.074 0.280555
0.074 0.075 0.273073
0.075 0.076 0.263497
0.076 0.077 0.251881
0.077 0.078 0.241686
0.078 0.079 0.235229
0.079 0.080 0.227419
0.080 0.081 0.215972
0.081 0.082 0.206329
0.082 0.083 0.197798
0.083 0.084 0.189499
0.084 0.085 0.182033
0.085 0.086 0.175472
0.086 0.087 0.166840
0.087 0.088 0.160625
0.088 0.089 0.153828
0.089 0.090 0.144820
0.090 0.091 0.135872
0.091 0.092 0.124269
0.092 0.093 0.118218
0.093 0.094 0.114796
0.094 0.095 0.108495
0.095 0.096 0.102438
0.096 0.097 0.095488
0.097 0.098 0.087291
0.098 0.099 0.079105
0.099 0.100 0.072882
0.100 0.101 0.068797
0.101 0.102 0.062427
0.102 0.103 0.056336
0.103 0.104 0.051660
0.104 0.105 0.048172
0.105 0.106 0.043749
0.106 0.107 0.039185
0.107 0.108 0.033748
0.108 0.109 0.028229
0.109 0.110 0.024462
0.110 0.111 0.021024
0.111 0.112 0.018267
0.112 0.113 0.014833
0.113 0.114 0.011844
0.114 0.115 0.008036
0.115 0.116 0.005918
0.116 0.117 0.004027
0.117 0.118 0.001495
0.118 0.119 0.000765
0.119 0.120 0.000000
0.120 0.121 0.000000
0.121 0.122 0.000000
0.122 0.123 0.000000
0.123 0.124 0.000000
0.124 0.125 0.000000
0.125 0.126 0.000000
0.126 0.127 0.000000
0.127 0.128 0.000000
0.128 0.129 0.000000
0.129 0.130 0.000000
0.130 0.131 0.000000
0.131 0.132 0.000000
0.132 0.133 0.000000
0.133 0.134 0.000000
0.134 0.135 0.000000
0.135 0.136 0.000000
0.136 0.137 0.000000
0.137 0.138 0.000000
0.138 0.139 0.000000
0.139 0.140 0.000000
0.140 0.141 0.000000
0.141 0.142 0.000000
0.142 0.143 0.000000
0.143 0.144 0.000000
0.144 0.145 0.000000
0.145 0.146 0.000000
0.146 0.147 0.000000
0.147 0.148 0.000000
0.148 0.149 0.000000
0.149 0.150 0.000000
