1
0.000 0.001 0.000000
0.001 0.002 0.000000
0.002 0.003 0.000000
0.003 0.004 0.000000
0.004 0.005 0.000000
0.005 0.006 0.000000
0.006 0.007 0.000000
0.007 0.008 0.000000
0.008 0.009 0.000000
0.009 0.010 0.000000
0.010 0.011 0.000000
0.011 0.012 0.000000
0.012 0.013 0.000002
0.013 0.014 0.000018
0.014 0.015 0.000116
0.015 0.016 0.000493
0.016 0.017 0.001563
0.017 0.018 0.003990
0.018 0.019 0.008563
0.019 0.020 0.016124
0.020 0.021 0.027356
0.021 0.022 0.042453
0.022 0.023 0.061479
0.023 0.024 0.084282
0.024 0.025 0.110122
0.025 0.026 0.137960
0.026 0.027 0.167459
0.027 0.028 0.198069
0.028 0.029 0.228337
0.029 0.030 0.257298
0.030 0.031 0.285617
0.031 0.032 0.311912
0.032 0.033 0.336502
0.033 0.034 0.359363
0.034 0.035 0.379163
0.035 0.036 0.395868
0.036 0.037 0.411292
0.037 0.038 0.426886
0.038 0.039 0.437816
0.039 0.040 0.445498
0.040 0.041 0.452348
0.041 0.042 0.457577
0.042 0.043 0.461663
0.043 0.044 0.463930
0.044 0.045 0.465961
0.045 0.046 0.464432
0.046 0.047 0.462299
0.047 0.048 0.462731
0.048 0.049 0.460313
0.049 0.050 0.454786
0.050 0.051 0.450595
0.051 0.052 0.447377
0.052 0.053 0.441166
0.053 0.054 0.434260
0.054 0.055 0.428222
0.055 0.056 0.423551
0.056 0.057 0.418553
0.057 0.058 0.619223
0.058 0.059 1.000000
0.059 0.060 0.783947
0.060 0.061 0.404486
0.061 0.062 0.397421
0.062 0.063 0.370285
0.063 0.064 0.363174
0.064 0.065 0.354751
0.065 0.066 0.346400
0.066 0.067 0.484494
0.067 0.068 0.477012
0.068 0.069 0.355213
0.069 0.070 0.316516
0.070 0.071 0.248460
0.071 0.072 0.243963
0.072 0.073 0.238118
0.073 0.074 0.232974
0.074 0.075 0.228627
0.075 0.076 0.224379
0.076 0.077 0.218449
0.077 0.078 0.213840
0.078 0.079 0.210043
0.079 0.080 0.205921
0.080 0.081 0.201374
0.081 0.082 0.195790
0.082 0.083 0.190168
0.083 0.084 0.185087
0.084 0.085 0.180742
0.085 0.086 0.176583
0.086 0.087 0.172062
0.087 0.088 0.168956
0.088 0.089 0.164144
0.089 0.090 0.158364
0.090 0.091 0.153754
0.091 0.092 0.146925
0.092 0.093 0.141946
0.093 0.094 0.139457
0.094 0.095 0.134789
0.095 0.096 0.130396
0.096 0.097 0.126263
0.097 0.098 0.120663
0.098 0.099 0.115903
0.099 0.100 0.111969
0.100 0.101 0.107887
0.101 0.102 0.103674
0.102 0.103 0.098988
0.103 0.104 0.095343
0.104 0.105 0.091287
0.105 0.106 0.086404
0.106 0.107 0.082266
0.107 0.108 0.077304
0.108 0.109 0.073301
0.109 0.110 0.069456
0.110 0.111 0.065390
0.111 0.112 0.061721
0.112 0.113 0.056734
0.113 0.114 0.052093
0.114 0.115 0.048589
0.115 0.116 0.044826
0.116 0.117 0.040594
0.117 0.118 0.037213
0.118 0.119 0.032769
0.119 0.120 0.029674
0.120 0.121 0.028296
0.121 0.122 0.025742
0.122 0.123 0.023174
0.123 0.124 0.020260
0.124 0.125 0.017449
0.125 0.126 0.014645
0.126 0.127 0.012254
0.127 0.128 0.010048
0.128 0.129 0.007882
0.129 0.130 0.006294
0.130 0.131 0.004353
0.131 0.132 0.003411
0.132 0.133 0.002042
0.133 0.134 0.000933
0.134 0.135 0.000245
0.135 0.136 0.000000
0.136 0.137 0.000000
0.137 0.138 0.000000
0.138 0.139 0.000000
0.139 0.140 0.000000
0.140 0.141 0.000000
0.141 0.142 0.000000
0.142 0.143 0.000000
0.143 0.144 0.000000
0.144 0.145 0.000000
0.145 0.146 0.000000
0.146 0.147 0.000000
0.147 0.148 0.000000
0.148 0.149 0.000000
0.149 0.150 0.000000
