1
0.000 0.001 0.000000
0.001 0.002 0.000000
0.002 0.003 0.000000
0.003 0.004 0.000000
0.004 0.005 0.000000
0.005 0.006 0.000000
0.006 0.007 0.000000
0.007 0.008 0.000000
0.008 0.009 0.000000
0.009 0.010 0.000000
0.010 0.011 0.000000
0.011 0.012 0.000000
0.012 0.013 0.000000
0.013 0.014 0.000000
0.014 0.015 0.000000
0.015 0.016 0.000000
0.016 0.017 0.000000
0.017 0.018 0.000000
0.018 0.019 0.000001
0.019 0.020 0.000007
0.020 0.021 0.000035
0.021 0.022 0.000137
0.022 0.023 0.000427
0.023 0.024 0.001117
0.024 0.025 0.002530
0.025 0.026 0.005077
0.026 0.027 0.009202
0.027 0.028 0.015423
0.028 0.029 0.024172
0.029 0.030 0.035500
0.030 0.031 0.049591
0.031 0.032 0.066458
0.032 0.033 0.085790
0.033 0.034 0.107429
0.034 0.035 0.130952
0.035 0.036 0.155494
0.036 0.037 0.181246
0.037 0.038 0.207307
0.038 0.039 0.231971
0.039 0.040 0.256653
0.040 0.041 0.280989
0.041 0.042 0.303456
0.042 0.043 0.325826
0.043 0.044 0.346242
0.044 0.045 0.365613
0.045 0.046 0.383036
0.046 0.047 0.396544
0.047 0.048 0.411365
0.048 0.049 0.425550
0.049 0.050 0.434464
0.050 0.051 0.441452
0.051 0.052 0.450021
0.052 0.053 0.458188
0.053 0.054 0.462283
0.054 0.055 0.464342
0.055 0.056 0.468708
0.056 0.057 0.472614
0.057 0.058 0.653417
0.058 0.059 1.000000
0.059 0.060 0.816988
0.060 0.061 0.475762
0.061 0.062 0.472781
0.062 0.063 0.451419
0.063 0.064 0.444602
0.064 0.065 0.436987
0.065 0.066 0.432421
0.066 0.067 0.572353
0.067 0.068 0.567437
0.068 0.069 0.443694
0.069 0.070 0.401672
0.070 0.071 0.330930
0.071 0.072 0.324050
0.072 0.073 0.315642
0.073 0.074 0.312573
0.074 0.075 0.307986
0.075 0.076 0.300840
0.076 0.077 0.290872
0.077 0.078 0.283006
0.078 0.079 0.279638
0.079 0.080 0.274084
0.080 0.081 0.265111
0.081 0.082 0.255225
0.082 0.083 0.246454
0.083 0.084 0.237713
0.084 0.085 0.230100
0.085 0.086 0.223606
0.086 0.087 0.214551
0.087 0.088 0.208586
0.088 0.089 0.201893
0.089 0.090 0.191981
0.090 0.091 0.181893
0.091 0.092 0.169483
0.092 0.093 0.161141
0.093 0.094 0.156292
0.094 0.095 0.147271
0.095 0.096 0.139280
0.096 0.097 0.130178
0.097 0.098 0.119347
0.098 0.099 0.108273
0.099 0.100 0.100938
0.100 0.101 0.096114
0.101 0.102 0.089538
0.102 0.103 0.079815
0.103 0.104 0.073461
0.104 0.105 0.068642
0.105 0.106 0.062494
0.106 0.107 0.055704
0.107 0.108 0.049139
0.108 0.109 0.043401
0.109 0.110 0.036702
0.110 0.111 0.031805
0.111 0.112 0.027860
0.112 0.113 0.022471
0.113 0.114 0.019031
0.114 0.115 0.015417
0.115 0.116 0.010840
0.116 0.117 0.007952
0.117 0.118 0.004558
0.118 0.119 0.001855
0.119 0.120 0.000494
0.120 0.121 0.000000
0.121 0.122 0.000000
0.122 0.123 0.000000
0.123 0.124 0.000000
0.124 0.125 0.000000
0.125 0.126 0.000000
0.126 0.127 0.000000
0.127 0.128 0.000000
0.128 0.129 0.000000
0.129 0.130 0.000000
0.130 0.131 0.000000
0.131 0.132 0.000000
0.132 0.133 0.000000
0.133 0.134 0.000000
0.134 0.135 0.000000
0.135 0.136 0.000000
0.136 0.137 0.000000
0.137 0.138 0.000000
0.138 0.139 0.000000
0.139 0.140 0.000000
0.140 0.141 0.000000
0.141 0.142 0.000000
0.142 0.143 0.000000
0.143 0.144 0.000000
0.144 0.145 0.000000
0.145 0.146 0.000000
0.146 0.147 0.000000
0.147 0.148 0.000000
0.148 0.149 0.000000
0.149 0.150 0.000000
