1
0.000 0.001 0.000000
0.001 0.002 0.000000
0.002 0.003 0.000000
0.003 0.004 0.000000
0.004 0.005 0.000000
0.005 0.006 0.000000
0.006 0.007 0.000000
0.007 0.008 0.000000
0.008 0.009 0.000000
0.009 0.010 0.000000
0.010 0.011 0.000000
0.011 0.012 0.000000
0.012 0.013 0.000000
0.013 0.014 0.000000
0.014 0.015 0.000001
0.015 0.016 0.000013
0.016 0.017 0.000083
0.017 0.018 0.000364
0.018 0.019 0.001204
0.019 0.020 0.003207
0.020 0.021 0.007205
0.021 0.022 0.014070
0.022 0.023 0.024569
0.023 0.024 0.039309
0.024 0.025 0.058494
0.025 0.026 0.081768
0.026 0.027 0.108726
0.027 0.028 0.139052
0.028 0.029 0.171583
0.029 0.030 0.204905
0.030 0.031 0.238789
0.031 0.032 0.272039
0.032 0.033 0.304227
0.033 0.034 0.335311
0.034 0.035 0.364352
0.035 0.036 0.390274
0.036 0.037 0.414150
0.037 0.038 0.436652
0.038 0.039 0.454836
0.039 0.040 0.470501
0.040 0.041 0.484066
0.041 0.042 0.494890
0.042 0.043 0.504172
0.043 0.044 0.510884
0.044 0.045 0.516340
0.045 0.046 0.518306
0.046 0.047 0.518638
0.047 0.048 0.520088
0.048 0.049 0.519000
0.049 0.050 0.514330
0.050 0.051 0.510119
0.051 0.052 0.506799
0.052 0.053 0.500945
0.053 0.054 0.493592
0.054 0.055 0.485980
0.055 0.056 0.479480
0.056 0.057 0.472793
0.057 0.058 0.652908
0.058 0.059 1.000000
0.059 0.060 0.801021
0.060 0.061 0.449457
0.061 0.062 0.440358
0.062 0.063 0.412655
0.063 0.064 0.402289
0.064 0.065 0.391198
0.065 0.066 0.380829
0.066 0.067 0.507591
0.067 0.068 0.498098
0.068 0.069 0.379414
0.069 0.070 0.338072
0.070 0.071 0.271971
0.071 0.072 0.265541
0.072 0.073 0.257316
0.073 0.074 0.251268
0.074 0.075 0.245422
0.075 0.076 0.238827
0.076 0.077 0.230544
0.077 0.078 0.223629
0.078 0.079 0.218309
0.079 0.080 0.212500
0.080 0.081 0.205665
0.081 0.082 0.197090
0.082 0.083 0.190352
0.083 0.084 0.184014
0.084 0.085 0.178494
0.085 0.086 0.173397
0.086 0.087 0.167478
0.087 0.088 0.163133
0.088 0.089 0.157329
0.089 0.090 0.150369
0.090 0.091 0.144284
0.091 0.092 0.136217
0.092 0.093 0.129734
0.093 0.094 0.126956
0.094 0.095 0.121975
0.095 0.096 0.117255
0.096 0.097 0.112415
0.097 0.098 0.106240
0.098 0.099 0.100595
0.099 0.100 0.096130
0.100 0.101 0.092181
0.101 0.102 0.087639
0.102 0.103 0.081930
0.103 0.104 0.078482
0.104 0.105 0.074953
0.105 0.106 0.070631
0.106 0.107 0.066831
0.107 0.108 0.062262
0.108 0.109 0.058491
0.109 0.110 0.054773
0.110 0.111 0.050957
0.111 0.112 0.047190
0.112 0.113 0.043432
0.113 0.114 0.040071
0.114 0.115 0.037282
0.115 0.116 0.034232
0.116 0.117 0.031054
0.117 0.118 0.027983
0.118 0.119 0.023748
0.119 0.120 0.021761
0.120 0.121 0.020767
0.121 0.122 0.018748
0.122 0.123 0.016705
0.123 0.124 0.014546
0.124 0.125 0.011674
0.125 0.126 0.009830
0.126 0.127 0.008414
0.127 0.128 0.006736
0.128 0.129 0.005190
0.129 0.130 0.003392
0.130 0.131 0.002381
0.131 0.132 0.001650
0.132 0.133 0.000460
0.133 0.134 0.000000
0.134 0.135 0.000000
0.135 0.136 0.000000
0.136 0.137 0.000000
0.137 0.138 0.000000
0.138 0.139 0.000000
0.139 0.140 0.000000
0.140 0.141 0.000000
0.141 0.142 0.000000
0.142 0.143 0.000000
0.143 0.144 0.000000
0.144 0.145 0.000000
0.145 0.146 0.000000
0.146 0.147 0.000000
0.147 0.148 0.000000
0.148 0.149 0.000000
0.149 0.150 0.000000
