1
0.000 0.001 0.000000
0.001 0.002 0.000000
0.002 0.003 0.000000
0.003 0.004 0.000000
0.004 0.005 0.000000
0.005 0.006 0.000000
0.006 0.007 0.000000
0.007 0.008 0.000000
0.008 0.009 0.000000
0.009 0.010 0.000000
0.010 0.011 0.000000
0.011 0.012 0.000000
0.012 0.013 0.000000
0.013 0.014 0.000000
0.014 0.015 0.000000
0.015 0.016 0.000000
0.016 0.017 0.000005
0.017 0.018 0.000034
0.018 0.019 0.000156
0.019 0.020 0.000542
0.020 0.021 0.001516
0.021 0.022 0.003550
0.022 0.023 0.007219
0.023 0.024 0.013147
0.024 0.025 0.021847
0.025 0.026 0.033566
0.026 0.027 0.048436
0.027 0.028 0.066532
0.028 0.029 0.087355
0.029 0.030 0.110205
0.030 0.031 0.134743
0.031 0.032 0.160387
0.032 0.033 0.186670
0.033 0.034 0.212941
0.034 0.035 0.238417
0.035 0.036 0.262713
0.036 0.037 0.286313
0.037 0.038 0.308950
0.038 0.039 0.328660
0.039 0.040 0.346497
0.040 0.041 0.362654
0.041 0.042 0.376858
0.042 0.043 0.390097
0.043 0.044 0.400940
0.044 0.045 0.410987
0.045 0.046 0.418046
0.046 0.047 0.423350
0.047 0.048 0.429979
0.048 0.049 0.434002
0.049 0.050 0.434620
0.050 0.051 0.435725
0.051 0.052 0.437488
0.052 0.053 0.436359
0.053 0.054 0.433969
0.054 0.055 0.431434
0.055 0.056 0.429921
0.056 0.057 0.428424
0.057 0.058 0.625130
0.058 0.059 1.000000
0.059 0.060 0.793803
0.060 0.061 0.422551
0.061 0.062 0.417290
0.062 0.063 0.391683
0.063 0.064 0.385267
0.064 0.065 0.378061
0.065 0.066 0.370919
0.066 0.067 0.512966
0.067 0.068 0.506715
0.068 0.069 0.381701
0.069 0.070 0.341983
0.070 0.071 0.271873
0.071 0.072 0.267130
0.072 0.073 0.260697
0.073 0.074 0.255958
0.074 0.075 0.251852
0.075 0.076 0.246841
0.076 0.077 0.239988
0.077 0.078 0.234892
0.078 0.079 0.230950
0.079 0.080 0.226564
0.080 0.081 0.221544
0.081 0.082 0.215175
0.082 0.083 0.208580
0.083 0.084 0.202268
0.084 0.085 0.196970
0.085 0.086 0.192082
0.086 0.087 0.186853
0.087 0.088 0.182707
0.088 0.089 0.177004
0.089 0.090 0.170345
0.090 0.091 0.164332
0.091 0.092 0.156608
0.092 0.093 0.150434
0.093 0.094 0.146937
0.094 0.095 0.141463
0.095 0.096 0.136414
0.096 0.097 0.131322
0.097 0.098 0.124800
0.098 0.099 0.118611
0.099 0.100 0.113634
0.100 0.101 0.109857
0.101 0.102 0.105336
0.102 0.103 0.100423
0.103 0.104 0.096455
0.104 0.105 0.092051
0.105 0.106 0.086827
0.106 0.107 0.081989
0.107 0.108 0.077365
0.108 0.109 0.073697
0.109 0.110 0.070301
0.110 0.111 0.066509
0.111 0.112 0.062930
0.112 0.113 0.057891
0.113 0.114 0.053974
0.114 0.115 0.051004
0.115 0.116 0.047902
0.116 0.117 0.044318
0.117 0.118 0.041217
0.118 0.119 0.037314
0.119 0.120 0.034050
0.120 0.121 0.032437
0.121 0.122 0.030057
0.122 0.123 0.027699
0.123 0.124 0.025219
0.124 0.125 0.021956
0.125 0.126 0.019457
0.126 0.127 0.017510
0.127 0.128 0.015091
0.128 0.129 0.012992
0.129 0.130 0.010668
0.130 0.131 0.008835
0.131 0.132 0.007742
0.132 0.133 0.006236
0.133 0.134 0.004251
0.134 0.135 0.003067
0.135 0.136 0.001765
0.136 0.137 0.001137
0.137 0.138 0.000286
0.138 0.139 0.000000
0.139 0.140 0.000000
0.140 0.141 0.000000
0.141 0.142 0.000000
0.142 0.143 0.000000
0.143 0.144 0.000000
0.144 0.145 0.000000
0.145 0.146 0.000000
0.146 0.147 0.000000
0.147 0.148 0.000000
0.148 0.149 0.000000
0.149 0.150 0.000000
