1
0.000 0.001 0.000000
0.001 0.002 0.000000
0.002 0.003 0.000000
0.003 0.004 0.000000
0.004 0.005 0.000000
0.005 0.006 0.000000
0.006 0.007 0.000000
0.007 0.008 0.000000
0.008 0.009 0.000000
0.009 0.010 0.000000
0.010 0.011 0.000000
0.011 0.012 0.000000
0.012 0.013 0.000000
0.013 0.014 0.000000
0.014 0.015 0.000000
0.015 0.016 0.000000
0.016 0.017 0.000002
0.017 0.018 0.000013
0.018 0.019 0.000074
0.019 0.020 0.000305
0.020 0.021 0.000983
0.021 0.022 0.002623
0.022 0.023 0.005969
0.023 0.024 0.011938
0.024 0.025 0.021571
0.025 0.026 0.035600
0.026 0.027 0.054477
0.027 0.028 0.078722
0.028 0.029 0.108008
0.029 0.030 0.142579
0.030 0.031 0.180948
0.031 0.032 0.222163
0.032 0.033 0.265850
0.033 0.034 0.309962
0.034 0.035 0.354154
0.035 0.036 0.398284
0.036 0.037 0.439664
0.037 0.038 0.476251
0.038 0.039 0.510664
0.039 0.040 0.544005
0.040 0.041 0.571500
0.041 0.042 0.595260
0.042 0.043 0.615120
0.043 0.044 0.633953
0.044 0.045 0.650608
0.045 0.046 0.662726
0.046 0.047 0.670692
0.047 0.048 0.677621
0.048 0.049 0.681188
0.049 0.050 0.678705
0.050 0.051 0.675896
0.051 0.052 0.673244
0.052 0.053 0.667497
0.053 0.054 0.658432
0.054 0.055 0.646388
0.055 0.056 0.631980
0.056 0.057 0.623980
0.057 0.058 0.751434
0.058 0.059 1.000000
0.059 0.060 0.846913
0.060 0.061 0.577697
0.061 0.062 0.562197
0.062 0.063 0.532260
0.063 0.064 0.511868
0.064 0.065 0.493262
0.065 0.066 0.476330
0.066 0.067 0.564784
0.067 0.068 0.546014
0.068 0.069 0.442528
0.069 0.070 0.399443
0.070 0.071 0.341414
0.071 0.072 0.327513
0.072 0.073 0.309666
0.073 0.074 0.299384
0.074 0.075 0.287786
0.075 0.076 0.271372
0.076 0.077 0.253848
0.077 0.078 0.236680
0.078 0.079 0.228503
0.079 0.080 0.219140
0.080 0.081 0.206914
0.081 0.082 0.192845
0.082 0.083 0.179535
0.083 0.084 0.166017
0.084 0.085 0.153786
0.085 0.086 0.142603
0.086 0.087 0.128616
0.087 0.088 0.120208
0.088 0.089 0.111194
0.089 0.090 0.101307
0.090 0.091 0.090383
0.091 0.092 0.080148
0.092 0.093 0.071251
0.093 0.094 0.062665
0.094 0.095 0.051812
0.095 0.096 0.045711
0.096 0.097 0.038138
0.097 0.098 0.030235
0.098 0.099 0.021738
0.099 0.100 0.014303
0.100 0.101 0.012226
0.101 0.102 0.008518
0.102 0.103 0.003123
0.103 0.104 0.001811
0.104 0.105 0.000000
0.105 0.106 0.000000
0.106 0.107 0.000000
0.107 0.108 0.000000
0.108 0.109 0.000000
0.109 0.110 0.000000
0.110 0.111 0.000000
0.111 0.112 0.000000
0.112 0.113 0.000000
0.113 0.114 0.000000
0.114 0.115 0.000000
0.115 0.116 0.000000
0.116 0.117 0.000000
0.117 0.118 0.000000
0.118 0.119 0.000000
0.119 0.120 0.000000
0.120 0.121 0.000000
0.121 0.122 0.000000
0.122 0.123 0.000000
0.123 0.124 0.000000
0.124 0.125 0.000000
0.125 0.126 0.000000
0.126 0.127 0.000000
0.127 0.128 0.000000
0.128 0.129 0.000000
0.129 0.130 0.000000
0.130 0.131 0.000000
0.131 0.132 0.000000
0.132 0.133 0.000000
0.133 0.134 0.000000
0.134 0.135 0.000000
0.135 0.136 0.000000
0.136 0.137 0.000000
0.137 0.138 0.000000
0.138 0.139 0.000000
0.139 0.140 0.000000
0.140 0.141 0.000000
0.141 0.142 0.000000
0.142 0.143 0.000000
0.143 0.144 0.000000
0.144 0.145 0.000000
0.145 0.146 0.000000
0.146 0.147 0.000000
0.147 0.148 0.000000
0.148 0.149 0.000000
0.149 0.150 0.000000
