1
0.000 0.001 0.000000
0.001 0.002 0.000000
0.002 0.003 0.000000
0.003 0.004 0.000000
0.004 0.005 0.000000
0.005 0.006 0.000000
0.006 0.007 0.000000
0.007 0.008 0.000000
0.008 0.009 0.000000
0.009 0.010 0.000000
0.010 0.011 0.000000
0.011 0.012 0.000000
0.012 0.013 0.000000
0.013 0.014 0.000000
0.014 0.015 0.000000
0.015 0.016 0.000000
0.016 0.017 0.000002
0.017 0.018 0.000014
0.018 0.019 0.000078
0.019 0.020 0.000318
0.020 0.021 0.001014
0.021 0.022 0.002659
0.022 0.023 0.005941
0.023 0.024 0.011670
0.024 0.025 0.020665
0.025 0.026 0.033520
0.026 0.027 0.050573
0.027 0.028 0.072142
0.028 0.029 0.098023
0.029 0.030 0.127357
0.030 0.031 0.159220
0.031 0.032 0.193221
0.032 0.033 0.228833
0.033 0.034 0.264816
0.034 0.035 0.300400
0.035 0.036 0.335480
0.036 0.037 0.369156
0.037 0.038 0.399138
0.038 0.039 0.426480
0.039 0.040 0.453224
0.040 0.041 0.476560
0.041 0.042 0.496811
0.042 0.043 0.515889
0.043 0.044 0.530969
0.044 0.045 0.544825
0.045 0.046 0.556013
0.046 0.047 0.562244
0.047 0.048 0.568951
0.048 0.049 0.574840
0.049 0.050 0.574805
0.050 0.051 0.574017
0.051 0.052 0.575436
0.052 0.053 0.575022
0.053 0.054 0.571069
0.054 0.055 0.564847
0.055 0.056 0.559917
0.056 0.057 0.555520
0.057 0.058 0.707067
0.058 0.059 1.000000
0.059 0.060 0.830343
0.060 0.061 0.527118
0.061 0.062 0.516507
0.062 0.063 0.490848
0.063 0.064 0.476967
0.064 0.065 0.463813
0.065 0.066 0.453352
0.066 0.067 0.561932
0.067 0.068 0.551113
0.068 0.069 0.440807
0.069 0.070 0.397991
0.070 0.071 0.335605
0.071 0.072 0.324391
0.072 0.073 0.310407
0.073 0.074 0.303318
0.074 0.075 0.294749
0.075 0.076 0.282071
0.076 0.077 0.267642
0.077 0.078 0.255446
0.078 0.079 0.247447
0.079 0.080 0.238124
0.080 0.081 0.225476
0.081 0.082 0.212265
0.082 0.083 0.199991
0.083 0.084 0.187460
0.084 0.085 0.175538
0.085 0.086 0.167053
0.086 0.087 0.156845
0.087 0.088 0.148239
0.088 0.089 0.139454
0.089 0.090 0.128160
0.090 0.091 0.117328
0.091 0.092 0.106711
0.092 0.093 0.098486
0.093 0.094 0.090991
0.094 0.095 0.083582
0.095 0.096 0.076619
0.096 0.097 0.068035
0.097 0.098 0.058075
0.098 0.099 0.048917
0.099 0.100 0.042726
0.100 0.101 0.039776
0.101 0.102 0.033489
0.102 0.103 0.027376
0.103 0.104 0.022194
0.104 0.105 0.017541
0.105 0.106 0.013889
0.106 0.107 0.009421
0.107 0.108 0.006403
0.108 0.109 0.003021
0.109 0.110 0.000801
0.110 0.111 0.000000
0.111 0.112 0.000000
0.112 0.113 0.000000
0.113 0.114 0.000000
0.114 0.115 0.000000
0.115 0.116 0.000000
0.116 0.117 0.000000
0.117 0.118 0.000000
0.118 0.119 0.000000
0.119 0.120 0.000000
0.120 0.121 0.000000
0.121 0.122 0.000000
0.122 0.123 0.000000
0.123 0.124 0.000000
0.124 0.125 0.000000
0.125 0.126 0.000000
0.126 0.127 0.000000
0.127 0.128 0.000000
0.128 0.129 0.000000
0.129 0.130 0.000000
0.130 0.131 0.000000
0.131 0.132 0.000000
0.132 0.133 0.000000
0.133 0.134 0.000000
0.134 0.135 0.000000
0.135 0.136 0.000000
0.136 0.137 0.000000
0.137 0.138 0.000000
0.138 0.139 0.000000
0.139 0.140 0.000000
0.140 0.141 0.000000
0.141 0.142 0.000000
0.142 0.143 0.000000
0.143 0.144 0.000000
0.144 0.145 0.000000
0.145 0.146 0.000000
0.146 0.147 0.000000
0.147 0.148 0.000000
0.148 0.149 0.000000
0.149 0.150 0.000000
