1
0.000 0.001 0.000000
0.001 0.002 0.000000
0.002 0.003 0.000000
0.003 0.004 0.000000
0.004 0.005 0.000000
0.005 0.006 0.000000
0.006 0.007 0.000000
0.007 0.008 0.000000
0.008 0.009 0.000000
0.009 0.010 0.000000
0.010 0.011 0.000000
0.011 0.012 0.000000
0.012 0.013 0.000000
0.013 0.014 0.000000
0.014 0.015 0.000001
0.015 0.016 0.000012
0.016 0.017 0.000084
0.017 0.018 0.000393
0.018 0.019 0.001357
0.019 0.020 0.003737
0.020 0.021 0.008617
0.021 0.022 0.017182
0.022 0.023 0.030479
0.023 0.024 0.049327
0.024 0.025 0.074024
0.025 0.026 0.104025
0.026 0.027 0.138785
0.027 0.028 0.177814
0.028 0.029 0.219988
0.029 0.030 0.263269
0.030 0.031 0.306403
0.031 0.032 0.349040
0.032 0.033 0.390202
0.033 0.034 0.429114
0.034 0.035 0.465715
0.035 0.036 0.498798
0.036 0.037 0.528582
0.037 0.038 0.554378
0.038 0.039 0.574808
0.039 0.040 0.593404
0.040 0.041 0.608906
0.041 0.042 0.620844
0.042 0.043 0.631191
0.043 0.044 0.637302
0.044 0.045 0.641854
0.045 0.046 0.643213
0.046 0.047 0.640396
0.047 0.048 0.639071
0.048 0.049 0.636558
0.049 0.050 0.628420
0.050 0.051 0.619391
0.051 0.052 0.612641
0.052 0.053 0.605511
0.053 0.054 0.594879
0.054 0.055 0.581773
0.055 0.056 0.570734
0.056 0.057 0.560531
0.057 0.058 0.710108
0.058 0.059 1.000000
0.059 0.060 0.821884
0.060 0.061 0.513052
0.061 0.062 0.499466
0.062 0.063 0.470725
0.063 0.064 0.453850
0.064 0.065 0.437499
0.065 0.066 0.423968
0.066 0.067 0.527552
0.067 0.068 0.512839
0.068 0.069 0.404848
0.069 0.070 0.363431
0.070 0.071 0.302446
0.071 0.072 0.291034
0.072 0.073 0.277541
0.073 0.074 0.270082
0.074 0.075 0.261346
0.075 0.076 0.248936
0.076 0.077 0.237255
0.077 0.078 0.227319
0.078 0.079 0.221108
0.079 0.080 0.213649
0.080 0.081 0.203587
0.081 0.082 0.192406
0.082 0.083 0.182326
0.083 0.084 0.171516
0.084 0.085 0.163927
0.085 0.086 0.157372
0.086 0.087 0.149030
0.087 0.088 0.142691
0.088 0.089 0.136062
0.089 0.090 0.127370
0.090 0.091 0.118194
0.091 0.092 0.107402
0.092 0.093 0.101298
0.093 0.094 0.097214
0.094 0.095 0.090812
0.095 0.096 0.084719
0.096 0.097 0.077518
0.097 0.098 0.069358
0.098 0.099 0.060313
0.099 0.100 0.055208
0.100 0.101 0.052485
0.101 0.102 0.047980
0.102 0.103 0.041649
0.103 0.104 0.036534
0.104 0.105 0.032061
0.105 0.106 0.028512
0.106 0.107 0.024753
0.107 0.108 0.020367
0.108 0.109 0.015849
0.109 0.110 0.012807
0.110 0.111 0.009995
0.111 0.112 0.007645
0.112 0.113 0.004405
0.113 0.114 0.002911
0.114 0.115 0.000807
0.115 0.116 0.000000
0.116 0.117 0.000000
0.117 0.118 0.000000
0.118 0.119 0.000000
0.119 0.120 0.000000
0.120 0.121 0.000000
0.121 0.122 0.000000
0.122 0.123 0.000000
0.123 0.124 0.000000
0.124 0.125 0.000000
0.125 0.126 0.000000
0.126 0.127 0.000000
0.127 0.128 0.000000
0.128 0.129 0.000000
0.129 0.130 0.000000
0.130 0.131 0.000000
0.131 0.132 0.000000
0.132 0.133 0.000000
0.133 0.134 0.000000
0.134 0.135 0.000000
0.135 0.136 0.000000
0.136 0.137 0.000000
0.137 0.138 0.000000
0.138 0.139 0.000000
0.139 0.140 0.000000
0.140 0.141 0.000000
0.141 0.142 0.000000
0.142 0.143 0.000000
0.143 0.144 0.000000
0.144 0.145 0.000000
0.145 0.146 0.000000
0.146 0.147 0.000000
0.147 0.148 0.000000
0.148 0.149 0.000000
0.149 0.150 0.000000
