1
0.000 0.001 0.000000
0.001 0.002 0.000000
0.002 0.003 0.000000
0.003 0.004 0.000000
0.004 0.005 0.000000
0.005 0.006 0.000000
0.006 0.007 0.000000
0.007 0.008 0.000000
0.008 0.009 0.000000
0.009 0.010 0.000000
0.010 0.011 0.000000
0.011 0.012 0.000000
0.012 0.013 0.000000
0.013 0.014 0.000000
0.014 0.015 0.000000
0.015 0.016 0.000000
0.016 0.017 0.000000
0.017 0.018 0.000000
0.018 0.019 0.000000
0.019 0.020 0.000000
0.020 0.021 0.000000
0.021 0.022 0.000001
0.022 0.023 0.000005
0.023 0.024 0.000025
0.024 0.025 0.000094
0.025 0.026 0.000298
0.026 0.027 0.000801
0.027 0.028 0.001887
0.028 0.029 0.003979
0.029 0.030 0.007565
0.030 0.031 0.013266
0.031 0.032 0.021628
0.032 0.033 0.033277
0.033 0.034 0.048482
0.034 0.035 0.067506
0.035 0.036 0.090250
0.036 0.037 0.117077
0.037 0.038 0.147248
0.038 0.039 0.180661
0.039 0.040 0.216850
0.040 0.041 0.254057
0.041 0.042 0.292473
0.042 0.043 0.331275
0.043 0.044 0.369447
0.044 0.045 0.406783
0.045 0.046 0.440676
0.046 0.047 0.472249
0.047 0.048 0.504842
0.048 0.049 0.533663
0.049 0.050 0.558984
0.050 0.051 0.583040
0.051 0.052 0.605299
0.052 0.053 0.621165
0.053 0.054 0.633581
0.054 0.055 0.643337
0.055 0.056 0.648488
0.056 0.057 0.651034
0.057 0.058 0.766168
0.058 0.059 1.000000
0.059 0.060 0.885343
0.060 0.061 0.655224
0.061 0.062 0.647504
0.062 0.063 0.622655
0.063 0.064 0.607663
0.064 0.065 0.593118
0.065 0.066 0.577194
0.066 0.067 0.670459
0.067 0.068 0.653941
0.068 0.069 0.544650
0.069 0.070 0.496572
0.070 0.071 0.434873
0.071 0.072 0.420035
0.072 0.073 0.398221
0.073 0.074 0.380999
0.074 0.075 0.362061
0.075 0.076 0.336093
0.076 0.077 0.318223
0.077 0.078 0.300863
0.078 0.079 0.286140
0.079 0.080 0.270653
0.080 0.081 0.251116
0.081 0.082 0.227702
0.082 0.083 0.206432
0.083 0.084 0.183286
0.084 0.085 0.167859
0.085 0.086 0.153021
0.086 0.087 0.135620
0.087 0.088 0.118505
0.088 0.089 0.099049
0.089 0.090 0.079412
0.090 0.091 0.068537
0.091 0.092 0.056341
0.092 0.093 0.044400
0.093 0.094 0.029304
0.094 0.095 0.021824
0.095 0.096 0.014505
0.096 0.097 0.003889
0.097 0.098 0.000000
0.098 0.099 0.000000
0.099 0.100 0.000000
0.100 0.101 0.000000
0.101 0.102 0.000000
0.102 0.103 0.000000
0.103 0.104 0.000000
0.104 0.105 0.000000
0.105 0.106 0.000000
0.106 0.107 0.000000
0.107 0.108 0.000000
0.108 0.109 0.000000
0.109 0.110 0.000000
0.110 0.111 0.000000
0.111 0.112 0.000000
0.112 0.113 0.000000
0.113 0.114 0.000000
0.114 0.115 0.000000
0.115 0.116 0.000000
0.116 0.117 0.000000
0.117 0.118 0.000000
0.118 0.119 0.000000
0.119 0.120 0.000000
0.120 0.121 0.000000
0.121 0.122 0.000000
0.122 0.123 0.000000
0.123 0.124 0.000000
0.124 0.125 0.000000
0.125 0.126 0.000000
0.126 0.127 0.000000
0.127 0.128 0.000000
0.128 0.129 0.000000
0.129 0.130 0.000000
0.130 0.131 0.000000
0.131 0.132 0.000000
0.132 0.133 0.000000
0.133 0.134 0.000000
0.134 0.135 0.000000
0.135 0.136 0.000000
0.136 0.137 0.000000
0.137 0.138 0.000000
0.138 0.139 0.000000
0.139 0.140 0.000000
0.140 0.141 0.000000
0.141 0.142 0.000000
0.142 0.143 0.000000
0.143 0.144 0.000000
0.144 0.145 0.000000
0.145 0.146 0.000000
0.146 0.147 0.000000
0.147 0.148 0.000000
0.148 0.149 0.000000
0.149 0.150 0.000000
