1
0.000 0.001 0.000000
0.001 0.002 0.000000
0.002 0.003 0.000000
0.003 0.004 0.000000
0.004 0.005 0.000000
0.005 0.006 0.000000
0.006 0.007 0.000000
0.007 0.008 0.000000
0.008 0.009 0.000000
0.009 0.010 0.000000
0.010 0.011 0.000000
0.011 0.012 0.000000
0.012 0.013 0.000000
0.013 0.014 0.000000
0.014 0.015 0.000000
0.015 0.016 0.000000
0.016 0.017 0.000000
0.017 0.018 0.000000
0.018 0.019 0.000000
0.019 0.020 0.000000
0.020 0.021 0.000000
0.021 0.022 0.000001
0.022 0.023 0.000007
0.023 0.024 0.000030
0.024 0.025 0.000104
0.025 0.026 0.000304
0.026 0.027 0.000764
0.027 0.028 0.001702
0.028 0.029 0.003421
0.029 0.030 0.006245
0.030 0.031 0.010590
0.031 0.032 0.016802
0.032 0.033 0.025197
0.033 0.034 0.036032
0.034 0.035 0.049457
0.035 0.036 0.065328
0.036 0.037 0.083658
0.037 0.038 0.104256
0.038 0.039 0.126292
0.039 0.040 0.149939
0.040 0.041 0.174722
0.041 0.042 0.199817
0.042 0.043 0.225626
0.043 0.044 0.251019
0.044 0.045 0.276093
0.045 0.046 0.300372
0.046 0.047 0.323004
0.047 0.048 0.346042
0.048 0.049 0.367571
0.049 0.050 0.385810
0.050 0.051 0.402411
0.051 0.052 0.418846
0.052 0.053 0.433503
0.053 0.054 0.445039
0.054 0.055 0.454814
0.055 0.056 0.464530
0.056 0.057 0.472100
0.057 0.058 0.652236
0.058 0.059 1.000000
0.059 0.060 0.833597
0.060 0.061 0.501301
0.061 0.062 0.502727
0.062 0.063 0.484102
0.063 0.064 0.480854
0.064 0.065 0.475932
0.065 0.066 0.472126
0.066 0.067 0.625072
0.067 0.068 0.623023
0.068 0.069 0.489205
0.069 0.070 0.443179
0.070 0.071 0.366993
0.071 0.072 0.361823
0.072 0.073 0.354002
0.073 0.074 0.350116
0.074 0.075 0.345080
0.075 0.076 0.338224
0.076 0.077 0.328382
0.077 0.078 0.319924
0.078 0.079 0.314968
0.079 0.080 0.308266
0.080 0.081 0.297446
0.081 0.082 0.287854
0.082 0.083 0.279330
0.083 0.084 0.271215
0.084 0.085 0.263846
0.085 0.086 0.257212
0.086 0.087 0.247909
0.087 0.088 0.241796
0.088 0.089 0.233941
0.089 0.090 0.223200
0.090 0.091 0.213413
0.091 0.092 0.198988
0.092 0.093 0.191477
0.093 0.094 0.188060
0.094 0.095 0.180240
0.095 0.096 0.172571
0.096 0.097 0.164166
0.097 0.098 0.153538
0.098 0.099 0.143695
0.099 0.100 0.135748
0.100 0.101 0.129442
0.101 0.102 0.121008
0.102 0.103 0.112749
0.103 0.104 0.106552
0.104 0.105 0.101334
0.105 0.106 0.094570
0.106 0.107 0.088051
0.107 0.108 0.079997
0.108 0.109 0.073074
0.109 0.110 0.064873
0.110 0.111 0.059493
0.111 0.112 0.055140
0.112 0.113 0.049156
0.113 0.114 0.044121
0.114 0.115 0.039182
0.115 0.116 0.033398
0.116 0.117 0.027340
0.117 0.118 0.023195
0.118 0.119 0.017591
0.119 0.120 0.014645
0.120 0.121 0.012972
0.121 0.122 0.008638
0.122 0.123 0.006497
0.123 0.124 0.004251
0.124 0.125 0.001126
0.125 0.126 0.000000
0.126 0.127 0.000000
0.127 0.128 0.000000
0.128 0.129 0.000000
0.129 0.130 0.000000
0.130 0.131 0.000000
0.131 0.132 0.000000
0.132 0.133 0.000000
0.133 0.134 0.000000
0.134 0.135 0.000000
0.135 0.136 0.000000
0.136 0.137 0.000000
0.137 0.138 0.000000
0.138 0.139 0.000000
0.139 0.140 0.000000
0.140 0.141 0.000000
0.141 0.142 0.000000
0.142 0.143 0.000000
0.143 0.144 0.000000
0.144 0.145 0.000000
0.145 0.146 0.000000
0.146 0.147 0.000000
0.147 0.148 0.000000
0.148 0.149 0.000000
0.149 0.150 0.000000
