1
0.000 0.001 0.000000
0.001 0.002 0.000000
0.002 0.003 0.000000
0.003 0.004 0.000000
0.004 0.005 0.000000
0.005 0.006 0.000000
0.006 0.007 0.000000
0.007 0.008 0.000000
0.008 0.009 0.000000
0.009 0.010 0.000000
0.010 0.011 0.000000
0.011 0.012 0.000000
0.012 0.013 0.000000
0.013 0.014 0.000000
0.014 0.015 0.000000
0.015 0.016 0.000000
0.016 0.017 0.000000
0.017 0.018 0.000000
0.018 0.019 0.000000
0.019 0.020 0.000001
0.020 0.021 0.000004
0.021 0.022 0.000021
0.022 0.023 0.000083
0.023 0.024 0.000267
0.024 0.025 0.000723
0.025 0.026 0.001690
0.026 0.027 0.003491
0.027 0.028 0.006563
0.028 0.029 0.011351
0.029 0.030 0.018141
0.030 0.031 0.027373
0.031 0.032 0.039178
0.032 0.033 0.053644
0.033 0.034 0.070790
0.034 0.035 0.090189
0.035 0.036 0.111299
0.036 0.037 0.134389
0.037 0.038 0.159200
0.038 0.039 0.184122
0.039 0.040 0.209210
0.040 0.041 0.234688
0.041 0.042 0.259266
0.042 0.043 0.283430
0.043 0.044 0.306554
0.044 0.045 0.328837
0.045 0.046 0.348059
0.046 0.047 0.365404
0.047 0.048 0.383327
0.048 0.049 0.398500
0.049 0.050 0.409565
0.050 0.051 0.420098
0.051 0.052 0.432137
0.052 0.053 0.441383
0.053 0.054 0.448330
0.054 0.055 0.453776
0.055 0.056 0.459395
0.056 0.057 0.464261
0.057 0.058 0.647587
0.058 0.059 1.000000
0.059 0.060 0.819753
0.060 0.061 0.475760
0.061 0.062 0.473392
0.062 0.063 0.451125
0.063 0.064 0.445383
0.064 0.065 0.437493
0.065 0.066 0.432640
0.066 0.067 0.580852
0.067 0.068 0.577794
0.068 0.069 0.448677
0.069 0.070 0.406156
0.070 0.071 0.332172
0.071 0.072 0.326576
0.072 0.073 0.318530
0.073 0.074 0.313545
0.074 0.075 0.308168
0.075 0.076 0.301429
0.076 0.077 0.292215
0.077 0.078 0.284489
0.078 0.079 0.278565
0.079 0.080 0.273746
0.080 0.081 0.266736
0.081 0.082 0.258316
0.082 0.083 0.250494
0.083 0.084 0.243113
0.084 0.085 0.236543
0.085 0.086 0.230504
0.086 0.087 0.222762
0.087 0.088 0.217434
0.088 0.089 0.210227
0.089 0.090 0.200992
0.090 0.091 0.192862
0.091 0.092 0.180882
0.092 0.093 0.174354
0.093 0.094 0.171220
0.094 0.095 0.164648
0.095 0.096 0.158282
0.096 0.097 0.151552
0.097 0.098 0.142882
0.098 0.099 0.134971
0.099 0.100 0.128640
0.100 0.101 0.123243
0.101 0.102 0.116955
0.102 0.103 0.108431
0.103 0.104 0.103635
0.104 0.105 0.099056
0.105 0.106 0.093244
0.106 0.107 0.087979
0.107 0.108 0.081496
0.108 0.109 0.076070
0.109 0.110 0.070493
0.110 0.111 0.064961
0.111 0.112 0.059528
0.112 0.113 0.054487
0.113 0.114 0.050121
0.114 0.115 0.046275
0.115 0.116 0.041876
0.116 0.117 0.037575
0.117 0.118 0.033102
0.118 0.119 0.027164
0.119 0.120 0.023263
0.120 0.121 0.022260
0.121 0.122 0.019633
0.122 0.123 0.016939
0.123 0.124 0.014079
0.124 0.125 0.010802
0.125 0.126 0.007007
0.126 0.127 0.005412
0.127 0.128 0.003660
0.128 0.129 0.001376
0.129 0.130 0.000843
0.130 0.131 0.000000
0.131 0.132 0.000000
0.132 0.133 0.000000
0.133 0.134 0.000000
0.134 0.135 0.000000
0.135 0.136 0.000000
0.136 0.137 0.000000
0.137 0.138 0.000000
0.138 0.139 0.000000
0.139 0.140 0.000000
0.140 0.141 0.000000
0.141 0.142 0.000000
0.142 0.143 0.000000
0.143 0.144 0.000000
0.144 0.145 0.000000
0.145 0.146 0.000000
0.146 0.147 0.000000
0.147 0.148 0.000000
0.148 0.149 0.000000
0.149 0.150 0.000000
