1
0.000 0.001 0.000000
0.001 0.002 0.000000
0.002 0.003 0.000000
0.003 0.004 0.000000
0.004 0.005 0.000000
0.005 0.006 0.000000
0.006 0.007 0.000000
0.007 0.008 0.000000
0.008 0.009 0.000000
0.009 0.010 0.000000
0.010 0.011 0.000000
0.011 0.012 0.000000
0.012 0.013 0.000000
0.013 0.014 0.000000
0.014 0.015 0.000000
0.015 0.016 0.000003
0.016 0.017 0.000021
0.017 0.018 0.000113
0.018 0.019 0.000439
0.019 0.020 0.001340
0.020 0.021 0.003382
0.021 0.022 0.007305
0.022 0.023 0.013912
0.023 0.024 0.023940
0.024 0.025 0.037934
0.025 0.026 0.056229
0.026 0.027 0.078605
0.027 0.028 0.104826
0.028 0.029 0.134431
0.029 0.030 0.166123
0.030 0.031 0.199184
0.031 0.032 0.232855
0.032 0.033 0.266454
0.033 0.034 0.299312
0.034 0.035 0.330949
0.035 0.036 0.360116
0.036 0.037 0.387327
0.037 0.038 0.412562
0.038 0.039 0.433267
0.039 0.040 0.451987
0.040 0.041 0.467666
0.041 0.042 0.482335
0.042 0.043 0.495229
0.043 0.044 0.505673
0.044 0.045 0.514845
0.045 0.046 0.520056
0.046 0.047 0.522832
0.047 0.048 0.526529
0.048 0.049 0.527841
0.049 0.050 0.525467
0.050 0.051 0.522033
0.051 0.052 0.519208
0.052 0.053 0.514817
0.053 0.054 0.508110
0.054 0.055 0.500908
0.055 0.056 0.494762
0.056 0.057 0.486877
0.057 0.058 0.662413
0.058 0.059 1.000000
0.059 0.060 0.808327
0.060 0.061 0.466508
0.061 0.062 0.457648
0.062 0.063 0.430725
0.063 0.064 0.420016
0.064 0.065 0.408431
0.065 0.066 0.398219
0.066 0.067 0.523506
0.067 0.068 0.514031
0.068 0.069 0.395582
0.069 0.070 0.353972
0.070 0.071 0.286989
0.071 0.072 0.277656
0.072 0.073 0.269250
0.073 0.074 0.263495
0.074 0.075 0.257372
0.075 0.076 0.250412
0.076 0.077 0.241604
0.077 0.078 0.234096
0.078 0.079 0.228965
0.079 0.080 0.222938
0.080 0.081 0.215112
0.081 0.082 0.206135
0.082 0.083 0.198045
0.083 0.084 0.190486
0.084 0.085 0.183519
0.085 0.086 0.176296
0.086 0.087 0.169902
0.087 0.088 0.165651
0.088 0.089 0.160164
0.089 0.090 0.152924
0.090 0.091 0.146410
0.091 0.092 0.137673
0.092 0.093 0.131612
0.093 0.094 0.128270
0.094 0.095 0.122192
0.095 0.096 0.116302
0.096 0.097 0.110133
0.097 0.098 0.101988
0.098 0.099 0.096431
0.099 0.100 0.091899
0.100 0.101 0.088060
0.101 0.102 0.083775
0.102 0.103 0.078114
0.103 0.104 0.073787
0.104 0.105 0.069945
0.105 0.106 0.065137
0.106 0.107 0.060631
0.107 0.108 0.055208
0.108 0.109 0.050012
0.109 0.110 0.046305
0.110 0.111 0.042737
0.111 0.112 0.039783
0.112 0.113 0.035751
0.113 0.114 0.032303
0.114 0.115 0.029080
0.115 0.116 0.025396
0.116 0.117 0.021432
0.117 0.118 0.018782
0.118 0.119 0.015138
0.119 0.120 0.013240
0.120 0.121 0.012301
0.121 0.122 0.010102
0.122 0.123 0.007340
0.123 0.124 0.005966
0.124 0.125 0.004411
0.125 0.126 0.002893
0.126 0.127 0.001123
0.127 0.128 0.000671
0.128 0.129 0.000000
0.129 0.130 0.000000
0.130 0.131 0.000000
0.131 0.132 0.000000
0.132 0.133 0.000000
0.133 0.134 0.000000
0.134 0.135 0.000000
0.135 0.136 0.000000
0.136 0.137 0.000000
0.137 0.138 0.000000
0.138 0.139 0.000000
0.139 0.140 0.000000
0.140 0.141 0.000000
0.141 0.142 0.000000
0.142 0.143 0.000000
0.143 0.144 0.000000
0.144 0.145 0.000000
0.145 0.146 0.000000
0.146 0.147 0.000000
0.147 0.148 0.000000
0.148 0.149 0.000000
0.149 0.150 0.000000
