1
0.000 0.001 0.000000
0.001 0.002 0.000000
0.002 0.003 0.000000
0.003 0.004 0.000000
0.004 0.005 0.000000
0.005 0.006 0.000000
0.006 0.007 0.000000
0.007 0.008 0.000000
0.008 0.009 0.000000
0.009 0.010 0.000000
0.010 0.011 0.000000
0.011 0.012 0.000000
0.012 0.013 0.000000
0.013 0.014 0.000000
0.014 0.015 0.000000
0.015 0.016 0.000003
0.016 0.017 0.000021
0.017 0.018 0.000107
0.018 0.019 0.000399
0.019 0.020 0.001193
0.020 0.021 0.002971
0.021 0.022 0.006401
0.022 0.023 0.012207
0.023 0.024 0.021058
0.024 0.025 0.033531
0.025 0.026 0.049752
0.026 0.027 0.069685
0.027 0.028 0.093492
0.028 0.029 0.120546
0.029 0.030 0.149605
0.030 0.031 0.180388
0.031 0.032 0.212493
0.032 0.033 0.244404
0.033 0.034 0.276056
0.034 0.035 0.307363
0.035 0.036 0.337506
0.036 0.037 0.367007
0.037 0.038 0.391986
0.038 0.039 0.412305
0.039 0.040 0.432829
0.040 0.041 0.451722
0.041 0.042 0.466855
0.042 0.043 0.481817
0.043 0.044 0.492530
0.044 0.045 0.502475
0.045 0.046 0.511609
0.046 0.047 0.513944
0.047 0.048 0.519089
0.048 0.049 0.524989
0.049 0.050 0.523634
0.050 0.051 0.520495
0.051 0.052 0.520537
0.052 0.053 0.522180
0.053 0.054 0.518819
0.054 0.055 0.511842
0.055 0.056 0.508593
0.056 0.057 0.507375
0.057 0.058 0.676453
0.058 0.059 1.000000
0.059 0.060 0.813398
0.060 0.061 0.481977
0.061 0.062 0.474281
0.062 0.063 0.450880
0.063 0.064 0.438939
0.064 0.065 0.427593
0.065 0.066 0.420204
0.066 0.067 0.540903
0.067 0.068 0.531379
0.068 0.069 0.417254
0.069 0.070 0.376548
0.070 0.071 0.312126
0.071 0.072 0.302479
0.072 0.073 0.291355
0.073 0.074 0.288554
0.074 0.075 0.283924
0.075 0.076 0.274658
0.076 0.077 0.262743
0.077 0.078 0.253712
0.078 0.079 0.249736
0.079 0.080 0.243746
0.080 0.081 0.234649
0.081 0.082 0.224713
0.082 0.083 0.215236
0.083 0.084 0.204974
0.084 0.085 0.196741
0.085 0.086 0.190005
0.086 0.087 0.181484
0.087 0.088 0.175274
0.088 0.089 0.169447
0.089 0.090 0.160043
0.090 0.091 0.148369
0.091 0.092 0.137071
0.092 0.093 0.129216
0.093 0.094 0.123689
0.094 0.095 0.115369
0.095 0.096 0.107596
0.096 0.097 0.097825
0.097 0.098 0.086849
0.098 0.099 0.074324
0.099 0.100 0.066034
0.100 0.101 0.062425
0.101 0.102 0.054984
0.102 0.103 0.044962
0.103 0.104 0.036290
0.104 0.105 0.029622
0.105 0.106 0.022644
0.106 0.107 0.016135
0.107 0.108 0.009989
0.108 0.109 0.004624
0.109 0.110 0.000585
0.110 0.111 0.000000
0.111 0.112 0.000000
0.112 0.113 0.000000
0.113 0.114 0.000000
0.114 0.115 0.000000
0.115 0.116 0.000000
0.116 0.117 0.000000
0.117 0.118 0.000000
0.118 0.119 0.000000
0.119 0.120 0.000000
0.120 0.121 0.000000
0.121 0.122 0.000000
0.122 0.123 0.000000
0.123 0.124 0.000000
0.124 0.125 0.000000
0.125 0.126 0.000000
0.126 0.127 0.000000
0.127 0.128 0.000000
0.128 0.129 0.000000
0.129 0.130 0.000000
0.130 0.131 0.000000
0.131 0.132 0.000000
0.132 0.133 0.000000
0.133 0.134 0.000000
0.134 0.135 0.000000
0.135 0.136 0.000000
0.136 0.137 0.000000
0.137 0.138 0.000000
0.138 0.139 0.000000
0.139 0.140 0.000000
0.140 0.141 0.000000
0.141 0.142 0.000000
0.142 0.143 0.000000
0.143 0.144 0.000000
0.144 0.145 0.000000
0.145 0.146 0.000000
0.146 0.147 0.000000
0.147 0.148 0.000000
0.148 0.149 0.000000
0.149 0.150 0.000000
