1
0.000 0.001 0.000000
0.001 0.002 0.000000
0.002 0.003 0.000000
0.003 0.004 0.000000
0.004 0.005 0.000000
0.005 0.006 0.000000
0.006 0.007 0.000000
0.007 0.008 0.000000
0.008 0.009 0.000000
0.009 0.010 0.000000
0.010 0.011 0.000000
0.011 0.012 0.000000
0.012 0.013 0.000000
0.013 0.014 0.000000
0.014 0.015 0.000000
0.015 0.016 0.000003
0.016 0.017 0.000028
0.017 0.018 0.000159
0.018 0.019 0.000652
0.019 0.020 0.002076
0.020 0.021 0.005428
0.021 0.022 0.012099
0.022 0.023 0.023625
0.023 0.024 0.041443
0.024 0.025 0.066890
0.025 0.026 0.100150
0.026 0.027 0.141426
0.027 0.028 0.190286
0.028 0.029 0.244817
0.029 0.030 0.305386
0.030 0.031 0.368705
0.031 0.032 0.430306
0.032 0.033 0.493232
0.033 0.034 0.554193
0.034 0.035 0.611367
0.035 0.036 0.665519
0.036 0.037 0.711717
0.037 0.038 0.758456
0.038 0.039 0.802559
0.039 0.040 0.836877
0.040 0.041 0.865570
0.041 0.042 0.892439
0.042 0.043 0.911303
0.043 0.044 0.922902
0.044 0.045 0.937288
0.045 0.046 0.940280
0.046 0.047 0.941809
0.047 0.048 0.938291
0.048 0.049 0.927233
0.049 0.050 0.919886
0.050 0.051 0.910940
0.051 0.052 0.899664
0.052 0.053 0.882044
0.053 0.054 0.868249
0.054 0.055 0.851361
0.055 0.056 0.820574
0.056 0.057 0.789991
0.057 0.058 0.854511
0.058 0.059 1.000000
0.059 0.060 0.892790
0.060 0.061 0.702341
0.061 0.062 0.671619
0.062 0.063 0.640779
0.063 0.064 0.613849
0.064 0.065 0.582312
0.065 0.066 0.545831
0.066 0.067 0.577573
0.067 0.068 0.551355
0.068 0.069 0.466049
0.069 0.070 0.413806
0.070 0.071 0.360651
0.071 0.072 0.332930
0.072 0.073 0.297205
0.073 0.074 0.268215
0.074 0.075 0.239197
0.075 0.076 0.210361
0.076 0.077 0.180704
0.077 0.078 0.147559
0.078 0.079 0.117394
0.079 0.080 0.091890
0.080 0.081 0.071243
0.081 0.082 0.048175
0.082 0.083 0.030821
0.083 0.084 0.017418
0.084 0.085 0.002304
0.085 0.086 0.000000
0.086 0.087 0.000000
0.087 0.088 0.000000
0.088 0.089 0.000000
0.089 0.090 0.000000
0.090 0.091 0.000000
0.091 0.092 0.000000
0.092 0.093 0.000000
0.093 0.094 0.000000
0.094 0.095 0.000000
0.095 0.096 0.000000
0.096 0.097 0.000000
0.097 0.098 0.000000
0.098 0.099 0.000000
0.099 0.100 0.000000
0.100 0.101 0.000000
0.101 0.102 0.000000
0.102 0.103 0.000000
0.103 0.104 0.000000
0.104 0.105 0.000000
0.105 0.106 0.000000
0.106 0.107 0.000000
0.107 0.108 0.000000
0.108 0.109 0.000000
0.109 0.110 0.000000
0.110 0.111 0.000000
0.111 0.112 0.000000
0.112 0.113 0.000000
0.113 0.114 0.000000
0.114 0.115 0.000000
0.115 0.116 0.000000
0.116 0.117 0.000000
0.117 0.118 0.000000
0.118 0.119 0.000000
0.119 0.120 0.000000
0.120 0.121 0.000000
0.121 0.122 0.000000
0.122 0.123 0.000000
0.123 0.124 0.000000
0.124 0.125 0.000000
0.125 0.126 0.000000
0.126 0.127 0.000000
0.127 0.128 0.000000
0.128 0.129 0.000000
0.129 0.130 0.000000
0.130 0.131 0.000000
0.131 0.132 0.000000
0.132 0.133 0.000000
0.133 0.134 0.000000
0.134 0.135 0.000000
0.135 0.136 0.000000
0.136 0.137 0.000000
0.137 0.138 0.000000
0.138 0.139 0.000000
0.139 0.140 0.000000
0.140 0.141 0.000000
0.141 0.142 0.000000
0.142 0.143 0.000000
0.143 0.144 0.000000
0.144 0.145 0.000000
0.145 0.146 0.000000
0.146 0.147 0.000000
0.147 0.148 0.000000
0.148 0.149 0.000000
0.149 0.150 0.000000
