1
0.000 0.001 0.000000
0.001 0.002 0.000000
0.002 0.003 0.000000
0.003 0.004 0.000000
0.004 0.005 0.000000
0.005 0.006 0.000000
0.006 0.007 0.000000
0.007 0.008 0.000000
0.008 0.009 0.000000
0.009 0.010 0.000000
0.010 0.011 0.000000
0.011 0.012 0.000000
0.012 0.013 0.000000
0.013 0.014 0.000000
0.014 0.015 0.000000
0.015 0.016 0.000000
0.016 0.017 0.000000
0.017 0.018 0.000000
0.018 0.019 0.000001
0.019 0.020 0.000005
0.020 0.021 0.000025
0.021 0.022 0.000107
0.022 0.023 0.000360
0.023 0.024 0.001002
0.024 0.025 0.002397
0.025 0.026 0.005035
0.026 0.027 0.009530
0.027 0.028 0.016546
0.028 0.029 0.026694
0.029 0.030 0.040280
0.030 0.031 0.057608
0.031 0.032 0.078682
0.032 0.033 0.103325
0.033 0.034 0.131014
0.034 0.035 0.161234
0.035 0.036 0.193523
0.036 0.037 0.226751
0.037 0.038 0.259610
0.038 0.039 0.291392
0.039 0.040 0.325390
0.040 0.041 0.357793
0.041 0.042 0.387822
0.042 0.043 0.417266
0.043 0.044 0.443730
0.044 0.045 0.468529
0.045 0.046 0.489768
0.046 0.047 0.506461
0.047 0.048 0.523174
0.048 0.049 0.537621
0.049 0.050 0.545120
0.050 0.051 0.551829
0.051 0.052 0.558777
0.052 0.053 0.565907
0.053 0.054 0.569779
0.054 0.055 0.570187
0.055 0.056 0.569789
0.056 0.057 0.569597
0.057 0.058 0.716277
0.058 0.059 1.000000
0.059 0.060 0.842819
0.060 0.061 0.551180
0.061 0.062 0.541865
0.062 0.063 0.517182
0.063 0.064 0.501197
0.064 0.065 0.489963
0.065 0.066 0.480468
0.066 0.067 0.593152
0.067 0.068 0.583737
0.068 0.069 0.469931
0.069 0.070 0.426019
0.070 0.071 0.361627
0.071 0.072 0.349245
0.072 0.073 0.333349
0.073 0.074 0.325482
0.074 0.075 0.315790
0.075 0.076 0.299635
0.076 0.077 0.285901
0.077 0.078 0.274458
0.078 0.079 0.267404
0.079 0.080 0.258773
0.080 0.081 0.246772
0.081 0.082 0.232832
0.082 0.083 0.219825
0.083 0.084 0.206437
0.084 0.085 0.194415
0.085 0.086 0.182167
0.086 0.087 0.172294
0.087 0.088 0.164109
0.088 0.089 0.155559
0.089 0.090 0.144727
0.090 0.091 0.132443
0.091 0.092 0.120221
0.092 0.093 0.110600
0.093 0.094 0.101186
0.094 0.095 0.093501
0.095 0.096 0.086287
0.096 0.097 0.077193
0.097 0.098 0.067162
0.098 0.099 0.055912
0.099 0.100 0.048075
0.100 0.101 0.042784
0.101 0.102 0.037799
0.102 0.103 0.031011
0.103 0.104 0.025263
0.104 0.105 0.020759
0.105 0.106 0.014233
0.106 0.107 0.010938
0.107 0.108 0.007302
0.108 0.109 0.002761
0.109 0.110 0.001620
0.110 0.111 0.000000
0.111 0.112 0.000000
0.112 0.113 0.000000
0.113 0.114 0.000000
0.114 0.115 0.000000
0.115 0.116 0.000000
0.116 0.117 0.000000
0.117 0.118 0.000000
0.118 0.119 0.000000
0.119 0.120 0.000000
0.120 0.121 0.000000
0.121 0.122 0.000000
0.122 0.123 0.000000
0.123 0.124 0.000000
0.124 0.125 0.000000
0.125 0.126 0.000000
0.126 0.127 0.000000
0.127 0.128 0.000000
0.128 0.129 0.000000
0.129 0.130 0.000000
0.130 0.131 0.000000
0.131 0.132 0.000000
0.132 0.133 0.000000
0.133 0.134 0.000000
0.134 0.135 0.000000
0.135 0.136 0.000000
0.136 0.137 0.000000
0.137 0.138 0.000000
0.138 0.139 0.000000
0.139 0.140 0.000000
0.140 0.141 0.000000
0.141 0.142 0.000000
0.142 0.143 0.000000
0.143 0.144 0.000000
0.144 0.145 0.000000
0.145 0.146 0.000000
0.146 0.147 0.000000
0.147 0.148 0.000000
0.148 0.149 0.000000
0.149 0.150 0.000000
