1
0.000 0.001 0.000000
0.001 0.002 0.000000
0.002 0.003 0.000000
0.003 0.004 0.000000
0.004 0.005 0.000000
0.005 0.006 0.000000
0.006 0.007 0.000000
0.007 0.008 0.000002
0.008 0.009 0.000000
0.009 0.010 0.000006
0.010 0.011 0.000070
0.011 0.012 0.000442
0.012 0.013 0.001905
0.013 0.014 0.006464
0.014 0.015 0.016756
0.015 0.016 0.035290
0.016 0.017 0.063642
0.017 0.018 0.102368
0.018 0.019 0.150053
0.019 0.020 0.205243
0.020 0.021 0.265727
0.021 0.022 0.328417
0.022 0.023 0.390869
0.023 0.024 0.451502
0.024 0.025 0.509034
0.025 0.026 0.561363
0.026 0.027 0.608257
0.027 0.028 0.650591
0.028 0.029 0.686658
0.029 0.030 0.715830
0.030 0.031 0.740750
0.031 0.032 0.759274
0.032 0.033 0.772427
0.033 0.034 0.782781
0.034 0.035 0.789414
0.035 0.036 0.790069
0.036 0.037 0.788457
0.037 0.038 0.785336
0.038 0.039 0.776662
0.039 0.040 0.767511
0.040 0.041 0.756425
0.041 0.042 0.744108
0.042 0.043 0.732180
0.043 0.044 0.719054
0.044 0.045 0.705889
0.045 0.046 0.689810
0.046 0.047 0.672309
0.047 0.048 0.658748
0.048 0.049 0.643534
0.049 0.050 0.624189
0.050 0.051 0.606016
0.051 0.052 0.590754
0.052 0.053 0.574894
0.053 0.054 0.557074
0.054 0.055 0.538411
0.055 0.056 0.525105
0.056 0.057 0.512101
0.057 0.058 0.678215
0.058 0.059 1.000000
0.059 0.060 0.801796
0.060 0.061 0.463819
0.061 0.062 0.449725
0.062 0.063 0.419243
0.063 0.064 0.404078
0.064 0.065 0.388701
0.065 0.066 0.375556
0.066 0.067 0.485811
0.067 0.068 0.472125
0.068 0.069 0.363280
0.069 0.070 0.323884
0.070 0.071 0.262737
0.071 0.072 0.254125
0.072 0.073 0.244087
0.073 0.074 0.237248
0.074 0.075 0.229995
0.075 0.076 0.221890
0.076 0.077 0.212238
0.077 0.078 0.203789
0.078 0.079 0.197935
0.079 0.080 0.190673
0.080 0.081 0.183294
0.081 0.082 0.175315
0.082 0.083 0.168205
0.083 0.084 0.161580
0.084 0.085 0.155568
0.085 0.086 0.150120
0.086 0.087 0.143307
0.087 0.088 0.138491
0.088 0.089 0.132837
0.089 0.090 0.125662
0.090 0.091 0.118589
0.091 0.092 0.111201
0.092 0.093 0.106220
0.093 0.094 0.103590
0.094 0.095 0.098616
0.095 0.096 0.093826
0.096 0.097 0.088712
0.097 0.098 0.082483
0.098 0.099 0.076765
0.099 0.100 0.072133
0.100 0.101 0.068415
0.101 0.102 0.063639
0.102 0.103 0.059025
0.103 0.104 0.055526
0.104 0.105 0.052557
0.105 0.106 0.048835
0.106 0.107 0.045287
0.107 0.108 0.040996
0.108 0.109 0.037318
0.109 0.110 0.033047
0.110 0.111 0.030219
0.111 0.112 0.027923
0.112 0.113 0.024830
0.113 0.114 0.022227
0.114 0.115 0.019709
0.115 0.116 0.016800
0.116 0.117 0.013764
0.117 0.118 0.011695
0.118 0.119 0.008925
0.119 0.120 0.007462
0.120 0.121 0.006633
0.121 0.122 0.004524
0.122 0.123 0.003486
0.123 0.124 0.002402
0.124 0.125 0.000890
0.125 0.126 0.000510
0.126 0.127 0.000000
0.127 0.128 0.000000
0.128 0.129 0.000000
0.129 0.130 0.000000
0.130 0.131 0.000000
0.131 0.132 0.000000
0.132 0.133 0.000000
0.133 0.134 0.000000
0.134 0.135 0.000000
0.135 0.136 0.000000
0.136 0.137 0.000000
0.137 0.138 0.000000
0.138 0.139 0.000000
0.139 0.140 0.000000
0.140 0.141 0.000000
0.141 0.142 0.000000
0.142 0.143 0.000000
0.143 0.144 0.000000
0.144 0.145 0.000000
0.145 0.146 0.000000
0.146 0.147 0.000000
0.147 0.148 0.000000
0.148 0.149 0.000000
0.149 0.150 0.000000
