1
0.000 0.001 0.000000
0.001 0.002 0.000000
0.002 0.003 0.000000
0.003 0.004 0.000000
0.004 0.005 0.000000
0.005 0.006 0.000000
0.006 0.007 0.000000
0.007 0.008 0.000000
0.008 0.009 0.000000
0.009 0.010 0.000000
0.010 0.011 0.000000
0.011 0.012 0.000000
0.012 0.013 0.000000
0.013 0.014 0.000000
0.014 0.015 0.000000
0.015 0.016 0.000001
0.016 0.017 0.000010
0.017 0.018 0.000061
0.018 0.019 0.000267
0.019 0.020 0.000907
0.020 0.021 0.002502
0.021 0.022 0.005862
0.022 0.023 0.011986
0.023 0.024 0.021890
0.024 0.025 0.036607
0.025 0.026 0.056646
0.026 0.027 0.081981
0.027 0.028 0.113162
0.028 0.029 0.149438
0.029 0.030 0.189330
0.030 0.031 0.232206
0.031 0.032 0.277091
0.032 0.033 0.323097
0.033 0.034 0.367952
0.034 0.035 0.410884
0.035 0.036 0.453038
0.036 0.037 0.491357
0.037 0.038 0.523890
0.038 0.039 0.552547
0.039 0.040 0.583669
0.040 0.041 0.608978
0.041 0.042 0.629434
0.042 0.043 0.648807
0.043 0.044 0.663235
0.044 0.045 0.675033
0.045 0.046 0.681914
0.046 0.047 0.683632
0.047 0.048 0.685194
0.048 0.049 0.684746
0.049 0.050 0.677539
0.050 0.051 0.669992
0.051 0.052 0.666870
0.052 0.053 0.660712
0.053 0.054 0.652381
0.054 0.055 0.641692
0.055 0.056 0.629548
0.056 0.057 0.617652
0.057 0.058 0.746644
0.058 0.059 1.000000
0.059 0.060 0.840687
0.060 0.061 0.562904
0.061 0.062 0.545517
0.062 0.063 0.512741
0.063 0.064 0.494950
0.064 0.065 0.478359
0.065 0.066 0.463265
0.066 0.067 0.554988
0.067 0.068 0.540153
0.068 0.069 0.434614
0.069 0.070 0.390745
0.070 0.071 0.331731
0.071 0.072 0.316819
0.072 0.073 0.297105
0.073 0.074 0.288748
0.074 0.075 0.279124
0.075 0.076 0.265205
0.076 0.077 0.250108
0.077 0.078 0.237057
0.078 0.079 0.227676
0.079 0.080 0.217417
0.080 0.081 0.204569
0.081 0.082 0.189818
0.082 0.083 0.174545
0.083 0.084 0.162835
0.084 0.085 0.152637
0.085 0.086 0.143606
0.086 0.087 0.133218
0.087 0.088 0.123790
0.088 0.089 0.113928
0.089 0.090 0.103046
0.090 0.091 0.090001
0.091 0.092 0.081085
0.092 0.093 0.073722
0.093 0.094 0.066922
0.094 0.095 0.059113
0.095 0.096 0.051767
0.096 0.097 0.041698
0.097 0.098 0.034861
0.098 0.099 0.027105
0.099 0.100 0.021718
0.100 0.101 0.018818
0.101 0.102 0.012527
0.102 0.103 0.008893
0.103 0.104 0.005585
0.104 0.105 0.001610
0.105 0.106 0.000000
0.106 0.107 0.000000
0.107 0.108 0.000000
0.108 0.109 0.000000
0.109 0.110 0.000000
0.110 0.111 0.000000
0.111 0.112 0.000000
0.112 0.113 0.000000
0.113 0.114 0.000000
0.114 0.115 0.000000
0.115 0.116 0.000000
0.116 0.117 0.000000
0.117 0.118 0.000000
0.118 0.119 0.000000
0.119 0.120 0.000000
0.120 0.121 0.000000
0.121 0.122 0.000000
0.122 0.123 0.000000
0.123 0.124 0.000000
0.124 0.125 0.000000
0.125 0.126 0.000000
0.126 0.127 0.000000
0.127 0.128 0.000000
0.128 0.129 0.000000
0.129 0.130 0.000000
0.130 0.131 0.000000
0.131 0.132 0.000000
0.132 0.133 0.000000
0.133 0.134 0.000000
0.134 0.135 0.000000
0.135 0.136 0.000000
0.136 0.137 0.000000
0.137 0.138 0.000000
0.138 0.139 0.000000
0.139 0.140 0.000000
0.140 0.141 0.000000
0.141 0.142 0.000000
0.142 0.143 0.000000
0.143 0.144 0.000000
0.144 0.145 0.000000
0.145 0.146 0.000000
0.146 0.147 0.000000
0.147 0.148 0.000000
0.148 0.149 0.000000
0.149 0.150 0.000000
