1
0.000 0.001 0.000000
0.001 0.002 0.000000
0.002 0.003 0.000000
0.003 0.004 0.000000
0.004 0.005 0.000000
0.005 0.006 0.000000
0.006 0.007 0.000000
0.007 0.008 0.000019
0.008 0.009 0.000000
0.009 0.010 0.000000
0.010 0.011 0.000000
0.011 0.012 0.000001
0.012 0.013 0.000009
0.013 0.014 0.000078
0.014 0.015 0.000424
0.015 0.016 0.001593
0.016 0.017 0.004582
0.017 0.018 0.010771
0.018 0.019 0.021541
0.019 0.020 0.038276
0.020 0.021 0.061772
0.021 0.022 0.092071
0.022 0.023 0.128586
0.023 0.024 0.170160
0.024 0.025 0.215764
0.025 0.026 0.263020
0.026 0.027 0.310666
0.027 0.028 0.359080
0.028 0.029 0.405879
0.029 0.030 0.449708
0.030 0.031 0.489879
0.031 0.032 0.526024
0.032 0.033 0.559194
0.033 0.034 0.588090
0.034 0.035 0.612888
0.035 0.036 0.634417
0.036 0.037 0.651856
0.037 0.038 0.664232
0.038 0.039 0.672210
0.039 0.040 0.679040
0.040 0.041 0.682961
0.041 0.042 0.683915
0.042 0.043 0.684453
0.043 0.044 0.681269
0.044 0.045 0.678085
0.045 0.046 0.672457
0.046 0.047 0.662510
0.047 0.048 0.654912
0.048 0.049 0.647453
0.049 0.050 0.634881
0.050 0.051 0.621984
0.051 0.052 0.612476
0.052 0.053 0.602580
0.053 0.054 0.589650
0.054 0.055 0.575401
0.055 0.056 0.563295
0.056 0.057 0.552002
0.057 0.058 0.704367
0.058 0.059 1.000000
0.059 0.060 0.817625
0.060 0.061 0.504167
0.061 0.062 0.489984
0.062 0.063 0.461485
0.063 0.064 0.445493
0.064 0.065 0.429905
0.065 0.066 0.417152
0.066 0.067 0.520018
0.067 0.068 0.507071
0.068 0.069 0.400332
0.069 0.070 0.358824
0.070 0.071 0.298644
0.071 0.072 0.287314
0.072 0.073 0.273965
0.073 0.074 0.266500
0.074 0.075 0.257844
0.075 0.076 0.246386
0.076 0.077 0.233366
0.077 0.078 0.221782
0.078 0.079 0.214934
0.079 0.080 0.206939
0.080 0.081 0.196426
0.081 0.082 0.184848
0.082 0.083 0.173770
0.083 0.084 0.164428
0.084 0.085 0.156173
0.085 0.086 0.148932
0.086 0.087 0.140067
0.087 0.088 0.133036
0.088 0.089 0.125382
0.089 0.090 0.117389
0.090 0.091 0.108707
0.091 0.092 0.099509
0.092 0.093 0.092742
0.093 0.094 0.087202
0.094 0.095 0.081195
0.095 0.096 0.075521
0.096 0.097 0.068749
0.097 0.098 0.061148
0.098 0.099 0.052674
0.099 0.100 0.047758
0.100 0.101 0.045230
0.101 0.102 0.040876
0.102 0.103 0.034896
0.103 0.104 0.029570
0.104 0.105 0.026641
0.105 0.106 0.023039
0.106 0.107 0.018764
0.107 0.108 0.015364
0.108 0.109 0.012304
0.109 0.110 0.008678
0.110 0.111 0.006509
0.111 0.112 0.004678
0.112 0.113 0.002199
0.113 0.114 0.000610
0.114 0.115 0.000000
0.115 0.116 0.000000
0.116 0.117 0.000000
0.117 0.118 0.000000
0.118 0.119 0.000000
0.119 0.120 0.000000
0.120 0.121 0.000000
0.121 0.122 0.000000
0.122 0.123 0.000000
0.123 0.124 0.000000
0.124 0.125 0.000000
0.125 0.126 0.000000
0.126 0.127 0.000000
0.127 0.128 0.000000
0.128 0.129 0.000000
0.129 0.130 0.000000
0.130 0.131 0.000000
0.131 0.132 0.000000
0.132 0.133 0.000000
0.133 0.134 0.000000
0.134 0.135 0.000000
0.135 0.136 0.000000
0.136 0.137 0.000000
0.137 0.138 0.000000
0.138 0.139 0.000000
0.139 0.140 0.000000
0.140 0.141 0.000000
0.141 0.142 0.000000
0.142 0.143 0.000000
0.143 0.144 0.000000
0.144 0.145 0.000000
0.145 0.146 0.000000
0.146 0.147 0.000000
0.147 0.148 0.000000
0.148 0.149 0.000000
0.149 0.150 0.000000
