1
0.000 0.001 0.000000
0.001 0.002 0.000000
0.002 0.003 0.000000
0.003 0.004 0.000000
0.004 0.005 0.000000
0.005 0.006 0.000000
0.006 0.007 0.000000
0.007 0.008 0.000000
0.008 0.009 0.000000
0.009 0.010 0.000000
0.010 0.011 0.000000
0.011 0.012 0.000000
0.012 0.013 0.000000
0.013 0.014 0.000000
0.014 0.015 0.000004
0.015 0.016 0.000037
0.016 0.017 0.000214
0.017 0.018 0.000884
0.018 0.019 0.002806
0.019 0.020 0.007294
0.020 0.021 0.016088
0.021 0.022 0.031134
0.022 0.023 0.053866
0.023 0.024 0.085369
0.024 0.025 0.126910
0.025 0.026 0.176710
0.026 0.027 0.233727
0.027 0.028 0.297547
0.028 0.029 0.365103
0.029 0.030 0.436608
0.030 0.031 0.508379
0.031 0.032 0.574943
0.032 0.033 0.638949
0.033 0.034 0.698505
0.034 0.035 0.753411
0.035 0.036 0.804914
0.036 0.037 0.846220
0.037 0.038 0.886369
0.038 0.039 0.921731
0.039 0.040 0.945987
0.040 0.041 0.965890
0.041 0.042 0.983850
0.042 0.043 0.995184
0.043 0.044 0.995957
0.044 0.045 1.000000
0.045 0.046 0.994360
0.046 0.047 0.984945
0.047 0.048 0.973344
0.048 0.049 0.955649
0.049 0.050 0.941183
0.050 0.051 0.923353
0.051 0.052 0.902830
0.052 0.053 0.881231
0.053 0.054 0.863537
0.054 0.055 0.840071
0.055 0.056 0.802010
0.056 0.057 0.766089
0.057 0.058 0.799806
0.058 0.059 0.885988
0.059 0.060 0.798247
0.060 0.061 0.652836
0.061 0.062 0.619995
0.062 0.063 0.590943
0.063 0.064 0.559541
0.064 0.065 0.523829
0.065 0.066 0.482357
0.066 0.067 0.487868
0.067 0.068 0.455756
0.068 0.069 0.381847
0.069 0.070 0.334357
0.070 0.071 0.290014
0.071 0.072 0.256278
0.072 0.073 0.214509
0.073 0.074 0.186346
0.074 0.075 0.156170
0.075 0.076 0.127845
0.076 0.077 0.104288
0.077 0.078 0.075716
0.078 0.079 0.049975
0.079 0.080 0.031738
0.080 0.081 0.018315
0.081 0.082 0.002262
0.082 0.083 0.000000
0.083 0.084 0.000000
0.084 0.085 0.000000
0.085 0.086 0.000000
0.086 0.087 0.000000
0.087 0.088 0.000000
0.088 0.089 0.000000
0.089 0.090 0.000000
0.090 0.091 0.000000
0.091 0.092 0.000000
0.092 0.093 0.000000
0.093 0.094 0.000000
0.094 0.095 0.000000
0.095 0.096 0.000000
0.096 0.097 0.000000
0.097 0.098 0.000000
0.098 0.099 0.000000
0.099 0.100 0.000000
0.100 0.101 0.000000
0.101 0.102 0.000000
0.102 0.103 0.000000
0.103 0.104 0.000000
0.104 0.105 0.000000
0.105 0.106 0.000000
0.106 0.107 0.000000
0.107 0.108 0.000000
0.108 0.109 0.000000
0.109 0.110 0.000000
0.110 0.111 0.000000
0.111 0.112 0.000000
0.112 0.113 0.000000
0.113 0.114 0.000000
0.114 0.115 0.000000
0.115 0.116 0.000000
0.116 0.117 0.000000
0.117 0.118 0.000000
0.118 0.119 0.000000
0.119 0.120 0.000000
0.120 0.121 0.000000
0.121 0.122 0.000000
0.122 0.123 0.000000
0.123 0.124 0.000000
0.124 0.125 0.000000
0.125 0.126 0.000000
0.126 0.127 0.000000
0.127 0.128 0.000000
0.128 0.129 0.000000
0.129 0.130 0.000000
0.130 0.131 0.000000
0.131 0.132 0.000000
0.132 0.133 0.000000
0.133 0.134 0.000000
0.134 0.135 0.000000
0.135 0.136 0.000000
0.136 0.137 0.000000
0.137 0.138 0.000000
0.138 0.139 0.000000
0.139 0.140 0.000000
0.140 0.141 0.000000
0.141 0.142 0.000000
0.142 0.143 0.000000
0.143 0.144 0.000000
0.144 0.145 0.000000
0.145 0.146 0.000000
0.146 0.147 0.000000
0.147 0.148 0.000000
0.148 0.149 0.000000
0.149 0.150 0.000000
