1
0.000 0.001 0.000000
0.001 0.002 0.000000
0.002 0.003 0.000000
0.003 0.004 0.000000
0.004 0.005 0.000000
0.005 0.006 0.000000
0.006 0.007 0.000000
0.007 0.008 0.000006
0.008 0.009 0.000000
0.009 0.010 0.000000
0.010 0.011 0.000000
0.011 0.012 0.000000
0.012 0.013 0.000001
0.013 0.014 0.000010
0.014 0.015 0.000084
0.015 0.016 0.000461
0.016 0.017 0.001779
0.017 0.018 0.005287
0.018 0.019 0.012793
0.019 0.020 0.026491
0.020 0.021 0.048408
0.021 0.022 0.079876
0.022 0.023 0.121309
0.023 0.024 0.172378
0.024 0.025 0.231912
0.025 0.026 0.297037
0.026 0.027 0.365531
0.027 0.028 0.436315
0.028 0.029 0.507525
0.029 0.030 0.576329
0.030 0.031 0.640248
0.031 0.032 0.697843
0.032 0.033 0.750551
0.033 0.034 0.798272
0.034 0.035 0.837849
0.035 0.036 0.872874
0.036 0.037 0.899897
0.037 0.038 0.917481
0.038 0.039 0.931921
0.039 0.040 0.945028
0.040 0.041 0.947629
0.041 0.042 0.945404
0.042 0.043 0.940011
0.043 0.044 0.936243
0.044 0.045 0.930170
0.045 0.046 0.916677
0.046 0.047 0.901104
0.047 0.048 0.885564
0.048 0.049 0.866909
0.049 0.050 0.842470
0.050 0.051 0.820835
0.051 0.052 0.802047
0.052 0.053 0.774483
0.053 0.054 0.753326
0.054 0.055 0.732349
0.055 0.056 0.708126
0.056 0.057 0.683025
0.057 0.058 0.786502
0.058 0.059 1.000000
0.059 0.060 0.848809
0.060 0.061 0.595519
0.061 0.062 0.569581
0.062 0.063 0.529465
0.063 0.064 0.505947
0.064 0.065 0.483956
0.065 0.066 0.462439
0.066 0.067 0.532380
0.067 0.068 0.513160
0.068 0.069 0.415875
0.069 0.070 0.370871
0.070 0.071 0.316546
0.071 0.072 0.297299
0.072 0.073 0.279577
0.073 0.074 0.266340
0.074 0.075 0.252464
0.075 0.076 0.235897
0.076 0.077 0.219330
0.077 0.078 0.203823
0.078 0.079 0.191068
0.079 0.080 0.176699
0.080 0.081 0.164116
0.081 0.082 0.149961
0.082 0.083 0.137086
0.083 0.084 0.124819
0.084 0.085 0.112944
0.085 0.086 0.101700
0.086 0.087 0.087862
0.087 0.088 0.078858
0.088 0.089 0.068743
0.089 0.090 0.059391
0.090 0.091 0.050742
0.091 0.092 0.040323
0.092 0.093 0.034337
0.093 0.094 0.028246
0.094 0.095 0.021968
0.095 0.096 0.014626
0.096 0.097 0.010574
0.097 0.098 0.006515
0.098 0.099 0.001612
0.099 0.100 0.000000
0.100 0.101 0.000000
0.101 0.102 0.000000
0.102 0.103 0.000000
0.103 0.104 0.000000
0.104 0.105 0.000000
0.105 0.106 0.000000
0.106 0.107 0.000000
0.107 0.108 0.000000
0.108 0.109 0.000000
0.109 0.110 0.000000
0.110 0.111 0.000000
0.111 0.112 0.000000
0.112 0.113 0.000000
0.113 0.114 0.000000
0.114 0.115 0.000000
0.115 0.116 0.000000
0.116 0.117 0.000000
0.117 0.118 0.000000
0.118 0.119 0.000000
0.119 0.120 0.000000
0.120 0.121 0.000000
0.121 0.122 0.000000
0.122 0.123 0.000000
0.123 0.124 0.000000
0.124 0.125 0.000000
0.125 0.126 0.000000
0.126 0.127 0.000000
0.127 0.128 0.000000
0.128 0.129 0.000000
0.129 0.130 0.000000
0.130 0.131 0.000000
0.131 0.132 0.000000
0.132 0.133 0.000000
0.133 0.134 0.000000
0.134 0.135 0.000000
0.135 0.136 0.000000
0.136 0.137 0.000000
0.137 0.138 0.000000
0.138 0.139 0.000000
0.139 0.140 0.000000
0.140 0.141 0.000000
0.141 0.142 0.000000
0.142 0.143 0.000000
0.143 0.144 0.000000
0.144 0.145 0.000000
0.145 0.146 0.000000
0.146 0.147 0.000000
0.147 0.148 0.000000
0.148 0.149 0.000000
0.149 0.150 0.000000
