1
0.000 0.001 0.000000
0.001 0.002 0.000000
0.002 0.003 0.000000
0.003 0.004 0.000000
0.004 0.005 0.000000
0.005 0.006 0.000000
0.006 0.007 0.000000
0.007 0.008 0.000000
0.008 0.009 0.000000
0.009 0.010 0.000000
0.010 0.011 0.000000
0.011 0.012 0.000000
0.012 0.013 0.000000
0.013 0.014 0.000000
0.014 0.015 0.000000
0.015 0.016 0.000000
0.016 0.017 0.000000
0.017 0.018 0.000000
0.018 0.019 0.000004
0.019 0.020 0.000023
0.020 0.021 0.000103
0.021 0.022 0.000358
0.022 0.023 0.001023
0.023 0.024 0.002487
0.024 0.025 0.005315
0.025 0.026 0.010142
0.026 0.027 0.017634
0.027 0.028 0.028508
0.028 0.029 0.043271
0.029 0.030 0.061990
0.030 0.031 0.084672
0.031 0.032 0.111076
0.032 0.033 0.141043
0.033 0.034 0.173555
0.034 0.035 0.208025
0.035 0.036 0.244401
0.036 0.037 0.280967
0.037 0.038 0.316216
0.038 0.039 0.350840
0.039 0.040 0.385559
0.040 0.041 0.417570
0.041 0.042 0.447233
0.042 0.043 0.476034
0.043 0.044 0.500900
0.044 0.045 0.523973
0.045 0.046 0.543560
0.046 0.047 0.558890
0.047 0.048 0.573854
0.048 0.049 0.586542
0.049 0.050 0.593042
0.050 0.051 0.598465
0.051 0.052 0.604851
0.052 0.053 0.608504
0.053 0.054 0.608291
0.054 0.055 0.604659
0.055 0.056 0.600552
0.056 0.057 0.597000
0.057 0.058 0.734237
0.058 0.059 1.000000
0.059 0.060 0.845266
0.060 0.061 0.564946
0.061 0.062 0.553841
0.062 0.063 0.527711
0.063 0.064 0.511267
0.064 0.065 0.495905
0.065 0.066 0.482266
0.066 0.067 0.582559
0.067 0.068 0.567511
0.068 0.069 0.458398
0.069 0.070 0.414708
0.070 0.071 0.353221
0.071 0.072 0.339795
0.072 0.073 0.322611
0.073 0.074 0.313437
0.074 0.075 0.301440
0.075 0.076 0.287927
0.076 0.077 0.272759
0.077 0.078 0.259766
0.078 0.079 0.250828
0.079 0.080 0.240731
0.080 0.081 0.227697
0.081 0.082 0.211563
0.082 0.083 0.199272
0.083 0.084 0.186520
0.084 0.085 0.175326
0.085 0.086 0.165358
0.086 0.087 0.153831
0.087 0.088 0.142532
0.088 0.089 0.134003
0.089 0.090 0.123737
0.090 0.091 0.111944
0.091 0.092 0.100797
0.092 0.093 0.091633
0.093 0.094 0.082350
0.094 0.095 0.074565
0.095 0.096 0.067282
0.096 0.097 0.058183
0.097 0.098 0.048468
0.098 0.099 0.036949
0.099 0.100 0.030936
0.100 0.101 0.027941
0.101 0.102 0.021348
0.102 0.103 0.016337
0.103 0.104 0.011905
0.104 0.105 0.007324
0.105 0.106 0.004840
0.106 0.107 0.001337
0.107 0.108 0.000000
0.108 0.109 0.000000
0.109 0.110 0.000000
0.110 0.111 0.000000
0.111 0.112 0.000000
0.112 0.113 0.000000
0.113 0.114 0.000000
0.114 0.115 0.000000
0.115 0.116 0.000000
0.116 0.117 0.000000
0.117 0.118 0.000000
0.118 0.119 0.000000
0.119 0.120 0.000000
0.120 0.121 0.000000
0.121 0.122 0.000000
0.122 0.123 0.000000
0.123 0.124 0.000000
0.124 0.125 0.000000
0.125 0.126 0.000000
0.126 0.127 0.000000
0.127 0.128 0.000000
0.128 0.129 0.000000
0.129 0.130 0.000000
0.130 0.131 0.000000
0.131 0.132 0.000000
0.132 0.133 0.000000
0.133 0.134 0.000000
0.134 0.135 0.000000
0.135 0.136 0.000000
0.136 0.137 0.000000
0.137 0.138 0.000000
0.138 0.139 0.000000
0.139 0.140 0.000000
0.140 0.141 0.000000
0.141 0.142 0.000000
0.142 0.143 0.000000
0.143 0.144 0.000000
0.144 0.145 0.000000
0.145 0.146 0.000000
0.146 0.147 0.000000
0.147 0.148 0.000000
0.148 0.149 0.000000
0.149 0.150 0.000000
