1
0.000 0.001 0.000000
0.001 0.002 0.000000
0.002 0.003 0.000000
0.003 0.004 0.000000
0.004 0.005 0.000000
0.005 0.006 0.000000
0.006 0.007 0.000000
0.007 0.008 0.000000
0.008 0.009 0.000000
0.009 0.010 0.000000
0.010 0.011 0.000000
0.011 0.012 0.000000
0.012 0.013 0.000000
0.013 0.014 0.000000
0.014 0.015 0.000000
0.015 0.016 0.000000
0.016 0.017 0.000000
0.017 0.018 0.000000
0.018 0.019 0.000001
0.019 0.020 0.000009
0.020 0.021 0.000042
0.021 0.022 0.000159
0.022 0.023 0.000481
0.023 0.024 0.001231
0.024 0.025 0.002739
0.025 0.026 0.005419
0.026 0.027 0.009728
0.027 0.028 0.016156
0.028 0.029 0.025088
0.029 0.030 0.036638
0.030 0.031 0.051004
0.031 0.032 0.067941
0.032 0.033 0.087407
0.033 0.034 0.109172
0.034 0.035 0.132571
0.035 0.036 0.156867
0.036 0.037 0.182064
0.037 0.038 0.208195
0.038 0.039 0.233418
0.039 0.040 0.257763
0.040 0.041 0.281606
0.041 0.042 0.304409
0.042 0.043 0.326016
0.043 0.044 0.345636
0.044 0.045 0.364387
0.045 0.046 0.380037
0.046 0.047 0.393736
0.047 0.048 0.408201
0.048 0.049 0.419750
0.049 0.050 0.427166
0.050 0.051 0.434821
0.051 0.052 0.442646
0.052 0.053 0.447000
0.053 0.054 0.449092
0.054 0.055 0.451156
0.055 0.056 0.453412
0.056 0.057 0.455302
0.057 0.058 0.641774
0.058 0.059 1.000000
0.059 0.060 0.810965
0.060 0.061 0.458194
0.061 0.062 0.454085
0.062 0.063 0.429849
0.063 0.064 0.423261
0.064 0.065 0.415531
0.065 0.066 0.407249
0.066 0.067 0.551753
0.067 0.068 0.547127
0.068 0.069 0.419978
0.069 0.070 0.378479
0.070 0.071 0.306158
0.071 0.072 0.300746
0.072 0.073 0.292993
0.073 0.074 0.287501
0.074 0.075 0.282233
0.075 0.076 0.275917
0.076 0.077 0.267525
0.077 0.078 0.260607
0.078 0.079 0.254739
0.079 0.080 0.250011
0.080 0.081 0.244012
0.081 0.082 0.236515
0.082 0.083 0.229164
0.083 0.084 0.222243
0.084 0.085 0.216180
0.085 0.086 0.210486
0.086 0.087 0.203914
0.087 0.088 0.198994
0.088 0.089 0.192338
0.089 0.090 0.183786
0.090 0.091 0.177562
0.091 0.092 0.169201
0.092 0.093 0.163139
0.093 0.094 0.159787
0.094 0.095 0.153828
0.095 0.096 0.148189
0.096 0.097 0.142393
0.097 0.098 0.134909
0.098 0.099 0.128057
0.099 0.100 0.122623
0.100 0.101 0.117137
0.101 0.102 0.112476
0.102 0.103 0.107014
0.103 0.104 0.102775
0.104 0.105 0.098292
0.105 0.106 0.092794
0.106 0.107 0.087992
0.107 0.108 0.082226
0.108 0.109 0.077487
0.109 0.110 0.072896
0.110 0.111 0.067615
0.111 0.112 0.064135
0.112 0.113 0.059281
0.113 0.114 0.054881
0.114 0.115 0.051316
0.115 0.116 0.047456
0.116 0.117 0.043312
0.117 0.118 0.039407
0.118 0.119 0.034030
0.119 0.120 0.031388
0.120 0.121 0.030030
0.121 0.122 0.027425
0.122 0.123 0.024799
0.123 0.124 0.022015
0.124 0.125 0.018674
0.125 0.126 0.014932
0.126 0.127 0.013087
0.127 0.128 0.010833
0.128 0.129 0.008813
0.129 0.130 0.006844
0.130 0.131 0.004271
0.131 0.132 0.003372
0.132 0.133 0.002228
0.133 0.134 0.000579
0.134 0.135 0.000000
0.135 0.136 0.000000
0.136 0.137 0.000000
0.137 0.138 0.000000
0.138 0.139 0.000000
0.139 0.140 0.000000
0.140 0.141 0.000000
0.141 0.142 0.000000
0.142 0.143 0.000000
0.143 0.144 0.000000
0.144 0.145 0.000000
0.145 0.146 0.000000
0.146 0.147 0.000000
0.147 0.148 0.000000
0.148 0.149 0.000000
0.149 0.150 0.000000
