1
0.000 0.001 0.000000
0.001 0.002 0.000000
0.002 0.003 0.000000
0.003 0.004 0.000000
0.004 0.005 0.000000
0.005 0.006 0.000000
0.006 0.007 0.000000
0.007 0.008 0.000000
0.008 0.009 0.000000
0.009 0.010 0.000000
0.010 0.011 0.000000
0.011 0.012 0.000000
0.012 0.013 0.000000
0.013 0.014 0.000000
0.014 0.015 0.000000
0.015 0.016 0.000000
0.016 0.017 0.000004
0.017 0.018 0.000031
0.018 0.019 0.000154
0.019 0.020 0.000577
0.020 0.021 0.001712
0.021 0.022 0.004232
0.022 0.023 0.009029
0.023 0.024 0.017039
0.024 0.025 0.029170
0.025 0.026 0.046067
0.026 0.027 0.068102
0.027 0.028 0.095142
0.028 0.029 0.126806
0.029 0.030 0.162283
0.030 0.031 0.200183
0.031 0.032 0.240251
0.032 0.033 0.282847
0.033 0.034 0.323039
0.034 0.035 0.361789
0.035 0.036 0.402036
0.036 0.037 0.438676
0.037 0.038 0.469802
0.038 0.039 0.500315
0.039 0.040 0.531253
0.040 0.041 0.554940
0.041 0.042 0.575827
0.042 0.043 0.595457
0.043 0.044 0.612207
0.044 0.045 0.625883
0.045 0.046 0.634565
0.046 0.047 0.641812
0.047 0.048 0.646733
0.048 0.049 0.649498
0.049 0.050 0.646790
0.050 0.051 0.645932
0.051 0.052 0.647191
0.052 0.053 0.640640
0.053 0.054 0.631579
0.054 0.055 0.624634
0.055 0.056 0.617827
0.056 0.057 0.608204
0.057 0.058 0.740177
0.058 0.059 1.000000
0.059 0.060 0.846226
0.060 0.061 0.573766
0.061 0.062 0.558752
0.062 0.063 0.526499
0.063 0.064 0.509395
0.064 0.065 0.494778
0.065 0.066 0.481798
0.066 0.067 0.576688
0.067 0.068 0.564540
0.068 0.069 0.459205
0.069 0.070 0.414763
0.070 0.071 0.357007
0.071 0.072 0.345890
0.072 0.073 0.330834
0.073 0.074 0.318890
0.074 0.075 0.306024
0.075 0.076 0.289694
0.076 0.077 0.273656
0.077 0.078 0.259967
0.078 0.079 0.250294
0.079 0.080 0.238449
0.080 0.081 0.222378
0.081 0.082 0.204937
0.082 0.083 0.188937
0.083 0.084 0.173694
0.084 0.085 0.159063
0.085 0.086 0.145405
0.086 0.087 0.129540
0.087 0.088 0.114149
0.088 0.089 0.095833
0.089 0.090 0.080336
0.090 0.091 0.067945
0.091 0.092 0.053200
0.092 0.093 0.038620
0.093 0.094 0.023551
0.094 0.095 0.001129
0.095 0.096 0.000000
0.096 0.097 0.000000
0.097 0.098 0.000000
0.098 0.099 0.000000
0.099 0.100 0.000000
0.100 0.101 0.000000
0.101 0.102 0.000000
0.102 0.103 0.000000
0.103 0.104 0.000000
0.104 0.105 0.000000
0.105 0.106 0.000000
0.106 0.107 0.000000
0.107 0.108 0.000000
0.108 0.109 0.000000
0.109 0.110 0.000000
0.110 0.111 0.000000
0.111 0.112 0.000000
0.112 0.113 0.000000
0.113 0.114 0.000000
0.114 0.115 0.000000
0.115 0.116 0.000000
0.116 0.117 0.000000
0.117 0.118 0.000000
0.118 0.119 0.000000
0.119 0.120 0.000000
0.120 0.121 0.000000
0.121 0.122 0.000000
0.122 0.123 0.000000
0.123 0.124 0.000000
0.124 0.125 0.000000
0.125 0.126 0.000000
0.126 0.127 0.000000
0.127 0.128 0.000000
0.128 0.129 0.000000
0.129 0.130 0.000000
0.130 0.131 0.000000
0.131 0.132 0.000000
0.132 0.133 0.000000
0.133 0.134 0.000000
0.134 0.135 0.000000
0.135 0.136 0.000000
0.136 0.137 0.000000
0.137 0.138 0.000000
0.138 0.139 0.000000
0.139 0.140 0.000000
0.140 0.141 0.000000
0.141 0.142 0.000000
0.142 0.143 0.000000
0.143 0.144 0.000000
0.144 0.145 0.000000
0.145 0.146 0.000000
0.146 0.147 0.000000
0.147 0.148 0.000000
0.148 0.149 0.000000
0.149 0.150 0.000000
