1
0.000 0.001 0.000000
0.001 0.002 0.000000
0.002 0.003 0.000000
0.003 0.004 0.000000
0.004 0.005 0.000000
0.005 0.006 0.000000
0.006 0.007 0.000000
0.007 0.008 0.000000
0.008 0.009 0.000000
0.009 0.010 0.000000
0.010 0.011 0.000000
0.011 0.012 0.000000
0.012 0.013 0.000000
0.013 0.014 0.000000
0.014 0.015 0.000000
0.015 0.016 0.000000
0.016 0.017 0.000000
0.017 0.018 0.000000
0.018 0.019 0.000000
0.019 0.020 0.000000
0.020 0.021 0.000000
0.021 0.022 0.000001
0.022 0.023 0.000007
0.023 0.024 0.000028
0.024 0.025 0.000098
0.025 0.026 0.000285
0.026 0.027 0.000713
0.027 0.028 0.001578
0.028 0.029 0.003156
0.029 0.030 0.005744
0.030 0.031 0.009723
0.031 0.032 0.015404
0.032 0.033 0.023103
0.033 0.034 0.033018
0.034 0.035 0.045254
0.035 0.036 0.059801
0.036 0.037 0.076585
0.037 0.038 0.095497
0.038 0.039 0.115846
0.039 0.040 0.137704
0.040 0.041 0.160585
0.041 0.042 0.183811
0.042 0.043 0.207905
0.043 0.044 0.231898
0.044 0.045 0.256172
0.045 0.046 0.278619
0.046 0.047 0.299974
0.047 0.048 0.322094
0.048 0.049 0.342441
0.049 0.050 0.359598
0.050 0.051 0.376051
0.051 0.052 0.392300
0.052 0.053 0.405849
0.053 0.054 0.416962
0.054 0.055 0.427044
0.055 0.056 0.436138
0.056 0.057 0.446144
0.057 0.058 0.635859
0.058 0.059 1.000000
0.059 0.060 0.825442
0.060 0.061 0.478937
0.061 0.062 0.481226
0.062 0.063 0.462158
0.063 0.064 0.460596
0.064 0.065 0.457312
0.065 0.066 0.453999
0.066 0.067 0.614994
0.067 0.068 0.614103
0.068 0.069 0.476430
0.069 0.070 0.431263
0.070 0.071 0.352856
0.071 0.072 0.349409
0.072 0.073 0.343207
0.073 0.074 0.339537
0.074 0.075 0.335653
0.075 0.076 0.330422
0.076 0.077 0.322441
0.077 0.078 0.315970
0.078 0.079 0.311551
0.079 0.080 0.306122
0.080 0.081 0.298821
0.081 0.082 0.289394
0.082 0.083 0.279510
0.083 0.084 0.272439
0.084 0.085 0.266374
0.085 0.086 0.260777
0.086 0.087 0.253609
0.087 0.088 0.248843
0.088 0.089 0.241679
0.089 0.090 0.232422
0.090 0.091 0.224405
0.091 0.092 0.213013
0.092 0.093 0.204831
0.093 0.094 0.200306
0.094 0.095 0.191215
0.095 0.096 0.184811
0.096 0.097 0.178160
0.097 0.098 0.169238
0.098 0.099 0.161148
0.099 0.100 0.154773
0.100 0.101 0.149166
0.101 0.102 0.142634
0.102 0.103 0.134545
0.103 0.104 0.128218
0.104 0.105 0.121918
0.105 0.106 0.113331
0.106 0.107 0.107809
0.107 0.108 0.100957
0.108 0.109 0.095345
0.109 0.110 0.089671
0.110 0.111 0.083890
0.111 0.112 0.078848
0.112 0.113 0.071887
0.113 0.114 0.065640
0.114 0.115 0.059480
0.115 0.116 0.054959
0.116 0.117 0.050273
0.117 0.118 0.045544
0.118 0.119 0.039015
0.119 0.120 0.035281
0.120 0.121 0.033436
0.121 0.122 0.029384
0.122 0.123 0.024549
0.123 0.124 0.021545
0.124 0.125 0.017921
0.125 0.126 0.014315
0.126 0.127 0.011425
0.127 0.128 0.007545
0.128 0.129 0.005693
0.129 0.130 0.003931
0.130 0.131 0.001411
0.131 0.132 0.000909
0.132 0.133 0.000000
0.133 0.134 0.000000
0.134 0.135 0.000000
0.135 0.136 0.000000
0.136 0.137 0.000000
0.137 0.138 0.000000
0.138 0.139 0.000000
0.139 0.140 0.000000
0.140 0.141 0.000000
0.141 0.142 0.000000
0.142 0.143 0.000000
0.143 0.144 0.000000
0.144 0.145 0.000000
0.145 0.146 0.000000
0.146 0.147 0.000000
0.147 0.148 0.000000
0.148 0.149 0.000000
0.149 0.150 0.000000
