1
0.000 0.001 0.000000
0.001 0.002 0.000000
0.002 0.003 0.000000
0.003 0.004 0.000000
0.004 0.005 0.000000
0.005 0.006 0.000000
0.006 0.007 0.000000
0.007 0.008 0.000000
0.008 0.009 0.000000
0.009 0.010 0.000000
0.010 0.011 0.000000
0.011 0.012 0.000000
0.012 0.013 0.000000
0.013 0.014 0.000000
0.014 0.015 0.000000
0.015 0.016 0.000000
0.016 0.017 0.000000
0.017 0.018 0.000000
0.018 0.019 0.000000
0.019 0.020 0.000000
0.020 0.021 0.000001
0.021 0.022 0.000006
0.022 0.023 0.000028
0.023 0.024 0.000099
0.024 0.025 0.000296
0.025 0.026 0.000753
0.026 0.027 0.001679
0.027 0.028 0.003373
0.028 0.029 0.006197
0.029 0.030 0.010471
0.030 0.031 0.016588
0.031 0.032 0.024821
0.032 0.033 0.035352
0.033 0.034 0.048233
0.034 0.035 0.063482
0.035 0.036 0.080871
0.036 0.037 0.100256
0.037 0.038 0.121547
0.038 0.039 0.143734
0.039 0.040 0.166653
0.040 0.041 0.190081
0.041 0.042 0.213636
0.042 0.043 0.237378
0.043 0.044 0.260263
0.044 0.045 0.282690
0.045 0.046 0.302793
0.046 0.047 0.322028
0.047 0.048 0.342025
0.048 0.049 0.360049
0.049 0.050 0.374461
0.050 0.051 0.388324
0.051 0.052 0.402405
0.052 0.053 0.413375
0.053 0.054 0.421958
0.054 0.055 0.429568
0.055 0.056 0.436867
0.056 0.057 0.443279
0.057 0.058 0.633391
0.058 0.059 1.000000
0.059 0.060 0.817167
0.060 0.061 0.464007
0.061 0.062 0.464749
0.062 0.063 0.444232
0.063 0.064 0.441993
0.064 0.065 0.438161
0.065 0.066 0.433792
0.066 0.067 0.591535
0.067 0.068 0.589548
0.068 0.069 0.453870
0.069 0.070 0.410725
0.070 0.071 0.333067
0.071 0.072 0.328199
0.072 0.073 0.319996
0.073 0.074 0.316083
0.074 0.075 0.312400
0.075 0.076 0.307579
0.076 0.077 0.300350
0.077 0.078 0.294731
0.078 0.079 0.290578
0.079 0.080 0.285743
0.080 0.081 0.279623
0.081 0.082 0.271445
0.082 0.083 0.263333
0.083 0.084 0.255621
0.084 0.085 0.248803
0.085 0.086 0.241511
0.086 0.087 0.235644
0.087 0.088 0.231540
0.088 0.089 0.225235
0.089 0.090 0.217270
0.090 0.091 0.210228
0.091 0.092 0.200558
0.092 0.093 0.193440
0.093 0.094 0.189392
0.094 0.095 0.182318
0.095 0.096 0.175597
0.096 0.097 0.168717
0.097 0.098 0.159174
0.098 0.099 0.152382
0.099 0.100 0.147131
0.100 0.101 0.142277
0.101 0.102 0.136639
0.102 0.103 0.130039
0.103 0.104 0.124874
0.104 0.105 0.119366
0.105 0.106 0.112609
0.106 0.107 0.106690
0.107 0.108 0.099625
0.108 0.109 0.093162
0.109 0.110 0.088784
0.110 0.111 0.084055
0.111 0.112 0.079746
0.112 0.113 0.073734
0.113 0.114 0.068251
0.114 0.115 0.063815
0.115 0.116 0.059031
0.116 0.117 0.053839
0.117 0.118 0.048437
0.118 0.119 0.043398
0.119 0.120 0.040078
0.120 0.121 0.038356
0.121 0.122 0.035090
0.122 0.123 0.031798
0.123 0.124 0.028302
0.124 0.125 0.024099
0.125 0.126 0.019379
0.126 0.127 0.017051
0.127 0.128 0.014195
0.128 0.129 0.011643
0.129 0.130 0.009148
0.130 0.131 0.005884
0.131 0.132 0.004766
0.132 0.133 0.003322
0.133 0.134 0.001216
0.134 0.135 0.000707
0.135 0.136 0.000000
0.136 0.137 0.000000
0.137 0.138 0.000000
0.138 0.139 0.000000
0.139 0.140 0.000000
0.140 0.141 0.000000
0.141 0.142 0.000000
0.142 0.143 0.000000
0.143 0.144 0.000000
0.144 0.145 0.000000
0.145 0.146 0.000000
0.146 0.147 0.000000
0.147 0.148 0.000000
0.148 0.149 0.000000
0.149 0.150 0.000000
