1
0.000 0.001 0.000000
0.001 0.002 0.000000
0.002 0.003 0.000000
0.003 0.004 0.000000
0.004 0.005 0.000000
0.005 0.006 0.000000
0.006 0.007 0.000000
0.007 0.008 0.000000
0.008 0.009 0.000000
0.009 0.010 0.000000
0.010 0.011 0.000000
0.011 0.012 0.000000
0.012 0.013 0.000000
0.013 0.014 0.000000
0.014 0.015 0.000000
0.015 0.016 0.000000
0.016 0.017 0.000000
0.017 0.018 0.000000
0.018 0.019 0.000000
0.019 0.020 0.000000
0.020 0.021 0.000000
0.021 0.022 0.000001
0.022 0.023 0.000003
0.023 0.024 0.000016
0.024 0.025 0.000061
0.025 0.026 0.000188
0.026 0.027 0.000495
0.027 0.028 0.001147
0.028 0.029 0.002384
0.029 0.030 0.004475
0.030 0.031 0.007792
0.031 0.032 0.012655
0.032 0.033 0.019354
0.033 0.034 0.028146
0.034 0.035 0.039359
0.035 0.036 0.052784
0.036 0.037 0.068498
0.037 0.038 0.086711
0.038 0.039 0.106468
0.039 0.040 0.127822
0.040 0.041 0.150651
0.041 0.042 0.173959
0.042 0.043 0.198181
0.043 0.044 0.222682
0.044 0.045 0.247267
0.045 0.046 0.269998
0.046 0.047 0.291951
0.047 0.048 0.314913
0.048 0.049 0.335698
0.049 0.050 0.352710
0.050 0.051 0.369647
0.051 0.052 0.386689
0.052 0.053 0.402484
0.053 0.054 0.415770
0.054 0.055 0.427709
0.055 0.056 0.439888
0.056 0.057 0.451147
0.057 0.058 0.638216
0.058 0.059 1.000000
0.059 0.060 0.829665
0.060 0.061 0.486084
0.061 0.062 0.488876
0.062 0.063 0.470255
0.063 0.064 0.468577
0.064 0.065 0.465260
0.065 0.066 0.462504
0.066 0.067 0.624454
0.067 0.068 0.622874
0.068 0.069 0.486638
0.069 0.070 0.443429
0.070 0.071 0.364439
0.071 0.072 0.360990
0.072 0.073 0.354770
0.073 0.074 0.351375
0.074 0.075 0.347470
0.075 0.076 0.342139
0.076 0.077 0.333868
0.077 0.078 0.327066
0.078 0.079 0.322690
0.079 0.080 0.317120
0.080 0.081 0.309277
0.081 0.082 0.299209
0.082 0.083 0.289820
0.083 0.084 0.279723
0.084 0.085 0.273621
0.085 0.086 0.268085
0.086 0.087 0.260599
0.087 0.088 0.255879
0.088 0.089 0.248845
0.089 0.090 0.239303
0.090 0.091 0.230950
0.091 0.092 0.218964
0.092 0.093 0.210644
0.093 0.094 0.206285
0.094 0.095 0.197766
0.095 0.096 0.189427
0.096 0.097 0.179685
0.097 0.098 0.170655
0.098 0.099 0.162609
0.099 0.100 0.156153
0.100 0.101 0.150516
0.101 0.102 0.144082
0.102 0.103 0.135680
0.103 0.104 0.129269
0.104 0.105 0.123225
0.105 0.106 0.115550
0.106 0.107 0.108498
0.107 0.108 0.099919
0.108 0.109 0.091713
0.109 0.110 0.086095
0.110 0.111 0.080495
0.111 0.112 0.075739
0.112 0.113 0.069045
0.113 0.114 0.063220
0.114 0.115 0.058006
0.115 0.116 0.052067
0.116 0.117 0.046243
0.117 0.118 0.039434
0.118 0.119 0.033370
0.119 0.120 0.030154
0.120 0.121 0.028753
0.121 0.122 0.025161
0.122 0.123 0.021465
0.123 0.124 0.017547
0.124 0.125 0.012272
0.125 0.126 0.009571
0.126 0.127 0.007397
0.127 0.128 0.005005
0.128 0.129 0.001883
0.129 0.130 0.001155
0.130 0.131 0.000000
0.131 0.132 0.000000
0.132 0.133 0.000000
0.133 0.134 0.000000
0.134 0.135 0.000000
0.135 0.136 0.000000
0.136 0.137 0.000000
0.137 0.138 0.000000
0.138 0.139 0.000000
0.139 0.140 0.000000
0.140 0.141 0.000000
0.141 0.142 0.000000
0.142 0.143 0.000000
0.143 0.144 0.000000
0.144 0.145 0.000000
0.145 0.146 0.000000
0.146 0.147 0.000000
0.147 0.148 0.000000
0.148 0.149 0.000000
0.149 0.150 0.000000
