1
0.000 0.001 0.000000
0.001 0.002 0.000000
0.002 0.003 0.000000
0.003 0.004 0.000000
0.004 0.005 0.000000
0.005 0.006 0.000000
0.006 0.007 0.000000
0.007 0.008 0.000000
0.008 0.009 0.000000
0.009 0.010 0.000000
0.010 0.011 0.000000
0.011 0.012 0.000000
0.012 0.013 0.000000
0.013 0.014 0.000000
0.014 0.015 0.000000
0.015 0.016 0.000000
0.016 0.017 0.000000
0.017 0.018 0.000000
0.018 0.019 0.000002
0.019 0.020 0.000016
0.020 0.021 0.000073
0.021 0.022 0.000263
0.022 0.023 0.000764
0.023 0.024 0.001881
0.024 0.025 0.004041
0.025 0.026 0.007739
0.026 0.027 0.013474
0.027 0.028 0.021805
0.028 0.029 0.033088
0.029 0.030 0.047243
0.030 0.031 0.064393
0.031 0.032 0.084415
0.032 0.033 0.106882
0.033 0.034 0.131288
0.034 0.035 0.157342
0.035 0.036 0.184510
0.036 0.037 0.212027
0.037 0.038 0.239135
0.038 0.039 0.264816
0.039 0.040 0.290210
0.040 0.041 0.314786
0.041 0.042 0.337172
0.042 0.043 0.359238
0.043 0.044 0.378996
0.044 0.045 0.397511
0.045 0.046 0.413926
0.046 0.047 0.426131
0.047 0.048 0.439525
0.048 0.049 0.452368
0.049 0.050 0.459620
0.050 0.051 0.465050
0.051 0.052 0.472249
0.052 0.053 0.478900
0.053 0.054 0.481413
0.054 0.055 0.481851
0.055 0.056 0.484657
0.056 0.057 0.487085
0.057 0.058 0.662937
0.058 0.059 1.000000
0.059 0.060 0.818707
0.060 0.061 0.484135
0.061 0.062 0.479750
0.062 0.063 0.457485
0.063 0.064 0.449244
0.064 0.065 0.440598
0.065 0.066 0.435147
0.066 0.067 0.568994
0.067 0.068 0.562978
0.068 0.069 0.442083
0.069 0.070 0.400042
0.070 0.071 0.331142
0.071 0.072 0.323513
0.072 0.073 0.314226
0.073 0.074 0.310583
0.074 0.075 0.305356
0.075 0.076 0.297231
0.076 0.077 0.286481
0.077 0.078 0.277943
0.078 0.079 0.274026
0.079 0.080 0.267910
0.080 0.081 0.258282
0.081 0.082 0.247715
0.082 0.083 0.238286
0.083 0.084 0.228835
0.084 0.085 0.220551
0.085 0.086 0.213453
0.086 0.087 0.203836
0.087 0.088 0.197074
0.088 0.089 0.189680
0.089 0.090 0.179341
0.090 0.091 0.168708
0.091 0.092 0.155831
0.092 0.093 0.147563
0.093 0.094 0.142392
0.094 0.095 0.133666
0.095 0.096 0.124677
0.096 0.097 0.116096
0.097 0.098 0.105977
0.098 0.099 0.095763
0.099 0.100 0.087662
0.100 0.101 0.083554
0.101 0.102 0.077570
0.102 0.103 0.069018
0.103 0.104 0.061808
0.104 0.105 0.057565
0.105 0.106 0.052142
0.106 0.107 0.046487
0.107 0.108 0.039257
0.108 0.109 0.034211
0.109 0.110 0.028696
0.110 0.111 0.023172
0.111 0.112 0.019810
0.112 0.113 0.015674
0.113 0.114 0.011572
0.114 0.115 0.008628
0.115 0.116 0.004902
0.116 0.117 0.002325
0.117 0.118 0.000620
0.118 0.119 0.000000
0.119 0.120 0.000000
0.120 0.121 0.000000
0.121 0.122 0.000000
0.122 0.123 0.000000
0.123 0.124 0.000000
0.124 0.125 0.000000
0.125 0.126 0.000000
0.126 0.127 0.000000
0.127 0.128 0.000000
0.128 0.129 0.000000
0.129 0.130 0.000000
0.130 0.131 0.000000
0.131 0.132 0.000000
0.132 0.133 0.000000
0.133 0.134 0.000000
0.134 0.135 0.000000
0.135 0.136 0.000000
0.136 0.137 0.000000
0.137 0.138 0.000000
0.138 0.139 0.000000
0.139 0.140 0.000000
0.140 0.141 0.000000
0.141 0.142 0.000000
0.142 0.143 0.000000
0.143 0.144 0.000000
0.144 0.145 0.000000
0.145 0.146 0.000000
0.146 0.147 0.000000
0.147 0.148 0.000000
0.148 0.149 0.000000
0.149 0.150 0.000000
