1
0.000 0.001 0.000000
0.001 0.002 0.000000
0.002 0.003 0.000000
0.003 0.004 0.000000
0.004 0.005 0.000000
0.005 0.006 0.000000
0.006 0.007 0.000000
0.007 0.008 0.000000
0.008 0.009 0.000000
0.009 0.010 0.000000
0.010 0.011 0.000000
0.011 0.012 0.000000
0.012 0.013 0.000000
0.013 0.014 0.000000
0.014 0.015 0.000000
0.015 0.016 0.000000
0.016 0.017 0.000000
0.017 0.018 0.000000
0.018 0.019 0.000000
0.019 0.020 0.000000
0.020 0.021 0.000000
0.021 0.022 0.000001
0.022 0.023 0.000007
0.023 0.024 0.000030
0.024 0.025 0.000107
0.025 0.026 0.000315
0.026 0.027 0.000796
0.027 0.028 0.001785
0.028 0.029 0.003608
0.029 0.030 0.006627
0.030 0.031 0.011290
0.031 0.032 0.017990
0.032 0.033 0.027118
0.033 0.034 0.038951
0.034 0.035 0.053628
0.035 0.036 0.071261
0.036 0.037 0.091608
0.037 0.038 0.114140
0.038 0.039 0.138582
0.039 0.040 0.165136
0.040 0.041 0.193000
0.041 0.042 0.221523
0.042 0.043 0.251050
0.043 0.044 0.279843
0.044 0.045 0.308891
0.045 0.046 0.336743
0.046 0.047 0.362121
0.047 0.048 0.387947
0.048 0.049 0.412844
0.049 0.050 0.433271
0.050 0.051 0.452127
0.051 0.052 0.471765
0.052 0.053 0.489709
0.053 0.054 0.503764
0.054 0.055 0.514743
0.055 0.056 0.525281
0.056 0.057 0.535503
0.057 0.058 0.694891
0.058 0.059 1.000000
0.059 0.060 0.851494
0.060 0.061 0.556282
0.061 0.062 0.555601
0.062 0.063 0.537861
0.063 0.064 0.530812
0.064 0.065 0.523309
0.065 0.066 0.517466
0.066 0.067 0.648777
0.067 0.068 0.642694
0.068 0.069 0.519367
0.069 0.070 0.474071
0.070 0.071 0.403284
0.071 0.072 0.392612
0.072 0.073 0.378030
0.073 0.074 0.371827
0.074 0.075 0.362185
0.075 0.076 0.350688
0.076 0.077 0.336337
0.077 0.078 0.324132
0.078 0.079 0.316877
0.079 0.080 0.307709
0.080 0.081 0.294520
0.081 0.082 0.277904
0.082 0.083 0.265477
0.083 0.084 0.252528
0.084 0.085 0.241078
0.085 0.086 0.231000
0.086 0.087 0.218270
0.087 0.088 0.206877
0.088 0.089 0.198316
0.089 0.090 0.186420
0.090 0.091 0.172747
0.091 0.092 0.158591
0.092 0.093 0.148014
0.093 0.094 0.138742
0.094 0.095 0.129382
0.095 0.096 0.120497
0.096 0.097 0.109366
0.097 0.098 0.096799
0.098 0.099 0.082929
0.099 0.100 0.072391
0.100 0.101 0.068764
0.101 0.102 0.061595
0.102 0.103 0.051684
0.103 0.104 0.042497
0.104 0.105 0.037819
0.105 0.106 0.032016
0.106 0.107 0.025778
0.107 0.108 0.017805
0.108 0.109 0.013155
0.109 0.110 0.007477
0.110 0.111 0.004698
0.111 0.112 0.001334
0.112 0.113 0.000000
0.113 0.114 0.000000
0.114 0.115 0.000000
0.115 0.116 0.000000
0.116 0.117 0.000000
0.117 0.118 0.000000
0.118 0.119 0.000000
0.119 0.120 0.000000
0.120 0.121 0.000000
0.121 0.122 0.000000
0.122 0.123 0.000000
0.123 0.124 0.000000
0.124 0.125 0.000000
0.125 0.126 0.000000
0.126 0.127 0.000000
0.127 0.128 0.000000
0.128 0.129 0.000000
0.129 0.130 0.000000
0.130 0.131 0.000000
0.131 0.132 0.000000
0.132 0.133 0.000000
0.133 0.134 0.000000
0.134 0.135 0.000000
0.135 0.136 0.000000
0.136 0.137 0.000000
0.137 0.138 0.000000
0.138 0.139 0.000000
0.139 0.140 0.000000
0.140 0.141 0.000000
0.141 0.142 0.000000
0.142 0.143 0.000000
0.143 0.144 0.000000
0.144 0.145 0.000000
0.145 0.146 0.000000
0.146 0.147 0.000000
0.147 0.148 0.000000
0.148 0.149 0.000000
0.149 0.150 0.000000
