1
0.000 0.001 0.000000
0.001 0.002 0.000000
0.002 0.003 0.000000
0.003 0.004 0.000000
0.004 0.005 0.000000
0.005 0.006 0.000000
0.006 0.007 0.000000
0.007 0.008 0.000000
0.008 0.009 0.000000
0.009 0.010 0.000000
0.010 0.011 0.000000
0.011 0.012 0.000000
0.012 0.013 0.000000
0.013 0.014 0.000000
0.014 0.015 0.000000
0.015 0.016 0.000001
0.016 0.017 0.000007
0.017 0.018 0.000043
0.018 0.019 0.000186
0.019 0.020 0.000626
0.020 0.021 0.001712
0.021 0.022 0.003961
0.022 0.023 0.008005
0.023 0.024 0.014523
0.024 0.025 0.024137
0.025 0.026 0.037135
0.026 0.027 0.053615
0.027 0.028 0.073750
0.028 0.029 0.097150
0.029 0.030 0.122955
0.030 0.031 0.150886
0.031 0.032 0.179904
0.032 0.033 0.209873
0.033 0.034 0.240007
0.034 0.035 0.269297
0.035 0.036 0.297475
0.036 0.037 0.324476
0.037 0.038 0.350143
0.038 0.039 0.372685
0.039 0.040 0.393262
0.040 0.041 0.412154
0.041 0.042 0.428423
0.042 0.043 0.443296
0.043 0.044 0.455870
0.044 0.045 0.467402
0.045 0.046 0.475334
0.046 0.047 0.480778
0.047 0.048 0.487422
0.048 0.049 0.491833
0.049 0.050 0.492262
0.050 0.051 0.492118
0.051 0.052 0.493235
0.052 0.053 0.492188
0.053 0.054 0.488752
0.054 0.055 0.484878
0.055 0.056 0.482075
0.056 0.057 0.478465
0.057 0.058 0.656914
0.058 0.059 1.000000
0.059 0.060 0.808553
0.060 0.061 0.463925
0.061 0.062 0.456223
0.062 0.063 0.430542
0.063 0.064 0.421291
0.064 0.065 0.410940
0.065 0.066 0.401953
0.066 0.067 0.531030
0.067 0.068 0.522887
0.068 0.069 0.403685
0.069 0.070 0.362314
0.070 0.071 0.294837
0.071 0.072 0.287405
0.072 0.073 0.278112
0.073 0.074 0.271820
0.074 0.075 0.265135
0.075 0.076 0.257128
0.076 0.077 0.248082
0.077 0.078 0.240397
0.078 0.079 0.235163
0.079 0.080 0.228978
0.080 0.081 0.220934
0.081 0.082 0.211719
0.082 0.083 0.203341
0.083 0.084 0.194919
0.084 0.085 0.188725
0.085 0.086 0.183095
0.086 0.087 0.175997
0.087 0.088 0.171075
0.088 0.089 0.164856
0.089 0.090 0.156917
0.090 0.091 0.149795
0.091 0.092 0.139876
0.092 0.093 0.134055
0.093 0.094 0.131008
0.094 0.095 0.125182
0.095 0.096 0.119558
0.096 0.097 0.113601
0.097 0.098 0.106208
0.098 0.099 0.099520
0.099 0.100 0.093719
0.100 0.101 0.089792
0.101 0.102 0.085367
0.102 0.103 0.079571
0.103 0.104 0.075114
0.104 0.105 0.071115
0.105 0.106 0.066133
0.106 0.107 0.061049
0.107 0.108 0.056304
0.108 0.109 0.052325
0.109 0.110 0.048160
0.110 0.111 0.044137
0.111 0.112 0.040762
0.112 0.113 0.035902
0.113 0.114 0.032713
0.114 0.115 0.029790
0.115 0.116 0.026425
0.116 0.117 0.023244
0.117 0.118 0.019544
0.118 0.119 0.015882
0.119 0.120 0.013990
0.120 0.121 0.013091
0.121 0.122 0.010909
0.122 0.123 0.008306
0.123 0.124 0.006661
0.124 0.125 0.004819
0.125 0.126 0.002699
0.126 0.127 0.001771
0.127 0.128 0.000480
0.128 0.129 0.000000
0.129 0.130 0.000000
0.130 0.131 0.000000
0.131 0.132 0.000000
0.132 0.133 0.000000
0.133 0.134 0.000000
0.134 0.135 0.000000
0.135 0.136 0.000000
0.136 0.137 0.000000
0.137 0.138 0.000000
0.138 0.139 0.000000
0.139 0.140 0.000000
0.140 0.141 0.000000
0.141 0.142 0.000000
0.142 0.143 0.000000
0.143 0.144 0.000000
0.144 0.145 0.000000
0.145 0.146 0.000000
0.146 0.147 0.000000
0.147 0.148 0.000000
0.148 0.149 0.000000
0.149 0.150 0.000000
