1
0.000 0.001 0.000000
0.001 0.002 0.000000
0.002 0.003 0.000000
0.003 0.004 0.000000
0.004 0.005 0.000000
0.005 0.006 0.000000
0.006 0.007 0.000000
0.007 0.008 0.000000
0.008 0.009 0.000000
0.009 0.010 0.000000
0.010 0.011 0.000000
0.011 0.012 0.000000
0.012 0.013 0.000000
0.013 0.014 0.000000
0.014 0.015 0.000000
0.015 0.016 0.000005
0.016 0.017 0.000038
0.017 0.018 0.000195
0.018 0.019 0.000744
0.019 0.020 0.002226
0.020 0.021 0.005502
0.021 0.022 0.011683
0.022 0.023 0.021915
0.023 0.024 0.037300
0.024 0.025 0.058447
0.025 0.026 0.085444
0.026 0.027 0.117948
0.027 0.028 0.155581
0.028 0.029 0.197176
0.029 0.030 0.240974
0.030 0.031 0.285924
0.031 0.032 0.331272
0.032 0.033 0.375777
0.033 0.034 0.417827
0.034 0.035 0.457357
0.035 0.036 0.494732
0.036 0.037 0.526941
0.037 0.038 0.556301
0.038 0.039 0.581379
0.039 0.040 0.605517
0.040 0.041 0.625000
0.041 0.042 0.639301
0.042 0.043 0.652677
0.043 0.044 0.661278
0.044 0.045 0.667745
0.045 0.046 0.670456
0.046 0.047 0.667430
0.047 0.048 0.665100
0.048 0.049 0.662004
0.049 0.050 0.651934
0.050 0.051 0.644916
0.051 0.052 0.639283
0.052 0.053 0.632289
0.053 0.054 0.622872
0.054 0.055 0.610874
0.055 0.056 0.598827
0.056 0.057 0.587404
0.057 0.058 0.726851
0.058 0.059 1.000000
0.059 0.060 0.830056
0.060 0.061 0.534254
0.061 0.062 0.518293
0.062 0.063 0.486886
0.063 0.064 0.470378
0.064 0.065 0.454707
0.065 0.066 0.441294
0.066 0.067 0.539733
0.067 0.068 0.526101
0.068 0.069 0.419177
0.069 0.070 0.376651
0.070 0.071 0.316758
0.071 0.072 0.303351
0.072 0.073 0.287282
0.073 0.074 0.277151
0.074 0.075 0.269250
0.075 0.076 0.257537
0.076 0.077 0.244245
0.077 0.078 0.233065
0.078 0.079 0.225751
0.079 0.080 0.217306
0.080 0.081 0.206229
0.081 0.082 0.193637
0.082 0.083 0.181910
0.083 0.084 0.169911
0.084 0.085 0.158004
0.085 0.086 0.150804
0.086 0.087 0.142134
0.087 0.088 0.134930
0.088 0.089 0.127489
0.089 0.090 0.118249
0.090 0.091 0.107891
0.091 0.092 0.097657
0.092 0.093 0.089596
0.093 0.094 0.081757
0.094 0.095 0.075356
0.095 0.096 0.069375
0.096 0.097 0.061918
0.097 0.098 0.053750
0.098 0.099 0.044650
0.099 0.100 0.038311
0.100 0.101 0.034025
0.101 0.102 0.030002
0.102 0.103 0.024568
0.103 0.104 0.019978
0.104 0.105 0.016387
0.105 0.106 0.011216
0.106 0.107 0.008605
0.107 0.108 0.005736
0.108 0.109 0.002166
0.109 0.110 0.001269
0.110 0.111 0.000000
0.111 0.112 0.000000
0.112 0.113 0.000000
0.113 0.114 0.000000
0.114 0.115 0.000000
0.115 0.116 0.000000
0.116 0.117 0.000000
0.117 0.118 0.000000
0.118 0.119 0.000000
0.119 0.120 0.000000
0.120 0.121 0.000000
0.121 0.122 0.000000
0.122 0.123 0.000000
0.123 0.124 0.000000
0.124 0.125 0.000000
0.125 0.126 0.000000
0.126 0.127 0.000000
0.127 0.128 0.000000
0.128 0.129 0.000000
0.129 0.130 0.000000
0.130 0.131 0.000000
0.131 0.132 0.000000
0.132 0.133 0.000000
0.133 0.134 0.000000
0.134 0.135 0.000000
0.135 0.136 0.000000
0.136 0.137 0.000000
0.137 0.138 0.000000
0.138 0.139 0.000000
0.139 0.140 0.000000
0.140 0.141 0.000000
0.141 0.142 0.000000
0.142 0.143 0.000000
0.143 0.144 0.000000
0.144 0.145 0.000000
0.145 0.146 0.000000
0.146 0.147 0.000000
0.147 0.148 0.000000
0.148 0.149 0.000000
0.149 0.150 0.000000
