1
0.000 0.001 0.000000
0.001 0.002 0.000000
0.002 0.003 0.000000
0.003 0.004 0.000000
0.004 0.005 0.000000
0.005 0.006 0.000000
0.006 0.007 0.000000
0.007 0.008 0.000000
0.008 0.009 0.000000
0.009 0.010 0.000000
0.010 0.011 0.000000
0.011 0.012 0.000000
0.012 0.013 0.000000
0.013 0.014 0.000000
0.014 0.015 0.000000
0.015 0.016 0.000000
0.016 0.017 0.000000
0.017 0.018 0.000000
0.018 0.019 0.000000
0.019 0.020 0.000000
0.020 0.021 0.000000
0.021 0.022 0.000000
0.022 0.023 0.000003
0.023 0.024 0.000012
0.024 0.025 0.000047
0.025 0.026 0.000150
0.026 0.027 0.000402
0.027 0.028 0.000951
0.028 0.029 0.002014
0.029 0.030 0.003850
0.030 0.031 0.006796
0.031 0.032 0.011187
0.032 0.033 0.017350
0.033 0.034 0.025523
0.034 0.035 0.035907
0.035 0.036 0.048604
0.036 0.037 0.063594
0.037 0.038 0.080869
0.038 0.039 0.099837
0.039 0.040 0.120462
0.040 0.041 0.142451
0.041 0.042 0.165361
0.042 0.043 0.189021
0.043 0.044 0.212769
0.044 0.045 0.236847
0.045 0.046 0.259970
0.046 0.047 0.282271
0.047 0.048 0.305312
0.048 0.049 0.326992
0.049 0.050 0.345895
0.050 0.051 0.363924
0.051 0.052 0.381877
0.052 0.053 0.397329
0.053 0.054 0.410339
0.054 0.055 0.422253
0.055 0.056 0.433826
0.056 0.057 0.444246
0.057 0.058 0.632911
0.058 0.059 1.000000
0.059 0.060 0.828368
0.060 0.061 0.481897
0.061 0.062 0.485724
0.062 0.063 0.467909
0.063 0.064 0.467829
0.064 0.065 0.465852
0.065 0.066 0.463713
0.066 0.067 0.629580
0.067 0.068 0.630224
0.068 0.069 0.490215
0.069 0.070 0.445726
0.070 0.071 0.364682
0.071 0.072 0.359221
0.072 0.073 0.353743
0.073 0.074 0.350593
0.074 0.075 0.347190
0.075 0.076 0.342475
0.076 0.077 0.334893
0.077 0.078 0.328876
0.078 0.079 0.324968
0.079 0.080 0.319930
0.080 0.081 0.312834
0.081 0.082 0.303475
0.082 0.083 0.294588
0.083 0.084 0.286134
0.084 0.085 0.277531
0.085 0.086 0.272101
0.086 0.087 0.265000
0.087 0.088 0.260424
0.088 0.089 0.253364
0.089 0.090 0.244018
0.090 0.091 0.235930
0.091 0.092 0.224271
0.092 0.093 0.216019
0.093 0.094 0.211625
0.094 0.095 0.203245
0.095 0.096 0.194208
0.096 0.097 0.187485
0.097 0.098 0.178353
0.098 0.099 0.170134
0.099 0.100 0.163631
0.100 0.101 0.157862
0.101 0.102 0.151190
0.102 0.103 0.142828
0.103 0.104 0.136352
0.104 0.105 0.129936
0.105 0.106 0.121896
0.106 0.107 0.113814
0.107 0.108 0.106716
0.108 0.109 0.100922
0.109 0.110 0.095036
0.110 0.111 0.089043
0.111 0.112 0.083840
0.112 0.113 0.076588
0.113 0.114 0.070131
0.114 0.115 0.064507
0.115 0.116 0.057543
0.116 0.117 0.052656
0.117 0.118 0.047720
0.118 0.119 0.040894
0.119 0.120 0.036994
0.120 0.121 0.035072
0.121 0.122 0.030832
0.122 0.123 0.025766
0.123 0.124 0.022620
0.124 0.125 0.018822
0.125 0.126 0.015039
0.126 0.127 0.012006
0.127 0.128 0.007932
0.128 0.129 0.005986
0.129 0.130 0.004134
0.130 0.131 0.001484
0.131 0.132 0.000957
0.132 0.133 0.000000
0.133 0.134 0.000000
0.134 0.135 0.000000
0.135 0.136 0.000000
0.136 0.137 0.000000
0.137 0.138 0.000000
0.138 0.139 0.000000
0.139 0.140 0.000000
0.140 0.141 0.000000
0.141 0.142 0.000000
0.142 0.143 0.000000
0.143 0.144 0.000000
0.144 0.145 0.000000
0.145 0.146 0.000000
0.146 0.147 0.000000
0.147 0.148 0.000000
0.148 0.149 0.000000
0.149 0.150 0.000000
