1
0.000 0.001 0.000000
0.001 0.002 0.000000
0.002 0.003 0.000000
0.003 0.004 0.000000
0.004 0.005 0.000000
0.005 0.006 0.000000
0.006 0.007 0.000000
0.007 0.008 0.000000
0.008 0.009 0.000000
0.009 0.010 0.000000
0.010 0.011 0.000000
0.011 0.012 0.000000
0.012 0.013 0.000000
0.013 0.014 0.000000
0.014 0.015 0.000000
0.015 0.016 0.000000
0.016 0.017 0.000000
0.017 0.018 0.000000
0.018 0.019 0.000000
0.019 0.020 0.000001
0.020 0.021 0.000008
0.021 0.022 0.000039
0.022 0.023 0.000142
0.023 0.024 0.000420
0.024 0.025 0.001058
0.025 0.026 0.002328
0.026 0.027 0.004579
0.027 0.028 0.008233
0.028 0.029 0.013700
0.029 0.030 0.021227
0.030 0.031 0.031116
0.031 0.032 0.043457
0.032 0.033 0.058278
0.033 0.034 0.075424
0.034 0.035 0.094490
0.035 0.036 0.115162
0.036 0.037 0.137243
0.037 0.038 0.160651
0.038 0.039 0.184024
0.039 0.040 0.207413
0.040 0.041 0.230697
0.041 0.042 0.253426
0.042 0.043 0.275687
0.043 0.044 0.296281
0.044 0.045 0.316443
0.045 0.046 0.334126
0.046 0.047 0.350396
0.047 0.048 0.367155
0.048 0.049 0.381192
0.049 0.050 0.391881
0.050 0.051 0.402614
0.051 0.052 0.413323
0.052 0.053 0.420578
0.053 0.054 0.426301
0.054 0.055 0.431223
0.055 0.056 0.435916
0.056 0.057 0.440100
0.057 0.058 0.631931
0.058 0.059 1.000000
0.059 0.060 0.811338
0.060 0.061 0.453336
0.061 0.062 0.451502
0.062 0.063 0.428758
0.063 0.064 0.424496
0.064 0.065 0.418997
0.065 0.066 0.412687
0.066 0.067 0.564543
0.067 0.068 0.561207
0.068 0.069 0.429437
0.069 0.070 0.387534
0.070 0.071 0.312635
0.071 0.072 0.307841
0.072 0.073 0.300574
0.073 0.074 0.295335
0.074 0.075 0.290565
0.075 0.076 0.284621
0.076 0.077 0.275894
0.077 0.078 0.270701
0.078 0.079 0.266684
0.079 0.080 0.262135
0.080 0.081 0.256653
0.081 0.082 0.249335
0.082 0.083 0.241911
0.083 0.084 0.234870
0.084 0.085 0.228733
0.085 0.086 0.222932
0.086 0.087 0.216559
0.087 0.088 0.210938
0.088 0.089 0.205109
0.089 0.090 0.198028
0.090 0.091 0.191687
0.091 0.092 0.183219
0.092 0.093 0.176790
0.093 0.094 0.172904
0.094 0.095 0.166578
0.095 0.096 0.160673
0.096 0.097 0.154693
0.097 0.098 0.146478
0.098 0.099 0.140227
0.099 0.100 0.135537
0.100 0.101 0.131239
0.101 0.102 0.126057
0.102 0.103 0.120290
0.103 0.104 0.115686
0.104 0.105 0.110588
0.105 0.106 0.104441
0.106 0.107 0.099111
0.107 0.108 0.092372
0.108 0.109 0.088224
0.109 0.110 0.084354
0.110 0.111 0.080028
0.111 0.112 0.075971
0.112 0.113 0.070432
0.113 0.114 0.065272
0.114 0.115 0.061208
0.115 0.116 0.056515
0.116 0.117 0.052570
0.117 0.118 0.049143
0.118 0.119 0.044641
0.119 0.120 0.041297
0.120 0.121 0.039309
0.121 0.122 0.036145
0.122 0.123 0.032981
0.123 0.124 0.029211
0.124 0.125 0.026083
0.125 0.126 0.022922
0.126 0.127 0.020470
0.127 0.128 0.017442
0.128 0.129 0.014776
0.129 0.130 0.011749
0.130 0.131 0.009611
0.131 0.132 0.008315
0.132 0.133 0.006547
0.133 0.134 0.004129
0.134 0.135 0.002961
0.135 0.136 0.001883
0.136 0.137 0.000512
0.137 0.138 0.000000
0.138 0.139 0.000000
0.139 0.140 0.000000
0.140 0.141 0.000000
0.141 0.142 0.000000
0.142 0.143 0.000000
0.143 0.144 0.000000
0.144 0.145 0.000000
0.145 0.146 0.000000
0.146 0.147 0.000000
0.147 0.148 0.000000
0.148 0.149 0.000000
0.149 0.150 0.000000
