1
0.000 0.001 0.000000
0.001 0.002 0.000000
0.002 0.003 0.000000
0.003 0.004 0.000000
0.004 0.005 0.000000
0.005 0.006 0.000000
0.006 0.007 0.000000
0.007 0.008 0.000000
0.008 0.009 0.000000
0.009 0.010 0.000000
0.010 0.011 0.000000
0.011 0.012 0.000000
0.012 0.013 0.000000
0.013 0.014 0.000000
0.014 0.015 0.000000
0.015 0.016 0.000000
0.016 0.017 0.000000
0.017 0.018 0.000000
0.018 0.019 0.000000
0.019 0.020 0.000001
0.020 0.021 0.000004
0.021 0.022 0.000020
0.022 0.023 0.000077
0.023 0.024 0.000243
0.024 0.025 0.000654
0.025 0.026 0.001525
0.026 0.027 0.003150
0.027 0.028 0.005932
0.028 0.029 0.010308
0.029 0.030 0.016590
0.030 0.031 0.025162
0.031 0.032 0.036295
0.032 0.033 0.050024
0.033 0.034 0.066370
0.034 0.035 0.085309
0.035 0.036 0.106618
0.036 0.037 0.130081
0.037 0.038 0.154040
0.038 0.039 0.178242
0.039 0.040 0.204036
0.040 0.041 0.230100
0.041 0.042 0.255279
0.042 0.043 0.281097
0.043 0.044 0.304887
0.044 0.045 0.328388
0.045 0.046 0.351292
0.046 0.047 0.369552
0.047 0.048 0.389277
0.048 0.049 0.409167
0.049 0.050 0.422941
0.050 0.051 0.434773
0.051 0.052 0.448571
0.052 0.053 0.462707
0.053 0.054 0.471885
0.054 0.055 0.477310
0.055 0.056 0.485113
0.056 0.057 0.494283
0.057 0.058 0.668339
0.058 0.059 1.000000
0.059 0.060 0.829652
0.060 0.061 0.504764
0.061 0.062 0.504167
0.062 0.063 0.486261
0.063 0.064 0.479678
0.064 0.065 0.473368
0.065 0.066 0.470610
0.066 0.067 0.609681
0.067 0.068 0.605256
0.068 0.069 0.481361
0.069 0.070 0.438808
0.070 0.071 0.368210
0.071 0.072 0.359871
0.072 0.073 0.349245
0.073 0.074 0.348182
0.074 0.075 0.344809
0.075 0.076 0.335408
0.076 0.077 0.322676
0.077 0.078 0.313325
0.078 0.079 0.309939
0.079 0.080 0.303905
0.080 0.081 0.293812
0.081 0.082 0.282366
0.082 0.083 0.271253
0.083 0.084 0.258946
0.084 0.085 0.249100
0.085 0.086 0.241045
0.086 0.087 0.230647
0.087 0.088 0.222865
0.088 0.089 0.215266
0.089 0.090 0.203348
0.090 0.091 0.188529
0.091 0.092 0.174152
0.092 0.093 0.163875
0.093 0.094 0.156236
0.094 0.095 0.145152
0.095 0.096 0.134716
0.096 0.097 0.121586
0.097 0.098 0.106922
0.098 0.099 0.090222
0.099 0.100 0.079433
0.100 0.101 0.073575
0.101 0.102 0.064848
0.102 0.103 0.052528
0.103 0.104 0.043746
0.104 0.105 0.036366
0.105 0.106 0.028838
0.106 0.107 0.022663
0.107 0.108 0.015198
0.108 0.109 0.009368
0.109 0.110 0.004702
0.110 0.111 0.000794
0.111 0.112 0.000000
0.112 0.113 0.000000
0.113 0.114 0.000000
0.114 0.115 0.000000
0.115 0.116 0.000000
0.116 0.117 0.000000
0.117 0.118 0.000000
0.118 0.119 0.000000
0.119 0.120 0.000000
0.120 0.121 0.000000
0.121 0.122 0.000000
0.122 0.123 0.000000
0.123 0.124 0.000000
0.124 0.125 0.000000
0.125 0.126 0.000000
0.126 0.127 0.000000
0.127 0.128 0.000000
0.128 0.129 0.000000
0.129 0.130 0.000000
0.130 0.131 0.000000
0.131 0.132 0.000000
0.132 0.133 0.000000
0.133 0.134 0.000000
0.134 0.135 0.000000
0.135 0.136 0.000000
0.136 0.137 0.000000
0.137 0.138 0.000000
0.138 0.139 0.000000
0.139 0.140 0.000000
0.140 0.141 0.000000
0.141 0.142 0.000000
0.142 0.143 0.000000
0.143 0.144 0.000000
0.144 0.145 0.000000
0.145 0.146 0.000000
0.146 0.147 0.000000
0.147 0.148 0.000000
0.148 0.149 0.000000
0.149 0.150 0.000000
