1
0.000 0.001 0.000000
0.001 0.002 0.000000
0.002 0.003 0.000000
0.003 0.004 0.000000
0.004 0.005 0.000000
0.005 0.006 0.000000
0.006 0.007 0.000000
0.007 0.008 0.000000
0.008 0.009 0.000000
0.009 0.010 0.000000
0.010 0.011 0.000000
0.011 0.012 0.000000
0.012 0.013 0.000000
0.013 0.014 0.000000
0.014 0.015 0.000000
0.015 0.016 0.000000
0.016 0.017 0.000000
0.017 0.018 0.000000
0.018 0.019 0.000000
0.019 0.020 0.000000
0.020 0.021 0.000003
0.021 0.022 0.000016
0.022 0.023 0.000064
0.023 0.024 0.000214
0.024 0.025 0.000600
0.025 0.026 0.001444
0.026 0.027 0.003070
0.027 0.028 0.005915
0.028 0.029 0.010466
0.029 0.030 0.017125
0.030 0.031 0.026370
0.031 0.032 0.038424
0.032 0.033 0.053479
0.033 0.034 0.071508
0.034 0.035 0.092447
0.035 0.036 0.116026
0.036 0.037 0.141587
0.037 0.038 0.168670
0.038 0.039 0.196555
0.039 0.040 0.225477
0.040 0.041 0.254631
0.041 0.042 0.283322
0.042 0.043 0.312032
0.043 0.044 0.339069
0.044 0.045 0.365371
0.045 0.046 0.389304
0.046 0.047 0.410259
0.047 0.048 0.431571
0.048 0.049 0.451372
0.049 0.050 0.466133
0.050 0.051 0.478898
0.051 0.052 0.492536
0.052 0.053 0.504648
0.053 0.054 0.512502
0.054 0.055 0.517475
0.055 0.056 0.522765
0.056 0.057 0.527530
0.057 0.058 0.688989
0.058 0.059 1.000000
0.059 0.060 0.838068
0.060 0.061 0.530345
0.061 0.062 0.526681
0.062 0.063 0.505616
0.063 0.064 0.496597
0.064 0.065 0.486999
0.065 0.066 0.479461
0.066 0.067 0.608228
0.067 0.068 0.601016
0.068 0.069 0.477525
0.069 0.070 0.433973
0.070 0.071 0.364746
0.071 0.072 0.355497
0.072 0.073 0.343347
0.073 0.074 0.337758
0.074 0.075 0.330322
0.075 0.076 0.319353
0.076 0.077 0.305752
0.077 0.078 0.292875
0.078 0.079 0.287597
0.079 0.080 0.280369
0.080 0.081 0.269406
0.081 0.082 0.256842
0.082 0.083 0.245593
0.083 0.084 0.234353
0.084 0.085 0.224062
0.085 0.086 0.213849
0.086 0.087 0.204004
0.087 0.088 0.196853
0.088 0.089 0.189096
0.089 0.090 0.178354
0.090 0.091 0.166986
0.091 0.092 0.153939
0.092 0.093 0.143658
0.093 0.094 0.138977
0.094 0.095 0.130839
0.095 0.096 0.123024
0.096 0.097 0.113692
0.097 0.098 0.102841
0.098 0.099 0.091567
0.099 0.100 0.082568
0.100 0.101 0.078886
0.101 0.102 0.072928
0.102 0.103 0.064273
0.103 0.104 0.057386
0.104 0.105 0.052227
0.105 0.106 0.044968
0.106 0.107 0.039852
0.107 0.108 0.033735
0.108 0.109 0.028264
0.109 0.110 0.021630
0.110 0.111 0.017704
0.111 0.112 0.014484
0.112 0.113 0.010634
0.113 0.114 0.006353
0.114 0.115 0.004189
0.115 0.116 0.001095
0.116 0.117 0.000000
0.117 0.118 0.000000
0.118 0.119 0.000000
0.119 0.120 0.000000
0.120 0.121 0.000000
0.121 0.122 0.000000
0.122 0.123 0.000000
0.123 0.124 0.000000
0.124 0.125 0.000000
0.125 0.126 0.000000
0.126 0.127 0.000000
0.127 0.128 0.000000
0.128 0.129 0.000000
0.129 0.130 0.000000
0.130 0.131 0.000000
0.131 0.132 0.000000
0.132 0.133 0.000000
0.133 0.134 0.000000
0.134 0.135 0.000000
0.135 0.136 0.000000
0.136 0.137 0.000000
0.137 0.138 0.000000
0.138 0.139 0.000000
0.139 0.140 0.000000
0.140 0.141 0.000000
0.141 0.142 0.000000
0.142 0.143 0.000000
0.143 0.144 0.000000
0.144 0.145 0.000000
0.145 0.146 0.000000
0.146 0.147 0.000000
0.147 0.148 0.000000
0.148 0.149 0.000000
0.149 0.150 0.000000
