1
0.000 0.001 0.000000
0.001 0.002 0.000000
0.002 0.003 0.000000
0.003 0.004 0.000000
0.004 0.005 0.000000
0.005 0.006 0.000000
0.006 0.007 0.000000
0.007 0.008 0.000000
0.008 0.009 0.000000
0.009 0.010 0.000000
0.010 0.011 0.000000
0.011 0.012 0.000000
0.012 0.013 0.000000
0.013 0.014 0.000000
0.014 0.015 0.000000
0.015 0.016 0.000000
0.016 0.017 0.000000
0.017 0.018 0.000004
0.018 0.019 0.000030
0.019 0.020 0.000155
0.020 0.021 0.000596
0.021 0.022 0.001818
0.022 0.023 0.004587
0.023 0.024 0.009985
0.024 0.025 0.019234
0.025 0.026 0.033471
0.026 0.027 0.053426
0.027 0.028 0.079831
0.028 0.029 0.112879
0.029 0.030 0.151627
0.030 0.031 0.194226
0.031 0.032 0.241827
0.032 0.033 0.293073
0.033 0.034 0.344904
0.034 0.035 0.396778
0.035 0.036 0.448499
0.036 0.037 0.497129
0.037 0.038 0.541826
0.038 0.039 0.584023
0.039 0.040 0.623416
0.040 0.041 0.655650
0.041 0.042 0.684589
0.042 0.043 0.708981
0.043 0.044 0.728050
0.044 0.045 0.741366
0.045 0.046 0.753616
0.046 0.047 0.764401
0.047 0.048 0.770784
0.048 0.049 0.772033
0.049 0.050 0.769655
0.050 0.051 0.766639
0.051 0.052 0.762260
0.052 0.053 0.751585
0.053 0.054 0.738863
0.054 0.055 0.724524
0.055 0.056 0.707034
0.056 0.057 0.688311
0.057 0.058 0.786294
0.058 0.059 1.000000
0.059 0.060 0.864781
0.060 0.061 0.626389
0.061 0.062 0.606160
0.062 0.063 0.571579
0.063 0.064 0.547803
0.064 0.065 0.525536
0.065 0.066 0.503281
0.066 0.067 0.574878
0.067 0.068 0.555244
0.068 0.069 0.450533
0.069 0.070 0.405883
0.070 0.071 0.351333
0.071 0.072 0.336438
0.072 0.073 0.316496
0.073 0.074 0.300467
0.074 0.075 0.283665
0.075 0.076 0.264362
0.076 0.077 0.245184
0.077 0.078 0.226472
0.078 0.079 0.208252
0.079 0.080 0.196511
0.080 0.081 0.181773
0.081 0.082 0.164877
0.082 0.083 0.149823
0.083 0.084 0.135851
0.084 0.085 0.121609
0.085 0.086 0.107768
0.086 0.087 0.090044
0.087 0.088 0.079656
0.088 0.089 0.067493
0.089 0.090 0.056905
0.090 0.091 0.048045
0.091 0.092 0.037828
0.092 0.093 0.025654
0.093 0.094 0.019601
0.094 0.095 0.013430
0.095 0.096 0.005245
0.096 0.097 0.003100
0.097 0.098 0.000000
0.098 0.099 0.000000
0.099 0.100 0.000000
0.100 0.101 0.000000
0.101 0.102 0.000000
0.102 0.103 0.000000
0.103 0.104 0.000000
0.104 0.105 0.000000
0.105 0.106 0.000000
0.106 0.107 0.000000
0.107 0.108 0.000000
0.108 0.109 0.000000
0.109 0.110 0.000000
0.110 0.111 0.000000
0.111 0.112 0.000000
0.112 0.113 0.000000
0.113 0.114 0.000000
0.114 0.115 0.000000
0.115 0.116 0.000000
0.116 0.117 0.000000
0.117 0.118 0.000000
0.118 0.119 0.000000
0.119 0.120 0.000000
0.120 0.121 0.000000
0.121 0.122 0.000000
0.122 0.123 0.000000
0.123 0.124 0.000000
0.124 0.125 0.000000
0.125 0.126 0.000000
0.126 0.127 0.000000
0.127 0.128 0.000000
0.128 0.129 0.000000
0.129 0.130 0.000000
0.130 0.131 0.000000
0.131 0.132 0.000000
0.132 0.133 0.000000
0.133 0.134 0.000000
0.134 0.135 0.000000
0.135 0.136 0.000000
0.136 0.137 0.000000
0.137 0.138 0.000000
0.138 0.139 0.000000
0.139 0.140 0.000000
0.140 0.141 0.000000
0.141 0.142 0.000000
0.142 0.143 0.000000
0.143 0.144 0.000000
0.144 0.145 0.000000
0.145 0.146 0.000000
0.146 0.147 0.000000
0.147 0.148 0.000000
0.148 0.149 0.000000
0.149 0.150 0.000000
