1
0.000 0.001 0.000000
0.001 0.002 0.000000
0.002 0.003 0.000000
0.003 0.004 0.000000
0.004 0.005 0.000000
0.005 0.006 0.000000
0.006 0.007 0.000000
0.007 0.008 0.000000
0.008 0.009 0.000000
0.009 0.010 0.000000
0.010 0.011 0.000000
0.011 0.012 0.000000
0.012 0.013 0.000000
0.013 0.014 0.000000
0.014 0.015 0.000000
0.015 0.016 0.000000
0.016 0.017 0.000000
0.017 0.018 0.000000
0.018 0.019 0.000000
0.019 0.020 0.000000
0.020 0.021 0.000000
0.021 0.022 0.000001
0.022 0.023 0.000005
0.023 0.024 0.000023
0.024 0.025 0.000083
0.025 0.026 0.000247
0.026 0.027 0.000629
0.027 0.028 0.001415
0.028 0.029 0.002866
0.029 0.030 0.005268
0.030 0.031 0.008990
0.031 0.032 0.014340
0.032 0.033 0.021659
0.033 0.034 0.031141
0.034 0.035 0.042914
0.035 0.036 0.056946
0.036 0.037 0.073112
0.037 0.038 0.091634
0.038 0.039 0.111688
0.039 0.040 0.133040
0.040 0.041 0.155676
0.041 0.042 0.178783
0.042 0.043 0.202482
0.043 0.044 0.226041
0.044 0.045 0.249812
0.045 0.046 0.271799
0.046 0.047 0.292714
0.047 0.048 0.314259
0.048 0.049 0.333732
0.049 0.050 0.349744
0.050 0.051 0.367088
0.051 0.052 0.384312
0.052 0.053 0.398542
0.053 0.054 0.410852
0.054 0.055 0.421872
0.055 0.056 0.432606
0.056 0.057 0.442661
0.057 0.058 0.633254
0.058 0.059 1.000000
0.059 0.060 0.824202
0.060 0.061 0.474338
0.061 0.062 0.476389
0.062 0.063 0.457004
0.063 0.064 0.455245
0.064 0.065 0.451058
0.065 0.066 0.448993
0.066 0.067 0.612957
0.067 0.068 0.613680
0.068 0.069 0.476336
0.069 0.070 0.433177
0.070 0.071 0.353913
0.071 0.072 0.350214
0.072 0.073 0.343637
0.073 0.074 0.339676
0.074 0.075 0.335645
0.075 0.076 0.330144
0.076 0.077 0.321884
0.077 0.078 0.315254
0.078 0.079 0.309879
0.079 0.080 0.305858
0.080 0.081 0.299931
0.081 0.082 0.292163
0.082 0.083 0.284548
0.083 0.084 0.277318
0.084 0.085 0.271058
0.085 0.086 0.265220
0.086 0.087 0.257939
0.087 0.088 0.252877
0.088 0.089 0.245302
0.089 0.090 0.235825
0.090 0.091 0.227696
0.091 0.092 0.216156
0.092 0.093 0.206789
0.093 0.094 0.203564
0.094 0.095 0.196741
0.095 0.096 0.190190
0.096 0.097 0.183399
0.097 0.098 0.174319
0.098 0.099 0.166038
0.099 0.100 0.159532
0.100 0.101 0.153700
0.101 0.102 0.146878
0.102 0.103 0.138761
0.103 0.104 0.131572
0.104 0.105 0.126358
0.105 0.106 0.119791
0.106 0.107 0.114106
0.107 0.108 0.107078
0.108 0.109 0.101356
0.109 0.110 0.095640
0.110 0.111 0.089724
0.111 0.112 0.084493
0.112 0.113 0.077278
0.113 0.114 0.070739
0.114 0.115 0.064395
0.115 0.116 0.059825
0.116 0.117 0.054951
0.117 0.118 0.050168
0.118 0.119 0.043613
0.119 0.120 0.039676
0.120 0.121 0.037656
0.121 0.122 0.033494
0.122 0.123 0.028534
0.123 0.124 0.025475
0.124 0.125 0.021713
0.125 0.126 0.017948
0.126 0.127 0.015004
0.127 0.128 0.011592
0.128 0.129 0.007746
0.129 0.130 0.005895
0.130 0.131 0.003811
0.131 0.132 0.001570
0.132 0.133 0.000966
0.133 0.134 0.000000
0.134 0.135 0.000000
0.135 0.136 0.000000
0.136 0.137 0.000000
0.137 0.138 0.000000
0.138 0.139 0.000000
0.139 0.140 0.000000
0.140 0.141 0.000000
0.141 0.142 0.000000
0.142 0.143 0.000000
0.143 0.144 0.000000
0.144 0.145 0.000000
0.145 0.146 0.000000
0.146 0.147 0.000000
0.147 0.148 0.000000
0.148 0.149 0.000000
0.149 0.150 0.000000
