1
0.000 0.001 0.000000
0.001 0.002 0.000000
0.002 0.003 0.000000
0.003 0.004 0.000000
0.004 0.005 0.000000
0.005 0.006 0.000000
0.006 0.007 0.000000
0.007 0.008 0.000000
0.008 0.009 0.000000
0.009 0.010 0.000000
0.010 0.011 0.000000
0.011 0.012 0.000000
0.012 0.013 0.000000
0.013 0.014 0.000000
0.014 0.015 0.000000
0.015 0.016 0.000000
0.016 0.017 0.000000
0.017 0.018 0.000000
0.018 0.019 0.000001
0.019 0.020 0.000004
0.020 0.021 0.000022
0.021 0.022 0.000084
0.022 0.023 0.000263
0.023 0.024 0.000696
0.024 0.025 0.001598
0.025 0.026 0.003253
0.026 0.027 0.005993
0.027 0.028 0.010202
0.028 0.029 0.016203
0.029 0.030 0.024116
0.030 0.031 0.034236
0.031 0.032 0.046477
0.032 0.033 0.060822
0.033 0.034 0.077169
0.034 0.035 0.094976
0.035 0.036 0.113864
0.036 0.037 0.133932
0.037 0.038 0.155404
0.038 0.039 0.176335
0.039 0.040 0.196651
0.040 0.041 0.217029
0.041 0.042 0.236929
0.042 0.043 0.256290
0.043 0.044 0.274235
0.044 0.045 0.291762
0.045 0.046 0.306773
0.046 0.047 0.320681
0.047 0.048 0.335737
0.048 0.049 0.348259
0.049 0.050 0.357581
0.050 0.051 0.367076
0.051 0.052 0.376710
0.052 0.053 0.383136
0.053 0.054 0.388037
0.054 0.055 0.392957
0.055 0.056 0.398365
0.056 0.057 0.402958
0.057 0.058 0.607975
0.058 0.059 1.000000
0.059 0.060 0.799375
0.060 0.061 0.421045
0.061 0.062 0.420633
0.062 0.063 0.398281
0.063 0.064 0.396357
0.064 0.065 0.392573
0.065 0.066 0.388387
0.066 0.067 0.549331
0.067 0.068 0.547152
0.068 0.069 0.412324
0.069 0.070 0.371358
0.070 0.071 0.294677
0.071 0.072 0.291987
0.072 0.073 0.287493
0.073 0.074 0.283727
0.074 0.075 0.280693
0.075 0.076 0.277544
0.076 0.077 0.272101
0.077 0.078 0.268167
0.078 0.079 0.265159
0.079 0.080 0.261579
0.080 0.081 0.257296
0.081 0.082 0.251534
0.082 0.083 0.245619
0.083 0.084 0.240255
0.084 0.085 0.235745
0.085 0.086 0.231409
0.086 0.087 0.226464
0.087 0.088 0.223314
0.088 0.089 0.217882
0.089 0.090 0.211014
0.090 0.091 0.205569
0.091 0.092 0.197096
0.092 0.093 0.191064
0.093 0.094 0.188319
0.094 0.095 0.182565
0.095 0.096 0.177114
0.096 0.097 0.171931
0.097 0.098 0.164695
0.098 0.099 0.158499
0.099 0.100 0.153449
0.100 0.101 0.148249
0.101 0.102 0.142752
0.102 0.103 0.136508
0.103 0.104 0.131688
0.104 0.105 0.126316
0.105 0.106 0.119743
0.106 0.107 0.114144
0.107 0.108 0.107358
0.108 0.109 0.101881
0.109 0.110 0.096586
0.110 0.111 0.090964
0.111 0.112 0.085719
0.112 0.113 0.079079
0.113 0.114 0.073044
0.114 0.115 0.068121
0.115 0.116 0.062510
0.116 0.117 0.057418
0.117 0.118 0.052624
0.118 0.119 0.046310
0.119 0.120 0.041896
0.120 0.121 0.039911
0.121 0.122 0.036237
0.122 0.123 0.032234
0.123 0.124 0.028912
0.124 0.125 0.024868
0.125 0.126 0.020555
0.126 0.127 0.017896
0.127 0.128 0.014693
0.128 0.129 0.011539
0.129 0.130 0.009225
0.130 0.131 0.006386
0.131 0.132 0.005011
0.132 0.133 0.003003
0.133 0.134 0.001373
0.134 0.135 0.000361
0.135 0.136 0.000000
0.136 0.137 0.000000
0.137 0.138 0.000000
0.138 0.139 0.000000
0.139 0.140 0.000000
0.140 0.141 0.000000
0.141 0.142 0.000000
0.142 0.143 0.000000
0.143 0.144 0.000000
0.144 0.145 0.000000
0.145 0.146 0.000000
0.146 0.147 0.000000
0.147 0.148 0.000000
0.148 0.149 0.000000
0.149 0.150 0.000000
