1
0.000 0.001 0.000000
0.001 0.002 0.000000
0.002 0.003 0.000000
0.003 0.004 0.000000
0.004 0.005 0.000000
0.005 0.006 0.000000
0.006 0.007 0.000000
0.007 0.008 0.000000
0.008 0.009 0.000000
0.009 0.010 0.000000
0.010 0.011 0.000000
0.011 0.012 0.000000
0.012 0.013 0.000000
0.013 0.014 0.000000
0.014 0.015 0.000000
0.015 0.016 0.000000
0.016 0.017 0.000002
0.017 0.018 0.000022
0.018 0.019 0.000140
0.019 0.020 0.000620
0.020 0.021 0.002098
0.021 0.022 0.005736
0.022 0.023 0.013177
0.023 0.024 0.026411
0.024 0.025 0.047490
0.025 0.026 0.077795
0.026 0.027 0.117777
0.027 0.028 0.167713
0.028 0.029 0.226901
0.029 0.030 0.293131
0.030 0.031 0.364559
0.031 0.032 0.438015
0.032 0.033 0.510562
0.033 0.034 0.583149
0.034 0.035 0.652994
0.035 0.036 0.718563
0.036 0.037 0.775588
0.037 0.038 0.827694
0.038 0.039 0.872306
0.039 0.040 0.905544
0.040 0.041 0.938510
0.041 0.042 0.964706
0.042 0.043 0.984183
0.043 0.044 0.993902
0.044 0.045 1.000000
0.045 0.046 0.994922
0.046 0.047 0.984032
0.047 0.048 0.967269
0.048 0.049 0.952443
0.049 0.050 0.934655
0.050 0.051 0.914113
0.051 0.052 0.888363
0.052 0.053 0.860598
0.053 0.054 0.835167
0.054 0.055 0.799352
0.055 0.056 0.761496
0.056 0.057 0.724671
0.057 0.058 0.739219
0.058 0.059 0.789477
0.059 0.060 0.709370
0.060 0.061 0.587836
0.061 0.062 0.547349
0.062 0.063 0.516263
0.063 0.064 0.482027
0.064 0.065 0.446438
0.065 0.066 0.406878
0.066 0.067 0.402724
0.067 0.068 0.365150
0.068 0.069 0.304547
0.069 0.070 0.265856
0.070 0.071 0.229980
0.071 0.072 0.201163
0.072 0.073 0.163455
0.073 0.074 0.143888
0.074 0.075 0.124109
0.075 0.076 0.103064
0.076 0.077 0.078047
0.077 0.078 0.060702
0.078 0.079 0.042480
0.079 0.080 0.024805
0.080 0.081 0.017207
0.081 0.082 0.004464
0.082 0.083 0.000000
0.083 0.084 0.000000
0.084 0.085 0.000000
0.085 0.086 0.000000
0.086 0.087 0.000000
0.087 0.088 0.000000
0.088 0.089 0.000000
0.089 0.090 0.000000
0.090 0.091 0.000000
0.091 0.092 0.000000
0.092 0.093 0.000000
0.093 0.094 0.000000
0.094 0.095 0.000000
0.095 0.096 0.000000
0.096 0.097 0.000000
0.097 0.098 0.000000
0.098 0.099 0.000000
0.099 0.100 0.000000
0.100 0.101 0.000000
0.101 0.102 0.000000
0.102 0.103 0.000000
0.103 0.104 0.000000
0.104 0.105 0.000000
0.105 0.106 0.000000
0.106 0.107 0.000000
0.107 0.108 0.000000
0.108 0.109 0.000000
0.109 0.110 0.000000
0.110 0.111 0.000000
0.111 0.112 0.000000
0.112 0.113 0.000000
0.113 0.114 0.000000
0.114 0.115 0.000000
0.115 0.116 0.000000
0.116 0.117 0.000000
0.117 0.118 0.000000
0.118 0.119 0.000000
0.119 0.120 0.000000
0.120 0.121 0.000000
0.121 0.122 0.000000
0.122 0.123 0.000000
0.123 0.124 0.000000
0.124 0.125 0.000000
0.125 0.126 0.000000
0.126 0.127 0.000000
0.127 0.128 0.000000
0.128 0.129 0.000000
0.129 0.130 0.000000
0.130 0.131 0.000000
0.131 0.132 0.000000
0.132 0.133 0.000000
0.133 0.134 0.000000
0.134 0.135 0.000000
0.135 0.136 0.000000
0.136 0.137 0.000000
0.137 0.138 0.000000
0.138 0.139 0.000000
0.139 0.140 0.000000
0.140 0.141 0.000000
0.141 0.142 0.000000
0.142 0.143 0.000000
0.143 0.144 0.000000
0.144 0.145 0.000000
0.145 0.146 0.000000
0.146 0.147 0.000000
0.147 0.148 0.000000
0.148 0.149 0.000000
0.149 0.150 0.000000
