1
0.000 0.001 0.000000
0.001 0.002 0.000000
0.002 0.003 0.000000
0.003 0.004 0.000000
0.004 0.005 0.000000
0.005 0.006 0.000000
0.006 0.007 0.000000
0.007 0.008 0.000000
0.008 0.009 0.000000
0.009 0.010 0.000000
0.010 0.011 0.000000
0.011 0.012 0.000000
0.012 0.013 0.000000
0.013 0.014 0.000000
0.014 0.015 0.000000
0.015 0.016 0.000000
0.016 0.017 0.000000
0.017 0.018 0.000000
0.018 0.019 0.000000
0.019 0.020 0.000000
0.020 0.021 0.000001
0.021 0.022 0.000009
0.022 0.023 0.000047
0.023 0.024 0.000184
0.024 0.025 0.000590
0.025 0.026 0.001597
0.026 0.027 0.003740
0.027 0.028 0.007808
0.028 0.029 0.014795
0.029 0.030 0.025671
0.030 0.031 0.041530
0.031 0.032 0.062989
0.032 0.033 0.090647
0.033 0.034 0.124658
0.034 0.035 0.164891
0.035 0.036 0.210807
0.036 0.037 0.260526
0.037 0.038 0.314992
0.038 0.039 0.372521
0.039 0.040 0.430343
0.040 0.041 0.488075
0.041 0.042 0.545187
0.042 0.043 0.599753
0.043 0.044 0.650439
0.044 0.045 0.698459
0.045 0.046 0.736830
0.046 0.047 0.770842
0.047 0.048 0.803788
0.048 0.049 0.827058
0.049 0.050 0.844683
0.050 0.051 0.858675
0.051 0.052 0.868512
0.052 0.053 0.867143
0.053 0.054 0.872466
0.054 0.055 0.869492
0.055 0.056 0.852032
0.056 0.057 0.832821
0.057 0.058 0.887082
0.058 0.059 1.000000
0.059 0.060 0.913577
0.060 0.061 0.753246
0.061 0.062 0.725801
0.062 0.063 0.692786
0.063 0.064 0.655328
0.064 0.065 0.624596
0.065 0.066 0.586638
0.066 0.067 0.613256
0.067 0.068 0.582394
0.068 0.069 0.488514
0.069 0.070 0.427499
0.070 0.071 0.375783
0.071 0.072 0.344963
0.072 0.073 0.304727
0.073 0.074 0.268447
0.074 0.075 0.241703
0.075 0.076 0.214456
0.076 0.077 0.186663
0.077 0.078 0.150135
0.078 0.079 0.122530
0.079 0.080 0.100260
0.080 0.081 0.076031
0.081 0.082 0.056490
0.082 0.083 0.039548
0.083 0.084 0.020075
0.084 0.085 0.005601
0.085 0.086 0.000000
0.086 0.087 0.000000
0.087 0.088 0.000000
0.088 0.089 0.000000
0.089 0.090 0.000000
0.090 0.091 0.000000
0.091 0.092 0.000000
0.092 0.093 0.000000
0.093 0.094 0.000000
0.094 0.095 0.000000
0.095 0.096 0.000000
0.096 0.097 0.000000
0.097 0.098 0.000000
0.098 0.099 0.000000
0.099 0.100 0.000000
0.100 0.101 0.000000
0.101 0.102 0.000000
0.102 0.103 0.000000
0.103 0.104 0.000000
0.104 0.105 0.000000
0.105 0.106 0.000000
0.106 0.107 0.000000
0.107 0.108 0.000000
0.108 0.109 0.000000
0.109 0.110 0.000000
0.110 0.111 0.000000
0.111 0.112 0.000000
0.112 0.113 0.000000
0.113 0.114 0.000000
0.114 0.115 0.000000
0.115 0.116 0.000000
0.116 0.117 0.000000
0.117 0.118 0.000000
0.118 0.119 0.000000
0.119 0.120 0.000000
0.120 0.121 0.000000
0.121 0.122 0.000000
0.122 0.123 0.000000
0.123 0.124 0.000000
0.124 0.125 0.000000
0.125 0.126 0.000000
0.126 0.127 0.000000
0.127 0.128 0.000000
0.128 0.129 0.000000
0.129 0.130 0.000000
0.130 0.131 0.000000
0.131 0.132 0.000000
0.132 0.133 0.000000
0.133 0.134 0.000000
0.134 0.135 0.000000
0.135 0.136 0.000000
0.136 0.137 0.000000
0.137 0.138 0.000000
0.138 0.139 0.000000
0.139 0.140 0.000000
0.140 0.141 0.000000
0.141 0.142 0.000000
0.142 0.143 0.000000
0.143 0.144 0.000000
0.144 0.145 0.000000
0.145 0.146 0.000000
0.146 0.147 0.000000
0.147 0.148 0.000000
0.148 0.149 0.000000
0.149 0.150 0.000000
