1
0.000 0.001 0.000000
0.001 0.002 0.000000
0.002 0.003 0.000000
0.003 0.004 0.000000
0.004 0.005 0.000000
0.005 0.006 0.000000
0.006 0.007 0.000000
0.007 0.008 0.000000
0.008 0.009 0.000000
0.009 0.010 0.000000
0.010 0.011 0.000000
0.011 0.012 0.000000
0.012 0.013 0.000000
0.013 0.014 0.000000
0.014 0.015 0.000000
0.015 0.016 0.000000
0.016 0.017 0.000000
0.017 0.018 0.000000
0.018 0.019 0.000000
0.019 0.020 0.000003
0.020 0.021 0.000016
0.021 0.022 0.000064
0.022 0.023 0.000209
0.023 0.024 0.000567
0.024 0.025 0.001335
0.025 0.026 0.002780
0.026 0.027 0.005221
0.027 0.028 0.009044
0.028 0.029 0.014592
0.029 0.030 0.022002
0.030 0.031 0.031642
0.031 0.032 0.043429
0.032 0.033 0.057357
0.033 0.034 0.073433
0.034 0.035 0.091181
0.035 0.036 0.109909
0.036 0.037 0.130035
0.037 0.038 0.151861
0.038 0.039 0.172982
0.039 0.040 0.193871
0.040 0.041 0.215057
0.041 0.042 0.235189
0.042 0.043 0.254927
0.043 0.044 0.274058
0.044 0.045 0.292858
0.045 0.046 0.308650
0.046 0.047 0.323347
0.047 0.048 0.339285
0.048 0.049 0.352578
0.049 0.050 0.362893
0.050 0.051 0.372559
0.051 0.052 0.382633
0.052 0.053 0.390263
0.053 0.054 0.395635
0.054 0.055 0.400996
0.055 0.056 0.407328
0.056 0.057 0.412191
0.057 0.058 0.613491
0.058 0.059 1.000000
0.059 0.060 0.803654
0.060 0.061 0.430972
0.061 0.062 0.430610
0.062 0.063 0.408899
0.063 0.064 0.406753
0.064 0.065 0.402342
0.065 0.066 0.398514
0.066 0.067 0.558118
0.067 0.068 0.556122
0.068 0.069 0.422509
0.069 0.070 0.381033
0.070 0.071 0.304611
0.071 0.072 0.301519
0.072 0.073 0.296892
0.073 0.074 0.293258
0.074 0.075 0.289720
0.075 0.076 0.286410
0.076 0.077 0.280575
0.077 0.078 0.275990
0.078 0.079 0.273246
0.079 0.080 0.269358
0.080 0.081 0.263847
0.081 0.082 0.257207
0.082 0.083 0.251148
0.083 0.084 0.245869
0.084 0.085 0.241148
0.085 0.086 0.236662
0.086 0.087 0.230628
0.087 0.088 0.227423
0.088 0.089 0.221983
0.089 0.090 0.214405
0.090 0.091 0.208664
0.091 0.092 0.198911
0.092 0.093 0.192586
0.093 0.094 0.190399
0.094 0.095 0.184244
0.095 0.096 0.178194
0.096 0.097 0.172382
0.097 0.098 0.164323
0.098 0.099 0.157890
0.099 0.100 0.152174
0.100 0.101 0.146295
0.101 0.102 0.140595
0.102 0.103 0.133331
0.103 0.104 0.127932
0.104 0.105 0.122614
0.105 0.106 0.115871
0.106 0.107 0.109895
0.107 0.108 0.102427
0.108 0.109 0.096268
0.109 0.110 0.089856
0.110 0.111 0.083572
0.111 0.112 0.078297
0.112 0.113 0.070973
0.113 0.114 0.064660
0.114 0.115 0.058742
0.115 0.116 0.052510
0.116 0.117 0.046229
0.117 0.118 0.040576
0.118 0.119 0.032918
0.119 0.120 0.028505
0.120 0.121 0.026773
0.121 0.122 0.022302
0.122 0.123 0.018658
0.123 0.124 0.014493
0.124 0.125 0.010527
0.125 0.126 0.007560
0.126 0.127 0.004774
0.127 0.128 0.002440
0.128 0.129 0.000416
0.129 0.130 0.000000
0.130 0.131 0.000000
0.131 0.132 0.000000
0.132 0.133 0.000000
0.133 0.134 0.000000
0.134 0.135 0.000000
0.135 0.136 0.000000
0.136 0.137 0.000000
0.137 0.138 0.000000
0.138 0.139 0.000000
0.139 0.140 0.000000
0.140 0.141 0.000000
0.141 0.142 0.000000
0.142 0.143 0.000000
0.143 0.144 0.000000
0.144 0.145 0.000000
0.145 0.146 0.000000
0.146 0.147 0.000000
0.147 0.148 0.000000
0.148 0.149 0.000000
0.149 0.150 0.000000
