1
0.000 0.001 0.000000
0.001 0.002 0.000000
0.002 0.003 0.000000
0.003 0.004 0.000000
0.004 0.005 0.000000
0.005 0.006 0.000000
0.006 0.007 0.000000
0.007 0.008 0.000000
0.008 0.009 0.000000
0.009 0.010 0.000000
0.010 0.011 0.000000
0.011 0.012 0.000000
0.012 0.013 0.000000
0.013 0.014 0.000000
0.014 0.015 0.000000
0.015 0.016 0.000004
0.016 0.017 0.000028
0.017 0.018 0.000139
0.018 0.019 0.000516
0.019 0.020 0.001533
0.020 0.021 0.003785
0.021 0.022 0.008087
0.022 0.023 0.015279
0.023 0.024 0.026136
0.024 0.025 0.041342
0.025 0.026 0.060894
0.026 0.027 0.084680
0.027 0.028 0.112999
0.028 0.029 0.145015
0.029 0.030 0.179095
0.030 0.031 0.214309
0.031 0.032 0.250944
0.032 0.033 0.288147
0.033 0.034 0.324067
0.034 0.035 0.358846
0.035 0.036 0.393587
0.036 0.037 0.425071
0.037 0.038 0.449905
0.038 0.039 0.473715
0.039 0.040 0.497772
0.040 0.041 0.516707
0.041 0.042 0.532176
0.042 0.043 0.548194
0.043 0.044 0.558873
0.044 0.045 0.568376
0.045 0.046 0.577072
0.046 0.047 0.579098
0.047 0.048 0.582911
0.048 0.049 0.587085
0.049 0.050 0.583339
0.050 0.051 0.579665
0.051 0.052 0.579352
0.052 0.053 0.578174
0.053 0.054 0.572466
0.054 0.055 0.563536
0.055 0.056 0.557679
0.056 0.057 0.554349
0.057 0.058 0.707701
0.058 0.059 1.000000
0.059 0.060 0.824868
0.060 0.061 0.519213
0.061 0.062 0.508747
0.062 0.063 0.483047
0.063 0.064 0.468089
0.064 0.065 0.455371
0.065 0.066 0.446022
0.066 0.067 0.553820
0.067 0.068 0.542239
0.068 0.069 0.432622
0.069 0.070 0.391190
0.070 0.071 0.330465
0.071 0.072 0.319253
0.072 0.073 0.305404
0.073 0.074 0.300726
0.074 0.075 0.294424
0.075 0.076 0.281721
0.076 0.077 0.267189
0.077 0.078 0.256350
0.078 0.079 0.250531
0.079 0.080 0.242711
0.080 0.081 0.231766
0.081 0.082 0.219542
0.082 0.083 0.207216
0.083 0.084 0.193749
0.084 0.085 0.182881
0.085 0.086 0.173687
0.086 0.087 0.163304
0.087 0.088 0.153958
0.088 0.089 0.144372
0.089 0.090 0.132921
0.090 0.091 0.119267
0.091 0.092 0.107229
0.092 0.093 0.097148
0.093 0.094 0.087617
0.094 0.095 0.076942
0.095 0.096 0.066953
0.096 0.097 0.054523
0.097 0.098 0.042001
0.098 0.099 0.029810
0.099 0.100 0.021675
0.100 0.101 0.017255
0.101 0.102 0.011263
0.102 0.103 0.005804
0.103 0.104 0.000723
0.104 0.105 0.000000
0.105 0.106 0.000000
0.106 0.107 0.000000
0.107 0.108 0.000000
0.108 0.109 0.000000
0.109 0.110 0.000000
0.110 0.111 0.000000
0.111 0.112 0.000000
0.112 0.113 0.000000
0.113 0.114 0.000000
0.114 0.115 0.000000
0.115 0.116 0.000000
0.116 0.117 0.000000
0.117 0.118 0.000000
0.118 0.119 0.000000
0.119 0.120 0.000000
0.120 0.121 0.000000
0.121 0.122 0.000000
0.122 0.123 0.000000
0.123 0.124 0.000000
0.124 0.125 0.000000
0.125 0.126 0.000000
0.126 0.127 0.000000
0.127 0.128 0.000000
0.128 0.129 0.000000
0.129 0.130 0.000000
0.130 0.131 0.000000
0.131 0.132 0.000000
0.132 0.133 0.000000
0.133 0.134 0.000000
0.134 0.135 0.000000
0.135 0.136 0.000000
0.136 0.137 0.000000
0.137 0.138 0.000000
0.138 0.139 0.000000
0.139 0.140 0.000000
0.140 0.141 0.000000
0.141 0.142 0.000000
0.142 0.143 0.000000
0.143 0.144 0.000000
0.144 0.145 0.000000
0.145 0.146 0.000000
0.146 0.147 0.000000
0.147 0.148 0.000000
0.148 0.149 0.000000
0.149 0.150 0.000000
