1
0.000 0.001 0.000000
0.001 0.002 0.000000
0.002 0.003 0.000000
0.003 0.004 0.000000
0.004 0.005 0.000000
0.005 0.006 0.000000
0.006 0.007 0.000000
0.007 0.008 0.000000
0.008 0.009 0.000000
0.009 0.010 0.000000
0.010 0.011 0.000000
0.011 0.012 0.000000
0.012 0.013 0.000000
0.013 0.014 0.000000
0.014 0.015 0.000000
0.015 0.016 0.000000
0.016 0.017 0.000000
0.017 0.018 0.000000
0.018 0.019 0.000000
0.019 0.020 0.000000
0.020 0.021 0.000000
0.021 0.022 0.000003
0.022 0.023 0.000015
0.023 0.024 0.000067
0.024 0.025 0.000232
0.025 0.026 0.000674
0.026 0.027 0.001681
0.027 0.028 0.003708
0.028 0.029 0.007388
0.029 0.030 0.013418
0.030 0.031 0.022596
0.031 0.032 0.035510
0.032 0.033 0.052929
0.033 0.034 0.075131
0.034 0.035 0.102115
0.035 0.036 0.133795
0.036 0.037 0.169259
0.037 0.038 0.208996
0.038 0.039 0.252415
0.039 0.040 0.298078
0.040 0.041 0.344333
0.041 0.042 0.391601
0.042 0.043 0.438304
0.043 0.044 0.484072
0.044 0.045 0.528790
0.045 0.046 0.566781
0.046 0.047 0.604678
0.047 0.048 0.638934
0.048 0.049 0.666432
0.049 0.050 0.690532
0.050 0.051 0.712914
0.051 0.052 0.731932
0.052 0.053 0.741716
0.053 0.054 0.749542
0.054 0.055 0.753603
0.055 0.056 0.750465
0.056 0.057 0.742353
0.057 0.058 0.827682
0.058 0.059 1.000000
0.059 0.060 0.900137
0.060 0.061 0.705442
0.061 0.062 0.688095
0.062 0.063 0.657802
0.063 0.064 0.634771
0.064 0.065 0.609982
0.065 0.066 0.578297
0.066 0.067 0.639548
0.067 0.068 0.621067
0.068 0.069 0.521442
0.069 0.070 0.467934
0.070 0.071 0.406222
0.071 0.072 0.386848
0.072 0.073 0.359268
0.073 0.074 0.333373
0.074 0.075 0.306443
0.075 0.076 0.276581
0.076 0.077 0.255336
0.077 0.078 0.230812
0.078 0.079 0.205755
0.079 0.080 0.180937
0.080 0.081 0.161194
0.081 0.082 0.136638
0.082 0.083 0.115853
0.083 0.084 0.095099
0.084 0.085 0.079087
0.085 0.086 0.062280
0.086 0.087 0.041107
0.087 0.088 0.027993
0.088 0.089 0.012502
0.089 0.090 0.003183
0.090 0.091 0.000000
0.091 0.092 0.000000
0.092 0.093 0.000000
0.093 0.094 0.000000
0.094 0.095 0.000000
0.095 0.096 0.000000
0.096 0.097 0.000000
0.097 0.098 0.000000
0.098 0.099 0.000000
0.099 0.100 0.000000
0.100 0.101 0.000000
0.101 0.102 0.000000
0.102 0.103 0.000000
0.103 0.104 0.000000
0.104 0.105 0.000000
0.105 0.106 0.000000
0.106 0.107 0.000000
0.107 0.108 0.000000
0.108 0.109 0.000000
0.109 0.110 0.000000
0.110 0.111 0.000000
0.111 0.112 0.000000
0.112 0.113 0.000000
0.113 0.114 0.000000
0.114 0.115 0.000000
0.115 0.116 0.000000
0.116 0.117 0.000000
0.117 0.118 0.000000
0.118 0.119 0.000000
0.119 0.120 0.000000
0.120 0.121 0.000000
0.121 0.122 0.000000
0.122 0.123 0.000000
0.123 0.124 0.000000
0.124 0.125 0.000000
0.125 0.126 0.000000
0.126 0.127 0.000000
0.127 0.128 0.000000
0.128 0.129 0.000000
0.129 0.130 0.000000
0.130 0.131 0.000000
0.131 0.132 0.000000
0.132 0.133 0.000000
0.133 0.134 0.000000
0.134 0.135 0.000000
0.135 0.136 0.000000
0.136 0.137 0.000000
0.137 0.138 0.000000
0.138 0.139 0.000000
0.139 0.140 0.000000
0.140 0.141 0.000000
0.141 0.142 0.000000
0.142 0.143 0.000000
0.143 0.144 0.000000
0.144 0.145 0.000000
0.145 0.146 0.000000
0.146 0.147 0.000000
0.147 0.148 0.000000
0.148 0.149 0.000000
0.149 0.150 0.000000
