1
0.000 0.001 0.000000
0.001 0.002 0.000000
0.002 0.003 0.000000
0.003 0.004 0.000000
0.004 0.005 0.000000
0.005 0.006 0.000000
0.006 0.007 0.000000
0.007 0.008 0.000000
0.008 0.009 0.000000
0.009 0.010 0.000000
0.010 0.011 0.000000
0.011 0.012 0.000000
0.012 0.013 0.000000
0.013 0.014 0.000000
0.014 0.015 0.000000
0.015 0.016 0.000000
0.016 0.017 0.000001
0.017 0.018 0.000007
0.018 0.019 0.000039
0.019 0.020 0.000167
0.020 0.021 0.000556
0.021 0.022 0.001512
0.022 0.023 0.003485
0.023 0.024 0.007053
0.024 0.025 0.012818
0.025 0.026 0.021303
0.026 0.027 0.032841
0.027 0.028 0.047678
0.028 0.029 0.065877
0.029 0.030 0.086716
0.030 0.031 0.109975
0.031 0.032 0.135194
0.032 0.033 0.161610
0.033 0.034 0.188772
0.034 0.035 0.216064
0.035 0.036 0.242725
0.036 0.037 0.268382
0.037 0.038 0.292915
0.038 0.039 0.316465
0.039 0.040 0.338465
0.040 0.041 0.358568
0.041 0.042 0.376604
0.042 0.043 0.393446
0.043 0.044 0.407603
0.044 0.045 0.420355
0.045 0.046 0.429676
0.046 0.047 0.437446
0.047 0.048 0.445933
0.048 0.049 0.451421
0.049 0.050 0.453330
0.050 0.051 0.455355
0.051 0.052 0.457280
0.052 0.053 0.456108
0.053 0.054 0.453622
0.054 0.055 0.451069
0.055 0.056 0.447798
0.056 0.057 0.446181
0.057 0.058 0.636458
0.058 0.059 1.000000
0.059 0.060 0.801605
0.060 0.061 0.441227
0.061 0.062 0.435636
0.062 0.063 0.409688
0.063 0.064 0.402558
0.064 0.065 0.394568
0.065 0.066 0.386166
0.066 0.067 0.526215
0.067 0.068 0.519282
0.068 0.069 0.393075
0.069 0.070 0.352044
0.070 0.071 0.281144
0.071 0.072 0.275073
0.072 0.073 0.266381
0.073 0.074 0.261215
0.074 0.075 0.256694
0.075 0.076 0.251469
0.076 0.077 0.244494
0.077 0.078 0.239066
0.078 0.079 0.234627
0.079 0.080 0.229873
0.080 0.081 0.224460
0.081 0.082 0.217497
0.082 0.083 0.210463
0.083 0.084 0.203869
0.084 0.085 0.198078
0.085 0.086 0.192600
0.086 0.087 0.186757
0.087 0.088 0.181950
0.088 0.089 0.175152
0.089 0.090 0.169127
0.090 0.091 0.163659
0.091 0.092 0.156535
0.092 0.093 0.151084
0.093 0.094 0.147778
0.094 0.095 0.142505
0.095 0.096 0.137656
0.096 0.097 0.132788
0.097 0.098 0.126469
0.098 0.099 0.120447
0.099 0.100 0.115880
0.100 0.101 0.111710
0.101 0.102 0.106690
0.102 0.103 0.100848
0.103 0.104 0.097477
0.104 0.105 0.093528
0.105 0.106 0.088822
0.106 0.107 0.084854
0.107 0.108 0.080150
0.108 0.109 0.076434
0.109 0.110 0.072977
0.110 0.111 0.069117
0.111 0.112 0.065488
0.112 0.113 0.060625
0.113 0.114 0.056079
0.114 0.115 0.052492
0.115 0.116 0.048301
0.116 0.117 0.044994
0.117 0.118 0.042204
0.118 0.119 0.038601
0.119 0.120 0.035773
0.120 0.121 0.034018
0.121 0.122 0.031412
0.122 0.123 0.028821
0.123 0.124 0.026101
0.124 0.125 0.022408
0.125 0.126 0.020035
0.126 0.127 0.018199
0.127 0.128 0.015869
0.128 0.129 0.013891
0.129 0.130 0.011904
0.130 0.131 0.009673
0.131 0.132 0.008268
0.132 0.133 0.005990
0.133 0.134 0.004671
0.134 0.135 0.003446
0.135 0.136 0.002317
0.136 0.137 0.000884
0.137 0.138 0.000491
0.138 0.139 0.000000
0.139 0.140 0.000000
0.140 0.141 0.000000
0.141 0.142 0.000000
0.142 0.143 0.000000
0.143 0.144 0.000000
0.144 0.145 0.000000
0.145 0.146 0.000000
0.146 0.147 0.000000
0.147 0.148 0.000000
0.148 0.149 0.000000
0.149 0.150 0.000000
