1
0.000 0.001 0.000000
0.001 0.002 0.000000
0.002 0.003 0.000000
0.003 0.004 0.000000
0.004 0.005 0.000000
0.005 0.006 0.000000
0.006 0.007 0.000000
0.007 0.008 0.000000
0.008 0.009 0.000000
0.009 0.010 0.000000
0.010 0.011 0.000000
0.011 0.012 0.000001
0.012 0.013 0.000015
0.013 0.014 0.000130
0.014 0.015 0.000689
0.015 0.016 0.002515
0.016 0.017 0.006976
0.017 0.018 0.015725
0.018 0.019 0.030203
0.019 0.020 0.051389
0.020 0.021 0.079525
0.021 0.022 0.113795
0.022 0.023 0.152941
0.023 0.024 0.195733
0.024 0.025 0.240152
0.025 0.026 0.284643
0.026 0.027 0.328039
0.027 0.028 0.371009
0.028 0.029 0.411827
0.029 0.030 0.448109
0.030 0.031 0.480684
0.031 0.032 0.509560
0.032 0.033 0.534470
0.033 0.034 0.555434
0.034 0.035 0.572011
0.035 0.036 0.584766
0.036 0.037 0.594854
0.037 0.038 0.602912
0.038 0.039 0.606777
0.039 0.040 0.608218
0.040 0.041 0.606462
0.041 0.042 0.603427
0.042 0.043 0.600290
0.043 0.044 0.592951
0.044 0.045 0.588423
0.045 0.046 0.580410
0.046 0.047 0.571101
0.047 0.048 0.564921
0.048 0.049 0.556633
0.049 0.050 0.544823
0.050 0.051 0.534261
0.051 0.052 0.525356
0.052 0.053 0.513781
0.053 0.054 0.501695
0.054 0.055 0.490031
0.055 0.056 0.479209
0.056 0.057 0.468511
0.057 0.058 0.650572
0.058 0.059 1.000000
0.059 0.060 0.792441
0.060 0.061 0.432756
0.061 0.062 0.422442
0.062 0.063 0.393833
0.063 0.064 0.383340
0.064 0.065 0.372143
0.065 0.066 0.361189
0.066 0.067 0.485640
0.067 0.068 0.475633
0.068 0.069 0.359027
0.069 0.070 0.319718
0.070 0.071 0.254991
0.071 0.072 0.248003
0.072 0.073 0.239290
0.073 0.074 0.232507
0.074 0.075 0.226250
0.075 0.076 0.219335
0.076 0.077 0.210385
0.077 0.078 0.204714
0.078 0.079 0.200226
0.079 0.080 0.195338
0.080 0.081 0.189735
0.081 0.082 0.183064
0.082 0.083 0.176496
0.083 0.084 0.170378
0.084 0.085 0.165023
0.085 0.086 0.159996
0.086 0.087 0.154533
0.087 0.088 0.150223
0.088 0.089 0.144582
0.089 0.090 0.138150
0.090 0.091 0.132026
0.091 0.092 0.125721
0.092 0.093 0.121000
0.093 0.094 0.118226
0.094 0.095 0.113710
0.095 0.096 0.109507
0.096 0.097 0.105287
0.097 0.098 0.099891
0.098 0.099 0.094888
0.099 0.100 0.091007
0.100 0.101 0.087473
0.101 0.102 0.083373
0.102 0.103 0.078877
0.103 0.104 0.074821
0.104 0.105 0.071633
0.105 0.106 0.067820
0.106 0.107 0.064591
0.107 0.108 0.060751
0.108 0.109 0.057667
0.109 0.110 0.054742
0.110 0.111 0.051598
0.111 0.112 0.048720
0.112 0.113 0.044848
0.113 0.114 0.041285
0.114 0.115 0.038403
0.115 0.116 0.035011
0.116 0.117 0.032419
0.117 0.118 0.030091
0.118 0.119 0.027003
0.119 0.120 0.024872
0.120 0.121 0.023675
0.121 0.122 0.021619
0.122 0.123 0.019559
0.123 0.124 0.017392
0.124 0.125 0.014484
0.125 0.126 0.012612
0.126 0.127 0.011179
0.127 0.128 0.009420
0.128 0.129 0.007868
0.129 0.130 0.006349
0.130 0.131 0.004373
0.131 0.132 0.003737
0.132 0.133 0.002878
0.133 0.134 0.001892
0.134 0.135 0.000699
0.135 0.136 0.000411
0.136 0.137 0.000000
0.137 0.138 0.000000
0.138 0.139 0.000000
0.139 0.140 0.000000
0.140 0.141 0.000000
0.141 0.142 0.000000
0.142 0.143 0.000000
0.143 0.144 0.000000
0.144 0.145 0.000000
0.145 0.146 0.000000
0.146 0.147 0.000000
0.147 0.148 0.000000
0.148 0.149 0.000000
0.149 0.150 0.000000
