1
0.000 0.001 0.000000
0.001 0.002 0.000000
0.002 0.003 0.000000
0.003 0.004 0.000000
0.004 0.005 0.000000
0.005 0.006 0.000000
0.006 0.007 0.000000
0.007 0.008 0.000000
0.008 0.009 0.000000
0.009 0.010 0.000000
0.010 0.011 0.000000
0.011 0.012 0.000000
0.012 0.013 0.000000
0.013 0.014 0.000000
0.014 0.015 0.000000
0.015 0.016 0.000000
0.016 0.017 0.000002
0.017 0.018 0.000014
0.018 0.019 0.000071
0.019 0.020 0.000277
0.020 0.021 0.000853
0.021 0.022 0.002171
0.022 0.023 0.004749
0.023 0.024 0.009196
0.024 0.025 0.016123
0.025 0.026 0.025973
0.026 0.027 0.039046
0.027 0.028 0.055529
0.028 0.029 0.075274
0.029 0.030 0.097640
0.030 0.031 0.122271
0.031 0.032 0.148581
0.032 0.033 0.176213
0.033 0.034 0.204566
0.034 0.035 0.232510
0.035 0.036 0.259497
0.036 0.037 0.285958
0.037 0.038 0.311748
0.038 0.039 0.334659
0.039 0.040 0.356029
0.040 0.041 0.375711
0.041 0.042 0.393219
0.042 0.043 0.409379
0.043 0.044 0.423045
0.044 0.045 0.436059
0.045 0.046 0.445354
0.046 0.047 0.452189
0.047 0.048 0.460228
0.048 0.049 0.466015
0.049 0.050 0.467967
0.050 0.051 0.469704
0.051 0.052 0.472355
0.052 0.053 0.472245
0.053 0.054 0.470150
0.054 0.055 0.467768
0.055 0.056 0.466245
0.056 0.057 0.463939
0.057 0.058 0.647797
0.058 0.059 1.000000
0.059 0.060 0.805960
0.060 0.061 0.454931
0.061 0.062 0.448400
0.062 0.063 0.423047
0.063 0.064 0.415066
0.064 0.065 0.405955
0.065 0.066 0.397721
0.066 0.067 0.531849
0.067 0.068 0.524672
0.068 0.069 0.403035
0.069 0.070 0.361875
0.070 0.071 0.293053
0.071 0.072 0.286564
0.072 0.073 0.278130
0.073 0.074 0.272150
0.074 0.075 0.266114
0.075 0.076 0.259158
0.076 0.077 0.250039
0.077 0.078 0.243200
0.078 0.079 0.238353
0.079 0.080 0.232688
0.080 0.081 0.225505
0.081 0.082 0.217025
0.082 0.083 0.209113
0.083 0.084 0.201696
0.084 0.085 0.195003
0.085 0.086 0.188240
0.086 0.087 0.181857
0.087 0.088 0.177384
0.088 0.089 0.171369
0.089 0.090 0.163852
0.090 0.091 0.157230
0.091 0.092 0.148342
0.092 0.093 0.141899
0.093 0.094 0.137679
0.094 0.095 0.132182
0.095 0.096 0.126910
0.096 0.097 0.121438
0.097 0.098 0.114471
0.098 0.099 0.108157
0.099 0.100 0.103086
0.100 0.101 0.098652
0.101 0.102 0.093186
0.102 0.103 0.087879
0.103 0.104 0.083806
0.104 0.105 0.079843
0.105 0.106 0.074931
0.106 0.107 0.070513
0.107 0.108 0.065194
0.108 0.109 0.060346
0.109 0.110 0.056610
0.110 0.111 0.052858
0.111 0.112 0.049625
0.112 0.113 0.045182
0.113 0.114 0.041263
0.114 0.115 0.037827
0.115 0.116 0.033664
0.116 0.117 0.030557
0.117 0.118 0.027404
0.118 0.119 0.023141
0.119 0.120 0.020674
0.120 0.121 0.019022
0.121 0.122 0.017014
0.122 0.123 0.014969
0.123 0.124 0.012801
0.124 0.125 0.010268
0.125 0.126 0.007456
0.126 0.127 0.006020
0.127 0.128 0.004400
0.128 0.129 0.002539
0.129 0.130 0.001664
0.130 0.131 0.000419
0.131 0.132 0.000000
0.132 0.133 0.000000
0.133 0.134 0.000000
0.134 0.135 0.000000
0.135 0.136 0.000000
0.136 0.137 0.000000
0.137 0.138 0.000000
0.138 0.139 0.000000
0.139 0.140 0.000000
0.140 0.141 0.000000
0.141 0.142 0.000000
0.142 0.143 0.000000
0.143 0.144 0.000000
0.144 0.145 0.000000
0.145 0.146 0.000000
0.146 0.147 0.000000
0.147 0.148 0.000000
0.148 0.149 0.000000
0.149 0.150 0.000000
