1
0.000 0.001 0.000000
0.001 0.002 0.000000
0.002 0.003 0.000000
0.003 0.004 0.000000
0.004 0.005 0.000000
0.005 0.006 0.000000
0.006 0.007 0.000000
0.007 0.008 0.000000
0.008 0.009 0.000000
0.009 0.010 0.000000
0.010 0.011 0.000000
0.011 0.012 0.000001
0.012 0.013 0.000015
0.013 0.014 0.000116
0.014 0.015 0.000582
0.015 0.016 0.002050
0.016 0.017 0.005586
0.017 0.018 0.012527
0.018 0.019 0.024104
0.019 0.020 0.041407
0.020 0.021 0.064743
0.021 0.022 0.093755
0.022 0.023 0.127854
0.023 0.024 0.165903
0.024 0.025 0.206672
0.025 0.026 0.248368
0.026 0.027 0.290266
0.027 0.028 0.331549
0.028 0.029 0.370971
0.029 0.030 0.407448
0.030 0.031 0.440851
0.031 0.032 0.470731
0.032 0.033 0.497721
0.033 0.034 0.521664
0.034 0.035 0.541337
0.035 0.036 0.556753
0.036 0.037 0.570158
0.037 0.038 0.581819
0.038 0.039 0.588173
0.039 0.040 0.592841
0.040 0.041 0.595549
0.041 0.042 0.595611
0.042 0.043 0.595158
0.043 0.044 0.592634
0.044 0.045 0.589868
0.045 0.046 0.583250
0.046 0.047 0.575363
0.047 0.048 0.569921
0.048 0.049 0.562434
0.049 0.050 0.551673
0.050 0.051 0.541954
0.051 0.052 0.533857
0.052 0.053 0.523463
0.053 0.054 0.512004
0.054 0.055 0.500881
0.055 0.056 0.491155
0.056 0.057 0.481291
0.057 0.058 0.658879
0.058 0.059 1.000000
0.059 0.060 0.797752
0.060 0.061 0.447364
0.061 0.062 0.435895
0.062 0.063 0.406670
0.063 0.064 0.394610
0.064 0.065 0.381644
0.065 0.066 0.370409
0.066 0.067 0.491170
0.067 0.068 0.480734
0.068 0.069 0.366119
0.069 0.070 0.326321
0.070 0.071 0.262219
0.071 0.072 0.254527
0.072 0.073 0.245179
0.073 0.074 0.238129
0.074 0.075 0.230672
0.075 0.076 0.224162
0.076 0.077 0.216162
0.077 0.078 0.209480
0.078 0.079 0.204464
0.079 0.080 0.198906
0.080 0.081 0.192228
0.081 0.082 0.184504
0.082 0.083 0.177269
0.083 0.084 0.170542
0.084 0.085 0.164477
0.085 0.086 0.158316
0.086 0.087 0.152751
0.087 0.088 0.148768
0.088 0.089 0.143480
0.089 0.090 0.137056
0.090 0.091 0.131446
0.091 0.092 0.124003
0.092 0.093 0.118546
0.093 0.094 0.115306
0.094 0.095 0.109574
0.095 0.096 0.105267
0.096 0.097 0.100879
0.097 0.098 0.095276
0.098 0.099 0.090221
0.099 0.100 0.086187
0.100 0.101 0.082627
0.101 0.102 0.078608
0.102 0.103 0.073788
0.103 0.104 0.069975
0.104 0.105 0.065860
0.105 0.106 0.062035
0.106 0.107 0.058668
0.107 0.108 0.054601
0.108 0.109 0.051242
0.109 0.110 0.047891
0.110 0.111 0.044506
0.111 0.112 0.041546
0.112 0.113 0.037282
0.113 0.114 0.034363
0.114 0.115 0.031907
0.115 0.116 0.029186
0.116 0.117 0.026420
0.117 0.118 0.023666
0.118 0.119 0.020047
0.119 0.120 0.017613
0.120 0.121 0.016801
0.121 0.122 0.015028
0.122 0.123 0.013229
0.123 0.124 0.011330
0.124 0.125 0.008835
0.125 0.126 0.007240
0.126 0.127 0.005995
0.127 0.128 0.004568
0.128 0.129 0.002961
0.129 0.130 0.002192
0.130 0.131 0.001331
0.131 0.132 0.000389
0.132 0.133 0.000000
0.133 0.134 0.000000
0.134 0.135 0.000000
0.135 0.136 0.000000
0.136 0.137 0.000000
0.137 0.138 0.000000
0.138 0.139 0.000000
0.139 0.140 0.000000
0.140 0.141 0.000000
0.141 0.142 0.000000
0.142 0.143 0.000000
0.143 0.144 0.000000
0.144 0.145 0.000000
0.145 0.146 0.000000
0.146 0.147 0.000000
0.147 0.148 0.000000
0.148 0.149 0.000000
0.149 0.150 0.000000
