1
0.000 0.001 0.000000
0.001 0.002 0.000000
0.002 0.003 0.000000
0.003 0.004 0.000000
0.004 0.005 0.000000
0.005 0.006 0.000000
0.006 0.007 0.000000
0.007 0.008 0.000000
0.008 0.009 0.000000
0.009 0.010 0.000000
0.010 0.011 0.000000
0.011 0.012 0.000000
0.012 0.013 0.000000
0.013 0.014 0.000000
0.014 0.015 0.000002
0.015 0.016 0.000018
0.016 0.017 0.000100
0.017 0.018 0.000405
0.018 0.019 0.001262
0.019 0.020 0.003230
0.020 0.021 0.007065
0.021 0.022 0.013563
0.022 0.023 0.023460
0.023 0.024 0.037295
0.024 0.025 0.055255
0.025 0.026 0.077032
0.026 0.027 0.102287
0.027 0.028 0.130900
0.028 0.029 0.161868
0.029 0.030 0.193610
0.030 0.031 0.226049
0.031 0.032 0.258411
0.032 0.033 0.289822
0.033 0.034 0.320274
0.034 0.035 0.349280
0.035 0.036 0.375552
0.036 0.037 0.400438
0.037 0.038 0.422721
0.038 0.039 0.440138
0.039 0.040 0.456392
0.040 0.041 0.470880
0.041 0.042 0.481807
0.042 0.043 0.492523
0.043 0.044 0.500320
0.044 0.045 0.507054
0.045 0.046 0.511561
0.046 0.047 0.511668
0.047 0.048 0.514213
0.048 0.049 0.516403
0.049 0.050 0.513121
0.050 0.051 0.508509
0.051 0.052 0.506470
0.052 0.053 0.504502
0.053 0.054 0.498776
0.054 0.055 0.491765
0.055 0.056 0.487819
0.056 0.057 0.483803
0.057 0.058 0.661077
0.058 0.059 1.000000
0.059 0.060 0.805040
0.060 0.061 0.461171
0.061 0.062 0.452885
0.062 0.063 0.427369
0.063 0.064 0.416681
0.064 0.065 0.405541
0.065 0.066 0.397466
0.066 0.067 0.522789
0.067 0.068 0.514013
0.068 0.069 0.398122
0.069 0.070 0.357573
0.070 0.071 0.292061
0.071 0.072 0.284196
0.072 0.073 0.275144
0.073 0.074 0.270706
0.074 0.075 0.265143
0.075 0.076 0.257648
0.076 0.077 0.247944
0.077 0.078 0.240091
0.078 0.079 0.236078
0.079 0.080 0.230354
0.080 0.081 0.221898
0.081 0.082 0.212827
0.082 0.083 0.204748
0.083 0.084 0.196843
0.084 0.085 0.189932
0.085 0.086 0.183951
0.086 0.087 0.175991
0.087 0.088 0.170628
0.088 0.089 0.164623
0.089 0.090 0.156155
0.090 0.091 0.147724
0.091 0.092 0.137401
0.092 0.093 0.130370
0.093 0.094 0.126224
0.094 0.095 0.118774
0.095 0.096 0.112186
0.096 0.097 0.104821
0.097 0.098 0.096107
0.098 0.099 0.087362
0.099 0.100 0.081476
0.100 0.101 0.077423
0.101 0.102 0.072159
0.102 0.103 0.064527
0.103 0.104 0.059534
0.104 0.105 0.055674
0.105 0.106 0.050807
0.106 0.107 0.045512
0.107 0.108 0.040395
0.108 0.109 0.035953
0.109 0.110 0.030797
0.110 0.111 0.027029
0.111 0.112 0.024012
0.112 0.113 0.020171
0.113 0.114 0.016549
0.114 0.115 0.013808
0.115 0.116 0.010314
0.116 0.117 0.008131
0.117 0.118 0.005812
0.118 0.119 0.002929
0.119 0.120 0.001386
0.120 0.121 0.000459
0.121 0.122 0.000000
0.122 0.123 0.000000
0.123 0.124 0.000000
0.124 0.125 0.000000
0.125 0.126 0.000000
0.126 0.127 0.000000
0.127 0.128 0.000000
0.128 0.129 0.000000
0.129 0.130 0.000000
0.130 0.131 0.000000
0.131 0.132 0.000000
0.132 0.133 0.000000
0.133 0.134 0.000000
0.134 0.135 0.000000
0.135 0.136 0.000000
0.136 0.137 0.000000
0.137 0.138 0.000000
0.138 0.139 0.000000
0.139 0.140 0.000000
0.140 0.141 0.000000
0.141 0.142 0.000000
0.142 0.143 0.000000
0.143 0.144 0.000000
0.144 0.145 0.000000
0.145 0.146 0.000000
0.146 0.147 0.000000
0.147 0.148 0.000000
0.148 0.149 0.000000
0.149 0.150 0.000000
