1
0.000 0.001 0.000000
0.001 0.002 0.000000
0.002 0.003 0.000000
0.003 0.004 0.000000
0.004 0.005 0.000000
0.005 0.006 0.000000
0.006 0.007 0.000000
0.007 0.008 0.000000
0.008 0.009 0.000000
0.009 0.010 0.000000
0.010 0.011 0.000000
0.011 0.012 0.000000
0.012 0.013 0.000000
0.013 0.014 0.000001
0.014 0.015 0.000011
0.015 0.016 0.000098
0.016 0.017 0.000549
0.017 0.018 0.002155
0.018 0.019 0.006473
0.019 0.020 0.015744
0.020 0.021 0.032555
0.021 0.022 0.059091
0.022 0.023 0.096435
0.023 0.024 0.144986
0.024 0.025 0.204130
0.025 0.026 0.271329
0.026 0.027 0.344331
0.027 0.028 0.420868
0.028 0.029 0.498240
0.029 0.030 0.574826
0.030 0.031 0.647316
0.031 0.032 0.712748
0.032 0.033 0.772955
0.033 0.034 0.826178
0.034 0.035 0.871813
0.035 0.036 0.910186
0.036 0.037 0.938353
0.037 0.038 0.963157
0.038 0.039 0.982451
0.039 0.040 0.993734
0.040 0.041 0.998740
0.041 0.042 1.000000
0.042 0.043 0.995237
0.043 0.044 0.985812
0.044 0.045 0.974472
0.045 0.046 0.953359
0.046 0.047 0.933038
0.047 0.048 0.910065
0.048 0.049 0.881002
0.049 0.050 0.851883
0.050 0.051 0.825865
0.051 0.052 0.797605
0.052 0.053 0.765846
0.053 0.054 0.736610
0.054 0.055 0.705485
0.055 0.056 0.664910
0.056 0.057 0.630790
0.057 0.058 0.662546
0.058 0.059 0.747233
0.059 0.060 0.658117
0.060 0.061 0.515642
0.061 0.062 0.487924
0.062 0.063 0.455897
0.063 0.064 0.427666
0.064 0.065 0.399128
0.065 0.066 0.368628
0.066 0.067 0.381819
0.067 0.068 0.360877
0.068 0.069 0.299185
0.069 0.070 0.262762
0.070 0.071 0.226403
0.071 0.072 0.203954
0.072 0.073 0.182988
0.073 0.074 0.165071
0.074 0.075 0.147182
0.075 0.076 0.127760
0.076 0.077 0.114192
0.077 0.078 0.098624
0.078 0.079 0.082396
0.079 0.080 0.067487
0.080 0.081 0.057488
0.081 0.082 0.044795
0.082 0.083 0.032521
0.083 0.084 0.026049
0.084 0.085 0.018433
0.085 0.086 0.008787
0.086 0.087 0.002332
0.087 0.088 0.000000
0.088 0.089 0.000000
0.089 0.090 0.000000
0.090 0.091 0.000000
0.091 0.092 0.000000
0.092 0.093 0.000000
0.093 0.094 0.000000
0.094 0.095 0.000000
0.095 0.096 0.000000
0.096 0.097 0.000000
0.097 0.098 0.000000
0.098 0.099 0.000000
0.099 0.100 0.000000
0.100 0.101 0.000000
0.101 0.102 0.000000
0.102 0.103 0.000000
0.103 0.104 0.000000
0.104 0.105 0.000000
0.105 0.106 0.000000
0.106 0.107 0.000000
0.107 0.108 0.000000
0.108 0.109 0.000000
0.109 0.110 0.000000
0.110 0.111 0.000000
0.111 0.112 0.000000
0.112 0.113 0.000000
0.113 0.114 0.000000
0.114 0.115 0.000000
0.115 0.116 0.000000
0.116 0.117 0.000000
0.117 0.118 0.000000
0.118 0.119 0.000000
0.119 0.120 0.000000
0.120 0.121 0.000000
0.121 0.122 0.000000
0.122 0.123 0.000000
0.123 0.124 0.000000
0.124 0.125 0.000000
0.125 0.126 0.000000
0.126 0.127 0.000000
0.127 0.128 0.000000
0.128 0.129 0.000000
0.129 0.130 0.000000
0.130 0.131 0.000000
0.131 0.132 0.000000
0.132 0.133 0.000000
0.133 0.134 0.000000
0.134 0.135 0.000000
0.135 0.136 0.000000
0.136 0.137 0.000000
0.137 0.138 0.000000
0.138 0.139 0.000000
0.139 0.140 0.000000
0.140 0.141 0.000000
0.141 0.142 0.000000
0.142 0.143 0.000000
0.143 0.144 0.000000
0.144 0.145 0.000000
0.145 0.146 0.000000
0.146 0.147 0.000000
0.147 0.148 0.000000
0.148 0.149 0.000000
0.149 0.150 0.000000
