1
0.000 0.001 0.000000
0.001 0.002 0.000000
0.002 0.003 0.000000
0.003 0.004 0.000000
0.004 0.005 0.000000
0.005 0.006 0.000000
0.006 0.007 0.000000
0.007 0.008 0.000000
0.008 0.009 0.000000
0.009 0.010 0.000000
0.010 0.011 0.000000
0.011 0.012 0.000000
0.012 0.013 0.000000
0.013 0.014 0.000000
0.014 0.015 0.000000
0.015 0.016 0.000000
0.016 0.017 0.000000
0.017 0.018 0.000001
0.018 0.019 0.000004
0.019 0.020 0.000025
0.020 0.021 0.000105
0.021 0.022 0.000350
0.022 0.023 0.000965
0.023 0.024 0.002277
0.024 0.025 0.004742
0.025 0.026 0.008865
0.026 0.027 0.015138
0.027 0.028 0.024092
0.028 0.029 0.036094
0.029 0.030 0.051043
0.030 0.031 0.069159
0.031 0.032 0.089991
0.032 0.033 0.113468
0.033 0.034 0.138943
0.034 0.035 0.165945
0.035 0.036 0.193727
0.036 0.037 0.222065
0.037 0.038 0.250550
0.038 0.039 0.277581
0.039 0.040 0.303743
0.040 0.041 0.328497
0.041 0.042 0.350945
0.042 0.043 0.372663
0.043 0.044 0.392209
0.044 0.045 0.410044
0.045 0.046 0.424546
0.046 0.047 0.435241
0.047 0.048 0.448779
0.048 0.049 0.460267
0.049 0.050 0.467386
0.050 0.051 0.472894
0.051 0.052 0.479181
0.052 0.053 0.483272
0.053 0.054 0.484370
0.054 0.055 0.484446
0.055 0.056 0.484699
0.056 0.057 0.483627
0.057 0.058 0.659980
0.058 0.059 1.000000
0.059 0.060 0.815917
0.060 0.061 0.475265
0.061 0.062 0.470320
0.062 0.063 0.446801
0.063 0.064 0.439301
0.064 0.065 0.430434
0.065 0.066 0.422662
0.066 0.067 0.557990
0.067 0.068 0.551381
0.068 0.069 0.427926
0.069 0.070 0.385478
0.070 0.071 0.315376
0.071 0.072 0.307735
0.072 0.073 0.297990
0.073 0.074 0.291574
0.074 0.075 0.283581
0.075 0.076 0.277011
0.076 0.077 0.268305
0.077 0.078 0.260993
0.078 0.079 0.256458
0.079 0.080 0.250640
0.080 0.081 0.242495
0.081 0.082 0.233124
0.082 0.083 0.224717
0.083 0.084 0.216869
0.084 0.085 0.209626
0.085 0.086 0.202910
0.086 0.087 0.194433
0.087 0.088 0.187690
0.088 0.089 0.181982
0.089 0.090 0.174097
0.090 0.091 0.166888
0.091 0.092 0.157141
0.092 0.093 0.150505
0.093 0.094 0.147010
0.094 0.095 0.140277
0.095 0.096 0.133736
0.096 0.097 0.126779
0.097 0.098 0.118188
0.098 0.099 0.109884
0.099 0.100 0.104756
0.100 0.101 0.100435
0.101 0.102 0.095607
0.102 0.103 0.089098
0.103 0.104 0.084144
0.104 0.105 0.079808
0.105 0.106 0.074337
0.106 0.107 0.069162
0.107 0.108 0.062892
0.108 0.109 0.056867
0.109 0.110 0.052528
0.110 0.111 0.048382
0.111 0.112 0.044979
0.112 0.113 0.040320
0.113 0.114 0.036361
0.114 0.115 0.032602
0.115 0.116 0.028262
0.116 0.117 0.023645
0.117 0.118 0.020520
0.118 0.119 0.016221
0.119 0.120 0.014015
0.120 0.121 0.012908
0.121 0.122 0.010304
0.122 0.123 0.007027
0.123 0.124 0.005386
0.124 0.125 0.003588
0.125 0.126 0.001311
0.126 0.127 0.000797
0.127 0.128 0.000000
0.128 0.129 0.000000
0.129 0.130 0.000000
0.130 0.131 0.000000
0.131 0.132 0.000000
0.132 0.133 0.000000
0.133 0.134 0.000000
0.134 0.135 0.000000
0.135 0.136 0.000000
0.136 0.137 0.000000
0.137 0.138 0.000000
0.138 0.139 0.000000
0.139 0.140 0.000000
0.140 0.141 0.000000
0.141 0.142 0.000000
0.142 0.143 0.000000
0.143 0.144 0.000000
0.144 0.145 0.000000
0.145 0.146 0.000000
0.146 0.147 0.000000
0.147 0.148 0.000000
0.148 0.149 0.000000
0.149 0.150 0.000000
