1
0.000 0.001 0.000000
0.001 0.002 0.000000
0.002 0.003 0.000000
0.003 0.004 0.000000
0.004 0.005 0.000000
0.005 0.006 0.000000
0.006 0.007 0.000000
0.007 0.008 0.000000
0.008 0.009 0.000000
0.009 0.010 0.000000
0.010 0.011 0.000000
0.011 0.012 0.000000
0.012 0.013 0.000000
0.013 0.014 0.000003
0.014 0.015 0.000025
0.015 0.016 0.000137
0.016 0.017 0.000527
0.017 0.018 0.001569
0.018 0.019 0.003825
0.019 0.020 0.007982
0.020 0.021 0.014739
0.021 0.022 0.024560
0.022 0.023 0.037622
0.023 0.024 0.054211
0.024 0.025 0.074057
0.025 0.026 0.096056
0.026 0.027 0.120303
0.027 0.028 0.146011
0.028 0.029 0.171984
0.029 0.030 0.198286
0.030 0.031 0.223993
0.031 0.032 0.248489
0.032 0.033 0.273190
0.033 0.034 0.294954
0.034 0.035 0.314310
0.035 0.036 0.332148
0.036 0.037 0.348392
0.037 0.038 0.364507
0.038 0.039 0.377798
0.039 0.040 0.388009
0.040 0.041 0.395044
0.041 0.042 0.402116
0.042 0.043 0.409499
0.043 0.044 0.413851
0.044 0.045 0.416951
0.045 0.046 0.416946
0.046 0.047 0.417682
0.047 0.048 0.421360
0.048 0.049 0.420193
0.049 0.050 0.415786
0.050 0.051 0.414540
0.051 0.052 0.413544
0.052 0.053 0.407604
0.053 0.054 0.402571
0.054 0.055 0.398547
0.055 0.056 0.394479
0.056 0.057 0.391100
0.057 0.058 0.601285
0.058 0.059 1.000000
0.059 0.060 0.778176
0.060 0.061 0.384308
0.061 0.062 0.378736
0.062 0.063 0.351384
0.063 0.064 0.346157
0.064 0.065 0.340074
0.065 0.066 0.332010
0.066 0.067 0.478845
0.067 0.068 0.472275
0.068 0.069 0.344704
0.069 0.070 0.306670
0.070 0.071 0.236553
0.071 0.072 0.233385
0.072 0.073 0.228428
0.073 0.074 0.223271
0.074 0.075 0.219991
0.075 0.076 0.216553
0.076 0.077 0.211724
0.077 0.078 0.208474
0.078 0.079 0.204490
0.079 0.080 0.201076
0.080 0.081 0.198631
0.081 0.082 0.194566
0.082 0.083 0.189371
0.083 0.084 0.184492
0.084 0.085 0.180654
0.085 0.086 0.176848
0.086 0.087 0.173998
0.087 0.088 0.171051
0.088 0.089 0.166216
0.089 0.090 0.161530
0.090 0.091 0.157650
0.091 0.092 0.152604
0.092 0.093 0.148008
0.093 0.094 0.144822
0.094 0.095 0.140698
0.095 0.096 0.137139
0.096 0.097 0.134033
0.097 0.098 0.129632
0.098 0.099 0.125409
0.099 0.100 0.122414
0.100 0.101 0.118992
0.101 0.102 0.114995
0.102 0.103 0.111739
0.103 0.104 0.108917
0.104 0.105 0.104675
0.105 0.106 0.099909
0.106 0.107 0.096239
0.107 0.108 0.092103
0.108 0.109 0.089020
0.109 0.110 0.086655
0.110 0.111 0.083423
0.111 0.112 0.079982
0.112 0.113 0.075339
0.113 0.114 0.070734
0.114 0.115 0.067689
0.115 0.116 0.064819
0.116 0.117 0.060881
0.117 0.118 0.057979
0.118 0.119 0.054438
0.119 0.120 0.050933
0.120 0.121 0.048567
0.121 0.122 0.045688
0.122 0.123 0.042891
0.123 0.124 0.039949
0.124 0.125 0.036195
0.125 0.126 0.032387
0.126 0.127 0.029480
0.127 0.128 0.025751
0.128 0.129 0.022631
0.129 0.130 0.019460
0.130 0.131 0.015888
0.131 0.132 0.013770
0.132 0.133 0.010852
0.133 0.134 0.007457
0.134 0.135 0.004328
0.135 0.136 0.000000
0.136 0.137 0.000000
0.137 0.138 0.000000
0.138 0.139 0.000000
0.139 0.140 0.000000
0.140 0.141 0.000000
0.141 0.142 0.000000
0.142 0.143 0.000000
0.143 0.144 0.000000
0.144 0.145 0.000000
0.145 0.146 0.000000
0.146 0.147 0.000000
0.147 0.148 0.000000
0.148 0.149 0.000000
0.149 0.150 0.000000
