1
0.000 0.001 0.000000
0.001 0.002 0.000000
0.002 0.003 0.000000
0.003 0.004 0.000000
0.004 0.005 0.000000
0.005 0.006 0.000000
0.006 0.007 0.000000
0.007 0.008 0.000000
0.008 0.009 0.000000
0.009 0.010 0.000000
0.010 0.011 0.000000
0.011 0.012 0.000000
0.012 0.013 0.000000
0.013 0.014 0.000000
0.014 0.015 0.000000
0.015 0.016 0.000000
0.016 0.017 0.000000
0.017 0.018 0.000002
0.018 0.019 0.000014
0.019 0.020 0.000070
0.020 0.021 0.000265
0.021 0.022 0.000800
0.022 0.023 0.002017
0.023 0.024 0.004401
0.024 0.025 0.008552
0.025 0.026 0.015046
0.026 0.027 0.024371
0.027 0.028 0.036988
0.028 0.029 0.053065
0.029 0.030 0.072298
0.030 0.031 0.094591
0.031 0.032 0.119497
0.032 0.033 0.146556
0.033 0.034 0.174963
0.034 0.035 0.204193
0.035 0.036 0.233711
0.036 0.037 0.262811
0.037 0.038 0.291238
0.038 0.039 0.317808
0.039 0.040 0.343433
0.040 0.041 0.367347
0.041 0.042 0.388539
0.042 0.043 0.409023
0.043 0.044 0.426944
0.044 0.045 0.443440
0.045 0.046 0.456970
0.046 0.047 0.467200
0.047 0.048 0.478092
0.048 0.049 0.487266
0.049 0.050 0.491921
0.050 0.051 0.495142
0.051 0.052 0.499530
0.052 0.053 0.502243
0.053 0.054 0.501853
0.054 0.055 0.500253
0.055 0.056 0.499612
0.056 0.057 0.497930
0.057 0.058 0.669646
0.058 0.059 1.000000
0.059 0.060 0.818417
0.060 0.061 0.487085
0.061 0.062 0.480039
0.062 0.063 0.455522
0.063 0.064 0.445844
0.064 0.065 0.435156
0.065 0.066 0.426398
0.066 0.067 0.553681
0.067 0.068 0.545630
0.068 0.069 0.426368
0.069 0.070 0.383709
0.070 0.071 0.315210
0.071 0.072 0.307169
0.072 0.073 0.297143
0.073 0.074 0.291087
0.074 0.075 0.284060
0.075 0.076 0.275521
0.076 0.077 0.264832
0.077 0.078 0.255471
0.078 0.079 0.249484
0.079 0.080 0.241580
0.080 0.081 0.232725
0.081 0.082 0.222852
0.082 0.083 0.214192
0.083 0.084 0.206009
0.084 0.085 0.198431
0.085 0.086 0.191580
0.086 0.087 0.182658
0.087 0.088 0.175732
0.088 0.089 0.169642
0.089 0.090 0.161302
0.090 0.091 0.153445
0.091 0.092 0.143201
0.092 0.093 0.136179
0.093 0.094 0.132138
0.094 0.095 0.124333
0.095 0.096 0.118386
0.096 0.097 0.111857
0.097 0.098 0.103849
0.098 0.099 0.096316
0.099 0.100 0.090309
0.100 0.101 0.085796
0.101 0.102 0.079753
0.102 0.103 0.073371
0.103 0.104 0.068522
0.104 0.105 0.064632
0.105 0.106 0.059671
0.106 0.107 0.054775
0.107 0.108 0.048344
0.108 0.109 0.044187
0.109 0.110 0.039626
0.110 0.111 0.035400
0.111 0.112 0.031994
0.112 0.113 0.027557
0.113 0.114 0.023297
0.114 0.115 0.020380
0.115 0.116 0.016933
0.116 0.117 0.013868
0.117 0.118 0.010142
0.118 0.119 0.007066
0.119 0.120 0.005304
0.120 0.121 0.003642
0.121 0.122 0.002399
0.122 0.123 0.000663
0.123 0.124 0.000000
0.124 0.125 0.000000
0.125 0.126 0.000000
0.126 0.127 0.000000
0.127 0.128 0.000000
0.128 0.129 0.000000
0.129 0.130 0.000000
0.130 0.131 0.000000
0.131 0.132 0.000000
0.132 0.133 0.000000
0.133 0.134 0.000000
0.134 0.135 0.000000
0.135 0.136 0.000000
0.136 0.137 0.000000
0.137 0.138 0.000000
0.138 0.139 0.000000
0.139 0.140 0.000000
0.140 0.141 0.000000
0.141 0.142 0.000000
0.142 0.143 0.000000
0.143 0.144 0.000000
0.144 0.145 0.000000
0.145 0.146 0.000000
0.146 0.147 0.000000
0.147 0.148 0.000000
0.148 0.149 0.000000
0.149 0.150 0.000000
