1
0.000 0.001 0.000000
0.001 0.002 0.000000
0.002 0.003 0.000000
0.003 0.004 0.000000
0.004 0.005 0.000000
0.005 0.006 0.000000
0.006 0.007 0.000000
0.007 0.008 0.000000
0.008 0.009 0.000000
0.009 0.010 0.000000
0.010 0.011 0.000000
0.011 0.012 0.000000
0.012 0.013 0.000000
0.013 0.014 0.000000
0.014 0.015 0.000000
0.015 0.016 0.000000
0.016 0.017 0.000000
0.017 0.018 0.000000
0.018 0.019 0.000000
0.019 0.020 0.000000
0.020 0.021 0.000001
0.021 0.022 0.000006
0.022 0.023 0.000028
0.023 0.024 0.000103
0.024 0.025 0.000316
0.025 0.026 0.000823
0.026 0.027 0.001870
0.027 0.028 0.003816
0.028 0.029 0.007112
0.029 0.030 0.012146
0.030 0.031 0.019406
0.031 0.032 0.029221
0.032 0.033 0.041839
0.033 0.034 0.057379
0.034 0.035 0.075909
0.035 0.036 0.097088
0.036 0.037 0.120594
0.037 0.038 0.146117
0.038 0.039 0.172601
0.039 0.040 0.200335
0.040 0.041 0.228744
0.041 0.042 0.256817
0.042 0.043 0.285205
0.043 0.044 0.312593
0.044 0.045 0.339057
0.045 0.046 0.363338
0.046 0.047 0.384899
0.047 0.048 0.406366
0.048 0.049 0.427412
0.049 0.050 0.443779
0.050 0.051 0.457844
0.051 0.052 0.472594
0.052 0.053 0.486055
0.053 0.054 0.495136
0.054 0.055 0.501344
0.055 0.056 0.507985
0.056 0.057 0.513962
0.057 0.058 0.680310
0.058 0.059 1.000000
0.059 0.060 0.838202
0.060 0.061 0.523823
0.061 0.062 0.522112
0.062 0.063 0.502204
0.063 0.064 0.495131
0.064 0.065 0.487140
0.065 0.066 0.481130
0.066 0.067 0.617662
0.067 0.068 0.612257
0.068 0.069 0.486168
0.069 0.070 0.439833
0.070 0.071 0.368506
0.071 0.072 0.360653
0.072 0.073 0.350070
0.073 0.074 0.345439
0.074 0.075 0.338994
0.075 0.076 0.329450
0.076 0.077 0.317051
0.077 0.078 0.306287
0.078 0.079 0.300158
0.079 0.080 0.291052
0.080 0.081 0.280927
0.081 0.082 0.269472
0.082 0.083 0.259340
0.083 0.084 0.249314
0.084 0.085 0.240198
0.085 0.086 0.232166
0.086 0.087 0.221232
0.087 0.088 0.213300
0.088 0.089 0.204692
0.089 0.090 0.192090
0.090 0.091 0.181706
0.091 0.092 0.169261
0.092 0.093 0.160870
0.093 0.094 0.155824
0.094 0.095 0.146857
0.095 0.096 0.138155
0.096 0.097 0.128085
0.097 0.098 0.115362
0.098 0.099 0.105406
0.099 0.100 0.098033
0.100 0.101 0.093576
0.101 0.102 0.086996
0.102 0.103 0.077532
0.103 0.104 0.070028
0.104 0.105 0.063345
0.105 0.106 0.057991
0.106 0.107 0.052395
0.107 0.108 0.045573
0.108 0.109 0.039553
0.109 0.110 0.033008
0.110 0.111 0.026106
0.111 0.112 0.022624
0.112 0.113 0.018274
0.113 0.114 0.014467
0.114 0.115 0.009579
0.115 0.116 0.006866
0.116 0.117 0.004426
0.117 0.118 0.001181
0.118 0.119 0.000000
0.119 0.120 0.000000
0.120 0.121 0.000000
0.121 0.122 0.000000
0.122 0.123 0.000000
0.123 0.124 0.000000
0.124 0.125 0.000000
0.125 0.126 0.000000
0.126 0.127 0.000000
0.127 0.128 0.000000
0.128 0.129 0.000000
0.129 0.130 0.000000
0.130 0.131 0.000000
0.131 0.132 0.000000
0.132 0.133 0.000000
0.133 0.134 0.000000
0.134 0.135 0.000000
0.135 0.136 0.000000
0.136 0.137 0.000000
0.137 0.138 0.000000
0.138 0.139 0.000000
0.139 0.140 0.000000
0.140 0.141 0.000000
0.141 0.142 0.000000
0.142 0.143 0.000000
0.143 0.144 0.000000
0.144 0.145 0.000000
0.145 0.146 0.000000
0.146 0.147 0.000000
0.147 0.148 0.000000
0.148 0.149 0.000000
0.149 0.150 0.000000
