1
0.000 0.001 0.000000
0.001 0.002 0.000000
0.002 0.003 0.000000
0.003 0.004 0.000000
0.004 0.005 0.000000
0.005 0.006 0.000000
0.006 0.007 0.000000
0.007 0.008 0.000000
0.008 0.009 0.000000
0.009 0.010 0.000000
0.010 0.011 0.000000
0.011 0.012 0.000000
0.012 0.013 0.000000
0.013 0.014 0.000000
0.014 0.015 0.000000
0.015 0.016 0.000000
0.016 0.017 0.000000
0.017 0.018 0.000000
0.018 0.019 0.000002
0.019 0.020 0.000014
0.020 0.021 0.000066
0.021 0.022 0.000235
0.022 0.023 0.000689
0.023 0.024 0.001711
0.024 0.025 0.003719
0.025 0.026 0.007208
0.026 0.027 0.012689
0.027 0.028 0.020792
0.028 0.029 0.031892
0.029 0.030 0.045905
0.030 0.031 0.063272
0.031 0.032 0.083528
0.032 0.033 0.106350
0.033 0.034 0.131487
0.034 0.035 0.158067
0.035 0.036 0.186313
0.036 0.037 0.215172
0.037 0.038 0.244611
0.038 0.039 0.272710
0.039 0.040 0.300330
0.040 0.041 0.327178
0.041 0.042 0.351386
0.042 0.043 0.374784
0.043 0.044 0.396312
0.044 0.045 0.416006
0.045 0.046 0.432230
0.046 0.047 0.445509
0.047 0.048 0.459394
0.048 0.049 0.470611
0.049 0.050 0.476548
0.050 0.051 0.481426
0.051 0.052 0.489037
0.052 0.053 0.494823
0.053 0.054 0.497293
0.054 0.055 0.497647
0.055 0.056 0.499001
0.056 0.057 0.499962
0.057 0.058 0.670671
0.058 0.059 1.000000
0.059 0.060 0.822372
0.060 0.061 0.492897
0.061 0.062 0.486653
0.062 0.063 0.462386
0.063 0.064 0.452356
0.064 0.065 0.441444
0.065 0.066 0.431542
0.066 0.067 0.563801
0.067 0.068 0.557685
0.068 0.069 0.437194
0.069 0.070 0.394920
0.070 0.071 0.325909
0.071 0.072 0.318055
0.072 0.073 0.308058
0.073 0.074 0.302436
0.074 0.075 0.295692
0.075 0.076 0.287177
0.076 0.077 0.276302
0.077 0.078 0.266763
0.078 0.079 0.260870
0.079 0.080 0.252557
0.080 0.081 0.243988
0.081 0.082 0.234518
0.082 0.083 0.226164
0.083 0.084 0.218196
0.084 0.085 0.210956
0.085 0.086 0.204504
0.086 0.087 0.195768
0.087 0.088 0.189776
0.088 0.089 0.182624
0.089 0.090 0.173168
0.090 0.091 0.164384
0.091 0.092 0.152843
0.092 0.093 0.143824
0.093 0.094 0.140719
0.094 0.095 0.134154
0.095 0.096 0.127770
0.096 0.097 0.120708
0.097 0.098 0.112032
0.098 0.099 0.103827
0.099 0.100 0.097314
0.100 0.101 0.092482
0.101 0.102 0.086501
0.102 0.103 0.077645
0.103 0.104 0.072863
0.104 0.105 0.069070
0.105 0.106 0.064175
0.106 0.107 0.059334
0.107 0.108 0.053358
0.108 0.109 0.048210
0.109 0.110 0.042630
0.110 0.111 0.037417
0.111 0.112 0.032372
0.112 0.113 0.028445
0.113 0.114 0.025187
0.114 0.115 0.021883
0.115 0.116 0.017993
0.116 0.117 0.014523
0.117 0.118 0.010143
0.118 0.119 0.007170
0.119 0.120 0.005518
0.120 0.121 0.004420
0.121 0.122 0.001719
0.122 0.123 0.001049
0.123 0.124 0.000000
0.124 0.125 0.000000
0.125 0.126 0.000000
0.126 0.127 0.000000
0.127 0.128 0.000000
0.128 0.129 0.000000
0.129 0.130 0.000000
0.130 0.131 0.000000
0.131 0.132 0.000000
0.132 0.133 0.000000
0.133 0.134 0.000000
0.134 0.135 0.000000
0.135 0.136 0.000000
0.136 0.137 0.000000
0.137 0.138 0.000000
0.138 0.139 0.000000
0.139 0.140 0.000000
0.140 0.141 0.000000
0.141 0.142 0.000000
0.142 0.143 0.000000
0.143 0.144 0.000000
0.144 0.145 0.000000
0.145 0.146 0.000000
0.146 0.147 0.000000
0.147 0.148 0.000000
0.148 0.149 0.000000
0.149 0.150 0.000000
