1
0.000 0.001 0.000000
0.001 0.002 0.000000
0.002 0.003 0.000000
0.003 0.004 0.000000
0.004 0.005 0.000000
0.005 0.006 0.000000
0.006 0.007 0.000000
0.007 0.008 0.000000
0.008 0.009 0.000000
0.009 0.010 0.000000
0.010 0.011 0.000000
0.011 0.012 0.000000
0.012 0.013 0.000000
0.013 0.014 0.000000
0.014 0.015 0.000000
0.015 0.016 0.000000
0.016 0.017 0.000000
0.017 0.018 0.000001
0.018 0.019 0.000007
0.019 0.020 0.000039
0.020 0.021 0.000154
0.021 0.022 0.000492
0.022 0.023 0.001307
0.023 0.024 0.002980
0.024 0.025 0.006078
0.025 0.026 0.011184
0.026 0.027 0.018831
0.027 0.028 0.029568
0.028 0.029 0.043836
0.029 0.030 0.061426
0.030 0.031 0.082359
0.031 0.032 0.106270
0.032 0.033 0.132770
0.033 0.034 0.161230
0.034 0.035 0.191334
0.035 0.036 0.221821
0.036 0.037 0.252492
0.037 0.038 0.282783
0.038 0.039 0.310565
0.039 0.040 0.337853
0.040 0.041 0.362824
0.041 0.042 0.387282
0.042 0.043 0.410876
0.043 0.044 0.431821
0.044 0.045 0.451051
0.045 0.046 0.467062
0.046 0.047 0.479409
0.047 0.048 0.491948
0.048 0.049 0.503002
0.049 0.050 0.509342
0.050 0.051 0.512985
0.051 0.052 0.517323
0.052 0.053 0.520850
0.053 0.054 0.520348
0.054 0.055 0.517880
0.055 0.056 0.516203
0.056 0.057 0.513800
0.057 0.058 0.677955
0.058 0.059 1.000000
0.059 0.060 0.824029
0.060 0.061 0.501110
0.061 0.062 0.494469
0.062 0.063 0.470410
0.063 0.064 0.460166
0.064 0.065 0.449129
0.065 0.066 0.440126
0.066 0.067 0.565962
0.067 0.068 0.557341
0.068 0.069 0.437448
0.069 0.070 0.394050
0.070 0.071 0.325785
0.071 0.072 0.315762
0.072 0.073 0.302647
0.073 0.074 0.297661
0.074 0.075 0.291369
0.075 0.076 0.283070
0.076 0.077 0.272518
0.077 0.078 0.263467
0.078 0.079 0.258218
0.079 0.080 0.251427
0.080 0.081 0.241601
0.081 0.082 0.230550
0.082 0.083 0.220842
0.083 0.084 0.211493
0.084 0.085 0.202813
0.085 0.086 0.194948
0.086 0.087 0.183817
0.087 0.088 0.178614
0.088 0.089 0.172747
0.089 0.090 0.164187
0.090 0.091 0.155501
0.091 0.092 0.144855
0.092 0.093 0.137664
0.093 0.094 0.133464
0.094 0.095 0.125948
0.095 0.096 0.118673
0.096 0.097 0.110470
0.097 0.098 0.100822
0.098 0.099 0.090726
0.099 0.100 0.085052
0.100 0.101 0.081259
0.101 0.102 0.076246
0.102 0.103 0.068984
0.103 0.104 0.063378
0.104 0.105 0.059096
0.105 0.106 0.053679
0.106 0.107 0.048141
0.107 0.108 0.040691
0.108 0.109 0.036596
0.109 0.110 0.032051
0.110 0.111 0.027890
0.111 0.112 0.024556
0.112 0.113 0.020342
0.113 0.114 0.016700
0.114 0.115 0.012072
0.115 0.116 0.009470
0.116 0.117 0.007177
0.117 0.118 0.004784
0.118 0.119 0.001558
0.119 0.120 0.000915
0.120 0.121 0.000000
0.121 0.122 0.000000
0.122 0.123 0.000000
0.123 0.124 0.000000
0.124 0.125 0.000000
0.125 0.126 0.000000
0.126 0.127 0.000000
0.127 0.128 0.000000
0.128 0.129 0.000000
0.129 0.130 0.000000
0.130 0.131 0.000000
0.131 0.132 0.000000
0.132 0.133 0.000000
0.133 0.134 0.000000
0.134 0.135 0.000000
0.135 0.136 0.000000
0.136 0.137 0.000000
0.137 0.138 0.000000
0.138 0.139 0.000000
0.139 0.140 0.000000
0.140 0.141 0.000000
0.141 0.142 0.000000
0.142 0.143 0.000000
0.143 0.144 0.000000
0.144 0.145 0.000000
0.145 0.146 0.000000
0.146 0.147 0.000000
0.147 0.148 0.000000
0.148 0.149 0.000000
0.149 0.150 0.000000
