1
0.000 0.001 0.000000
0.001 0.002 0.000000
0.002 0.003 0.000000
0.003 0.004 0.000000
0.004 0.005 0.000000
0.005 0.006 0.000000
0.006 0.007 0.000000
0.007 0.008 0.000000
0.008 0.009 0.000000
0.009 0.010 0.000000
0.010 0.011 0.000000
0.011 0.012 0.000000
0.012 0.013 0.000000
0.013 0.014 0.000000
0.014 0.015 0.000000
0.015 0.016 0.000000
0.016 0.017 0.000000
0.017 0.018 0.000000
0.018 0.019 0.000000
0.019 0.020 0.000000
0.020 0.021 0.000003
0.021 0.022 0.000014
0.022 0.023 0.000056
0.023 0.024 0.000188
0.024 0.025 0.000525
0.025 0.026 0.001267
0.026 0.027 0.002695
0.027 0.028 0.005200
0.028 0.029 0.009224
0.029 0.030 0.015094
0.030 0.031 0.023322
0.031 0.032 0.034119
0.032 0.033 0.047651
0.033 0.034 0.063856
0.034 0.035 0.082709
0.035 0.036 0.103884
0.036 0.037 0.127074
0.037 0.038 0.151789
0.038 0.039 0.177186
0.039 0.040 0.203531
0.040 0.041 0.229794
0.041 0.042 0.255322
0.042 0.043 0.281112
0.043 0.044 0.305089
0.044 0.045 0.329571
0.045 0.046 0.351850
0.046 0.047 0.371890
0.047 0.048 0.392341
0.048 0.049 0.411161
0.049 0.050 0.425807
0.050 0.051 0.438282
0.051 0.052 0.451372
0.052 0.053 0.462886
0.053 0.054 0.470465
0.054 0.055 0.476156
0.055 0.056 0.482132
0.056 0.057 0.487017
0.057 0.058 0.662629
0.058 0.059 1.000000
0.059 0.060 0.828919
0.060 0.061 0.498651
0.061 0.062 0.497272
0.062 0.063 0.476893
0.063 0.064 0.471491
0.064 0.065 0.464532
0.065 0.066 0.458861
0.066 0.067 0.602475
0.067 0.068 0.598094
0.068 0.069 0.469349
0.069 0.070 0.425091
0.070 0.071 0.351114
0.071 0.072 0.343146
0.072 0.073 0.331817
0.073 0.074 0.327686
0.074 0.075 0.322364
0.075 0.076 0.315279
0.076 0.077 0.305521
0.077 0.078 0.297154
0.078 0.079 0.292313
0.079 0.080 0.285911
0.080 0.081 0.276477
0.081 0.082 0.265440
0.082 0.083 0.255650
0.083 0.084 0.246252
0.084 0.085 0.236432
0.085 0.086 0.230473
0.086 0.087 0.222101
0.087 0.088 0.216751
0.088 0.089 0.210019
0.089 0.090 0.200494
0.090 0.091 0.191539
0.091 0.092 0.179562
0.092 0.093 0.171444
0.093 0.094 0.166990
0.094 0.095 0.158536
0.095 0.096 0.150253
0.096 0.097 0.140304
0.097 0.098 0.131287
0.098 0.099 0.122909
0.099 0.100 0.116232
0.100 0.101 0.111176
0.101 0.102 0.105039
0.102 0.103 0.096498
0.103 0.104 0.089881
0.104 0.105 0.084389
0.105 0.106 0.076595
0.106 0.107 0.071534
0.107 0.108 0.065179
0.108 0.109 0.059773
0.109 0.110 0.053862
0.110 0.111 0.048342
0.111 0.112 0.043859
0.112 0.113 0.037981
0.113 0.114 0.032118
0.114 0.115 0.028629
0.115 0.116 0.024455
0.116 0.117 0.020743
0.117 0.118 0.016673
0.118 0.119 0.011567
0.119 0.120 0.007968
0.120 0.121 0.006968
0.121 0.122 0.004851
0.122 0.123 0.001883
0.123 0.124 0.001143
0.124 0.125 0.000000
0.125 0.126 0.000000
0.126 0.127 0.000000
0.127 0.128 0.000000
0.128 0.129 0.000000
0.129 0.130 0.000000
0.130 0.131 0.000000
0.131 0.132 0.000000
0.132 0.133 0.000000
0.133 0.134 0.000000
0.134 0.135 0.000000
0.135 0.136 0.000000
0.136 0.137 0.000000
0.137 0.138 0.000000
0.138 0.139 0.000000
0.139 0.140 0.000000
0.140 0.141 0.000000
0.141 0.142 0.000000
0.142 0.143 0.000000
0.143 0.144 0.000000
0.144 0.145 0.000000
0.145 0.146 0.000000
0.146 0.147 0.000000
0.147 0.148 0.000000
0.148 0.149 0.000000
0.149 0.150 0.000000
