1
0.000 0.001 0.000000
0.001 0.002 0.000000
0.002 0.003 0.000000
0.003 0.004 0.000000
0.004 0.005 0.000000
0.005 0.006 0.000000
0.006 0.007 0.000000
0.007 0.008 0.000000
0.008 0.009 0.000000
0.009 0.010 0.000000
0.010 0.011 0.000000
0.011 0.012 0.000000
0.012 0.013 0.000000
0.013 0.014 0.000000
0.014 0.015 0.000000
0.015 0.016 0.000001
0.016 0.017 0.000012
0.017 0.018 0.000078
0.018 0.019 0.000338
0.019 0.020 0.001123
0.020 0.021 0.003016
0.021 0.022 0.006834
0.022 0.023 0.013481
0.023 0.024 0.023833
0.024 0.025 0.038555
0.025 0.026 0.057825
0.026 0.027 0.081495
0.027 0.028 0.109578
0.028 0.029 0.141452
0.029 0.030 0.175517
0.030 0.031 0.210536
0.031 0.032 0.247122
0.032 0.033 0.283999
0.033 0.034 0.319224
0.034 0.035 0.353083
0.035 0.036 0.386710
0.036 0.037 0.418115
0.037 0.038 0.442876
0.038 0.039 0.464714
0.039 0.040 0.487075
0.040 0.041 0.505442
0.041 0.042 0.520018
0.042 0.043 0.534814
0.043 0.044 0.544748
0.044 0.045 0.553517
0.045 0.046 0.561524
0.046 0.047 0.562825
0.047 0.048 0.566202
0.048 0.049 0.570128
0.049 0.050 0.566468
0.050 0.051 0.562308
0.051 0.052 0.561370
0.052 0.053 0.560368
0.053 0.054 0.554948
0.054 0.055 0.546239
0.055 0.056 0.540932
0.056 0.057 0.537694
0.057 0.058 0.696440
0.058 0.059 1.000000
0.059 0.060 0.820316
0.060 0.061 0.505057
0.061 0.062 0.495333
0.062 0.063 0.470149
0.063 0.064 0.456145
0.064 0.065 0.443776
0.065 0.066 0.435099
0.066 0.067 0.546903
0.067 0.068 0.536144
0.068 0.069 0.425330
0.069 0.070 0.384206
0.070 0.071 0.322325
0.071 0.072 0.311776
0.072 0.073 0.299065
0.073 0.074 0.294858
0.074 0.075 0.289000
0.075 0.076 0.277656
0.076 0.077 0.264202
0.077 0.078 0.254082
0.078 0.079 0.248907
0.079 0.080 0.241725
0.080 0.081 0.231419
0.081 0.082 0.219984
0.082 0.083 0.208795
0.083 0.084 0.196688
0.084 0.085 0.186828
0.085 0.086 0.178562
0.086 0.087 0.168794
0.087 0.088 0.160562
0.088 0.089 0.152264
0.089 0.090 0.141566
0.090 0.091 0.128870
0.091 0.092 0.117077
0.092 0.093 0.107799
0.093 0.094 0.099763
0.094 0.095 0.089660
0.095 0.096 0.080951
0.096 0.097 0.069705
0.097 0.098 0.059340
0.098 0.099 0.047300
0.099 0.100 0.040140
0.100 0.101 0.036129
0.101 0.102 0.030431
0.102 0.103 0.022755
0.103 0.104 0.017383
0.104 0.105 0.012533
0.105 0.106 0.007948
0.106 0.107 0.004147
0.107 0.108 0.000707
0.108 0.109 0.000000
0.109 0.110 0.000000
0.110 0.111 0.000000
0.111 0.112 0.000000
0.112 0.113 0.000000
0.113 0.114 0.000000
0.114 0.115 0.000000
0.115 0.116 0.000000
0.116 0.117 0.000000
0.117 0.118 0.000000
0.118 0.119 0.000000
0.119 0.120 0.000000
0.120 0.121 0.000000
0.121 0.122 0.000000
0.122 0.123 0.000000
0.123 0.124 0.000000
0.124 0.125 0.000000
0.125 0.126 0.000000
0.126 0.127 0.000000
0.127 0.128 0.000000
0.128 0.129 0.000000
0.129 0.130 0.000000
0.130 0.131 0.000000
0.131 0.132 0.000000
0.132 0.133 0.000000
0.133 0.134 0.000000
0.134 0.135 0.000000
0.135 0.136 0.000000
0.136 0.137 0.000000
0.137 0.138 0.000000
0.138 0.139 0.000000
0.139 0.140 0.000000
0.140 0.141 0.000000
0.141 0.142 0.000000
0.142 0.143 0.000000
0.143 0.144 0.000000
0.144 0.145 0.000000
0.145 0.146 0.000000
0.146 0.147 0.000000
0.147 0.148 0.000000
0.148 0.149 0.000000
0.149 0.150 0.000000
