1
0.000 0.001 0.000000
0.001 0.002 0.000000
0.002 0.003 0.000000
0.003 0.004 0.000000
0.004 0.005 0.000000
0.005 0.006 0.000000
0.006 0.007 0.000000
0.007 0.008 0.000000
0.008 0.009 0.000000
0.009 0.010 0.000000
0.010 0.011 0.000000
0.011 0.012 0.000000
0.012 0.013 0.000004
0.013 0.014 0.000048
0.014 0.015 0.000326
0.015 0.016 0.001454
0.016 0.017 0.004744
0.017 0.018 0.012269
0.018 0.019 0.026490
0.019 0.020 0.049682
0.020 0.021 0.083642
0.021 0.022 0.128709
0.022 0.023 0.183883
0.023 0.024 0.247999
0.024 0.025 0.318555
0.025 0.026 0.392353
0.026 0.027 0.467542
0.027 0.028 0.542597
0.028 0.029 0.615276
0.029 0.030 0.682862
0.030 0.031 0.744534
0.031 0.032 0.798403
0.032 0.033 0.847474
0.033 0.034 0.888680
0.034 0.035 0.922460
0.035 0.036 0.950808
0.036 0.037 0.969961
0.037 0.038 0.983166
0.038 0.039 0.993032
0.039 0.040 1.000000
0.040 0.041 0.999148
0.041 0.042 0.995121
0.042 0.043 0.988529
0.043 0.044 0.978740
0.044 0.045 0.966005
0.045 0.046 0.946344
0.046 0.047 0.927586
0.047 0.048 0.907922
0.048 0.049 0.884366
0.049 0.050 0.856901
0.050 0.051 0.832466
0.051 0.052 0.809938
0.052 0.053 0.784217
0.053 0.054 0.757663
0.054 0.055 0.730838
0.055 0.056 0.702987
0.056 0.057 0.675695
0.057 0.058 0.767650
0.058 0.059 0.959896
0.059 0.060 0.817131
0.060 0.061 0.580456
0.061 0.062 0.555180
0.062 0.063 0.517715
0.063 0.064 0.490851
0.064 0.065 0.466038
0.065 0.066 0.440468
0.066 0.067 0.504135
0.067 0.068 0.485562
0.068 0.069 0.394484
0.069 0.070 0.351687
0.070 0.071 0.301096
0.071 0.072 0.284575
0.072 0.073 0.262928
0.073 0.074 0.249288
0.074 0.075 0.235161
0.075 0.076 0.218952
0.076 0.077 0.202988
0.077 0.078 0.187819
0.078 0.079 0.173934
0.079 0.080 0.163468
0.080 0.081 0.150749
0.081 0.082 0.136385
0.082 0.083 0.123483
0.083 0.084 0.111360
0.084 0.085 0.098083
0.085 0.086 0.089049
0.086 0.087 0.078827
0.087 0.088 0.068985
0.088 0.089 0.058065
0.089 0.090 0.047369
0.090 0.091 0.040555
0.091 0.092 0.033213
0.092 0.093 0.025095
0.093 0.094 0.020053
0.094 0.095 0.014908
0.095 0.096 0.008873
0.096 0.097 0.005628
0.097 0.098 0.001448
0.098 0.099 0.000000
0.099 0.100 0.000000
0.100 0.101 0.000000
0.101 0.102 0.000000
0.102 0.103 0.000000
0.103 0.104 0.000000
0.104 0.105 0.000000
0.105 0.106 0.000000
0.106 0.107 0.000000
0.107 0.108 0.000000
0.108 0.109 0.000000
0.109 0.110 0.000000
0.110 0.111 0.000000
0.111 0.112 0.000000
0.112 0.113 0.000000
0.113 0.114 0.000000
0.114 0.115 0.000000
0.115 0.116 0.000000
0.116 0.117 0.000000
0.117 0.118 0.000000
0.118 0.119 0.000000
0.119 0.120 0.000000
0.120 0.121 0.000000
0.121 0.122 0.000000
0.122 0.123 0.000000
0.123 0.124 0.000000
0.124 0.125 0.000000
0.125 0.126 0.000000
0.126 0.127 0.000000
0.127 0.128 0.000000
0.128 0.129 0.000000
0.129 0.130 0.000000
0.130 0.131 0.000000
0.131 0.132 0.000000
0.132 0.133 0.000000
0.133 0.134 0.000000
0.134 0.135 0.000000
0.135 0.136 0.000000
0.136 0.137 0.000000
0.137 0.138 0.000000
0.138 0.139 0.000000
0.139 0.140 0.000000
0.140 0.141 0.000000
0.141 0.142 0.000000
0.142 0.143 0.000000
0.143 0.144 0.000000
0.144 0.145 0.000000
0.145 0.146 0.000000
0.146 0.147 0.000000
0.147 0.148 0.000000
0.148 0.149 0.000000
0.149 0.150 0.000000
