1
0.000 0.001 0.000000
0.001 0.002 0.000000
0.002 0.003 0.000000
0.003 0.004 0.000000
0.004 0.005 0.000000
0.005 0.006 0.000000
0.006 0.007 0.000000
0.007 0.008 0.000000
0.008 0.009 0.000000
0.009 0.010 0.000000
0.010 0.011 0.000000
0.011 0.012 0.000000
0.012 0.013 0.000000
0.013 0.014 0.000000
0.014 0.015 0.000000
0.015 0.016 0.000000
0.016 0.017 0.000001
0.017 0.018 0.000011
0.018 0.019 0.000057
0.019 0.020 0.000222
0.020 0.021 0.000689
0.021 0.022 0.001776
0.022 0.023 0.003959
0.023 0.024 0.007812
0.024 0.025 0.013960
0.025 0.026 0.022928
0.026 0.027 0.035026
0.027 0.028 0.050566
0.028 0.029 0.069546
0.029 0.030 0.091306
0.030 0.031 0.115810
0.031 0.032 0.142128
0.032 0.033 0.169826
0.033 0.034 0.198624
0.034 0.035 0.227541
0.035 0.036 0.255444
0.036 0.037 0.283054
0.037 0.038 0.309919
0.038 0.039 0.332949
0.039 0.040 0.356149
0.040 0.041 0.377798
0.041 0.042 0.397139
0.042 0.043 0.414972
0.043 0.044 0.430423
0.044 0.045 0.444646
0.045 0.046 0.454783
0.046 0.047 0.462735
0.047 0.048 0.471521
0.048 0.049 0.477489
0.049 0.050 0.479656
0.050 0.051 0.481147
0.051 0.052 0.482910
0.052 0.053 0.482191
0.053 0.054 0.479227
0.054 0.055 0.475971
0.055 0.056 0.472311
0.056 0.057 0.470166
0.057 0.058 0.651574
0.058 0.059 1.000000
0.059 0.060 0.808892
0.060 0.061 0.461244
0.061 0.062 0.454629
0.062 0.063 0.428934
0.063 0.064 0.420371
0.064 0.065 0.410675
0.065 0.066 0.401598
0.066 0.067 0.535157
0.067 0.068 0.527234
0.068 0.069 0.404336
0.069 0.070 0.362440
0.070 0.071 0.292803
0.071 0.072 0.284469
0.072 0.073 0.276796
0.073 0.074 0.271323
0.074 0.075 0.265792
0.075 0.076 0.259484
0.076 0.077 0.251269
0.077 0.078 0.244383
0.078 0.079 0.239406
0.079 0.080 0.233720
0.080 0.081 0.226569
0.081 0.082 0.218052
0.082 0.083 0.210106
0.083 0.084 0.202678
0.084 0.085 0.195930
0.085 0.086 0.188805
0.086 0.087 0.182821
0.087 0.088 0.178798
0.088 0.089 0.173234
0.089 0.090 0.166055
0.090 0.091 0.159703
0.091 0.092 0.151092
0.092 0.093 0.144984
0.093 0.094 0.141627
0.094 0.095 0.135579
0.095 0.096 0.129767
0.096 0.097 0.123768
0.097 0.098 0.116250
0.098 0.099 0.109083
0.099 0.100 0.104688
0.100 0.101 0.100647
0.101 0.102 0.096282
0.102 0.103 0.090813
0.103 0.104 0.086629
0.104 0.105 0.082579
0.105 0.106 0.077555
0.106 0.107 0.073028
0.107 0.108 0.067549
0.108 0.109 0.062956
0.109 0.110 0.058339
0.110 0.111 0.053206
0.111 0.112 0.050182
0.112 0.113 0.045950
0.113 0.114 0.042257
0.114 0.115 0.039061
0.115 0.116 0.035456
0.116 0.117 0.031883
0.117 0.118 0.028239
0.118 0.119 0.023454
0.119 0.120 0.020220
0.120 0.121 0.019332
0.121 0.122 0.017197
0.122 0.123 0.015019
0.123 0.124 0.012713
0.124 0.125 0.010048
0.125 0.126 0.006964
0.126 0.127 0.005698
0.127 0.128 0.004252
0.128 0.129 0.002863
0.129 0.130 0.001104
0.130 0.131 0.000618
0.131 0.132 0.000000
0.132 0.133 0.000000
0.133 0.134 0.000000
0.134 0.135 0.000000
0.135 0.136 0.000000
0.136 0.137 0.000000
0.137 0.138 0.000000
0.138 0.139 0.000000
0.139 0.140 0.000000
0.140 0.141 0.000000
0.141 0.142 0.000000
0.142 0.143 0.000000
0.143 0.144 0.000000
0.144 0.145 0.000000
0.145 0.146 0.000000
0.146 0.147 0.000000
0.147 0.148 0.000000
0.148 0.149 0.000000
0.149 0.150 0.000000
