1
0.000 0.001 0.000000
0.001 0.002 0.000000
0.002 0.003 0.000000
0.003 0.004 0.000000
0.004 0.005 0.000000
0.005 0.006 0.000000
0.006 0.007 0.000000
0.007 0.008 0.000000
0.008 0.009 0.000000
0.009 0.010 0.000000
0.010 0.011 0.000000
0.011 0.012 0.000000
0.012 0.013 0.000000
0.013 0.014 0.000000
0.014 0.015 0.000000
0.015 0.016 0.000000
0.016 0.017 0.000000
0.017 0.018 0.000003
0.018 0.019 0.000021
0.019 0.020 0.000116
0.020 0.021 0.000477
0.021 0.022 0.001544
0.022 0.023 0.004099
0.023 0.024 0.009431
0.024 0.025 0.019148
0.025 0.026 0.034852
0.026 0.027 0.057811
0.027 0.028 0.089419
0.028 0.029 0.130341
0.029 0.030 0.179344
0.030 0.031 0.236587
0.031 0.032 0.299406
0.032 0.033 0.364359
0.033 0.034 0.435044
0.034 0.035 0.507500
0.035 0.036 0.579544
0.036 0.037 0.646817
0.037 0.038 0.711507
0.038 0.039 0.770706
0.039 0.040 0.822891
0.040 0.041 0.867878
0.041 0.042 0.905062
0.042 0.043 0.933248
0.043 0.044 0.962758
0.044 0.045 0.984745
0.045 0.046 0.993303
0.046 0.047 0.997059
0.047 0.048 1.000000
0.048 0.049 0.992178
0.049 0.050 0.974526
0.050 0.051 0.955078
0.051 0.052 0.930532
0.052 0.053 0.914174
0.053 0.054 0.897291
0.054 0.055 0.870352
0.055 0.056 0.831118
0.056 0.057 0.793033
0.057 0.058 0.798258
0.058 0.059 0.829385
0.059 0.060 0.748972
0.060 0.061 0.629392
0.061 0.062 0.596901
0.062 0.063 0.562351
0.063 0.064 0.521740
0.064 0.065 0.480240
0.065 0.066 0.433821
0.066 0.067 0.418853
0.067 0.068 0.371565
0.068 0.069 0.307753
0.069 0.070 0.266715
0.070 0.071 0.230260
0.071 0.072 0.195612
0.072 0.073 0.150002
0.073 0.074 0.129581
0.074 0.075 0.108724
0.075 0.076 0.085634
0.076 0.077 0.056552
0.077 0.078 0.040655
0.078 0.079 0.024513
0.079 0.080 0.006482
0.080 0.081 0.000000
0.081 0.082 0.000000
0.082 0.083 0.000000
0.083 0.084 0.000000
0.084 0.085 0.000000
0.085 0.086 0.000000
0.086 0.087 0.000000
0.087 0.088 0.000000
0.088 0.089 0.000000
0.089 0.090 0.000000
0.090 0.091 0.000000
0.091 0.092 0.000000
0.092 0.093 0.000000
0.093 0.094 0.000000
0.094 0.095 0.000000
0.095 0.096 0.000000
0.096 0.097 0.000000
0.097 0.098 0.000000
0.098 0.099 0.000000
0.099 0.100 0.000000
0.100 0.101 0.000000
0.101 0.102 0.000000
0.102 0.103 0.000000
0.103 0.104 0.000000
0.104 0.105 0.000000
0.105 0.106 0.000000
0.106 0.107 0.000000
0.107 0.108 0.000000
0.108 0.109 0.000000
0.109 0.110 0.000000
0.110 0.111 0.000000
0.111 0.112 0.000000
0.112 0.113 0.000000
0.113 0.114 0.000000
0.114 0.115 0.000000
0.115 0.116 0.000000
0.116 0.117 0.000000
0.117 0.118 0.000000
0.118 0.119 0.000000
0.119 0.120 0.000000
0.120 0.121 0.000000
0.121 0.122 0.000000
0.122 0.123 0.000000
0.123 0.124 0.000000
0.124 0.125 0.000000
0.125 0.126 0.000000
0.126 0.127 0.000000
0.127 0.128 0.000000
0.128 0.129 0.000000
0.129 0.130 0.000000
0.130 0.131 0.000000
0.131 0.132 0.000000
0.132 0.133 0.000000
0.133 0.134 0.000000
0.134 0.135 0.000000
0.135 0.136 0.000000
0.136 0.137 0.000000
0.137 0.138 0.000000
0.138 0.139 0.000000
0.139 0.140 0.000000
0.140 0.141 0.000000
0.141 0.142 0.000000
0.142 0.143 0.000000
0.143 0.144 0.000000
0.144 0.145 0.000000
0.145 0.146 0.000000
0.146 0.147 0.000000
0.147 0.148 0.000000
0.148 0.149 0.000000
0.149 0.150 0.000000
