1
0.000 0.001 0.000000
0.001 0.002 0.000000
0.002 0.003 0.000000
0.003 0.004 0.000000
0.004 0.005 0.000000
0.005 0.006 0.000000
0.006 0.007 0.000000
0.007 0.008 0.000004
0.008 0.009 0.000000
0.009 0.010 0.000000
0.010 0.011 0.000000
0.011 0.012 0.000009
0.012 0.013 0.000101
0.013 0.014 0.000679
0.014 0.015 0.002960
0.015 0.016 0.009318
0.016 0.017 0.023043
0.017 0.018 0.047406
0.018 0.019 0.084858
0.019 0.020 0.136320
0.020 0.021 0.200619
0.021 0.022 0.275840
0.022 0.023 0.356964
0.023 0.024 0.441146
0.024 0.025 0.526522
0.025 0.026 0.606794
0.026 0.027 0.680699
0.027 0.028 0.745290
0.028 0.029 0.808000
0.029 0.030 0.860828
0.030 0.031 0.908591
0.031 0.032 0.944528
0.032 0.033 0.969648
0.033 0.034 0.985878
0.034 0.035 0.996551
0.035 0.036 1.000000
0.036 0.037 0.991293
0.037 0.038 0.984215
0.038 0.039 0.971417
0.039 0.040 0.948434
0.040 0.041 0.933282
0.041 0.042 0.915369
0.042 0.043 0.894396
0.043 0.044 0.871149
0.044 0.045 0.845601
0.045 0.046 0.812495
0.046 0.047 0.781737
0.047 0.048 0.752386
0.048 0.049 0.717887
0.049 0.050 0.682269
0.050 0.051 0.647964
0.051 0.052 0.621333
0.052 0.053 0.594694
0.053 0.054 0.569013
0.054 0.055 0.539381
0.055 0.056 0.505455
0.056 0.057 0.474787
0.057 0.058 0.481146
0.058 0.059 0.514474
0.059 0.060 0.450627
0.060 0.061 0.366835
0.061 0.062 0.344324
0.062 0.063 0.321317
0.063 0.064 0.298082
0.064 0.065 0.274573
0.065 0.066 0.249498
0.066 0.067 0.249145
0.067 0.068 0.225778
0.068 0.069 0.188357
0.069 0.070 0.164766
0.070 0.071 0.142442
0.071 0.072 0.126967
0.072 0.073 0.108277
0.073 0.074 0.094070
0.074 0.075 0.077511
0.075 0.076 0.067505
0.076 0.077 0.057457
0.077 0.078 0.045863
0.078 0.079 0.033741
0.079 0.080 0.022157
0.080 0.081 0.017140
0.081 0.082 0.010585
0.082 0.083 0.002848
0.083 0.084 0.000000
0.084 0.085 0.000000
0.085 0.086 0.000000
0.086 0.087 0.000000
0.087 0.088 0.000000
0.088 0.089 0.000000
0.089 0.090 0.000000
0.090 0.091 0.000000
0.091 0.092 0.000000
0.092 0.093 0.000000
0.093 0.094 0.000000
0.094 0.095 0.000000
0.095 0.096 0.000000
0.096 0.097 0.000000
0.097 0.098 0.000000
0.098 0.099 0.000000
0.099 0.100 0.000000
0.100 0.101 0.000000
0.101 0.102 0.000000
0.102 0.103 0.000000
0.103 0.104 0.000000
0.104 0.105 0.000000
0.105 0.106 0.000000
0.106 0.107 0.000000
0.107 0.108 0.000000
0.108 0.109 0.000000
0.109 0.110 0.000000
0.110 0.111 0.000000
0.111 0.112 0.000000
0.112 0.113 0.000000
0.113 0.114 0.000000
0.114 0.115 0.000000
0.115 0.116 0.000000
0.116 0.117 0.000000
0.117 0.118 0.000000
0.118 0.119 0.000000
0.119 0.120 0.000000
0.120 0.121 0.000000
0.121 0.122 0.000000
0.122 0.123 0.000000
0.123 0.124 0.000000
0.124 0.125 0.000000
0.125 0.126 0.000000
0.126 0.127 0.000000
0.127 0.128 0.000000
0.128 0.129 0.000000
0.129 0.130 0.000000
0.130 0.131 0.000000
0.131 0.132 0.000000
0.132 0.133 0.000000
0.133 0.134 0.000000
0.134 0.135 0.000000
0.135 0.136 0.000000
0.136 0.137 0.000000
0.137 0.138 0.000000
0.138 0.139 0.000000
0.139 0.140 0.000000
0.140 0.141 0.000000
0.141 0.142 0.000000
0.142 0.143 0.000000
0.143 0.144 0.000000
0.144 0.145 0.000000
0.145 0.146 0.000000
0.146 0.147 0.000000
0.147 0.148 0.000000
0.148 0.149 0.000000
0.149 0.150 0.000000
