1
0.000 0.001 0.000000
0.001 0.002 0.000000
0.002 0.003 0.000000
0.003 0.004 0.000000
0.004 0.005 0.000000
0.005 0.006 0.000000
0.006 0.007 0.000000
0.007 0.008 0.000000
0.008 0.009 0.000000
0.009 0.010 0.000000
0.010 0.011 0.000000
0.011 0.012 0.000000
0.012 0.013 0.000000
0.013 0.014 0.000000
0.014 0.015 0.000000
0.015 0.016 0.000000
0.016 0.017 0.000000
0.017 0.018 0.000000
0.018 0.019 0.000000
0.019 0.020 0.000000
0.020 0.021 0.000001
0.021 0.022 0.000005
0.022 0.023 0.000023
0.023 0.024 0.000083
0.024 0.025 0.000245
0.025 0.026 0.000621
0.026 0.027 0.001380
0.027 0.028 0.002769
0.028 0.029 0.005078
0.029 0.030 0.008573
0.030 0.031 0.013591
0.031 0.032 0.020363
0.032 0.033 0.029090
0.033 0.034 0.039835
0.034 0.035 0.052546
0.035 0.036 0.067197
0.036 0.037 0.083688
0.037 0.038 0.101829
0.038 0.039 0.120792
0.039 0.040 0.140550
0.040 0.041 0.161071
0.041 0.042 0.181806
0.042 0.043 0.202882
0.043 0.044 0.223381
0.044 0.045 0.243906
0.045 0.046 0.262816
0.046 0.047 0.280687
0.047 0.048 0.299498
0.048 0.049 0.316388
0.049 0.050 0.330405
0.050 0.051 0.344451
0.051 0.052 0.358704
0.052 0.053 0.370120
0.053 0.054 0.379692
0.054 0.055 0.388730
0.055 0.056 0.397894
0.056 0.057 0.406772
0.057 0.058 0.610296
0.058 0.059 1.000000
0.059 0.060 0.809192
0.060 0.061 0.437537
0.061 0.062 0.440034
0.062 0.063 0.420031
0.063 0.064 0.419938
0.064 0.065 0.418482
0.065 0.066 0.416298
0.066 0.067 0.585186
0.067 0.068 0.585334
0.068 0.069 0.445550
0.069 0.070 0.403605
0.070 0.071 0.323721
0.071 0.072 0.321340
0.072 0.073 0.316688
0.073 0.074 0.313780
0.074 0.075 0.311487
0.075 0.076 0.307890
0.076 0.077 0.301788
0.077 0.078 0.297643
0.078 0.079 0.294712
0.079 0.080 0.291136
0.080 0.081 0.286666
0.081 0.082 0.280281
0.082 0.083 0.273358
0.083 0.084 0.266652
0.084 0.085 0.261136
0.085 0.086 0.256013
0.086 0.087 0.250416
0.087 0.088 0.246044
0.088 0.089 0.239536
0.089 0.090 0.231704
0.090 0.091 0.224565
0.091 0.092 0.215067
0.092 0.093 0.207486
0.093 0.094 0.203421
0.094 0.095 0.196644
0.095 0.096 0.190430
0.096 0.097 0.184114
0.097 0.098 0.175747
0.098 0.099 0.167649
0.099 0.100 0.161600
0.100 0.101 0.155728
0.101 0.102 0.149833
0.102 0.103 0.143422
0.103 0.104 0.138257
0.104 0.105 0.132379
0.105 0.106 0.125357
0.106 0.107 0.119283
0.107 0.108 0.111734
0.108 0.109 0.106843
0.109 0.110 0.102349
0.110 0.111 0.097208
0.111 0.112 0.092296
0.112 0.113 0.085688
0.113 0.114 0.079056
0.114 0.115 0.074989
0.115 0.116 0.070746
0.116 0.117 0.065718
0.117 0.118 0.061471
0.118 0.119 0.056143
0.119 0.120 0.051480
0.120 0.121 0.049121
0.121 0.122 0.045790
0.122 0.123 0.042499
0.123 0.124 0.039028
0.124 0.125 0.034769
0.125 0.126 0.030137
0.126 0.127 0.027361
0.127 0.128 0.023866
0.128 0.129 0.020868
0.129 0.130 0.017887
0.130 0.131 0.014245
0.131 0.132 0.012712
0.132 0.133 0.010559
0.133 0.134 0.007677
0.134 0.135 0.005947
0.135 0.136 0.004358
0.136 0.137 0.002534
0.137 0.138 0.001518
0.138 0.139 0.000351
0.139 0.140 0.000000
0.140 0.141 0.000000
0.141 0.142 0.000000
0.142 0.143 0.000000
0.143 0.144 0.000000
0.144 0.145 0.000000
0.145 0.146 0.000000
0.146 0.147 0.000000
0.147 0.148 0.000000
0.148 0.149 0.000000
0.149 0.150 0.000000
