1
0.000 0.001 0.000000
0.001 0.002 0.000000
0.002 0.003 0.000000
0.003 0.004 0.000000
0.004 0.005 0.000000
0.005 0.006 0.000000
0.006 0.007 0.000000
0.007 0.008 0.000000
0.008 0.009 0.000000
0.009 0.010 0.000000
0.010 0.011 0.000000
0.011 0.012 0.000000
0.012 0.013 0.000001
0.013 0.014 0.000010
0.014 0.015 0.000093
0.015 0.016 0.000511
0.016 0.017 0.001985
0.017 0.018 0.005875
0.018 0.019 0.014170
0.019 0.020 0.029245
0.020 0.021 0.053174
0.021 0.022 0.087379
0.022 0.023 0.131478
0.023 0.024 0.185125
0.024 0.025 0.248852
0.025 0.026 0.317573
0.026 0.027 0.388731
0.027 0.028 0.463016
0.028 0.029 0.536291
0.029 0.030 0.609805
0.030 0.031 0.678937
0.031 0.032 0.737057
0.032 0.033 0.789831
0.033 0.034 0.835964
0.034 0.035 0.875983
0.035 0.036 0.912031
0.036 0.037 0.936264
0.037 0.038 0.961251
0.038 0.039 0.982085
0.039 0.040 0.990080
0.040 0.041 0.995288
0.041 0.042 1.000000
0.042 0.043 0.997864
0.043 0.044 0.985602
0.044 0.045 0.979853
0.045 0.046 0.965811
0.046 0.047 0.947885
0.047 0.048 0.928679
0.048 0.049 0.904229
0.049 0.050 0.884887
0.050 0.051 0.862908
0.051 0.052 0.838969
0.052 0.053 0.815302
0.053 0.054 0.796521
0.054 0.055 0.771093
0.055 0.056 0.731806
0.056 0.057 0.697016
0.057 0.058 0.726235
0.058 0.059 0.803824
0.059 0.060 0.722279
0.060 0.061 0.587149
0.061 0.062 0.556378
0.062 0.063 0.531912
0.063 0.064 0.504127
0.064 0.065 0.471698
0.065 0.066 0.434225
0.066 0.067 0.438259
0.067 0.068 0.410067
0.068 0.069 0.346287
0.069 0.070 0.304065
0.070 0.071 0.264273
0.071 0.072 0.234777
0.072 0.073 0.198481
0.073 0.074 0.173505
0.074 0.075 0.148491
0.075 0.076 0.121720
0.076 0.077 0.094227
0.077 0.078 0.063333
0.078 0.079 0.029915
0.079 0.080 0.001838
0.080 0.081 0.000000
0.081 0.082 0.000000
0.082 0.083 0.000000
0.083 0.084 0.000000
0.084 0.085 0.000000
0.085 0.086 0.000000
0.086 0.087 0.000000
0.087 0.088 0.000000
0.088 0.089 0.000000
0.089 0.090 0.000000
0.090 0.091 0.000000
0.091 0.092 0.000000
0.092 0.093 0.000000
0.093 0.094 0.000000
0.094 0.095 0.000000
0.095 0.096 0.000000
0.096 0.097 0.000000
0.097 0.098 0.000000
0.098 0.099 0.000000
0.099 0.100 0.000000
0.100 0.101 0.000000
0.101 0.102 0.000000
0.102 0.103 0.000000
0.103 0.104 0.000000
0.104 0.105 0.000000
0.105 0.106 0.000000
0.106 0.107 0.000000
0.107 0.108 0.000000
0.108 0.109 0.000000
0.109 0.110 0.000000
0.110 0.111 0.000000
0.111 0.112 0.000000
0.112 0.113 0.000000
0.113 0.114 0.000000
0.114 0.115 0.000000
0.115 0.116 0.000000
0.116 0.117 0.000000
0.117 0.118 0.000000
0.118 0.119 0.000000
0.119 0.120 0.000000
0.120 0.121 0.000000
0.121 0.122 0.000000
0.122 0.123 0.000000
0.123 0.124 0.000000
0.124 0.125 0.000000
0.125 0.126 0.000000
0.126 0.127 0.000000
0.127 0.128 0.000000
0.128 0.129 0.000000
0.129 0.130 0.000000
0.130 0.131 0.000000
0.131 0.132 0.000000
0.132 0.133 0.000000
0.133 0.134 0.000000
0.134 0.135 0.000000
0.135 0.136 0.000000
0.136 0.137 0.000000
0.137 0.138 0.000000
0.138 0.139 0.000000
0.139 0.140 0.000000
0.140 0.141 0.000000
0.141 0.142 0.000000
0.142 0.143 0.000000
0.143 0.144 0.000000
0.144 0.145 0.000000
0.145 0.146 0.000000
0.146 0.147 0.000000
0.147 0.148 0.000000
0.148 0.149 0.000000
0.149 0.150 0.000000
