1
0.000 0.001 0.000000
0.001 0.002 0.000000
0.002 0.003 0.000000
0.003 0.004 0.000000
0.004 0.005 0.000000
0.005 0.006 0.000000
0.006 0.007 0.000000
0.007 0.008 0.000000
0.008 0.009 0.000000
0.009 0.010 0.000000
0.010 0.011 0.000000
0.011 0.012 0.000000
0.012 0.013 0.000000
0.013 0.014 0.000000
0.014 0.015 0.000000
0.015 0.016 0.000000
0.016 0.017 0.000000
0.017 0.018 0.000000
0.018 0.019 0.000000
0.019 0.020 0.000001
0.020 0.021 0.000008
0.021 0.022 0.000040
0.022 0.023 0.000154
0.023 0.024 0.000488
0.024 0.025 0.001304
0.025 0.026 0.003014
0.026 0.027 0.006176
0.027 0.028 0.011505
0.028 0.029 0.019754
0.029 0.030 0.031468
0.030 0.031 0.047253
0.031 0.032 0.067240
0.032 0.033 0.091677
0.033 0.034 0.120209
0.034 0.035 0.152298
0.035 0.036 0.187781
0.036 0.037 0.224986
0.037 0.038 0.262962
0.038 0.039 0.302371
0.039 0.040 0.342768
0.040 0.041 0.380915
0.041 0.042 0.417379
0.042 0.043 0.452719
0.043 0.044 0.486801
0.044 0.045 0.518212
0.045 0.046 0.544214
0.046 0.047 0.567430
0.047 0.048 0.589102
0.048 0.049 0.606663
0.049 0.050 0.617042
0.050 0.051 0.627105
0.051 0.052 0.636890
0.052 0.053 0.643841
0.053 0.054 0.647421
0.054 0.055 0.648426
0.055 0.056 0.646028
0.056 0.057 0.641969
0.057 0.058 0.762931
0.058 0.059 1.000000
0.059 0.060 0.864685
0.060 0.061 0.611749
0.061 0.062 0.600535
0.062 0.063 0.573887
0.063 0.064 0.557132
0.064 0.065 0.541380
0.065 0.066 0.525592
0.066 0.067 0.616820
0.067 0.068 0.602366
0.068 0.069 0.490940
0.069 0.070 0.445672
0.070 0.071 0.386161
0.071 0.072 0.372089
0.072 0.073 0.352620
0.073 0.074 0.339414
0.074 0.075 0.324771
0.075 0.076 0.305459
0.076 0.077 0.283462
0.077 0.078 0.268639
0.078 0.079 0.257082
0.079 0.080 0.244580
0.080 0.081 0.228723
0.081 0.082 0.210048
0.082 0.083 0.192669
0.083 0.084 0.173665
0.084 0.085 0.160623
0.085 0.086 0.148535
0.086 0.087 0.134635
0.087 0.088 0.121208
0.088 0.089 0.106428
0.089 0.090 0.090807
0.090 0.091 0.079728
0.091 0.092 0.068685
0.092 0.093 0.058413
0.093 0.094 0.046290
0.094 0.095 0.038672
0.095 0.096 0.031417
0.096 0.097 0.022928
0.097 0.098 0.012810
0.098 0.099 0.007544
0.099 0.100 0.001903
0.100 0.101 0.000000
0.101 0.102 0.000000
0.102 0.103 0.000000
0.103 0.104 0.000000
0.104 0.105 0.000000
0.105 0.106 0.000000
0.106 0.107 0.000000
0.107 0.108 0.000000
0.108 0.109 0.000000
0.109 0.110 0.000000
0.110 0.111 0.000000
0.111 0.112 0.000000
0.112 0.113 0.000000
0.113 0.114 0.000000
0.114 0.115 0.000000
0.115 0.116 0.000000
0.116 0.117 0.000000
0.117 0.118 0.000000
0.118 0.119 0.000000
0.119 0.120 0.000000
0.120 0.121 0.000000
0.121 0.122 0.000000
0.122 0.123 0.000000
0.123 0.124 0.000000
0.124 0.125 0.000000
0.125 0.126 0.000000
0.126 0.127 0.000000
0.127 0.128 0.000000
0.128 0.129 0.000000
0.129 0.130 0.000000
0.130 0.131 0.000000
0.131 0.132 0.000000
0.132 0.133 0.000000
0.133 0.134 0.000000
0.134 0.135 0.000000
0.135 0.136 0.000000
0.136 0.137 0.000000
0.137 0.138 0.000000
0.138 0.139 0.000000
0.139 0.140 0.000000
0.140 0.141 0.000000
0.141 0.142 0.000000
0.142 0.143 0.000000
0.143 0.144 0.000000
0.144 0.145 0.000000
0.145 0.146 0.000000
0.146 0.147 0.000000
0.147 0.148 0.000000
0.148 0.149 0.000000
0.149 0.150 0.000000
