1
0.000 0.001 0.000000
0.001 0.002 0.000000
0.002 0.003 0.000000
0.003 0.004 0.000000
0.004 0.005 0.000000
0.005 0.006 0.000000
0.006 0.007 0.000000
0.007 0.008 0.000000
0.008 0.009 0.000000
0.009 0.010 0.000000
0.010 0.011 0.000000
0.011 0.012 0.000000
0.012 0.013 0.000000
0.013 0.014 0.000000
0.014 0.015 0.000000
0.015 0.016 0.000000
0.016 0.017 0.000002
0.017 0.018 0.000018
0.018 0.019 0.000094
0.019 0.020 0.000359
0.020 0.021 0.001086
0.021 0.022 0.002707
0.022 0.023 0.005797
0.023 0.024 0.011016
0.024 0.025 0.018937
0.025 0.026 0.030004
0.026 0.027 0.044415
0.027 0.028 0.062152
0.028 0.029 0.083072
0.029 0.030 0.106511
0.030 0.031 0.131784
0.031 0.032 0.158373
0.032 0.033 0.186053
0.033 0.034 0.214186
0.034 0.035 0.241626
0.035 0.036 0.267602
0.036 0.037 0.292843
0.037 0.038 0.317330
0.038 0.039 0.338820
0.039 0.040 0.358474
0.040 0.041 0.376383
0.041 0.042 0.392312
0.042 0.043 0.406916
0.043 0.044 0.418953
0.044 0.045 0.430220
0.045 0.046 0.438273
0.046 0.047 0.444126
0.047 0.048 0.451191
0.048 0.049 0.455845
0.049 0.050 0.456657
0.050 0.051 0.457939
0.051 0.052 0.460028
0.052 0.053 0.459025
0.053 0.054 0.456478
0.054 0.055 0.453770
0.055 0.056 0.452077
0.056 0.057 0.449883
0.057 0.058 0.638574
0.058 0.059 1.000000
0.059 0.060 0.801057
0.060 0.061 0.441645
0.061 0.062 0.435501
0.062 0.063 0.409892
0.063 0.064 0.402502
0.064 0.065 0.394165
0.065 0.066 0.386429
0.066 0.067 0.523336
0.067 0.068 0.516591
0.068 0.069 0.394006
0.069 0.070 0.353504
0.070 0.071 0.284357
0.071 0.072 0.278735
0.072 0.073 0.271245
0.073 0.074 0.265765
0.074 0.075 0.260555
0.075 0.076 0.254465
0.076 0.077 0.246541
0.077 0.078 0.240219
0.078 0.079 0.235485
0.079 0.080 0.230120
0.080 0.081 0.223647
0.081 0.082 0.215811
0.082 0.083 0.208005
0.083 0.084 0.201229
0.084 0.085 0.195342
0.085 0.086 0.189894
0.086 0.087 0.183642
0.087 0.088 0.178952
0.088 0.089 0.172685
0.089 0.090 0.165170
0.090 0.091 0.158102
0.091 0.092 0.150202
0.092 0.093 0.144431
0.093 0.094 0.141095
0.094 0.095 0.135445
0.095 0.096 0.130093
0.096 0.097 0.124596
0.097 0.098 0.117646
0.098 0.099 0.110957
0.099 0.100 0.106591
0.100 0.101 0.102662
0.101 0.102 0.098129
0.102 0.103 0.092829
0.103 0.104 0.088641
0.104 0.105 0.084317
0.105 0.106 0.078711
0.106 0.107 0.074788
0.107 0.108 0.070060
0.108 0.109 0.066207
0.109 0.110 0.062447
0.110 0.111 0.058516
0.111 0.112 0.054986
0.112 0.113 0.049915
0.113 0.114 0.046214
0.114 0.115 0.043218
0.115 0.116 0.039975
0.116 0.117 0.036505
0.117 0.118 0.033215
0.118 0.119 0.028695
0.119 0.120 0.026391
0.120 0.121 0.025216
0.121 0.122 0.022913
0.122 0.123 0.020589
0.123 0.124 0.018130
0.124 0.125 0.014906
0.125 0.126 0.012602
0.126 0.127 0.010821
0.127 0.128 0.008712
0.128 0.129 0.006507
0.129 0.130 0.005163
0.130 0.131 0.003651
0.131 0.132 0.002285
0.132 0.133 0.001510
0.133 0.134 0.000392
0.134 0.135 0.000000
0.135 0.136 0.000000
0.136 0.137 0.000000
0.137 0.138 0.000000
0.138 0.139 0.000000
0.139 0.140 0.000000
0.140 0.141 0.000000
0.141 0.142 0.000000
0.142 0.143 0.000000
0.143 0.144 0.000000
0.144 0.145 0.000000
0.145 0.146 0.000000
0.146 0.147 0.000000
0.147 0.148 0.000000
0.148 0.149 0.000000
0.149 0.150 0.000000
