1
0.000 0.001 0.000000
0.001 0.002 0.000000
0.002 0.003 0.000000
0.003 0.004 0.000000
0.004 0.005 0.000000
0.005 0.006 0.000000
0.006 0.007 0.000000
0.007 0.008 0.000000
0.008 0.009 0.000000
0.009 0.010 0.000000
0.010 0.011 0.000000
0.011 0.012 0.000000
0.012 0.013 0.000000
0.013 0.014 0.000000
0.014 0.015 0.000000
0.015 0.016 0.000000
0.016 0.017 0.000000
0.017 0.018 0.000000
0.018 0.019 0.000000
0.019 0.020 0.000000
0.020 0.021 0.000002
0.021 0.022 0.000012
0.022 0.023 0.000051
0.023 0.024 0.000167
0.024 0.025 0.000459
0.025 0.026 0.001092
0.026 0.027 0.002297
0.027 0.028 0.004378
0.028 0.029 0.007680
0.029 0.030 0.012449
0.030 0.031 0.019020
0.031 0.032 0.027544
0.032 0.033 0.038128
0.033 0.034 0.050875
0.034 0.035 0.065536
0.035 0.036 0.081568
0.036 0.037 0.099392
0.037 0.038 0.119200
0.038 0.039 0.139165
0.039 0.040 0.159227
0.040 0.041 0.179972
0.041 0.042 0.200382
0.042 0.043 0.220319
0.043 0.044 0.240114
0.044 0.045 0.259738
0.045 0.046 0.276927
0.046 0.047 0.293391
0.047 0.048 0.311145
0.048 0.049 0.326315
0.049 0.050 0.338697
0.050 0.051 0.350760
0.051 0.052 0.362963
0.052 0.053 0.372320
0.053 0.054 0.379823
0.054 0.055 0.387442
0.055 0.056 0.395794
0.056 0.057 0.402477
0.057 0.058 0.606658
0.058 0.059 1.000000
0.059 0.060 0.805575
0.060 0.061 0.429542
0.061 0.062 0.430919
0.062 0.063 0.410165
0.063 0.064 0.409737
0.064 0.065 0.406839
0.065 0.066 0.404160
0.066 0.067 0.571027
0.067 0.068 0.570817
0.068 0.069 0.433221
0.069 0.070 0.391449
0.070 0.071 0.312610
0.071 0.072 0.310567
0.072 0.073 0.306818
0.073 0.074 0.303403
0.074 0.075 0.300345
0.075 0.076 0.297828
0.076 0.077 0.292689
0.077 0.078 0.288819
0.078 0.079 0.286363
0.079 0.080 0.282841
0.080 0.081 0.277925
0.081 0.082 0.271658
0.082 0.083 0.265883
0.083 0.084 0.260982
0.084 0.085 0.256603
0.085 0.086 0.252350
0.086 0.087 0.246625
0.087 0.088 0.243763
0.088 0.089 0.238204
0.089 0.090 0.230594
0.090 0.091 0.225283
0.091 0.092 0.215452
0.092 0.093 0.209098
0.093 0.094 0.207135
0.094 0.095 0.201013
0.095 0.096 0.194936
0.096 0.097 0.189314
0.097 0.098 0.181224
0.098 0.099 0.175135
0.099 0.100 0.169487
0.100 0.101 0.163103
0.101 0.102 0.157259
0.102 0.103 0.150039
0.103 0.104 0.144732
0.104 0.105 0.139145
0.105 0.106 0.131996
0.106 0.107 0.125888
0.107 0.108 0.118175
0.108 0.109 0.111893
0.109 0.110 0.105403
0.110 0.111 0.098957
0.111 0.112 0.093541
0.112 0.113 0.085728
0.113 0.114 0.079080
0.114 0.115 0.073166
0.115 0.116 0.066248
0.116 0.117 0.059673
0.117 0.118 0.052492
0.118 0.119 0.042374
0.119 0.120 0.037350
0.120 0.121 0.035137
0.121 0.122 0.029214
0.122 0.123 0.023080
0.123 0.124 0.016118
0.124 0.125 0.009531
0.125 0.126 0.004475
0.126 0.127 0.000467
0.127 0.128 0.000000
0.128 0.129 0.000000
0.129 0.130 0.000000
0.130 0.131 0.000000
0.131 0.132 0.000000
0.132 0.133 0.000000
0.133 0.134 0.000000
0.134 0.135 0.000000
0.135 0.136 0.000000
0.136 0.137 0.000000
0.137 0.138 0.000000
0.138 0.139 0.000000
0.139 0.140 0.000000
0.140 0.141 0.000000
0.141 0.142 0.000000
0.142 0.143 0.000000
0.143 0.144 0.000000
0.144 0.145 0.000000
0.145 0.146 0.000000
0.146 0.147 0.000000
0.147 0.148 0.000000
0.148 0.149 0.000000
0.149 0.150 0.000000
