1
0.000 0.001 0.000000
0.001 0.002 0.000000
0.002 0.003 0.000000
0.003 0.004 0.000000
0.004 0.005 0.000000
0.005 0.006 0.000000
0.006 0.007 0.000000
0.007 0.008 0.000000
0.008 0.009 0.000000
0.009 0.010 0.000000
0.010 0.011 0.000000
0.011 0.012 0.000000
0.012 0.013 0.000000
0.013 0.014 0.000000
0.014 0.015 0.000001
0.015 0.016 0.000006
0.016 0.017 0.000045
0.017 0.018 0.000214
0.018 0.019 0.000766
0.019 0.020 0.002200
0.020 0.021 0.005284
0.021 0.022 0.011018
0.022 0.023 0.020417
0.023 0.024 0.034306
0.024 0.025 0.053481
0.025 0.026 0.077878
0.026 0.027 0.107188
0.027 0.028 0.141449
0.028 0.029 0.179640
0.029 0.030 0.220376
0.030 0.031 0.262196
0.031 0.032 0.304447
0.032 0.033 0.347619
0.033 0.034 0.388969
0.034 0.035 0.427669
0.035 0.036 0.465467
0.036 0.037 0.499204
0.037 0.038 0.527597
0.038 0.039 0.554646
0.039 0.040 0.580468
0.040 0.041 0.600300
0.041 0.042 0.617041
0.042 0.043 0.632543
0.043 0.044 0.643263
0.044 0.045 0.652947
0.045 0.046 0.658925
0.046 0.047 0.660718
0.047 0.048 0.662213
0.048 0.049 0.662235
0.049 0.050 0.656923
0.050 0.051 0.651975
0.051 0.052 0.649339
0.052 0.053 0.643131
0.053 0.054 0.634232
0.054 0.055 0.623875
0.055 0.056 0.613333
0.056 0.057 0.603424
0.057 0.058 0.737902
0.058 0.059 1.000000
0.059 0.060 0.839501
0.060 0.061 0.558944
0.061 0.062 0.543815
0.062 0.063 0.515156
0.063 0.064 0.497681
0.064 0.065 0.481427
0.065 0.066 0.466881
0.066 0.067 0.559706
0.067 0.068 0.545701
0.068 0.069 0.441128
0.069 0.070 0.397351
0.070 0.071 0.338651
0.071 0.072 0.325155
0.072 0.073 0.307993
0.073 0.074 0.297692
0.074 0.075 0.286218
0.075 0.076 0.270409
0.076 0.077 0.253659
0.077 0.078 0.238482
0.078 0.079 0.228277
0.079 0.080 0.217269
0.080 0.081 0.203674
0.081 0.082 0.187313
0.082 0.083 0.174220
0.083 0.084 0.160981
0.084 0.085 0.149048
0.085 0.086 0.137362
0.086 0.087 0.126910
0.087 0.088 0.117255
0.088 0.089 0.107084
0.089 0.090 0.095630
0.090 0.091 0.085252
0.091 0.092 0.075580
0.092 0.093 0.067204
0.093 0.094 0.058425
0.094 0.095 0.051065
0.095 0.096 0.044157
0.096 0.097 0.035121
0.097 0.098 0.027964
0.098 0.099 0.019602
0.099 0.100 0.015104
0.100 0.101 0.012548
0.101 0.102 0.007518
0.102 0.103 0.003452
0.103 0.104 0.000902
0.104 0.105 0.000000
0.105 0.106 0.000000
0.106 0.107 0.000000
0.107 0.108 0.000000
0.108 0.109 0.000000
0.109 0.110 0.000000
0.110 0.111 0.000000
0.111 0.112 0.000000
0.112 0.113 0.000000
0.113 0.114 0.000000
0.114 0.115 0.000000
0.115 0.116 0.000000
0.116 0.117 0.000000
0.117 0.118 0.000000
0.118 0.119 0.000000
0.119 0.120 0.000000
0.120 0.121 0.000000
0.121 0.122 0.000000
0.122 0.123 0.000000
0.123 0.124 0.000000
0.124 0.125 0.000000
0.125 0.126 0.000000
0.126 0.127 0.000000
0.127 0.128 0.000000
0.128 0.129 0.000000
0.129 0.130 0.000000
0.130 0.131 0.000000
0.131 0.132 0.000000
0.132 0.133 0.000000
0.133 0.134 0.000000
0.134 0.135 0.000000
0.135 0.136 0.000000
0.136 0.137 0.000000
0.137 0.138 0.000000
0.138 0.139 0.000000
0.139 0.140 0.000000
0.140 0.141 0.000000
0.141 0.142 0.000000
0.142 0.143 0.000000
0.143 0.144 0.000000
0.144 0.145 0.000000
0.145 0.146 0.000000
0.146 0.147 0.000000
0.147 0.148 0.000000
0.148 0.149 0.000000
0.149 0.150 0.000000
