1
0.000 0.001 0.000000
0.001 0.002 0.000000
0.002 0.003 0.000000
0.003 0.004 0.000000
0.004 0.005 0.000000
0.005 0.006 0.000000
0.006 0.007 0.000000
0.007 0.008 0.000000
0.008 0.009 0.000000
0.009 0.010 0.000005
0.010 0.011 0.000055
0.011 0.012 0.000362
0.012 0.013 0.001595
0.013 0.014 0.005501
0.014 0.015 0.014426
0.015 0.016 0.030624
0.016 0.017 0.055639
0.017 0.018 0.089910
0.018 0.019 0.132354
0.019 0.020 0.181803
0.020 0.021 0.236265
0.021 0.022 0.292728
0.022 0.023 0.349055
0.023 0.024 0.404187
0.024 0.025 0.456125
0.025 0.026 0.503433
0.026 0.027 0.546323
0.027 0.028 0.585143
0.028 0.029 0.619125
0.029 0.030 0.647342
0.030 0.031 0.670114
0.031 0.032 0.687414
0.032 0.033 0.702109
0.033 0.034 0.712164
0.034 0.035 0.717928
0.035 0.036 0.720333
0.036 0.037 0.720382
0.037 0.038 0.719541
0.038 0.039 0.713431
0.039 0.040 0.705747
0.040 0.041 0.696991
0.041 0.042 0.686953
0.042 0.043 0.676467
0.043 0.044 0.663423
0.044 0.045 0.652652
0.045 0.046 0.638772
0.046 0.047 0.624075
0.047 0.048 0.612259
0.048 0.049 0.598787
0.049 0.050 0.582654
0.050 0.051 0.567758
0.051 0.052 0.554656
0.052 0.053 0.539925
0.053 0.054 0.524331
0.054 0.055 0.509210
0.055 0.056 0.495903
0.056 0.057 0.483022
0.057 0.058 0.658787
0.058 0.059 1.000000
0.059 0.060 0.794156
0.060 0.061 0.441964
0.061 0.062 0.429719
0.062 0.063 0.399767
0.063 0.064 0.387163
0.064 0.065 0.374091
0.065 0.066 0.361921
0.066 0.067 0.479690
0.067 0.068 0.468164
0.068 0.069 0.354694
0.069 0.070 0.315010
0.070 0.071 0.250814
0.071 0.072 0.243964
0.072 0.073 0.235575
0.073 0.074 0.229202
0.074 0.075 0.223108
0.075 0.076 0.216451
0.076 0.077 0.208370
0.077 0.078 0.201580
0.078 0.079 0.196262
0.079 0.080 0.190600
0.080 0.081 0.184080
0.081 0.082 0.176482
0.082 0.083 0.169256
0.083 0.084 0.161940
0.084 0.085 0.156877
0.085 0.086 0.152215
0.086 0.087 0.146900
0.087 0.088 0.143012
0.088 0.089 0.137843
0.089 0.090 0.131680
0.090 0.091 0.126293
0.091 0.092 0.119237
0.092 0.093 0.113994
0.093 0.094 0.110803
0.094 0.095 0.105707
0.095 0.096 0.100411
0.096 0.097 0.096379
0.097 0.098 0.091207
0.098 0.099 0.086542
0.099 0.100 0.082840
0.100 0.101 0.079529
0.101 0.102 0.075800
0.102 0.103 0.071389
0.103 0.104 0.067910
0.104 0.105 0.064418
0.105 0.106 0.060210
0.106 0.107 0.056070
0.107 0.108 0.052462
0.108 0.109 0.049519
0.109 0.110 0.046625
0.110 0.111 0.043655
0.111 0.112 0.041035
0.112 0.113 0.037483
0.113 0.114 0.034296
0.114 0.115 0.031596
0.115 0.116 0.028343
0.116 0.117 0.025993
0.117 0.118 0.023703
0.118 0.119 0.020584
0.119 0.120 0.018727
0.120 0.121 0.017794
0.121 0.122 0.015865
0.122 0.123 0.013908
0.123 0.124 0.011525
0.124 0.125 0.009796
0.125 0.126 0.008075
0.126 0.127 0.006732
0.127 0.128 0.005188
0.128 0.129 0.003458
0.129 0.130 0.002625
0.130 0.131 0.001693
0.131 0.132 0.000696
0.132 0.133 0.000427
0.133 0.134 0.000000
0.134 0.135 0.000000
0.135 0.136 0.000000
0.136 0.137 0.000000
0.137 0.138 0.000000
0.138 0.139 0.000000
0.139 0.140 0.000000
0.140 0.141 0.000000
0.141 0.142 0.000000
0.142 0.143 0.000000
0.143 0.144 0.000000
0.144 0.145 0.000000
0.145 0.146 0.000000
0.146 0.147 0.000000
0.147 0.148 0.000000
0.148 0.149 0.000000
0.149 0.150 0.000000
