1
0.000 0.001 0.000000
0.001 0.002 0.000000
0.002 0.003 0.000000
0.003 0.004 0.000000
0.004 0.005 0.000000
0.005 0.006 0.000000
0.006 0.007 0.000000
0.007 0.008 0.000000
0.008 0.009 0.000000
0.009 0.010 0.000000
0.010 0.011 0.000000
0.011 0.012 0.000000
0.012 0.013 0.000000
0.013 0.014 0.000000
0.014 0.015 0.000000
0.015 0.016 0.000000
0.016 0.017 0.000000
0.017 0.018 0.000001
0.018 0.019 0.000010
0.019 0.020 0.000052
0.020 0.021 0.000197
0.021 0.022 0.000600
0.022 0.023 0.001523
0.023 0.024 0.003351
0.024 0.025 0.006545
0.025 0.026 0.011569
0.026 0.027 0.018836
0.027 0.028 0.028689
0.028 0.029 0.041331
0.029 0.030 0.056501
0.030 0.031 0.074052
0.031 0.032 0.093727
0.032 0.033 0.115310
0.033 0.034 0.138358
0.034 0.035 0.161900
0.035 0.036 0.185509
0.036 0.037 0.209403
0.037 0.038 0.233336
0.038 0.039 0.255451
0.039 0.040 0.276498
0.040 0.041 0.296377
0.041 0.042 0.314752
0.042 0.043 0.332486
0.043 0.044 0.347989
0.044 0.045 0.362516
0.045 0.046 0.374184
0.046 0.047 0.384273
0.047 0.048 0.395547
0.048 0.049 0.404188
0.049 0.050 0.408998
0.050 0.051 0.414131
0.051 0.052 0.419820
0.052 0.053 0.422369
0.053 0.054 0.423398
0.054 0.055 0.424100
0.055 0.056 0.425616
0.056 0.057 0.426843
0.057 0.058 0.623829
0.058 0.059 1.000000
0.059 0.060 0.799175
0.060 0.061 0.430156
0.061 0.062 0.426709
0.062 0.063 0.402503
0.063 0.064 0.397458
0.064 0.065 0.391414
0.065 0.066 0.385434
0.066 0.067 0.533347
0.067 0.068 0.528542
0.068 0.069 0.400110
0.069 0.070 0.359646
0.070 0.071 0.287335
0.071 0.072 0.282996
0.072 0.073 0.276806
0.073 0.074 0.272377
0.074 0.075 0.268480
0.075 0.076 0.263601
0.076 0.077 0.256705
0.077 0.078 0.251612
0.078 0.079 0.247823
0.079 0.080 0.243437
0.080 0.081 0.238208
0.081 0.082 0.231523
0.082 0.083 0.224670
0.083 0.084 0.218116
0.084 0.085 0.212594
0.085 0.086 0.207488
0.086 0.087 0.201865
0.087 0.088 0.197543
0.088 0.089 0.191473
0.089 0.090 0.184251
0.090 0.091 0.177800
0.091 0.092 0.169145
0.092 0.093 0.163050
0.093 0.094 0.159396
0.094 0.095 0.153456
0.095 0.096 0.147920
0.096 0.097 0.142309
0.097 0.098 0.135106
0.098 0.099 0.128052
0.099 0.100 0.123495
0.100 0.101 0.119327
0.101 0.102 0.114379
0.102 0.103 0.108877
0.103 0.104 0.104464
0.104 0.105 0.099639
0.105 0.106 0.093516
0.106 0.107 0.089179
0.107 0.108 0.084011
0.108 0.109 0.079877
0.109 0.110 0.075980
0.110 0.111 0.071713
0.111 0.112 0.067746
0.112 0.113 0.062122
0.113 0.114 0.057791
0.114 0.115 0.054436
0.115 0.116 0.050895
0.116 0.117 0.046891
0.117 0.118 0.043337
0.118 0.119 0.038607
0.119 0.120 0.035729
0.120 0.121 0.034026
0.121 0.122 0.031324
0.122 0.123 0.028627
0.123 0.124 0.025484
0.124 0.125 0.022669
0.125 0.126 0.019832
0.126 0.127 0.017626
0.127 0.128 0.014927
0.128 0.129 0.012284
0.129 0.130 0.010442
0.130 0.131 0.008367
0.131 0.132 0.007057
0.132 0.133 0.005050
0.133 0.134 0.003619
0.134 0.135 0.002048
0.135 0.136 0.001302
0.136 0.137 0.000354
0.137 0.138 0.000000
0.138 0.139 0.000000
0.139 0.140 0.000000
0.140 0.141 0.000000
0.141 0.142 0.000000
0.142 0.143 0.000000
0.143 0.144 0.000000
0.144 0.145 0.000000
0.145 0.146 0.000000
0.146 0.147 0.000000
0.147 0.148 0.000000
0.148 0.149 0.000000
0.149 0.150 0.000000
