1
0.000 0.001 0.000000
0.001 0.002 0.000000
0.002 0.003 0.000000
0.003 0.004 0.000000
0.004 0.005 0.000000
0.005 0.006 0.000000
0.006 0.007 0.000000
0.007 0.008 0.000000
0.008 0.009 0.000000
0.009 0.010 0.000000
0.010 0.011 0.000000
0.011 0.012 0.000000
0.012 0.013 0.000000
0.013 0.014 0.000000
0.014 0.015 0.000000
0.015 0.016 0.000000
0.016 0.017 0.000000
0.017 0.018 0.000000
0.018 0.019 0.000000
0.019 0.020 0.000003
0.020 0.021 0.000020
0.021 0.022 0.000093
0.022 0.023 0.000339
0.023 0.024 0.001011
0.024 0.025 0.002574
0.025 0.026 0.005693
0.026 0.027 0.011229
0.027 0.028 0.020211
0.028 0.029 0.033601
0.029 0.030 0.052321
0.030 0.031 0.076866
0.031 0.032 0.106806
0.032 0.033 0.142556
0.033 0.034 0.183429
0.034 0.035 0.228750
0.035 0.036 0.278031
0.036 0.037 0.328313
0.037 0.038 0.381763
0.038 0.039 0.436306
0.039 0.040 0.488318
0.040 0.041 0.539076
0.041 0.042 0.589305
0.042 0.043 0.635866
0.043 0.044 0.676104
0.044 0.045 0.716346
0.045 0.046 0.747863
0.046 0.047 0.776259
0.047 0.048 0.800540
0.048 0.049 0.817194
0.049 0.050 0.833438
0.050 0.051 0.845616
0.051 0.052 0.853256
0.052 0.053 0.855784
0.053 0.054 0.859334
0.054 0.055 0.856935
0.055 0.056 0.839005
0.056 0.057 0.819265
0.057 0.058 0.877505
0.058 0.059 1.000000
0.059 0.060 0.912970
0.060 0.061 0.752624
0.061 0.062 0.725820
0.062 0.063 0.697679
0.063 0.064 0.668259
0.064 0.065 0.633793
0.065 0.066 0.591803
0.066 0.067 0.611831
0.067 0.068 0.578484
0.068 0.069 0.486192
0.069 0.070 0.427405
0.070 0.071 0.372878
0.071 0.072 0.333373
0.072 0.073 0.291841
0.073 0.074 0.259905
0.074 0.075 0.224797
0.075 0.076 0.195330
0.076 0.077 0.162727
0.077 0.078 0.132453
0.078 0.079 0.098006
0.079 0.080 0.073881
0.080 0.081 0.057975
0.081 0.082 0.034666
0.082 0.083 0.017820
0.083 0.084 0.003339
0.084 0.085 0.000000
0.085 0.086 0.000000
0.086 0.087 0.000000
0.087 0.088 0.000000
0.088 0.089 0.000000
0.089 0.090 0.000000
0.090 0.091 0.000000
0.091 0.092 0.000000
0.092 0.093 0.000000
0.093 0.094 0.000000
0.094 0.095 0.000000
0.095 0.096 0.000000
0.096 0.097 0.000000
0.097 0.098 0.000000
0.098 0.099 0.000000
0.099 0.100 0.000000
0.100 0.101 0.000000
0.101 0.102 0.000000
0.102 0.103 0.000000
0.103 0.104 0.000000
0.104 0.105 0.000000
0.105 0.106 0.000000
0.106 0.107 0.000000
0.107 0.108 0.000000
0.108 0.109 0.000000
0.109 0.110 0.000000
0.110 0.111 0.000000
0.111 0.112 0.000000
0.112 0.113 0.000000
0.113 0.114 0.000000
0.114 0.115 0.000000
0.115 0.116 0.000000
0.116 0.117 0.000000
0.117 0.118 0.000000
0.118 0.119 0.000000
0.119 0.120 0.000000
0.120 0.121 0.000000
0.121 0.122 0.000000
0.122 0.123 0.000000
0.123 0.124 0.000000
0.124 0.125 0.000000
0.125 0.126 0.000000
0.126 0.127 0.000000
0.127 0.128 0.000000
0.128 0.129 0.000000
0.129 0.130 0.000000
0.130 0.131 0.000000
0.131 0.132 0.000000
0.132 0.133 0.000000
0.133 0.134 0.000000
0.134 0.135 0.000000
0.135 0.136 0.000000
0.136 0.137 0.000000
0.137 0.138 0.000000
0.138 0.139 0.000000
0.139 0.140 0.000000
0.140 0.141 0.000000
0.141 0.142 0.000000
0.142 0.143 0.000000
0.143 0.144 0.000000
0.144 0.145 0.000000
0.145 0.146 0.000000
0.146 0.147 0.000000
0.147 0.148 0.000000
0.148 0.149 0.000000
0.149 0.150 0.000000
