1
0.000 0.001 0.000000
0.001 0.002 0.000000
0.002 0.003 0.000000
0.003 0.004 0.000000
0.004 0.005 0.000000
0.005 0.006 0.000000
0.006 0.007 0.000000
0.007 0.008 0.000000
0.008 0.009 0.000000
0.009 0.010 0.000000
0.010 0.011 0.000000
0.011 0.012 0.000000
0.012 0.013 0.000000
0.013 0.014 0.000000
0.014 0.015 0.000000
0.015 0.016 0.000000
0.016 0.017 0.000000
0.017 0.018 0.000000
0.018 0.019 0.000000
0.019 0.020 0.000001
0.020 0.021 0.000010
0.021 0.022 0.000050
0.022 0.023 0.000192
0.023 0.024 0.000601
0.024 0.025 0.001596
0.025 0.026 0.003665
0.026 0.027 0.007479
0.027 0.028 0.013886
0.028 0.029 0.023670
0.029 0.030 0.037771
0.030 0.031 0.056792
0.031 0.032 0.080340
0.032 0.033 0.109214
0.033 0.034 0.142865
0.034 0.035 0.180635
0.035 0.036 0.222257
0.036 0.037 0.265230
0.037 0.038 0.312238
0.038 0.039 0.361543
0.039 0.040 0.408721
0.040 0.041 0.455174
0.041 0.042 0.502024
0.042 0.043 0.545040
0.043 0.044 0.583429
0.044 0.045 0.623949
0.045 0.046 0.656376
0.046 0.047 0.686400
0.047 0.048 0.711724
0.048 0.049 0.729680
0.049 0.050 0.749171
0.050 0.051 0.765559
0.051 0.052 0.778336
0.052 0.053 0.784577
0.053 0.054 0.792689
0.054 0.055 0.795514
0.055 0.056 0.782670
0.056 0.057 0.769205
0.057 0.058 0.844747
0.058 0.059 1.000000
0.059 0.060 0.909958
0.060 0.061 0.731109
0.061 0.062 0.709263
0.062 0.063 0.687821
0.063 0.064 0.667569
0.064 0.065 0.640608
0.065 0.066 0.606525
0.066 0.067 0.645037
0.067 0.068 0.621307
0.068 0.069 0.531835
0.069 0.070 0.476474
0.070 0.071 0.419068
0.071 0.072 0.388844
0.072 0.073 0.348174
0.073 0.074 0.316010
0.074 0.075 0.283228
0.075 0.076 0.249849
0.076 0.077 0.215614
0.077 0.078 0.174002
0.078 0.079 0.130645
0.079 0.080 0.098958
0.080 0.081 0.073676
0.081 0.082 0.045070
0.082 0.083 0.021099
0.083 0.084 0.002923
0.084 0.085 0.000000
0.085 0.086 0.000000
0.086 0.087 0.000000
0.087 0.088 0.000000
0.088 0.089 0.000000
0.089 0.090 0.000000
0.090 0.091 0.000000
0.091 0.092 0.000000
0.092 0.093 0.000000
0.093 0.094 0.000000
0.094 0.095 0.000000
0.095 0.096 0.000000
0.096 0.097 0.000000
0.097 0.098 0.000000
0.098 0.099 0.000000
0.099 0.100 0.000000
0.100 0.101 0.000000
0.101 0.102 0.000000
0.102 0.103 0.000000
0.103 0.104 0.000000
0.104 0.105 0.000000
0.105 0.106 0.000000
0.106 0.107 0.000000
0.107 0.108 0.000000
0.108 0.109 0.000000
0.109 0.110 0.000000
0.110 0.111 0.000000
0.111 0.112 0.000000
0.112 0.113 0.000000
0.113 0.114 0.000000
0.114 0.115 0.000000
0.115 0.116 0.000000
0.116 0.117 0.000000
0.117 0.118 0.000000
0.118 0.119 0.000000
0.119 0.120 0.000000
0.120 0.121 0.000000
0.121 0.122 0.000000
0.122 0.123 0.000000
0.123 0.124 0.000000
0.124 0.125 0.000000
0.125 0.126 0.000000
0.126 0.127 0.000000
0.127 0.128 0.000000
0.128 0.129 0.000000
0.129 0.130 0.000000
0.130 0.131 0.000000
0.131 0.132 0.000000
0.132 0.133 0.000000
0.133 0.134 0.000000
0.134 0.135 0.000000
0.135 0.136 0.000000
0.136 0.137 0.000000
0.137 0.138 0.000000
0.138 0.139 0.000000
0.139 0.140 0.000000
0.140 0.141 0.000000
0.141 0.142 0.000000
0.142 0.143 0.000000
0.143 0.144 0.000000
0.144 0.145 0.000000
0.145 0.146 0.000000
0.146 0.147 0.000000
0.147 0.148 0.000000
0.148 0.149 0.000000
0.149 0.150 0.000000
