1
0.000 0.001 0.000000
0.001 0.002 0.000000
0.002 0.003 0.000000
0.003 0.004 0.000000
0.004 0.005 0.000000
0.005 0.006 0.000000
0.006 0.007 0.000000
0.007 0.008 0.000000
0.008 0.009 0.000000
0.009 0.010 0.000000
0.010 0.011 0.000000
0.011 0.012 0.000000
0.012 0.013 0.000000
0.013 0.014 0.000000
0.014 0.015 0.000000
0.015 0.016 0.000000
0.016 0.017 0.000000
0.017 0.018 0.000000
0.018 0.019 0.000002
0.019 0.020 0.000011
0.020 0.021 0.000049
0.021 0.022 0.000179
0.022 0.023 0.000527
0.023 0.024 0.001319
0.024 0.025 0.002893
0.025 0.026 0.005653
0.026 0.027 0.010041
0.027 0.028 0.016575
0.028 0.029 0.025621
0.029 0.030 0.037231
0.030 0.031 0.051668
0.031 0.032 0.068793
0.032 0.033 0.088356
0.033 0.034 0.110182
0.034 0.035 0.133933
0.035 0.036 0.158749
0.036 0.037 0.184625
0.037 0.038 0.210722
0.038 0.039 0.235531
0.039 0.040 0.260554
0.040 0.041 0.285092
0.041 0.042 0.307570
0.042 0.043 0.330129
0.043 0.044 0.350852
0.044 0.045 0.370430
0.045 0.046 0.387945
0.046 0.047 0.401558
0.047 0.048 0.416475
0.048 0.049 0.430800
0.049 0.050 0.439748
0.050 0.051 0.446715
0.051 0.052 0.455402
0.052 0.053 0.463693
0.053 0.054 0.467680
0.054 0.055 0.469650
0.055 0.056 0.473861
0.056 0.057 0.477740
0.057 0.058 0.657186
0.058 0.059 1.000000
0.059 0.060 0.817949
0.060 0.061 0.479900
0.061 0.062 0.476635
0.062 0.063 0.455214
0.063 0.064 0.448037
0.064 0.065 0.440174
0.065 0.066 0.435341
0.066 0.067 0.573527
0.067 0.068 0.568220
0.068 0.069 0.445279
0.069 0.070 0.403171
0.070 0.071 0.332975
0.071 0.072 0.325756
0.072 0.073 0.316925
0.073 0.074 0.313747
0.074 0.075 0.308955
0.075 0.076 0.301339
0.076 0.077 0.290972
0.077 0.078 0.282740
0.078 0.079 0.279172
0.079 0.080 0.273380
0.080 0.081 0.264050
0.081 0.082 0.253840
0.082 0.083 0.244704
0.083 0.084 0.235548
0.084 0.085 0.227590
0.085 0.086 0.220777
0.086 0.087 0.211424
0.087 0.088 0.205093
0.088 0.089 0.198084
0.089 0.090 0.187924
0.090 0.091 0.177443
0.091 0.092 0.164865
0.092 0.093 0.156266
0.093 0.094 0.150743
0.094 0.095 0.142239
0.095 0.096 0.134028
0.096 0.097 0.124608
0.097 0.098 0.113049
0.098 0.099 0.103030
0.099 0.100 0.095476
0.100 0.101 0.090650
0.101 0.102 0.083381
0.102 0.103 0.074927
0.103 0.104 0.068351
0.104 0.105 0.063376
0.105 0.106 0.056622
0.106 0.107 0.051111
0.107 0.108 0.044451
0.108 0.109 0.038117
0.109 0.110 0.032686
0.110 0.111 0.027691
0.111 0.112 0.023172
0.112 0.113 0.019072
0.113 0.114 0.015545
0.114 0.115 0.011381
0.115 0.116 0.008112
0.116 0.117 0.004752
0.117 0.118 0.002214
0.118 0.119 0.000511
0.119 0.120 0.000000
0.120 0.121 0.000000
0.121 0.122 0.000000
0.122 0.123 0.000000
0.123 0.124 0.000000
0.124 0.125 0.000000
0.125 0.126 0.000000
0.126 0.127 0.000000
0.127 0.128 0.000000
0.128 0.129 0.000000
0.129 0.130 0.000000
0.130 0.131 0.000000
0.131 0.132 0.000000
0.132 0.133 0.000000
0.133 0.134 0.000000
0.134 0.135 0.000000
0.135 0.136 0.000000
0.136 0.137 0.000000
0.137 0.138 0.000000
0.138 0.139 0.000000
0.139 0.140 0.000000
0.140 0.141 0.000000
0.141 0.142 0.000000
0.142 0.143 0.000000
0.143 0.144 0.000000
0.144 0.145 0.000000
0.145 0.146 0.000000
0.146 0.147 0.000000
0.147 0.148 0.000000
0.148 0.149 0.000000
0.149 0.150 0.000000
