1
0.000 0.001 0.000000
0.001 0.002 0.000000
0.002 0.003 0.000000
0.003 0.004 0.000000
0.004 0.005 0.000000
0.005 0.006 0.000000
0.006 0.007 0.000000
0.007 0.008 0.000000
0.008 0.009 0.000000
0.009 0.010 0.000000
0.010 0.011 0.000000
0.011 0.012 0.000000
0.012 0.013 0.000001
0.013 0.014 0.000018
0.014 0.015 0.000140
0.015 0.016 0.000683
0.016 0.017 0.002387
0.017 0.018 0.006508
0.018 0.019 0.014603
0.019 0.020 0.028292
0.020 0.021 0.048805
0.021 0.022 0.076649
0.022 0.023 0.111385
0.023 0.024 0.152311
0.024 0.025 0.198434
0.025 0.026 0.247087
0.026 0.027 0.297057
0.027 0.028 0.347956
0.028 0.029 0.397553
0.029 0.030 0.444748
0.030 0.031 0.488695
0.031 0.032 0.527820
0.032 0.033 0.563368
0.033 0.034 0.595289
0.034 0.035 0.622676
0.035 0.036 0.645515
0.036 0.037 0.664350
0.037 0.038 0.678538
0.038 0.039 0.687353
0.039 0.040 0.694792
0.040 0.041 0.699230
0.041 0.042 0.699682
0.042 0.043 0.699804
0.043 0.044 0.696754
0.044 0.045 0.692869
0.045 0.046 0.685718
0.046 0.047 0.674578
0.047 0.048 0.666139
0.048 0.049 0.657096
0.049 0.050 0.642838
0.050 0.051 0.628295
0.051 0.052 0.616435
0.052 0.053 0.604313
0.053 0.054 0.589203
0.054 0.055 0.574153
0.055 0.056 0.560875
0.056 0.057 0.548031
0.057 0.058 0.701446
0.058 0.059 1.000000
0.059 0.060 0.814070
0.060 0.061 0.495407
0.061 0.062 0.480263
0.062 0.063 0.450204
0.063 0.064 0.432091
0.064 0.065 0.416736
0.065 0.066 0.403962
0.066 0.067 0.509074
0.067 0.068 0.496319
0.068 0.069 0.388371
0.069 0.070 0.347286
0.070 0.071 0.286508
0.071 0.072 0.275298
0.072 0.073 0.262392
0.073 0.074 0.253889
0.074 0.075 0.246500
0.075 0.076 0.237149
0.076 0.077 0.226104
0.077 0.078 0.216567
0.078 0.079 0.210462
0.079 0.080 0.203241
0.080 0.081 0.193663
0.081 0.082 0.183161
0.082 0.083 0.173140
0.083 0.084 0.165257
0.084 0.085 0.158258
0.085 0.086 0.152155
0.086 0.087 0.144322
0.087 0.088 0.138569
0.088 0.089 0.132410
0.089 0.090 0.124337
0.090 0.091 0.116176
0.091 0.092 0.106083
0.092 0.093 0.100463
0.093 0.094 0.097020
0.094 0.095 0.091198
0.095 0.096 0.085631
0.096 0.097 0.079233
0.097 0.098 0.071839
0.098 0.099 0.064437
0.099 0.100 0.058380
0.100 0.101 0.055577
0.101 0.102 0.051560
0.102 0.103 0.045854
0.103 0.104 0.041362
0.104 0.105 0.037950
0.105 0.106 0.033197
0.106 0.107 0.029893
0.107 0.108 0.025917
0.108 0.109 0.022420
0.109 0.110 0.018655
0.110 0.111 0.014711
0.111 0.112 0.012712
0.112 0.113 0.010239
0.113 0.114 0.008084
0.114 0.115 0.005339
0.115 0.116 0.003817
0.116 0.117 0.002455
0.117 0.118 0.000653
0.118 0.119 0.000000
0.119 0.120 0.000000
0.120 0.121 0.000000
0.121 0.122 0.000000
0.122 0.123 0.000000
0.123 0.124 0.000000
0.124 0.125 0.000000
0.125 0.126 0.000000
0.126 0.127 0.000000
0.127 0.128 0.000000
0.128 0.129 0.000000
0.129 0.130 0.000000
0.130 0.131 0.000000
0.131 0.132 0.000000
0.132 0.133 0.000000
0.133 0.134 0.000000
0.134 0.135 0.000000
0.135 0.136 0.000000
0.136 0.137 0.000000
0.137 0.138 0.000000
0.138 0.139 0.000000
0.139 0.140 0.000000
0.140 0.141 0.000000
0.141 0.142 0.000000
0.142 0.143 0.000000
0.143 0.144 0.000000
0.144 0.145 0.000000
0.145 0.146 0.000000
0.146 0.147 0.000000
0.147 0.148 0.000000
0.148 0.149 0.000000
0.149 0.150 0.000000
