1
0.000 0.001 0.000000
0.001 0.002 0.000000
0.002 0.003 0.000000
0.003 0.004 0.000000
0.004 0.005 0.000000
0.005 0.006 0.000000
0.006 0.007 0.000000
0.007 0.008 0.000000
0.008 0.009 0.000000
0.009 0.010 0.000000
0.010 0.011 0.000000
0.011 0.012 0.000000
0.012 0.013 0.000000
0.013 0.014 0.000000
0.014 0.015 0.000000
0.015 0.016 0.000000
0.016 0.017 0.000000
0.017 0.018 0.000002
0.018 0.019 0.000019
0.019 0.020 0.000109
0.020 0.021 0.000450
0.021 0.022 0.001453
0.022 0.023 0.003856
0.023 0.024 0.008740
0.024 0.025 0.017393
0.025 0.026 0.031453
0.026 0.027 0.051955
0.027 0.028 0.079929
0.028 0.029 0.115802
0.029 0.030 0.158637
0.030 0.031 0.208142
0.031 0.032 0.262418
0.032 0.033 0.320669
0.033 0.034 0.380215
0.034 0.035 0.440575
0.035 0.036 0.499772
0.036 0.037 0.552157
0.037 0.038 0.608517
0.038 0.039 0.661899
0.039 0.040 0.709637
0.040 0.041 0.751515
0.041 0.042 0.789176
0.042 0.043 0.820106
0.043 0.044 0.846358
0.044 0.045 0.866883
0.045 0.046 0.876209
0.046 0.047 0.885411
0.047 0.048 0.885271
0.048 0.049 0.885420
0.049 0.050 0.883234
0.050 0.051 0.879807
0.051 0.052 0.874086
0.052 0.053 0.860129
0.053 0.054 0.844651
0.054 0.055 0.826654
0.055 0.056 0.801656
0.056 0.057 0.774631
0.057 0.058 0.845794
0.058 0.059 1.000000
0.059 0.060 0.886033
0.060 0.061 0.685574
0.061 0.062 0.658553
0.062 0.063 0.620351
0.063 0.064 0.590800
0.064 0.065 0.560983
0.065 0.066 0.528789
0.066 0.067 0.574452
0.067 0.068 0.544606
0.068 0.069 0.454843
0.069 0.070 0.406668
0.070 0.071 0.354664
0.071 0.072 0.333812
0.072 0.073 0.306396
0.073 0.074 0.281363
0.074 0.075 0.255910
0.075 0.076 0.227131
0.076 0.077 0.209189
0.077 0.078 0.189096
0.078 0.079 0.168813
0.079 0.080 0.150761
0.080 0.081 0.131592
0.081 0.082 0.105477
0.082 0.083 0.091482
0.083 0.084 0.079697
0.084 0.085 0.065913
0.085 0.086 0.051625
0.086 0.087 0.033031
0.087 0.088 0.023855
0.088 0.089 0.014373
0.089 0.090 0.003645
0.090 0.091 0.000000
0.091 0.092 0.000000
0.092 0.093 0.000000
0.093 0.094 0.000000
0.094 0.095 0.000000
0.095 0.096 0.000000
0.096 0.097 0.000000
0.097 0.098 0.000000
0.098 0.099 0.000000
0.099 0.100 0.000000
0.100 0.101 0.000000
0.101 0.102 0.000000
0.102 0.103 0.000000
0.103 0.104 0.000000
0.104 0.105 0.000000
0.105 0.106 0.000000
0.106 0.107 0.000000
0.107 0.108 0.000000
0.108 0.109 0.000000
0.109 0.110 0.000000
0.110 0.111 0.000000
0.111 0.112 0.000000
0.112 0.113 0.000000
0.113 0.114 0.000000
0.114 0.115 0.000000
0.115 0.116 0.000000
0.116 0.117 0.000000
0.117 0.118 0.000000
0.118 0.119 0.000000
0.119 0.120 0.000000
0.120 0.121 0.000000
0.121 0.122 0.000000
0.122 0.123 0.000000
0.123 0.124 0.000000
0.124 0.125 0.000000
0.125 0.126 0.000000
0.126 0.127 0.000000
0.127 0.128 0.000000
0.128 0.129 0.000000
0.129 0.130 0.000000
0.130 0.131 0.000000
0.131 0.132 0.000000
0.132 0.133 0.000000
0.133 0.134 0.000000
0.134 0.135 0.000000
0.135 0.136 0.000000
0.136 0.137 0.000000
0.137 0.138 0.000000
0.138 0.139 0.000000
0.139 0.140 0.000000
0.140 0.141 0.000000
0.141 0.142 0.000000
0.142 0.143 0.000000
0.143 0.144 0.000000
0.144 0.145 0.000000
0.145 0.146 0.000000
0.146 0.147 0.000000
0.147 0.148 0.000000
0.148 0.149 0.000000
0.149 0.150 0.000000
