1
0.000 0.001 0.000000
0.001 0.002 0.000000
0.002 0.003 0.000000
0.003 0.004 0.000000
0.004 0.005 0.000000
0.005 0.006 0.000000
0.006 0.007 0.000000
0.007 0.008 0.000000
0.008 0.009 0.000000
0.009 0.010 0.000000
0.010 0.011 0.000000
0.011 0.012 0.000000
0.012 0.013 0.000000
0.013 0.014 0.000000
0.014 0.015 0.000000
0.015 0.016 0.000001
0.016 0.017 0.000007
0.017 0.018 0.000051
0.018 0.019 0.000252
0.019 0.020 0.000937
0.020 0.021 0.002783
0.021 0.022 0.006885
0.022 0.023 0.014636
0.023 0.024 0.027631
0.024 0.025 0.047462
0.025 0.026 0.074891
0.026 0.027 0.110428
0.027 0.028 0.154185
0.028 0.029 0.205278
0.029 0.030 0.263299
0.030 0.031 0.325629
0.031 0.032 0.388827
0.032 0.033 0.453952
0.033 0.034 0.518403
0.034 0.035 0.580753
0.035 0.036 0.641135
0.036 0.037 0.694593
0.037 0.038 0.747193
0.038 0.039 0.796193
0.039 0.040 0.836711
0.040 0.041 0.871796
0.041 0.042 0.904265
0.042 0.043 0.929972
0.043 0.044 0.947017
0.044 0.045 0.964309
0.045 0.046 0.970455
0.046 0.047 0.974389
0.047 0.048 0.974098
0.048 0.049 0.966322
0.049 0.050 0.960072
0.050 0.051 0.951138
0.051 0.052 0.939049
0.052 0.053 0.921954
0.053 0.054 0.907670
0.054 0.055 0.889756
0.055 0.056 0.857845
0.056 0.057 0.824839
0.057 0.058 0.877685
0.058 0.059 1.000000
0.059 0.060 0.898309
0.060 0.061 0.723782
0.061 0.062 0.690935
0.062 0.063 0.656645
0.063 0.064 0.624288
0.064 0.065 0.588283
0.065 0.066 0.546678
0.066 0.067 0.567026
0.067 0.068 0.534732
0.068 0.069 0.446580
0.069 0.070 0.392409
0.070 0.071 0.338438
0.071 0.072 0.306390
0.072 0.073 0.264916
0.073 0.074 0.236657
0.074 0.075 0.206197
0.075 0.076 0.181311
0.076 0.077 0.156406
0.077 0.078 0.125790
0.078 0.079 0.097724
0.079 0.080 0.079814
0.080 0.081 0.061764
0.081 0.082 0.044306
0.082 0.083 0.027502
0.083 0.084 0.014968
0.084 0.085 0.002682
0.085 0.086 0.000000
0.086 0.087 0.000000
0.087 0.088 0.000000
0.088 0.089 0.000000
0.089 0.090 0.000000
0.090 0.091 0.000000
0.091 0.092 0.000000
0.092 0.093 0.000000
0.093 0.094 0.000000
0.094 0.095 0.000000
0.095 0.096 0.000000
0.096 0.097 0.000000
0.097 0.098 0.000000
0.098 0.099 0.000000
0.099 0.100 0.000000
0.100 0.101 0.000000
0.101 0.102 0.000000
0.102 0.103 0.000000
0.103 0.104 0.000000
0.104 0.105 0.000000
0.105 0.106 0.000000
0.106 0.107 0.000000
0.107 0.108 0.000000
0.108 0.109 0.000000
0.109 0.110 0.000000
0.110 0.111 0.000000
0.111 0.112 0.000000
0.112 0.113 0.000000
0.113 0.114 0.000000
0.114 0.115 0.000000
0.115 0.116 0.000000
0.116 0.117 0.000000
0.117 0.118 0.000000
0.118 0.119 0.000000
0.119 0.120 0.000000
0.120 0.121 0.000000
0.121 0.122 0.000000
0.122 0.123 0.000000
0.123 0.124 0.000000
0.124 0.125 0.000000
0.125 0.126 0.000000
0.126 0.127 0.000000
0.127 0.128 0.000000
0.128 0.129 0.000000
0.129 0.130 0.000000
0.130 0.131 0.000000
0.131 0.132 0.000000
0.132 0.133 0.000000
0.133 0.134 0.000000
0.134 0.135 0.000000
0.135 0.136 0.000000
0.136 0.137 0.000000
0.137 0.138 0.000000
0.138 0.139 0.000000
0.139 0.140 0.000000
0.140 0.141 0.000000
0.141 0.142 0.000000
0.142 0.143 0.000000
0.143 0.144 0.000000
0.144 0.145 0.000000
0.145 0.146 0.000000
0.146 0.147 0.000000
0.147 0.148 0.000000
0.148 0.149 0.000000
0.149 0.150 0.000000
