1
0.000 0.001 0.000000
0.001 0.002 0.000000
0.002 0.003 0.000000
0.003 0.004 0.000000
0.004 0.005 0.000000
0.005 0.006 0.000000
0.006 0.007 0.000000
0.007 0.008 0.000000
0.008 0.009 0.000000
0.009 0.010 0.000000
0.010 0.011 0.000000
0.011 0.012 0.000000
0.012 0.013 0.000000
0.013 0.014 0.000000
0.014 0.015 0.000000
0.015 0.016 0.000000
0.016 0.017 0.000000
0.017 0.018 0.000000
0.018 0.019 0.000000
0.019 0.020 0.000000
0.020 0.021 0.000000
0.021 0.022 0.000001
0.022 0.023 0.000006
0.023 0.024 0.000026
0.024 0.025 0.000093
0.025 0.026 0.000278
0.026 0.027 0.000713
0.027 0.028 0.001617
0.028 0.029 0.003306
0.029 0.030 0.006122
0.030 0.031 0.010479
0.031 0.032 0.016812
0.032 0.033 0.025567
0.033 0.034 0.036897
0.034 0.035 0.050966
0.035 0.036 0.068156
0.036 0.037 0.087911
0.037 0.038 0.109380
0.038 0.039 0.133382
0.039 0.040 0.160011
0.040 0.041 0.187187
0.041 0.042 0.215070
0.042 0.043 0.244488
0.043 0.044 0.273267
0.044 0.045 0.302171
0.045 0.046 0.330406
0.046 0.047 0.356216
0.047 0.048 0.382220
0.048 0.049 0.407760
0.049 0.050 0.428123
0.050 0.051 0.448057
0.051 0.052 0.469505
0.052 0.053 0.487822
0.053 0.054 0.502038
0.054 0.055 0.514016
0.055 0.056 0.526454
0.056 0.057 0.538749
0.057 0.058 0.697903
0.058 0.059 1.000000
0.059 0.060 0.854329
0.060 0.061 0.565284
0.061 0.062 0.565797
0.062 0.063 0.547998
0.063 0.064 0.541975
0.064 0.065 0.537327
0.065 0.066 0.534832
0.066 0.067 0.667857
0.067 0.068 0.664725
0.068 0.069 0.542115
0.069 0.070 0.497211
0.070 0.071 0.428350
0.071 0.072 0.419654
0.072 0.073 0.406493
0.073 0.074 0.401976
0.074 0.075 0.395214
0.075 0.076 0.381030
0.076 0.077 0.364640
0.077 0.078 0.351986
0.078 0.079 0.345200
0.079 0.080 0.335447
0.080 0.081 0.320628
0.081 0.082 0.303379
0.082 0.083 0.286493
0.083 0.084 0.268576
0.084 0.085 0.252946
0.085 0.086 0.239061
0.086 0.087 0.222676
0.087 0.088 0.207396
0.088 0.089 0.190770
0.089 0.090 0.172372
0.090 0.091 0.153743
0.091 0.092 0.134740
0.092 0.093 0.120796
0.093 0.094 0.106296
0.094 0.095 0.093181
0.095 0.096 0.079726
0.096 0.097 0.066547
0.097 0.098 0.051770
0.098 0.099 0.038518
0.099 0.100 0.028152
0.100 0.101 0.023784
0.101 0.102 0.015114
0.102 0.103 0.007521
0.103 0.104 0.001273
0.104 0.105 0.000000
0.105 0.106 0.000000
0.106 0.107 0.000000
0.107 0.108 0.000000
0.108 0.109 0.000000
0.109 0.110 0.000000
0.110 0.111 0.000000
0.111 0.112 0.000000
0.112 0.113 0.000000
0.113 0.114 0.000000
0.114 0.115 0.000000
0.115 0.116 0.000000
0.116 0.117 0.000000
0.117 0.118 0.000000
0.118 0.119 0.000000
0.119 0.120 0.000000
0.120 0.121 0.000000
0.121 0.122 0.000000
0.122 0.123 0.000000
0.123 0.124 0.000000
0.124 0.125 0.000000
0.125 0.126 0.000000
0.126 0.127 0.000000
0.127 0.128 0.000000
0.128 0.129 0.000000
0.129 0.130 0.000000
0.130 0.131 0.000000
0.131 0.132 0.000000
0.132 0.133 0.000000
0.133 0.134 0.000000
0.134 0.135 0.000000
0.135 0.136 0.000000
0.136 0.137 0.000000
0.137 0.138 0.000000
0.138 0.139 0.000000
0.139 0.140 0.000000
0.140 0.141 0.000000
0.141 0.142 0.000000
0.142 0.143 0.000000
0.143 0.144 0.000000
0.144 0.145 0.000000
0.145 0.146 0.000000
0.146 0.147 0.000000
0.147 0.148 0.000000
0.148 0.149 0.000000
0.149 0.150 0.000000
