1
0.000 0.001 0.000000
0.001 0.002 0.000000
0.002 0.003 0.000000
0.003 0.004 0.000000
0.004 0.005 0.000000
0.005 0.006 0.000000
0.006 0.007 0.000000
0.007 0.008 0.000000
0.008 0.009 0.000000
0.009 0.010 0.000000
0.010 0.011 0.000000
0.011 0.012 0.000000
0.012 0.013 0.000000
0.013 0.014 0.000000
0.014 0.015 0.000000
0.015 0.016 0.000000
0.016 0.017 0.000000
0.017 0.018 0.000000
0.018 0.019 0.000000
0.019 0.020 0.000000
0.020 0.021 0.000001
0.021 0.022 0.000006
0.022 0.023 0.000027
0.023 0.024 0.000097
0.024 0.025 0.000291
0.025 0.026 0.000746
0.026 0.027 0.001674
0.027 0.028 0.003377
0.028 0.029 0.006251
0.029 0.030 0.010624
0.030 0.031 0.016946
0.031 0.032 0.025471
0.032 0.033 0.036377
0.033 0.034 0.049814
0.034 0.035 0.065804
0.035 0.036 0.083997
0.036 0.037 0.104318
0.037 0.038 0.126520
0.038 0.039 0.149570
0.039 0.040 0.173611
0.040 0.041 0.198097
0.041 0.042 0.222396
0.042 0.043 0.246807
0.043 0.044 0.270134
0.044 0.045 0.294286
0.045 0.046 0.316094
0.046 0.047 0.336437
0.047 0.048 0.357407
0.048 0.049 0.376381
0.049 0.050 0.391793
0.050 0.051 0.405784
0.051 0.052 0.420139
0.052 0.053 0.432202
0.053 0.054 0.441046
0.054 0.055 0.448577
0.055 0.056 0.456180
0.056 0.057 0.462615
0.057 0.058 0.645861
0.058 0.059 1.000000
0.059 0.060 0.825584
0.060 0.061 0.482811
0.061 0.062 0.483212
0.062 0.063 0.463268
0.063 0.064 0.460129
0.064 0.065 0.455256
0.065 0.066 0.450853
0.066 0.067 0.604122
0.067 0.068 0.601655
0.068 0.069 0.468267
0.069 0.070 0.424446
0.070 0.071 0.348052
0.071 0.072 0.342012
0.072 0.073 0.333425
0.073 0.074 0.327049
0.074 0.075 0.322787
0.075 0.076 0.317211
0.076 0.077 0.309043
0.077 0.078 0.302417
0.078 0.079 0.298471
0.079 0.080 0.293132
0.080 0.081 0.285354
0.081 0.082 0.275870
0.082 0.083 0.267168
0.083 0.084 0.258981
0.084 0.085 0.251507
0.085 0.086 0.244514
0.086 0.087 0.235648
0.087 0.088 0.228574
0.088 0.089 0.222464
0.089 0.090 0.213807
0.090 0.091 0.205910
0.091 0.092 0.195019
0.092 0.093 0.187608
0.093 0.094 0.183862
0.094 0.095 0.176314
0.095 0.096 0.168986
0.096 0.097 0.161177
0.097 0.098 0.151278
0.098 0.099 0.142387
0.099 0.100 0.134401
0.100 0.101 0.129340
0.101 0.102 0.123710
0.102 0.103 0.116270
0.103 0.104 0.110626
0.104 0.105 0.105421
0.105 0.106 0.098820
0.106 0.107 0.092715
0.107 0.108 0.085253
0.108 0.109 0.078922
0.109 0.110 0.071644
0.110 0.111 0.066776
0.111 0.112 0.062682
0.112 0.113 0.056951
0.113 0.114 0.052008
0.114 0.115 0.047523
0.115 0.116 0.042384
0.116 0.117 0.037429
0.117 0.118 0.031574
0.118 0.119 0.026316
0.119 0.120 0.023610
0.120 0.121 0.022447
0.121 0.122 0.019370
0.122 0.123 0.016200
0.123 0.124 0.012850
0.124 0.125 0.008411
0.125 0.126 0.006158
0.126 0.127 0.004277
0.127 0.128 0.001617
0.128 0.129 0.000948
0.129 0.130 0.000000
0.130 0.131 0.000000
0.131 0.132 0.000000
0.132 0.133 0.000000
0.133 0.134 0.000000
0.134 0.135 0.000000
0.135 0.136 0.000000
0.136 0.137 0.000000
0.137 0.138 0.000000
0.138 0.139 0.000000
0.139 0.140 0.000000
0.140 0.141 0.000000
0.141 0.142 0.000000
0.142 0.143 0.000000
0.143 0.144 0.000000
0.144 0.145 0.000000
0.145 0.146 0.000000
0.146 0.147 0.000000
0.147 0.148 0.000000
0.148 0.149 0.000000
0.149 0.150 0.000000
