1
0.000 0.001 0.000000
0.001 0.002 0.000000
0.002 0.003 0.000000
0.003 0.004 0.000000
0.004 0.005 0.000000
0.005 0.006 0.000000
0.006 0.007 0.000000
0.007 0.008 0.000000
0.008 0.009 0.000000
0.009 0.010 0.000000
0.010 0.011 0.000000
0.011 0.012 0.000000
0.012 0.013 0.000000
0.013 0.014 0.000000
0.014 0.015 0.000000
0.015 0.016 0.000000
0.016 0.017 0.000000
0.017 0.018 0.000001
0.018 0.019 0.000010
0.019 0.020 0.000053
0.020 0.021 0.000209
0.021 0.022 0.000656
0.022 0.023 0.001710
0.023 0.024 0.003838
0.024 0.025 0.007638
0.025 0.026 0.013695
0.026 0.027 0.022679
0.027 0.028 0.035080
0.028 0.029 0.051315
0.029 0.030 0.071003
0.030 0.031 0.094062
0.031 0.032 0.120090
0.032 0.033 0.148561
0.033 0.034 0.178750
0.034 0.035 0.210324
0.035 0.036 0.241981
0.036 0.037 0.273556
0.037 0.038 0.304369
0.038 0.039 0.332559
0.039 0.040 0.359910
0.040 0.041 0.385106
0.041 0.042 0.407400
0.042 0.043 0.427928
0.043 0.044 0.448169
0.044 0.045 0.466330
0.045 0.046 0.481103
0.046 0.047 0.492202
0.047 0.048 0.503809
0.048 0.049 0.513930
0.049 0.050 0.518852
0.050 0.051 0.521257
0.051 0.052 0.524991
0.052 0.053 0.527785
0.053 0.054 0.526317
0.054 0.055 0.522825
0.055 0.056 0.520458
0.056 0.057 0.517416
0.057 0.058 0.682531
0.058 0.059 1.000000
0.059 0.060 0.823162
0.060 0.061 0.500122
0.061 0.062 0.493052
0.062 0.063 0.468714
0.063 0.064 0.458246
0.064 0.065 0.447029
0.065 0.066 0.437903
0.066 0.067 0.562491
0.067 0.068 0.553758
0.068 0.069 0.434728
0.069 0.070 0.391589
0.070 0.071 0.324008
0.071 0.072 0.314050
0.072 0.073 0.302057
0.073 0.074 0.293856
0.074 0.075 0.287564
0.075 0.076 0.279326
0.076 0.077 0.268899
0.077 0.078 0.260034
0.078 0.079 0.254966
0.079 0.080 0.248282
0.080 0.081 0.238544
0.081 0.082 0.227666
0.082 0.083 0.218135
0.083 0.084 0.208985
0.084 0.085 0.200493
0.085 0.086 0.192839
0.086 0.087 0.182969
0.087 0.088 0.174751
0.088 0.089 0.168999
0.089 0.090 0.160610
0.090 0.091 0.152107
0.091 0.092 0.141684
0.092 0.093 0.134648
0.093 0.094 0.130534
0.094 0.095 0.123182
0.095 0.096 0.116060
0.096 0.097 0.108037
0.097 0.098 0.098605
0.098 0.099 0.088729
0.099 0.100 0.083183
0.100 0.101 0.079477
0.101 0.102 0.074574
0.102 0.103 0.067473
0.103 0.104 0.061994
0.104 0.105 0.057811
0.105 0.106 0.052513
0.106 0.107 0.047099
0.107 0.108 0.039814
0.108 0.109 0.035811
0.109 0.110 0.031364
0.110 0.111 0.027295
0.111 0.112 0.024034
0.112 0.113 0.019912
0.113 0.114 0.016348
0.114 0.115 0.011819
0.115 0.116 0.009272
0.116 0.117 0.007027
0.117 0.118 0.004685
0.118 0.119 0.001526
0.119 0.120 0.000896
0.120 0.121 0.000000
0.121 0.122 0.000000
0.122 0.123 0.000000
0.123 0.124 0.000000
0.124 0.125 0.000000
0.125 0.126 0.000000
0.126 0.127 0.000000
0.127 0.128 0.000000
0.128 0.129 0.000000
0.129 0.130 0.000000
0.130 0.131 0.000000
0.131 0.132 0.000000
0.132 0.133 0.000000
0.133 0.134 0.000000
0.134 0.135 0.000000
0.135 0.136 0.000000
0.136 0.137 0.000000
0.137 0.138 0.000000
0.138 0.139 0.000000
0.139 0.140 0.000000
0.140 0.141 0.000000
0.141 0.142 0.000000
0.142 0.143 0.000000
0.143 0.144 0.000000
0.144 0.145 0.000000
0.145 0.146 0.000000
0.146 0.147 0.000000
0.147 0.148 0.000000
0.148 0.149 0.000000
0.149 0.150 0.000000
