1
0.000 0.001 0.000000
0.001 0.002 0.000000
0.002 0.003 0.000000
0.003 0.004 0.000000
0.004 0.005 0.000000
0.005 0.006 0.000000
0.006 0.007 0.000000
0.007 0.008 0.000000
0.008 0.009 0.000000
0.009 0.010 0.000000
0.010 0.011 0.000000
0.011 0.012 0.000000
0.012 0.013 0.000000
0.013 0.014 0.000000
0.014 0.015 0.000000
0.015 0.016 0.000000
0.016 0.017 0.000000
0.017 0.018 0.000000
0.018 0.019 0.000000
0.019 0.020 0.000002
0.020 0.021 0.000011
0.021 0.022 0.000047
0.022 0.023 0.000161
0.023 0.024 0.000459
0.024 0.025 0.001126
0.025 0.026 0.002424
0.026 0.027 0.004686
0.027 0.028 0.008314
0.028 0.029 0.013680
0.029 0.030 0.021006
0.030 0.031 0.030615
0.031 0.032 0.042571
0.032 0.033 0.056851
0.033 0.034 0.073364
0.034 0.035 0.091788
0.035 0.036 0.111658
0.036 0.037 0.132952
0.037 0.038 0.155601
0.038 0.039 0.178077
0.039 0.040 0.200705
0.040 0.041 0.223281
0.041 0.042 0.245042
0.042 0.043 0.266614
0.043 0.044 0.287008
0.044 0.045 0.306900
0.045 0.046 0.324323
0.046 0.047 0.340039
0.047 0.048 0.356539
0.048 0.049 0.371118
0.049 0.050 0.382018
0.050 0.051 0.392622
0.051 0.052 0.403719
0.052 0.053 0.411875
0.053 0.054 0.417756
0.054 0.055 0.423152
0.055 0.056 0.429203
0.056 0.057 0.434402
0.057 0.058 0.628532
0.058 0.059 1.000000
0.059 0.060 0.810384
0.060 0.061 0.450950
0.061 0.062 0.450027
0.062 0.063 0.428250
0.063 0.064 0.424946
0.064 0.065 0.420249
0.065 0.066 0.415982
0.066 0.067 0.569659
0.067 0.068 0.566920
0.068 0.069 0.435523
0.069 0.070 0.393645
0.070 0.071 0.318686
0.071 0.072 0.314543
0.072 0.073 0.308269
0.073 0.074 0.304202
0.074 0.075 0.300162
0.075 0.076 0.294955
0.076 0.077 0.287424
0.077 0.078 0.281652
0.078 0.079 0.277896
0.079 0.080 0.273072
0.080 0.081 0.266599
0.081 0.082 0.258593
0.082 0.083 0.250813
0.083 0.084 0.243429
0.084 0.085 0.237009
0.085 0.086 0.231037
0.086 0.087 0.223890
0.087 0.088 0.218538
0.088 0.089 0.211938
0.089 0.090 0.203585
0.090 0.091 0.196205
0.091 0.092 0.186165
0.092 0.093 0.178859
0.093 0.094 0.174669
0.094 0.095 0.166920
0.095 0.096 0.160877
0.096 0.097 0.154622
0.097 0.098 0.146469
0.098 0.099 0.139030
0.099 0.100 0.133145
0.100 0.101 0.127915
0.101 0.102 0.121414
0.102 0.103 0.115099
0.103 0.104 0.110225
0.104 0.105 0.105266
0.105 0.106 0.099132
0.106 0.107 0.093690
0.107 0.108 0.087133
0.108 0.109 0.081262
0.109 0.110 0.076694
0.110 0.111 0.071972
0.111 0.112 0.067800
0.112 0.113 0.062059
0.113 0.114 0.056886
0.114 0.115 0.052084
0.115 0.116 0.048108
0.116 0.117 0.043924
0.117 0.118 0.039837
0.118 0.119 0.034408
0.119 0.120 0.030732
0.120 0.121 0.029406
0.121 0.122 0.026587
0.122 0.123 0.023729
0.123 0.124 0.020695
0.124 0.125 0.016732
0.125 0.126 0.013904
0.126 0.127 0.011707
0.127 0.128 0.009146
0.128 0.129 0.006417
0.129 0.130 0.004780
0.130 0.131 0.002643
0.131 0.132 0.001832
0.132 0.133 0.000511
0.133 0.134 0.000000
0.134 0.135 0.000000
0.135 0.136 0.000000
0.136 0.137 0.000000
0.137 0.138 0.000000
0.138 0.139 0.000000
0.139 0.140 0.000000
0.140 0.141 0.000000
0.141 0.142 0.000000
0.142 0.143 0.000000
0.143 0.144 0.000000
0.144 0.145 0.000000
0.145 0.146 0.000000
0.146 0.147 0.000000
0.147 0.148 0.000000
0.148 0.149 0.000000
0.149 0.150 0.000000
