1
0.000 0.001 0.000000
0.001 0.002 0.000000
0.002 0.003 0.000000
0.003 0.004 0.000000
0.004 0.005 0.000000
0.005 0.006 0.000000
0.006 0.007 0.000000
0.007 0.008 0.000000
0.008 0.009 0.000000
0.009 0.010 0.000000
0.010 0.011 0.000000
0.011 0.012 0.000000
0.012 0.013 0.000000
0.013 0.014 0.000000
0.014 0.015 0.000000
0.015 0.016 0.000000
0.016 0.017 0.000000
0.017 0.018 0.000000
0.018 0.019 0.000000
0.019 0.020 0.000001
0.020 0.021 0.000006
0.021 0.022 0.000030
0.022 0.023 0.000114
0.023 0.024 0.000354
0.024 0.025 0.000936
0.025 0.026 0.002142
0.026 0.027 0.004358
0.027 0.028 0.008088
0.028 0.029 0.013864
0.029 0.030 0.022075
0.030 0.031 0.033113
0.031 0.032 0.047200
0.032 0.033 0.064432
0.033 0.034 0.084676
0.034 0.035 0.107783
0.035 0.036 0.133395
0.036 0.037 0.160968
0.037 0.038 0.189610
0.038 0.039 0.218645
0.039 0.040 0.248736
0.040 0.041 0.278637
0.041 0.042 0.307603
0.042 0.043 0.336544
0.043 0.044 0.363324
0.044 0.045 0.389404
0.045 0.046 0.413051
0.046 0.047 0.433089
0.047 0.048 0.453307
0.048 0.049 0.472207
0.049 0.050 0.486058
0.050 0.051 0.497872
0.051 0.052 0.510313
0.052 0.053 0.521117
0.053 0.054 0.528136
0.054 0.055 0.532343
0.055 0.056 0.536202
0.056 0.057 0.539481
0.057 0.058 0.697299
0.058 0.059 1.000000
0.059 0.060 0.839760
0.060 0.061 0.537266
0.061 0.062 0.531630
0.062 0.063 0.508945
0.063 0.064 0.499112
0.064 0.065 0.488847
0.065 0.066 0.480472
0.066 0.067 0.603682
0.067 0.068 0.595542
0.068 0.069 0.475759
0.069 0.070 0.430784
0.070 0.071 0.360822
0.071 0.072 0.351084
0.072 0.073 0.338338
0.073 0.074 0.332562
0.074 0.075 0.324936
0.075 0.076 0.313409
0.076 0.077 0.299386
0.077 0.078 0.287160
0.078 0.079 0.278685
0.079 0.080 0.271230
0.080 0.081 0.260121
0.081 0.082 0.247411
0.082 0.083 0.235865
0.083 0.084 0.224177
0.084 0.085 0.213606
0.085 0.086 0.203180
0.086 0.087 0.193315
0.087 0.088 0.185854
0.088 0.089 0.177920
0.089 0.090 0.167173
0.090 0.091 0.155489
0.091 0.092 0.142695
0.092 0.093 0.132375
0.093 0.094 0.127216
0.094 0.095 0.119000
0.095 0.096 0.111162
0.096 0.097 0.101669
0.097 0.098 0.090851
0.098 0.099 0.078600
0.099 0.100 0.071816
0.100 0.101 0.068441
0.101 0.102 0.062408
0.102 0.103 0.053836
0.103 0.104 0.046855
0.104 0.105 0.040748
0.105 0.106 0.035916
0.106 0.107 0.030739
0.107 0.108 0.024724
0.108 0.109 0.018461
0.109 0.110 0.014302
0.110 0.111 0.010398
0.111 0.112 0.006286
0.112 0.113 0.004019
0.113 0.114 0.001117
0.114 0.115 0.000000
0.115 0.116 0.000000
0.116 0.117 0.000000
0.117 0.118 0.000000
0.118 0.119 0.000000
0.119 0.120 0.000000
0.120 0.121 0.000000
0.121 0.122 0.000000
0.122 0.123 0.000000
0.123 0.124 0.000000
0.124 0.125 0.000000
0.125 0.126 0.000000
0.126 0.127 0.000000
0.127 0.128 0.000000
0.128 0.129 0.000000
0.129 0.130 0.000000
0.130 0.131 0.000000
0.131 0.132 0.000000
0.132 0.133 0.000000
0.133 0.134 0.000000
0.134 0.135 0.000000
0.135 0.136 0.000000
0.136 0.137 0.000000
0.137 0.138 0.000000
0.138 0.139 0.000000
0.139 0.140 0.000000
0.140 0.141 0.000000
0.141 0.142 0.000000
0.142 0.143 0.000000
0.143 0.144 0.000000
0.144 0.145 0.000000
0.145 0.146 0.000000
0.146 0.147 0.000000
0.147 0.148 0.000000
0.148 0.149 0.000000
0.149 0.150 0.000000
