1
0.000 0.001 0.000000
0.001 0.002 0.000000
0.002 0.003 0.000000
0.003 0.004 0.000000
0.004 0.005 0.000000
0.005 0.006 0.000000
0.006 0.007 0.000000
0.007 0.008 0.000000
0.008 0.009 0.000000
0.009 0.010 0.000000
0.010 0.011 0.000000
0.011 0.012 0.000000
0.012 0.013 0.000000
0.013 0.014 0.000000
0.014 0.015 0.000000
0.015 0.016 0.000000
0.016 0.017 0.000000
0.017 0.018 0.000001
0.018 0.019 0.000008
0.019 0.020 0.000039
0.020 0.021 0.000153
0.021 0.022 0.000473
0.022 0.023 0.001220
0.023 0.024 0.002725
0.024 0.025 0.005390
0.025 0.026 0.009651
0.026 0.027 0.015902
0.027 0.028 0.024475
0.028 0.029 0.035580
0.029 0.030 0.049032
0.030 0.031 0.064898
0.031 0.032 0.082722
0.032 0.033 0.102386
0.033 0.034 0.123680
0.034 0.035 0.145584
0.035 0.036 0.167258
0.036 0.037 0.189618
0.037 0.038 0.212937
0.038 0.039 0.234174
0.039 0.040 0.254239
0.040 0.041 0.273775
0.041 0.042 0.291687
0.042 0.043 0.308570
0.043 0.044 0.324284
0.044 0.045 0.339396
0.045 0.046 0.350932
0.046 0.047 0.360961
0.047 0.048 0.372496
0.048 0.049 0.381473
0.049 0.050 0.387224
0.050 0.051 0.393044
0.051 0.052 0.399130
0.052 0.053 0.402103
0.053 0.054 0.403614
0.054 0.055 0.405380
0.055 0.056 0.408046
0.056 0.057 0.409597
0.057 0.058 0.612462
0.058 0.059 1.000000
0.059 0.060 0.795390
0.060 0.061 0.417773
0.061 0.062 0.415185
0.062 0.063 0.391371
0.063 0.064 0.387710
0.064 0.065 0.382158
0.065 0.066 0.376709
0.066 0.067 0.529530
0.067 0.068 0.525701
0.068 0.069 0.395727
0.069 0.070 0.355336
0.070 0.071 0.281552
0.071 0.072 0.278236
0.072 0.073 0.273355
0.073 0.074 0.269035
0.074 0.075 0.265333
0.075 0.076 0.261875
0.076 0.077 0.256254
0.077 0.078 0.251987
0.078 0.079 0.248782
0.079 0.080 0.244914
0.080 0.081 0.240212
0.081 0.082 0.234272
0.082 0.083 0.228498
0.083 0.084 0.223391
0.084 0.085 0.218962
0.085 0.086 0.214704
0.086 0.087 0.209615
0.087 0.088 0.206575
0.088 0.089 0.201347
0.089 0.090 0.194642
0.090 0.091 0.189598
0.091 0.092 0.181319
0.092 0.093 0.175623
0.093 0.094 0.173282
0.094 0.095 0.167870
0.095 0.096 0.162640
0.096 0.097 0.157746
0.097 0.098 0.150911
0.098 0.099 0.145389
0.099 0.100 0.140610
0.100 0.101 0.135467
0.101 0.102 0.130417
0.102 0.103 0.124502
0.103 0.104 0.120029
0.104 0.105 0.115176
0.105 0.106 0.109147
0.106 0.107 0.104019
0.107 0.108 0.097709
0.108 0.109 0.092596
0.109 0.110 0.087500
0.110 0.111 0.082274
0.111 0.112 0.077712
0.112 0.113 0.071329
0.113 0.114 0.065693
0.114 0.115 0.060889
0.115 0.116 0.055537
0.116 0.117 0.049979
0.117 0.118 0.044821
0.118 0.119 0.037748
0.119 0.120 0.034083
0.120 0.121 0.031944
0.121 0.122 0.028551
0.122 0.123 0.025095
0.123 0.124 0.021165
0.124 0.125 0.017447
0.125 0.126 0.013515
0.126 0.127 0.011029
0.127 0.128 0.007952
0.128 0.129 0.005521
0.129 0.130 0.003901
0.130 0.131 0.001875
0.131 0.132 0.000355
0.132 0.133 0.000000
0.133 0.134 0.000000
0.134 0.135 0.000000
0.135 0.136 0.000000
0.136 0.137 0.000000
0.137 0.138 0.000000
0.138 0.139 0.000000
0.139 0.140 0.000000
0.140 0.141 0.000000
0.141 0.142 0.000000
0.142 0.143 0.000000
0.143 0.144 0.000000
0.144 0.145 0.000000
0.145 0.146 0.000000
0.146 0.147 0.000000
0.147 0.148 0.000000
0.148 0.149 0.000000
0.149 0.150 0.000000
