1
0.000 0.001 0.000000
0.001 0.002 0.000000
0.002 0.003 0.000000
0.003 0.004 0.000000
0.004 0.005 0.000000
0.005 0.006 0.000000
0.006 0.007 0.000000
0.007 0.008 0.000002
0.008 0.009 0.000000
0.009 0.010 0.000000
0.010 0.011 0.000003
0.011 0.012 0.000034
0.012 0.013 0.000256
0.013 0.014 0.001341
0.014 0.015 0.004847
0.015 0.016 0.013226
0.016 0.017 0.029390
0.017 0.018 0.055761
0.018 0.019 0.093578
0.019 0.020 0.143455
0.020 0.021 0.203799
0.021 0.022 0.272573
0.022 0.023 0.346487
0.023 0.024 0.423033
0.024 0.025 0.500269
0.025 0.026 0.573041
0.026 0.027 0.641477
0.027 0.028 0.706066
0.028 0.029 0.764462
0.029 0.030 0.815963
0.030 0.031 0.858390
0.031 0.032 0.893537
0.032 0.033 0.924583
0.033 0.034 0.947486
0.034 0.035 0.963669
0.035 0.036 0.977347
0.036 0.037 0.983162
0.037 0.038 0.981740
0.038 0.039 0.979261
0.039 0.040 0.976439
0.040 0.041 0.967048
0.041 0.042 0.955536
0.042 0.043 0.944386
0.043 0.044 0.928667
0.044 0.045 0.913010
0.045 0.046 0.894153
0.046 0.047 0.873097
0.047 0.048 0.853525
0.048 0.049 0.833051
0.049 0.050 0.808328
0.050 0.051 0.786014
0.051 0.052 0.766784
0.052 0.053 0.744865
0.053 0.054 0.721886
0.054 0.055 0.698107
0.055 0.056 0.674632
0.056 0.057 0.652524
0.057 0.058 0.768138
0.058 0.059 1.000000
0.059 0.060 0.837135
0.060 0.061 0.568343
0.061 0.062 0.545468
0.062 0.063 0.510204
0.063 0.064 0.485383
0.064 0.065 0.462158
0.065 0.066 0.442137
0.066 0.067 0.517174
0.067 0.068 0.498218
0.068 0.069 0.399825
0.069 0.070 0.356296
0.070 0.071 0.300338
0.071 0.072 0.285941
0.072 0.073 0.268284
0.073 0.074 0.256927
0.074 0.075 0.244740
0.075 0.076 0.228975
0.076 0.077 0.211685
0.077 0.078 0.199144
0.078 0.079 0.189684
0.079 0.080 0.179640
0.080 0.081 0.167497
0.081 0.082 0.152974
0.082 0.083 0.141866
0.083 0.084 0.130790
0.084 0.085 0.120795
0.085 0.086 0.111725
0.086 0.087 0.101657
0.087 0.088 0.091464
0.088 0.089 0.083248
0.089 0.090 0.074699
0.090 0.091 0.065709
0.091 0.092 0.056323
0.092 0.093 0.050205
0.093 0.094 0.044304
0.094 0.095 0.037894
0.095 0.096 0.031093
0.096 0.097 0.025513
0.097 0.098 0.019757
0.098 0.099 0.013034
0.099 0.100 0.009686
0.100 0.101 0.007678
0.101 0.102 0.003729
0.102 0.103 0.000977
0.103 0.104 0.000000
0.104 0.105 0.000000
0.105 0.106 0.000000
0.106 0.107 0.000000
0.107 0.108 0.000000
0.108 0.109 0.000000
0.109 0.110 0.000000
0.110 0.111 0.000000
0.111 0.112 0.000000
0.112 0.113 0.000000
0.113 0.114 0.000000
0.114 0.115 0.000000
0.115 0.116 0.000000
0.116 0.117 0.000000
0.117 0.118 0.000000
0.118 0.119 0.000000
0.119 0.120 0.000000
0.120 0.121 0.000000
0.121 0.122 0.000000
0.122 0.123 0.000000
0.123 0.124 0.000000
0.124 0.125 0.000000
0.125 0.126 0.000000
0.126 0.127 0.000000
0.127 0.128 0.000000
0.128 0.129 0.000000
0.129 0.130 0.000000
0.130 0.131 0.000000
0.131 0.132 0.000000
0.132 0.133 0.000000
0.133 0.134 0.000000
0.134 0.135 0.000000
0.135 0.136 0.000000
0.136 0.137 0.000000
0.137 0.138 0.000000
0.138 0.139 0.000000
0.139 0.140 0.000000
0.140 0.141 0.000000
0.141 0.142 0.000000
0.142 0.143 0.000000
0.143 0.144 0.000000
0.144 0.145 0.000000
0.145 0.146 0.000000
0.146 0.147 0.000000
0.147 0.148 0.000000
0.148 0.149 0.000000
0.149 0.150 0.000000
