1
0.000 0.001 0.000000
0.001 0.002 0.000000
0.002 0.003 0.000000
0.003 0.004 0.000000
0.004 0.005 0.000000
0.005 0.006 0.000000
0.006 0.007 0.000000
0.007 0.008 0.000000
0.008 0.009 0.000000
0.009 0.010 0.000000
0.010 0.011 0.000000
0.011 0.012 0.000000
0.012 0.013 0.000000
0.013 0.014 0.000000
0.014 0.015 0.000000
0.015 0.016 0.000000
0.016 0.017 0.000000
0.017 0.018 0.000000
0.018 0.019 0.000002
0.019 0.020 0.000015
0.020 0.021 0.000075
0.021 0.022 0.000288
0.022 0.023 0.000889
0.023 0.024 0.002297
0.024 0.025 0.005141
0.025 0.026 0.010182
0.026 0.027 0.018221
0.027 0.028 0.030098
0.028 0.029 0.046474
0.029 0.030 0.067324
0.030 0.031 0.093108
0.031 0.032 0.123229
0.032 0.033 0.157695
0.033 0.034 0.195273
0.034 0.035 0.235150
0.035 0.036 0.276656
0.036 0.037 0.318051
0.037 0.038 0.357688
0.038 0.039 0.396740
0.039 0.040 0.435428
0.040 0.041 0.469865
0.041 0.042 0.501590
0.042 0.043 0.529625
0.043 0.044 0.557068
0.044 0.045 0.582269
0.045 0.046 0.602755
0.046 0.047 0.619790
0.047 0.048 0.634770
0.048 0.049 0.645619
0.049 0.050 0.650708
0.050 0.051 0.655415
0.051 0.052 0.659233
0.052 0.053 0.658458
0.053 0.054 0.654577
0.054 0.055 0.647600
0.055 0.056 0.637070
0.056 0.057 0.632243
0.057 0.058 0.756805
0.058 0.059 1.000000
0.059 0.060 0.856715
0.060 0.061 0.597459
0.061 0.062 0.583255
0.062 0.063 0.553920
0.063 0.064 0.534120
0.064 0.065 0.516014
0.065 0.066 0.499096
0.066 0.067 0.585629
0.067 0.068 0.573308
0.068 0.069 0.468212
0.069 0.070 0.423738
0.070 0.071 0.364869
0.071 0.072 0.350477
0.072 0.073 0.331404
0.073 0.074 0.319376
0.074 0.075 0.305974
0.075 0.076 0.287713
0.076 0.077 0.266454
0.077 0.078 0.253247
0.078 0.079 0.243530
0.079 0.080 0.232727
0.080 0.081 0.218815
0.081 0.082 0.202540
0.082 0.083 0.187320
0.083 0.084 0.172096
0.084 0.085 0.157812
0.085 0.086 0.142537
0.086 0.087 0.131548
0.087 0.088 0.121137
0.088 0.089 0.109603
0.089 0.090 0.097958
0.090 0.091 0.086035
0.091 0.092 0.074235
0.092 0.093 0.061696
0.093 0.094 0.054382
0.094 0.095 0.046472
0.095 0.096 0.038984
0.096 0.097 0.030085
0.097 0.098 0.019409
0.098 0.099 0.013383
0.099 0.100 0.008739
0.100 0.101 0.003895
0.101 0.102 0.002389
0.102 0.103 0.000000
0.103 0.104 0.000000
0.104 0.105 0.000000
0.105 0.106 0.000000
0.106 0.107 0.000000
0.107 0.108 0.000000
0.108 0.109 0.000000
0.109 0.110 0.000000
0.110 0.111 0.000000
0.111 0.112 0.000000
0.112 0.113 0.000000
0.113 0.114 0.000000
0.114 0.115 0.000000
0.115 0.116 0.000000
0.116 0.117 0.000000
0.117 0.118 0.000000
0.118 0.119 0.000000
0.119 0.120 0.000000
0.120 0.121 0.000000
0.121 0.122 0.000000
0.122 0.123 0.000000
0.123 0.124 0.000000
0.124 0.125 0.000000
0.125 0.126 0.000000
0.126 0.127 0.000000
0.127 0.128 0.000000
0.128 0.129 0.000000
0.129 0.130 0.000000
0.130 0.131 0.000000
0.131 0.132 0.000000
0.132 0.133 0.000000
0.133 0.134 0.000000
0.134 0.135 0.000000
0.135 0.136 0.000000
0.136 0.137 0.000000
0.137 0.138 0.000000
0.138 0.139 0.000000
0.139 0.140 0.000000
0.140 0.141 0.000000
0.141 0.142 0.000000
0.142 0.143 0.000000
0.143 0.144 0.000000
0.144 0.145 0.000000
0.145 0.146 0.000000
0.146 0.147 0.000000
0.147 0.148 0.000000
0.148 0.149 0.000000
0.149 0.150 0.000000
