1
0.000 0.001 0.000000
0.001 0.002 0.000000
0.002 0.003 0.000000
0.003 0.004 0.000000
0.004 0.005 0.000000
0.005 0.006 0.000000
0.006 0.007 0.000000
0.007 0.008 0.000000
0.008 0.009 0.000000
0.009 0.010 0.000000
0.010 0.011 0.000000
0.011 0.012 0.000000
0.012 0.013 0.000000
0.013 0.014 0.000000
0.014 0.015 0.000000
0.015 0.016 0.000000
0.016 0.017 0.000000
0.017 0.018 0.000000
0.018 0.019 0.000000
0.019 0.020 0.000000
0.020 0.021 0.000000
0.021 0.022 0.000003
0.022 0.023 0.000016
0.023 0.024 0.000059
0.024 0.025 0.000187
0.025 0.026 0.000497
0.026 0.027 0.001152
0.027 0.028 0.002394
0.028 0.029 0.004527
0.029 0.030 0.007850
0.030 0.031 0.012729
0.031 0.032 0.019425
0.032 0.033 0.028183
0.033 0.034 0.039145
0.034 0.035 0.052280
0.035 0.036 0.067478
0.036 0.037 0.084687
0.037 0.038 0.103882
0.038 0.039 0.124142
0.039 0.040 0.145442
0.040 0.041 0.167559
0.041 0.042 0.189949
0.042 0.043 0.212816
0.043 0.044 0.235089
0.044 0.045 0.257409
0.045 0.046 0.278020
0.046 0.047 0.297716
0.047 0.048 0.318091
0.048 0.049 0.336306
0.049 0.050 0.351557
0.050 0.051 0.366720
0.051 0.052 0.381951
0.052 0.053 0.393981
0.053 0.054 0.404263
0.054 0.055 0.413772
0.055 0.056 0.422866
0.056 0.057 0.431322
0.057 0.058 0.625933
0.058 0.059 1.000000
0.059 0.060 0.817852
0.060 0.061 0.460194
0.061 0.062 0.461757
0.062 0.063 0.441677
0.063 0.064 0.440263
0.064 0.065 0.437339
0.065 0.066 0.433650
0.066 0.067 0.595624
0.067 0.068 0.594532
0.068 0.069 0.456470
0.069 0.070 0.413866
0.070 0.071 0.335323
0.071 0.072 0.331690
0.072 0.073 0.325324
0.073 0.074 0.321067
0.074 0.075 0.317196
0.075 0.076 0.311974
0.076 0.077 0.304290
0.077 0.078 0.298269
0.078 0.079 0.293064
0.079 0.080 0.288989
0.080 0.081 0.283723
0.081 0.082 0.276492
0.082 0.083 0.269043
0.083 0.084 0.261934
0.084 0.085 0.255830
0.085 0.086 0.250075
0.086 0.087 0.243564
0.087 0.088 0.238507
0.088 0.089 0.231334
0.089 0.090 0.222238
0.090 0.091 0.215481
0.091 0.092 0.206357
0.092 0.093 0.199549
0.093 0.094 0.195637
0.094 0.095 0.188896
0.095 0.096 0.182613
0.096 0.097 0.176173
0.097 0.098 0.167707
0.098 0.099 0.159757
0.099 0.100 0.153194
0.100 0.101 0.148479
0.101 0.102 0.142842
0.102 0.103 0.136506
0.103 0.104 0.131487
0.104 0.105 0.125905
0.105 0.106 0.119130
0.106 0.107 0.113258
0.107 0.108 0.106293
0.108 0.109 0.100104
0.109 0.110 0.095818
0.110 0.111 0.091014
0.111 0.112 0.086514
0.112 0.113 0.080312
0.113 0.114 0.074557
0.114 0.115 0.070029
0.115 0.116 0.065243
0.116 0.117 0.059357
0.117 0.118 0.055511
0.118 0.119 0.050447
0.119 0.120 0.046686
0.120 0.121 0.044456
0.121 0.122 0.040893
0.122 0.123 0.037327
0.123 0.124 0.033073
0.124 0.125 0.029541
0.125 0.126 0.025969
0.126 0.127 0.023197
0.127 0.128 0.019772
0.128 0.129 0.016754
0.129 0.130 0.013326
0.130 0.131 0.010904
0.131 0.132 0.009435
0.132 0.133 0.007431
0.133 0.134 0.004687
0.134 0.135 0.003362
0.135 0.136 0.002138
0.136 0.137 0.000582
0.137 0.138 0.000000
0.138 0.139 0.000000
0.139 0.140 0.000000
0.140 0.141 0.000000
0.141 0.142 0.000000
0.142 0.143 0.000000
0.143 0.144 0.000000
0.144 0.145 0.000000
0.145 0.146 0.000000
0.146 0.147 0.000000
0.147 0.148 0.000000
0.148 0.149 0.000000
0.149 0.150 0.000000
