1
0.000 0.001 0.000000
0.001 0.002 0.000000
0.002 0.003 0.000000
0.003 0.004 0.000000
0.004 0.005 0.000000
0.005 0.006 0.000000
0.006 0.007 0.000000
0.007 0.008 0.000000
0.008 0.009 0.000000
0.009 0.010 0.000000
0.010 0.011 0.000000
0.011 0.012 0.000000
0.012 0.013 0.000000
0.013 0.014 0.000000
0.014 0.015 0.000003
0.015 0.016 0.000033
0.016 0.017 0.000210
0.017 0.018 0.000916
0.018 0.019 0.003021
0.019 0.020 0.008037
0.020 0.021 0.018025
0.021 0.022 0.035270
0.022 0.023 0.061603
0.023 0.024 0.098212
0.024 0.025 0.145778
0.025 0.026 0.203088
0.026 0.027 0.268182
0.027 0.028 0.340346
0.028 0.029 0.416538
0.029 0.030 0.493845
0.030 0.031 0.571003
0.031 0.032 0.643172
0.032 0.033 0.709871
0.033 0.034 0.769701
0.034 0.035 0.823804
0.035 0.036 0.869811
0.036 0.037 0.908625
0.037 0.038 0.942594
0.038 0.039 0.968559
0.039 0.040 0.985200
0.040 0.041 0.995486
0.041 0.042 1.000000
0.042 0.043 0.997894
0.043 0.044 0.985145
0.044 0.045 0.978480
0.045 0.046 0.961906
0.046 0.047 0.943308
0.047 0.048 0.921911
0.048 0.049 0.893594
0.049 0.050 0.865453
0.050 0.051 0.835385
0.051 0.052 0.807178
0.052 0.053 0.778576
0.053 0.054 0.753220
0.054 0.055 0.721784
0.055 0.056 0.680485
0.056 0.057 0.642065
0.057 0.058 0.649234
0.058 0.059 0.701396
0.059 0.060 0.627755
0.060 0.061 0.515056
0.061 0.062 0.483408
0.062 0.063 0.451516
0.063 0.064 0.415261
0.064 0.065 0.386251
0.065 0.066 0.353603
0.066 0.067 0.355105
0.067 0.068 0.328466
0.068 0.069 0.270787
0.069 0.070 0.231249
0.070 0.071 0.200799
0.071 0.072 0.178916
0.072 0.073 0.152179
0.073 0.074 0.132256
0.074 0.075 0.109514
0.075 0.076 0.093680
0.076 0.077 0.077654
0.077 0.078 0.056918
0.078 0.079 0.042926
0.079 0.080 0.031796
0.080 0.081 0.019690
0.081 0.082 0.012185
0.082 0.083 0.003285
0.083 0.084 0.000000
0.084 0.085 0.000000
0.085 0.086 0.000000
0.086 0.087 0.000000
0.087 0.088 0.000000
0.088 0.089 0.000000
0.089 0.090 0.000000
0.090 0.091 0.000000
0.091 0.092 0.000000
0.092 0.093 0.000000
0.093 0.094 0.000000
0.094 0.095 0.000000
0.095 0.096 0.000000
0.096 0.097 0.000000
0.097 0.098 0.000000
0.098 0.099 0.000000
0.099 0.100 0.000000
0.100 0.101 0.000000
0.101 0.102 0.000000
0.102 0.103 0.000000
0.103 0.104 0.000000
0.104 0.105 0.000000
0.105 0.106 0.000000
0.106 0.107 0.000000
0.107 0.108 0.000000
0.108 0.109 0.000000
0.109 0.110 0.000000
0.110 0.111 0.000000
0.111 0.112 0.000000
0.112 0.113 0.000000
0.113 0.114 0.000000
0.114 0.115 0.000000
0.115 0.116 0.000000
0.116 0.117 0.000000
0.117 0.118 0.000000
0.118 0.119 0.000000
0.119 0.120 0.000000
0.120 0.121 0.000000
0.121 0.122 0.000000
0.122 0.123 0.000000
0.123 0.124 0.000000
0.124 0.125 0.000000
0.125 0.126 0.000000
0.126 0.127 0.000000
0.127 0.128 0.000000
0.128 0.129 0.000000
0.129 0.130 0.000000
0.130 0.131 0.000000
0.131 0.132 0.000000
0.132 0.133 0.000000
0.133 0.134 0.000000
0.134 0.135 0.000000
0.135 0.136 0.000000
0.136 0.137 0.000000
0.137 0.138 0.000000
0.138 0.139 0.000000
0.139 0.140 0.000000
0.140 0.141 0.000000
0.141 0.142 0.000000
0.142 0.143 0.000000
0.143 0.144 0.000000
0.144 0.145 0.000000
0.145 0.146 0.000000
0.146 0.147 0.000000
0.147 0.148 0.000000
0.148 0.149 0.000000
0.149 0.150 0.000000
