1
0.000 0.001 0.000000
0.001 0.002 0.000000
0.002 0.003 0.000000
0.003 0.004 0.000000
0.004 0.005 0.000000
0.005 0.006 0.000000
0.006 0.007 0.000000
0.007 0.008 0.000000
0.008 0.009 0.000000
0.009 0.010 0.000000
0.010 0.011 0.000000
0.011 0.012 0.000000
0.012 0.013 0.000000
0.013 0.014 0.000000
0.014 0.015 0.000000
0.015 0.016 0.000000
0.016 0.017 0.000000
0.017 0.018 0.000003
0.018 0.019 0.000020
0.019 0.020 0.000091
0.020 0.021 0.000320
0.021 0.022 0.000911
0.022 0.023 0.002187
0.023 0.024 0.004592
0.024 0.025 0.008628
0.025 0.026 0.014740
0.026 0.027 0.023308
0.027 0.028 0.034655
0.028 0.029 0.048852
0.029 0.030 0.065539
0.030 0.031 0.084570
0.031 0.032 0.105545
0.032 0.033 0.128156
0.033 0.034 0.152049
0.034 0.035 0.176221
0.035 0.036 0.200218
0.036 0.037 0.224234
0.037 0.038 0.248095
0.038 0.039 0.269854
0.039 0.040 0.290271
0.040 0.041 0.309524
0.041 0.042 0.327143
0.042 0.043 0.344091
0.043 0.044 0.358704
0.044 0.045 0.372334
0.045 0.046 0.383059
0.046 0.047 0.392168
0.047 0.048 0.402580
0.048 0.049 0.410348
0.049 0.050 0.414251
0.050 0.051 0.418527
0.051 0.052 0.423422
0.052 0.053 0.425247
0.053 0.054 0.425565
0.054 0.055 0.425566
0.055 0.056 0.426459
0.056 0.057 0.427153
0.057 0.058 0.624005
0.058 0.059 1.000000
0.059 0.060 0.798073
0.060 0.061 0.428445
0.061 0.062 0.424623
0.062 0.063 0.400158
0.063 0.064 0.394815
0.064 0.065 0.388500
0.065 0.066 0.382278
0.066 0.067 0.529028
0.067 0.068 0.523881
0.068 0.069 0.396129
0.069 0.070 0.355825
0.070 0.071 0.283972
0.071 0.072 0.279531
0.072 0.073 0.273282
0.073 0.074 0.268841
0.074 0.075 0.264935
0.075 0.076 0.260040
0.076 0.077 0.253149
0.077 0.078 0.248062
0.078 0.079 0.244275
0.079 0.080 0.239910
0.080 0.081 0.234736
0.081 0.082 0.228145
0.082 0.083 0.221366
0.083 0.084 0.214871
0.084 0.085 0.209426
0.085 0.086 0.204397
0.086 0.087 0.198886
0.087 0.088 0.194663
0.088 0.089 0.188732
0.089 0.090 0.181645
0.090 0.091 0.175279
0.091 0.092 0.166980
0.092 0.093 0.160452
0.093 0.094 0.156895
0.094 0.095 0.151089
0.095 0.096 0.145689
0.096 0.097 0.140206
0.097 0.098 0.133151
0.098 0.099 0.126527
0.099 0.100 0.121154
0.100 0.101 0.117085
0.101 0.102 0.112262
0.102 0.103 0.106894
0.103 0.104 0.102600
0.104 0.105 0.097910
0.105 0.106 0.092291
0.106 0.107 0.087063
0.107 0.108 0.082035
0.108 0.109 0.078016
0.109 0.110 0.074240
0.110 0.111 0.070096
0.111 0.112 0.066236
0.112 0.113 0.060763
0.113 0.114 0.056540
0.114 0.115 0.053285
0.115 0.116 0.049857
0.116 0.117 0.045966
0.117 0.118 0.042519
0.118 0.119 0.037915
0.119 0.120 0.035127
0.120 0.121 0.033502
0.121 0.122 0.030894
0.122 0.123 0.028292
0.123 0.124 0.025548
0.124 0.125 0.021953
0.125 0.126 0.019203
0.126 0.127 0.017065
0.127 0.128 0.014450
0.128 0.129 0.011890
0.129 0.130 0.010106
0.130 0.131 0.008097
0.131 0.132 0.006828
0.132 0.133 0.004886
0.133 0.134 0.003501
0.134 0.135 0.001981
0.135 0.136 0.001259
0.136 0.137 0.000342
0.137 0.138 0.000000
0.138 0.139 0.000000
0.139 0.140 0.000000
0.140 0.141 0.000000
0.141 0.142 0.000000
0.142 0.143 0.000000
0.143 0.144 0.000000
0.144 0.145 0.000000
0.145 0.146 0.000000
0.146 0.147 0.000000
0.147 0.148 0.000000
0.148 0.149 0.000000
0.149 0.150 0.000000
