1
0.000 0.001 0.000000
0.001 0.002 0.000000
0.002 0.003 0.000000
0.003 0.004 0.000000
0.004 0.005 0.000000
0.005 0.006 0.000000
0.006 0.007 0.000000
0.007 0.008 0.000000
0.008 0.009 0.000000
0.009 0.010 0.000000
0.010 0.011 0.000000
0.011 0.012 0.000000
0.012 0.013 0.000000
0.013 0.014 0.000000
0.014 0.015 0.000005
0.015 0.016 0.000051
0.016 0.017 0.000300
0.017 0.018 0.001231
0.018 0.019 0.003844
0.019 0.020 0.009732
0.020 0.021 0.020950
0.021 0.022 0.039400
0.022 0.023 0.066542
0.023 0.024 0.103319
0.024 0.025 0.149717
0.025 0.026 0.204277
0.026 0.027 0.265498
0.027 0.028 0.331818
0.028 0.029 0.401408
0.029 0.030 0.472812
0.030 0.031 0.541911
0.031 0.032 0.605919
0.032 0.033 0.668738
0.033 0.034 0.726170
0.034 0.035 0.776164
0.035 0.036 0.820950
0.036 0.037 0.856951
0.037 0.038 0.889664
0.038 0.039 0.918960
0.039 0.040 0.942186
0.040 0.041 0.957421
0.041 0.042 0.970213
0.042 0.043 0.977545
0.043 0.044 0.980276
0.044 0.045 0.981539
0.045 0.046 0.972112
0.046 0.047 0.964713
0.047 0.048 0.953076
0.048 0.049 0.935585
0.049 0.050 0.918770
0.050 0.051 0.902934
0.051 0.052 0.886515
0.052 0.053 0.861896
0.053 0.054 0.839426
0.054 0.055 0.818875
0.055 0.056 0.790404
0.056 0.057 0.758315
0.057 0.058 0.833507
0.058 0.059 1.000000
0.059 0.060 0.876382
0.060 0.061 0.666744
0.061 0.062 0.636398
0.062 0.063 0.597011
0.063 0.064 0.567753
0.064 0.065 0.537946
0.065 0.066 0.505794
0.066 0.067 0.550185
0.067 0.068 0.524973
0.068 0.069 0.432091
0.069 0.070 0.383082
0.070 0.071 0.331295
0.071 0.072 0.308846
0.072 0.073 0.279364
0.073 0.074 0.256656
0.074 0.075 0.233867
0.075 0.076 0.209973
0.076 0.077 0.191560
0.077 0.078 0.171404
0.078 0.079 0.150340
0.079 0.080 0.135208
0.080 0.081 0.118907
0.081 0.082 0.098207
0.082 0.083 0.084343
0.083 0.084 0.072528
0.084 0.085 0.057606
0.085 0.086 0.046452
0.086 0.087 0.032889
0.087 0.088 0.023582
0.088 0.089 0.012913
0.089 0.090 0.005828
0.090 0.091 0.001784
0.091 0.092 0.000000
0.092 0.093 0.000000
0.093 0.094 0.000000
0.094 0.095 0.000000
0.095 0.096 0.000000
0.096 0.097 0.000000
0.097 0.098 0.000000
0.098 0.099 0.000000
0.099 0.100 0.000000
0.100 0.101 0.000000
0.101 0.102 0.000000
0.102 0.103 0.000000
0.103 0.104 0.000000
0.104 0.105 0.000000
0.105 0.106 0.000000
0.106 0.107 0.000000
0.107 0.108 0.000000
0.108 0.109 0.000000
0.109 0.110 0.000000
0.110 0.111 0.000000
0.111 0.112 0.000000
0.112 0.113 0.000000
0.113 0.114 0.000000
0.114 0.115 0.000000
0.115 0.116 0.000000
0.116 0.117 0.000000
0.117 0.118 0.000000
0.118 0.119 0.000000
0.119 0.120 0.000000
0.120 0.121 0.000000
0.121 0.122 0.000000
0.122 0.123 0.000000
0.123 0.124 0.000000
0.124 0.125 0.000000
0.125 0.126 0.000000
0.126 0.127 0.000000
0.127 0.128 0.000000
0.128 0.129 0.000000
0.129 0.130 0.000000
0.130 0.131 0.000000
0.131 0.132 0.000000
0.132 0.133 0.000000
0.133 0.134 0.000000
0.134 0.135 0.000000
0.135 0.136 0.000000
0.136 0.137 0.000000
0.137 0.138 0.000000
0.138 0.139 0.000000
0.139 0.140 0.000000
0.140 0.141 0.000000
0.141 0.142 0.000000
0.142 0.143 0.000000
0.143 0.144 0.000000
0.144 0.145 0.000000
0.145 0.146 0.000000
0.146 0.147 0.000000
0.147 0.148 0.000000
0.148 0.149 0.000000
0.149 0.150 0.000000
