1
0.000 0.001 0.000000
0.001 0.002 0.000000
0.002 0.003 0.000000
0.003 0.004 0.000000
0.004 0.005 0.000000
0.005 0.006 0.000000
0.006 0.007 0.000000
0.007 0.008 0.000018
0.008 0.009 0.000000
0.009 0.010 0.000000
0.010 0.011 0.000000
0.011 0.012 0.000001
0.012 0.013 0.000014
0.013 0.014 0.000116
0.014 0.015 0.000601
0.015 0.016 0.002184
0.016 0.017 0.006092
0.017 0.018 0.013951
0.018 0.019 0.027314
0.019 0.020 0.047536
0.020 0.021 0.075319
0.021 0.022 0.110326
0.022 0.023 0.151760
0.023 0.024 0.198465
0.024 0.025 0.248411
0.025 0.026 0.299299
0.026 0.027 0.350372
0.027 0.028 0.401231
0.028 0.029 0.449113
0.029 0.030 0.492235
0.030 0.031 0.532064
0.031 0.032 0.567154
0.032 0.033 0.597200
0.033 0.034 0.623315
0.034 0.035 0.644349
0.035 0.036 0.662633
0.036 0.037 0.677408
0.037 0.038 0.689941
0.038 0.039 0.695716
0.039 0.040 0.699636
0.040 0.041 0.701770
0.041 0.042 0.699431
0.042 0.043 0.696602
0.043 0.044 0.691237
0.044 0.045 0.684936
0.045 0.046 0.675171
0.046 0.047 0.662354
0.047 0.048 0.652083
0.048 0.049 0.640716
0.049 0.050 0.623991
0.050 0.051 0.610769
0.051 0.052 0.599925
0.052 0.053 0.588667
0.053 0.054 0.575050
0.054 0.055 0.560064
0.055 0.056 0.547348
0.056 0.057 0.535293
0.057 0.058 0.693316
0.058 0.059 1.000000
0.059 0.060 0.810307
0.060 0.061 0.485176
0.061 0.062 0.470560
0.062 0.063 0.440516
0.063 0.064 0.424009
0.064 0.065 0.406642
0.065 0.066 0.394749
0.066 0.067 0.503318
0.067 0.068 0.491594
0.068 0.069 0.383371
0.069 0.070 0.342903
0.070 0.071 0.281825
0.071 0.072 0.271824
0.072 0.073 0.260205
0.073 0.074 0.253142
0.074 0.075 0.245145
0.075 0.076 0.235503
0.076 0.077 0.224187
0.077 0.078 0.214228
0.078 0.079 0.206968
0.079 0.080 0.200873
0.080 0.081 0.192298
0.081 0.082 0.183135
0.082 0.083 0.175073
0.083 0.084 0.167374
0.084 0.085 0.160372
0.085 0.086 0.154148
0.086 0.087 0.146169
0.087 0.088 0.140363
0.088 0.089 0.134046
0.089 0.090 0.125890
0.090 0.091 0.117233
0.091 0.092 0.109073
0.092 0.093 0.103598
0.093 0.094 0.100457
0.094 0.095 0.094835
0.095 0.096 0.089434
0.096 0.097 0.083375
0.097 0.098 0.076256
0.098 0.099 0.069360
0.099 0.100 0.063945
0.100 0.101 0.059469
0.101 0.102 0.055836
0.102 0.103 0.050609
0.103 0.104 0.046607
0.104 0.105 0.043563
0.105 0.106 0.039725
0.106 0.107 0.035822
0.107 0.108 0.031170
0.108 0.109 0.026479
0.109 0.110 0.023280
0.110 0.111 0.020367
0.111 0.112 0.018051
0.112 0.113 0.015108
0.113 0.114 0.012608
0.114 0.115 0.010001
0.115 0.116 0.006511
0.116 0.117 0.004928
0.117 0.118 0.003281
0.118 0.119 0.001067
0.119 0.120 0.000626
0.120 0.121 0.000000
0.121 0.122 0.000000
0.122 0.123 0.000000
0.123 0.124 0.000000
0.124 0.125 0.000000
0.125 0.126 0.000000
0.126 0.127 0.000000
0.127 0.128 0.000000
0.128 0.129 0.000000
0.129 0.130 0.000000
0.130 0.131 0.000000
0.131 0.132 0.000000
0.132 0.133 0.000000
0.133 0.134 0.000000
0.134 0.135 0.000000
0.135 0.136 0.000000
0.136 0.137 0.000000
0.137 0.138 0.000000
0.138 0.139 0.000000
0.139 0.140 0.000000
0.140 0.141 0.000000
0.141 0.142 0.000000
0.142 0.143 0.000000
0.143 0.144 0.000000
0.144 0.145 0.000000
0.145 0.146 0.000000
0.146 0.147 0.000000
0.147 0.148 0.000000
0.148 0.149 0.000000
0.149 0.150 0.000000
