1
0.000 0.001 0.000000
0.001 0.002 0.000000
0.002 0.003 0.000000
0.003 0.004 0.000000
0.004 0.005 0.000000
0.005 0.006 0.000000
0.006 0.007 0.000000
0.007 0.008 0.000000
0.008 0.009 0.000000
0.009 0.010 0.000000
0.010 0.011 0.000000
0.011 0.012 0.000000
0.012 0.013 0.000000
0.013 0.014 0.000000
0.014 0.015 0.000000
0.015 0.016 0.000000
0.016 0.017 0.000000
0.017 0.018 0.000000
0.018 0.019 0.000000
0.019 0.020 0.000003
0.020 0.021 0.000017
0.021 0.022 0.000078
0.022 0.023 0.000275
0.023 0.024 0.000800
0.024 0.025 0.001997
0.025 0.026 0.004363
0.026 0.027 0.008519
0.027 0.028 0.015237
0.028 0.029 0.025287
0.029 0.030 0.039150
0.030 0.031 0.057328
0.031 0.032 0.079787
0.032 0.033 0.106844
0.033 0.034 0.137939
0.034 0.035 0.172295
0.035 0.036 0.209786
0.036 0.037 0.248800
0.037 0.038 0.288548
0.038 0.039 0.329536
0.039 0.040 0.371296
0.040 0.041 0.410471
0.041 0.042 0.448198
0.042 0.043 0.484900
0.043 0.044 0.518771
0.044 0.045 0.550163
0.045 0.046 0.575748
0.046 0.047 0.599084
0.047 0.048 0.620326
0.048 0.049 0.637126
0.049 0.050 0.647893
0.050 0.051 0.657958
0.051 0.052 0.668016
0.052 0.053 0.671348
0.053 0.054 0.670395
0.054 0.055 0.669608
0.055 0.056 0.664950
0.056 0.057 0.658271
0.057 0.058 0.773153
0.058 0.059 1.000000
0.059 0.060 0.866888
0.060 0.061 0.620927
0.061 0.062 0.607340
0.062 0.063 0.578480
0.063 0.064 0.559674
0.064 0.065 0.541890
0.065 0.066 0.523754
0.066 0.067 0.608493
0.067 0.068 0.590347
0.068 0.069 0.485762
0.069 0.070 0.439418
0.070 0.071 0.380630
0.071 0.072 0.364950
0.072 0.073 0.343816
0.073 0.074 0.326347
0.074 0.075 0.312381
0.075 0.076 0.294852
0.076 0.077 0.276949
0.077 0.078 0.259951
0.078 0.079 0.245846
0.079 0.080 0.231209
0.080 0.081 0.211835
0.081 0.082 0.194495
0.082 0.083 0.178585
0.083 0.084 0.163244
0.084 0.085 0.148174
0.085 0.086 0.132075
0.086 0.087 0.119177
0.087 0.088 0.106677
0.088 0.089 0.092475
0.089 0.090 0.079340
0.090 0.091 0.065785
0.091 0.092 0.055800
0.092 0.093 0.046337
0.093 0.094 0.035111
0.094 0.095 0.028083
0.095 0.096 0.021325
0.096 0.097 0.012206
0.097 0.098 0.007544
0.098 0.099 0.001873
0.099 0.100 0.000000
0.100 0.101 0.000000
0.101 0.102 0.000000
0.102 0.103 0.000000
0.103 0.104 0.000000
0.104 0.105 0.000000
0.105 0.106 0.000000
0.106 0.107 0.000000
0.107 0.108 0.000000
0.108 0.109 0.000000
0.109 0.110 0.000000
0.110 0.111 0.000000
0.111 0.112 0.000000
0.112 0.113 0.000000
0.113 0.114 0.000000
0.114 0.115 0.000000
0.115 0.116 0.000000
0.116 0.117 0.000000
0.117 0.118 0.000000
0.118 0.119 0.000000
0.119 0.120 0.000000
0.120 0.121 0.000000
0.121 0.122 0.000000
0.122 0.123 0.000000
0.123 0.124 0.000000
0.124 0.125 0.000000
0.125 0.126 0.000000
0.126 0.127 0.000000
0.127 0.128 0.000000
0.128 0.129 0.000000
0.129 0.130 0.000000
0.130 0.131 0.000000
0.131 0.132 0.000000
0.132 0.133 0.000000
0.133 0.134 0.000000
0.134 0.135 0.000000
0.135 0.136 0.000000
0.136 0.137 0.000000
0.137 0.138 0.000000
0.138 0.139 0.000000
0.139 0.140 0.000000
0.140 0.141 0.000000
0.141 0.142 0.000000
0.142 0.143 0.000000
0.143 0.144 0.000000
0.144 0.145 0.000000
0.145 0.146 0.000000
0.146 0.147 0.000000
0.147 0.148 0.000000
0.148 0.149 0.000000
0.149 0.150 0.000000
