1
0.000 0.001 0.000000
0.001 0.002 0.000000
0.002 0.003 0.000000
0.003 0.004 0.000000
0.004 0.005 0.000000
0.005 0.006 0.000000
0.006 0.007 0.000000
0.007 0.008 0.000000
0.008 0.009 0.000000
0.009 0.010 0.000000
0.010 0.011 0.000000
0.011 0.012 0.000000
0.012 0.013 0.000000
0.013 0.014 0.000000
0.014 0.015 0.000000
0.015 0.016 0.000001
0.016 0.017 0.000011
0.017 0.018 0.000064
0.018 0.019 0.000259
0.019 0.020 0.000823
0.020 0.021 0.002153
0.021 0.022 0.004796
0.022 0.023 0.009391
0.023 0.024 0.016576
0.024 0.025 0.026881
0.025 0.026 0.040499
0.026 0.027 0.057460
0.027 0.028 0.077896
0.028 0.029 0.101231
0.029 0.030 0.126421
0.030 0.031 0.153548
0.031 0.032 0.181634
0.032 0.033 0.209734
0.033 0.034 0.238198
0.034 0.035 0.266276
0.035 0.036 0.292036
0.036 0.037 0.317541
0.037 0.038 0.341999
0.038 0.039 0.361647
0.039 0.040 0.380037
0.040 0.041 0.397618
0.041 0.042 0.411593
0.042 0.043 0.425265
0.043 0.044 0.436784
0.044 0.045 0.447011
0.045 0.046 0.454802
0.046 0.047 0.458523
0.047 0.048 0.464549
0.048 0.049 0.469923
0.049 0.050 0.470340
0.050 0.051 0.468776
0.051 0.052 0.469277
0.052 0.053 0.470126
0.053 0.054 0.467225
0.054 0.055 0.463116
0.055 0.056 0.461922
0.056 0.057 0.460049
0.057 0.058 0.645780
0.058 0.059 1.000000
0.059 0.060 0.801647
0.060 0.061 0.447292
0.061 0.062 0.441065
0.062 0.063 0.416868
0.063 0.064 0.408327
0.064 0.065 0.398540
0.065 0.066 0.391764
0.066 0.067 0.525538
0.067 0.068 0.518427
0.068 0.069 0.398901
0.069 0.070 0.358344
0.070 0.071 0.290254
0.071 0.072 0.283483
0.072 0.073 0.275855
0.073 0.074 0.272034
0.074 0.075 0.267112
0.075 0.076 0.261158
0.076 0.077 0.252687
0.077 0.078 0.245701
0.078 0.079 0.242420
0.079 0.080 0.237403
0.080 0.081 0.229650
0.081 0.082 0.221386
0.082 0.083 0.214358
0.083 0.084 0.207744
0.084 0.085 0.201813
0.085 0.086 0.196686
0.086 0.087 0.189294
0.087 0.088 0.185020
0.088 0.089 0.180061
0.089 0.090 0.172168
0.090 0.091 0.164663
0.091 0.092 0.154406
0.092 0.093 0.148012
0.093 0.094 0.145273
0.094 0.095 0.138721
0.095 0.096 0.132328
0.096 0.097 0.125368
0.097 0.098 0.116721
0.098 0.099 0.108596
0.099 0.100 0.102183
0.100 0.101 0.097609
0.101 0.102 0.091953
0.102 0.103 0.083782
0.103 0.104 0.077557
0.104 0.105 0.072780
0.105 0.106 0.066708
0.106 0.107 0.060386
0.107 0.108 0.053344
0.108 0.109 0.046869
0.109 0.110 0.040897
0.110 0.111 0.035086
0.111 0.112 0.031200
0.112 0.113 0.026242
0.113 0.114 0.021681
0.114 0.115 0.017590
0.115 0.116 0.013897
0.116 0.117 0.010334
0.117 0.118 0.007493
0.118 0.119 0.003989
0.119 0.120 0.002026
0.120 0.121 0.000436
0.121 0.122 0.000000
0.122 0.123 0.000000
0.123 0.124 0.000000
0.124 0.125 0.000000
0.125 0.126 0.000000
0.126 0.127 0.000000
0.127 0.128 0.000000
0.128 0.129 0.000000
0.129 0.130 0.000000
0.130 0.131 0.000000
0.131 0.132 0.000000
0.132 0.133 0.000000
0.133 0.134 0.000000
0.134 0.135 0.000000
0.135 0.136 0.000000
0.136 0.137 0.000000
0.137 0.138 0.000000
0.138 0.139 0.000000
0.139 0.140 0.000000
0.140 0.141 0.000000
0.141 0.142 0.000000
0.142 0.143 0.000000
0.143 0.144 0.000000
0.144 0.145 0.000000
0.145 0.146 0.000000
0.146 0.147 0.000000
0.147 0.148 0.000000
0.148 0.149 0.000000
0.149 0.150 0.000000
