1
0.000 0.001 0.000000
0.001 0.002 0.000000
0.002 0.003 0.000000
0.003 0.004 0.000000
0.004 0.005 0.000000
0.005 0.006 0.000000
0.006 0.007 0.000000
0.007 0.008 0.000000
0.008 0.009 0.000000
0.009 0.010 0.000000
0.010 0.011 0.000000
0.011 0.012 0.000000
0.012 0.013 0.000000
0.013 0.014 0.000000
0.014 0.015 0.000000
0.015 0.016 0.000001
0.016 0.017 0.000010
0.017 0.018 0.000059
0.018 0.019 0.000248
0.019 0.020 0.000817
0.020 0.021 0.002203
0.021 0.022 0.005053
0.022 0.023 0.010155
0.023 0.024 0.018325
0.024 0.025 0.030305
0.025 0.026 0.046416
0.026 0.027 0.066852
0.027 0.028 0.091707
0.028 0.029 0.120420
0.029 0.030 0.152130
0.030 0.031 0.186236
0.031 0.032 0.221705
0.032 0.033 0.258058
0.033 0.034 0.294013
0.034 0.035 0.329400
0.035 0.036 0.363902
0.036 0.037 0.396160
0.037 0.038 0.425407
0.038 0.039 0.451322
0.039 0.040 0.475854
0.040 0.041 0.497630
0.041 0.042 0.516223
0.042 0.043 0.533468
0.043 0.044 0.546707
0.044 0.045 0.558658
0.045 0.046 0.567176
0.046 0.047 0.571325
0.047 0.048 0.576455
0.048 0.049 0.580401
0.049 0.050 0.578970
0.050 0.051 0.576072
0.051 0.052 0.574821
0.052 0.053 0.572624
0.053 0.054 0.567062
0.054 0.055 0.559471
0.055 0.056 0.552881
0.056 0.057 0.546223
0.057 0.058 0.700780
0.058 0.059 1.000000
0.059 0.060 0.824104
0.060 0.061 0.512386
0.061 0.062 0.500697
0.062 0.063 0.473485
0.063 0.064 0.458114
0.064 0.065 0.444035
0.065 0.066 0.432314
0.066 0.067 0.542730
0.067 0.068 0.531044
0.068 0.069 0.418909
0.069 0.070 0.376154
0.070 0.071 0.312523
0.071 0.072 0.299887
0.072 0.073 0.287742
0.073 0.074 0.281257
0.074 0.075 0.273438
0.075 0.076 0.262931
0.076 0.077 0.250507
0.077 0.078 0.239704
0.078 0.079 0.232858
0.079 0.080 0.223983
0.080 0.081 0.214263
0.081 0.082 0.203594
0.082 0.083 0.194036
0.083 0.084 0.184596
0.084 0.085 0.176090
0.085 0.086 0.168556
0.086 0.087 0.159095
0.087 0.088 0.151147
0.088 0.089 0.144948
0.089 0.090 0.136493
0.090 0.091 0.127541
0.091 0.092 0.117503
0.092 0.093 0.110331
0.093 0.094 0.105378
0.094 0.095 0.097211
0.095 0.096 0.091285
0.096 0.097 0.084292
0.097 0.098 0.076217
0.098 0.099 0.067840
0.099 0.100 0.061676
0.100 0.101 0.057377
0.101 0.102 0.053007
0.102 0.103 0.046720
0.103 0.104 0.041741
0.104 0.105 0.038023
0.105 0.106 0.032835
0.106 0.107 0.029178
0.107 0.108 0.024806
0.108 0.109 0.020924
0.109 0.110 0.016762
0.110 0.111 0.012382
0.111 0.112 0.010112
0.112 0.113 0.007411
0.113 0.114 0.004420
0.114 0.115 0.002909
0.115 0.116 0.000759
0.116 0.117 0.000000
0.117 0.118 0.000000
0.118 0.119 0.000000
0.119 0.120 0.000000
0.120 0.121 0.000000
0.121 0.122 0.000000
0.122 0.123 0.000000
0.123 0.124 0.000000
0.124 0.125 0.000000
0.125 0.126 0.000000
0.126 0.127 0.000000
0.127 0.128 0.000000
0.128 0.129 0.000000
0.129 0.130 0.000000
0.130 0.131 0.000000
0.131 0.132 0.000000
0.132 0.133 0.000000
0.133 0.134 0.000000
0.134 0.135 0.000000
0.135 0.136 0.000000
0.136 0.137 0.000000
0.137 0.138 0.000000
0.138 0.139 0.000000
0.139 0.140 0.000000
0.140 0.141 0.000000
0.141 0.142 0.000000
0.142 0.143 0.000000
0.143 0.144 0.000000
0.144 0.145 0.000000
0.145 0.146 0.000000
0.146 0.147 0.000000
0.147 0.148 0.000000
0.148 0.149 0.000000
0.149 0.150 0.000000
