1
0.000 0.001 0.000000
0.001 0.002 0.000000
0.002 0.003 0.000000
0.003 0.004 0.000000
0.004 0.005 0.000000
0.005 0.006 0.000000
0.006 0.007 0.000000
0.007 0.008 0.000000
0.008 0.009 0.000000
0.009 0.010 0.000000
0.010 0.011 0.000000
0.011 0.012 0.000000
0.012 0.013 0.000000
0.013 0.014 0.000000
0.014 0.015 0.000000
0.015 0.016 0.000000
0.016 0.017 0.000000
0.017 0.018 0.000000
0.018 0.019 0.000000
0.019 0.020 0.000003
0.020 0.021 0.000019
0.021 0.022 0.000081
0.022 0.023 0.000277
0.023 0.024 0.000780
0.024 0.025 0.001885
0.025 0.026 0.003993
0.026 0.027 0.007570
0.027 0.028 0.013214
0.028 0.029 0.021459
0.029 0.030 0.032482
0.030 0.031 0.046446
0.031 0.032 0.063719
0.032 0.033 0.084158
0.033 0.034 0.107105
0.034 0.035 0.132461
0.035 0.036 0.160469
0.036 0.037 0.189321
0.037 0.038 0.216927
0.038 0.039 0.245449
0.039 0.040 0.275087
0.040 0.041 0.302922
0.041 0.042 0.329142
0.042 0.043 0.356046
0.043 0.044 0.379384
0.044 0.045 0.401868
0.045 0.046 0.423879
0.046 0.047 0.440048
0.047 0.048 0.457307
0.048 0.049 0.474594
0.049 0.050 0.484531
0.050 0.051 0.493551
0.051 0.052 0.504810
0.052 0.053 0.515311
0.053 0.054 0.520992
0.054 0.055 0.522415
0.055 0.056 0.526217
0.056 0.057 0.532319
0.057 0.058 0.694137
0.058 0.059 1.000000
0.059 0.060 0.833737
0.060 0.061 0.527068
0.061 0.062 0.523039
0.062 0.063 0.502688
0.063 0.064 0.492402
0.064 0.065 0.483936
0.065 0.066 0.478871
0.066 0.067 0.602503
0.067 0.068 0.595027
0.068 0.069 0.477552
0.069 0.070 0.435157
0.070 0.071 0.369417
0.071 0.072 0.359251
0.072 0.073 0.346010
0.073 0.074 0.343549
0.074 0.075 0.339006
0.075 0.076 0.326672
0.076 0.077 0.311663
0.077 0.078 0.300905
0.078 0.079 0.295930
0.079 0.080 0.288495
0.080 0.081 0.277372
0.081 0.082 0.264505
0.082 0.083 0.251282
0.083 0.084 0.236342
0.084 0.085 0.224546
0.085 0.086 0.214751
0.086 0.087 0.203460
0.087 0.088 0.193435
0.088 0.089 0.183404
0.089 0.090 0.170347
0.090 0.091 0.153866
0.091 0.092 0.139648
0.092 0.093 0.128044
0.093 0.094 0.117250
0.094 0.095 0.104761
0.095 0.096 0.093098
0.096 0.097 0.078415
0.097 0.098 0.062977
0.098 0.099 0.045693
0.099 0.100 0.033277
0.100 0.101 0.026337
0.101 0.102 0.015839
0.102 0.103 0.007169
0.103 0.104 0.000895
0.104 0.105 0.000000
0.105 0.106 0.000000
0.106 0.107 0.000000
0.107 0.108 0.000000
0.108 0.109 0.000000
0.109 0.110 0.000000
0.110 0.111 0.000000
0.111 0.112 0.000000
0.112 0.113 0.000000
0.113 0.114 0.000000
0.114 0.115 0.000000
0.115 0.116 0.000000
0.116 0.117 0.000000
0.117 0.118 0.000000
0.118 0.119 0.000000
0.119 0.120 0.000000
0.120 0.121 0.000000
0.121 0.122 0.000000
0.122 0.123 0.000000
0.123 0.124 0.000000
0.124 0.125 0.000000
0.125 0.126 0.000000
0.126 0.127 0.000000
0.127 0.128 0.000000
0.128 0.129 0.000000
0.129 0.130 0.000000
0.130 0.131 0.000000
0.131 0.132 0.000000
0.132 0.133 0.000000
0.133 0.134 0.000000
0.134 0.135 0.000000
0.135 0.136 0.000000
0.136 0.137 0.000000
0.137 0.138 0.000000
0.138 0.139 0.000000
0.139 0.140 0.000000
0.140 0.141 0.000000
0.141 0.142 0.000000
0.142 0.143 0.000000
0.143 0.144 0.000000
0.144 0.145 0.000000
0.145 0.146 0.000000
0.146 0.147 0.000000
0.147 0.148 0.000000
0.148 0.149 0.000000
0.149 0.150 0.000000
