1
0.000 0.001 0.000000
0.001 0.002 0.000000
0.002 0.003 0.000000
0.003 0.004 0.000000
0.004 0.005 0.000000
0.005 0.006 0.000000
0.006 0.007 0.000000
0.007 0.008 0.000000
0.008 0.009 0.000000
0.009 0.010 0.000000
0.010 0.011 0.000000
0.011 0.012 0.000000
0.012 0.013 0.000000
0.013 0.014 0.000000
0.014 0.015 0.000000
0.015 0.016 0.000000
0.016 0.017 0.000000
0.017 0.018 0.000000
0.018 0.019 0.000001
0.019 0.020 0.000006
0.020 0.021 0.000030
0.021 0.022 0.000115
0.022 0.023 0.000356
0.023 0.024 0.000932
0.024 0.025 0.002123
0.025 0.026 0.004295
0.026 0.027 0.007862
0.027 0.028 0.013312
0.028 0.029 0.021060
0.029 0.030 0.031267
0.030 0.031 0.044241
0.031 0.032 0.059822
0.032 0.033 0.078013
0.033 0.034 0.098629
0.034 0.035 0.121135
0.035 0.036 0.144923
0.036 0.037 0.170044
0.037 0.038 0.195970
0.038 0.039 0.221308
0.039 0.040 0.246768
0.040 0.041 0.271680
0.041 0.042 0.295184
0.042 0.043 0.318286
0.043 0.044 0.339803
0.044 0.045 0.360425
0.045 0.046 0.378348
0.046 0.047 0.393823
0.047 0.048 0.409935
0.048 0.049 0.424109
0.049 0.050 0.434256
0.050 0.051 0.443109
0.051 0.052 0.452769
0.052 0.053 0.460218
0.053 0.054 0.464608
0.054 0.055 0.468097
0.055 0.056 0.472074
0.056 0.057 0.474800
0.057 0.058 0.654532
0.058 0.059 1.000000
0.059 0.060 0.819765
0.060 0.061 0.480789
0.061 0.062 0.477149
0.062 0.063 0.454783
0.063 0.064 0.448399
0.064 0.065 0.440561
0.065 0.066 0.434007
0.066 0.067 0.573514
0.067 0.068 0.568174
0.068 0.069 0.443042
0.069 0.070 0.400153
0.070 0.071 0.328656
0.071 0.072 0.321614
0.072 0.073 0.312373
0.073 0.074 0.306275
0.074 0.075 0.300305
0.075 0.076 0.292996
0.076 0.077 0.283390
0.077 0.078 0.275128
0.078 0.079 0.269893
0.079 0.080 0.263350
0.080 0.081 0.254279
0.081 0.082 0.243826
0.082 0.083 0.233821
0.083 0.084 0.226071
0.084 0.085 0.219058
0.085 0.086 0.212687
0.086 0.087 0.204288
0.087 0.088 0.198536
0.088 0.089 0.191357
0.089 0.090 0.181979
0.090 0.091 0.172875
0.091 0.092 0.162638
0.092 0.093 0.155725
0.093 0.094 0.152108
0.094 0.095 0.145041
0.095 0.096 0.138164
0.096 0.097 0.130784
0.097 0.098 0.121163
0.098 0.099 0.113950
0.099 0.100 0.108125
0.100 0.101 0.103435
0.101 0.102 0.097982
0.102 0.103 0.090653
0.103 0.104 0.084968
0.104 0.105 0.079508
0.105 0.106 0.074389
0.106 0.107 0.069542
0.107 0.108 0.063552
0.108 0.109 0.058459
0.109 0.110 0.053053
0.110 0.111 0.047447
0.111 0.112 0.044060
0.112 0.113 0.039414
0.113 0.114 0.035500
0.114 0.115 0.031730
0.115 0.116 0.027335
0.116 0.117 0.022850
0.117 0.118 0.019434
0.118 0.119 0.014865
0.119 0.120 0.012409
0.120 0.121 0.010535
0.121 0.122 0.008518
0.122 0.123 0.006428
0.123 0.124 0.003785
0.124 0.125 0.002387
0.125 0.126 0.000619
0.126 0.127 0.000000
0.127 0.128 0.000000
0.128 0.129 0.000000
0.129 0.130 0.000000
0.130 0.131 0.000000
0.131 0.132 0.000000
0.132 0.133 0.000000
0.133 0.134 0.000000
0.134 0.135 0.000000
0.135 0.136 0.000000
0.136 0.137 0.000000
0.137 0.138 0.000000
0.138 0.139 0.000000
0.139 0.140 0.000000
0.140 0.141 0.000000
0.141 0.142 0.000000
0.142 0.143 0.000000
0.143 0.144 0.000000
0.144 0.145 0.000000
0.145 0.146 0.000000
0.146 0.147 0.000000
0.147 0.148 0.000000
0.148 0.149 0.000000
0.149 0.150 0.000000
