1
0.000 0.001 0.000000
0.001 0.002 0.000000
0.002 0.003 0.000000
0.003 0.004 0.000000
0.004 0.005 0.000000
0.005 0.006 0.000000
0.006 0.007 0.000000
0.007 0.008 0.000000
0.008 0.009 0.000000
0.009 0.010 0.000000
0.010 0.011 0.000000
0.011 0.012 0.000000
0.012 0.013 0.000000
0.013 0.014 0.000000
0.014 0.015 0.000000
0.015 0.016 0.000000
0.016 0.017 0.000000
0.017 0.018 0.000000
0.018 0.019 0.000000
0.019 0.020 0.000000
0.020 0.021 0.000000
0.021 0.022 0.000001
0.022 0.023 0.000005
0.023 0.024 0.000023
0.024 0.025 0.000084
0.025 0.026 0.000251
0.026 0.027 0.000643
0.027 0.028 0.001459
0.028 0.029 0.002987
0.029 0.030 0.005542
0.030 0.031 0.009489
0.031 0.032 0.015265
0.032 0.033 0.023229
0.033 0.034 0.033546
0.034 0.035 0.046470
0.035 0.036 0.062335
0.036 0.037 0.080717
0.037 0.038 0.100477
0.038 0.039 0.122396
0.039 0.040 0.146921
0.040 0.041 0.172188
0.041 0.042 0.197965
0.042 0.043 0.225505
0.043 0.044 0.251941
0.044 0.045 0.278781
0.045 0.046 0.305996
0.046 0.047 0.329518
0.047 0.048 0.354328
0.048 0.049 0.379537
0.049 0.050 0.398952
0.050 0.051 0.417317
0.051 0.052 0.437574
0.052 0.053 0.457335
0.053 0.054 0.472437
0.054 0.055 0.483390
0.055 0.056 0.496143
0.056 0.057 0.510905
0.057 0.058 0.680242
0.058 0.059 1.000000
0.059 0.060 0.844355
0.060 0.061 0.537204
0.061 0.062 0.539978
0.062 0.063 0.525207
0.063 0.064 0.520387
0.064 0.065 0.516836
0.065 0.066 0.516513
0.066 0.067 0.658533
0.067 0.068 0.656173
0.068 0.069 0.530035
0.069 0.070 0.486642
0.070 0.071 0.415335
0.071 0.072 0.406811
0.072 0.073 0.394673
0.073 0.074 0.394588
0.074 0.075 0.391902
0.075 0.076 0.380206
0.076 0.077 0.365002
0.077 0.078 0.354427
0.078 0.079 0.350534
0.079 0.080 0.343584
0.080 0.081 0.332074
0.081 0.082 0.318382
0.082 0.083 0.304168
0.083 0.084 0.287760
0.084 0.085 0.274920
0.085 0.086 0.264346
0.086 0.087 0.251738
0.087 0.088 0.240785
0.088 0.089 0.229845
0.089 0.090 0.214767
0.090 0.091 0.195296
0.091 0.092 0.178318
0.092 0.093 0.164747
0.093 0.094 0.152413
0.094 0.095 0.137600
0.095 0.096 0.123718
0.096 0.097 0.105991
0.097 0.098 0.087088
0.098 0.099 0.065552
0.099 0.100 0.050397
0.100 0.101 0.042531
0.101 0.102 0.030652
0.102 0.103 0.018802
0.103 0.104 0.008538
0.104 0.105 0.001181
0.105 0.106 0.000000
0.106 0.107 0.000000
0.107 0.108 0.000000
0.108 0.109 0.000000
0.109 0.110 0.000000
0.110 0.111 0.000000
0.111 0.112 0.000000
0.112 0.113 0.000000
0.113 0.114 0.000000
0.114 0.115 0.000000
0.115 0.116 0.000000
0.116 0.117 0.000000
0.117 0.118 0.000000
0.118 0.119 0.000000
0.119 0.120 0.000000
0.120 0.121 0.000000
0.121 0.122 0.000000
0.122 0.123 0.000000
0.123 0.124 0.000000
0.124 0.125 0.000000
0.125 0.126 0.000000
0.126 0.127 0.000000
0.127 0.128 0.000000
0.128 0.129 0.000000
0.129 0.130 0.000000
0.130 0.131 0.000000
0.131 0.132 0.000000
0.132 0.133 0.000000
0.133 0.134 0.000000
0.134 0.135 0.000000
0.135 0.136 0.000000
0.136 0.137 0.000000
0.137 0.138 0.000000
0.138 0.139 0.000000
0.139 0.140 0.000000
0.140 0.141 0.000000
0.141 0.142 0.000000
0.142 0.143 0.000000
0.143 0.144 0.000000
0.144 0.145 0.000000
0.145 0.146 0.000000
0.146 0.147 0.000000
0.147 0.148 0.000000
0.148 0.149 0.000000
0.149 0.150 0.000000
