1
0.000 0.001 0.000000
0.001 0.002 0.000000
0.002 0.003 0.000000
0.003 0.004 0.000000
0.004 0.005 0.000000
0.005 0.006 0.000000
0.006 0.007 0.000000
0.007 0.008 0.000000
0.008 0.009 0.000000
0.009 0.010 0.000000
0.010 0.011 0.000000
0.011 0.012 0.000000
0.012 0.013 0.000000
0.013 0.014 0.000000
0.014 0.015 0.000000
0.015 0.016 0.000003
0.016 0.017 0.000033
0.017 0.018 0.000197
0.018 0.019 0.000834
0.019 0.020 0.002686
0.020 0.021 0.007020
0.021 0.022 0.015431
0.022 0.023 0.029907
0.023 0.024 0.051999
0.024 0.025 0.082721
0.025 0.026 0.122269
0.026 0.027 0.169744
0.027 0.028 0.224761
0.028 0.029 0.285581
0.029 0.030 0.348729
0.030 0.031 0.413108
0.031 0.032 0.476757
0.032 0.033 0.539202
0.033 0.034 0.595829
0.034 0.035 0.647650
0.035 0.036 0.694030
0.036 0.037 0.737634
0.037 0.038 0.775489
0.038 0.039 0.809584
0.039 0.040 0.838827
0.040 0.041 0.859285
0.041 0.042 0.875139
0.042 0.043 0.887124
0.043 0.044 0.894838
0.044 0.045 0.897123
0.045 0.046 0.890645
0.046 0.047 0.883463
0.047 0.048 0.870424
0.048 0.049 0.860871
0.049 0.050 0.847201
0.050 0.051 0.833747
0.051 0.052 0.821703
0.052 0.053 0.802691
0.053 0.054 0.781865
0.054 0.055 0.761128
0.055 0.056 0.737053
0.056 0.057 0.710809
0.057 0.058 0.803667
0.058 0.059 1.000000
0.059 0.060 0.856618
0.060 0.061 0.623112
0.061 0.062 0.599535
0.062 0.063 0.563024
0.063 0.064 0.538017
0.064 0.065 0.514151
0.065 0.066 0.489817
0.066 0.067 0.553927
0.067 0.068 0.533285
0.068 0.069 0.435387
0.069 0.070 0.387263
0.070 0.071 0.328924
0.071 0.072 0.314294
0.072 0.073 0.294970
0.073 0.074 0.278386
0.074 0.075 0.261334
0.075 0.076 0.242830
0.076 0.077 0.224794
0.077 0.078 0.206807
0.078 0.079 0.190916
0.079 0.080 0.173294
0.080 0.081 0.159142
0.081 0.082 0.143071
0.082 0.083 0.128994
0.083 0.084 0.116256
0.084 0.085 0.102968
0.085 0.086 0.089937
0.086 0.087 0.073353
0.087 0.088 0.063492
0.088 0.089 0.052054
0.089 0.090 0.042301
0.090 0.091 0.034494
0.091 0.092 0.023210
0.092 0.093 0.017802
0.093 0.094 0.012212
0.094 0.095 0.004665
0.095 0.096 0.002864
0.096 0.097 0.000000
0.097 0.098 0.000000
0.098 0.099 0.000000
0.099 0.100 0.000000
0.100 0.101 0.000000
0.101 0.102 0.000000
0.102 0.103 0.000000
0.103 0.104 0.000000
0.104 0.105 0.000000
0.105 0.106 0.000000
0.106 0.107 0.000000
0.107 0.108 0.000000
0.108 0.109 0.000000
0.109 0.110 0.000000
0.110 0.111 0.000000
0.111 0.112 0.000000
0.112 0.113 0.000000
0.113 0.114 0.000000
0.114 0.115 0.000000
0.115 0.116 0.000000
0.116 0.117 0.000000
0.117 0.118 0.000000
0.118 0.119 0.000000
0.119 0.120 0.000000
0.120 0.121 0.000000
0.121 0.122 0.000000
0.122 0.123 0.000000
0.123 0.124 0.000000
0.124 0.125 0.000000
0.125 0.126 0.000000
0.126 0.127 0.000000
0.127 0.128 0.000000
0.128 0.129 0.000000
0.129 0.130 0.000000
0.130 0.131 0.000000
0.131 0.132 0.000000
0.132 0.133 0.000000
0.133 0.134 0.000000
0.134 0.135 0.000000
0.135 0.136 0.000000
0.136 0.137 0.000000
0.137 0.138 0.000000
0.138 0.139 0.000000
0.139 0.140 0.000000
0.140 0.141 0.000000
0.141 0.142 0.000000
0.142 0.143 0.000000
0.143 0.144 0.000000
0.144 0.145 0.000000
0.145 0.146 0.000000
0.146 0.147 0.000000
0.147 0.148 0.000000
0.148 0.149 0.000000
0.149 0.150 0.000000
