1
0.000 0.001 0.000000
0.001 0.002 0.000000
0.002 0.003 0.000000
0.003 0.004 0.000000
0.004 0.005 0.000000
0.005 0.006 0.000000
0.006 0.007 0.000000
0.007 0.008 0.000000
0.008 0.009 0.000000
0.009 0.010 0.000000
0.010 0.011 0.000000
0.011 0.012 0.000000
0.012 0.013 0.000000
0.013 0.014 0.000000
0.014 0.015 0.000000
0.015 0.016 0.000000
0.016 0.017 0.000000
0.017 0.018 0.000000
0.018 0.019 0.000001
0.019 0.020 0.000009
0.020 0.021 0.000046
0.021 0.022 0.000188
0.022 0.023 0.000611
0.023 0.024 0.001647
0.024 0.025 0.003830
0.025 0.026 0.007853
0.026 0.027 0.014497
0.027 0.028 0.024613
0.028 0.029 0.038912
0.029 0.030 0.057889
0.030 0.031 0.081541
0.031 0.032 0.109383
0.032 0.033 0.142156
0.033 0.034 0.178428
0.034 0.035 0.216814
0.035 0.036 0.257679
0.036 0.037 0.298717
0.037 0.038 0.340314
0.038 0.039 0.382835
0.039 0.040 0.424623
0.040 0.041 0.462833
0.041 0.042 0.499891
0.042 0.043 0.534227
0.043 0.044 0.565677
0.044 0.045 0.595570
0.045 0.046 0.618098
0.046 0.047 0.640026
0.047 0.048 0.657652
0.048 0.049 0.670293
0.049 0.050 0.680785
0.050 0.051 0.690797
0.051 0.052 0.699841
0.052 0.053 0.699929
0.053 0.054 0.699366
0.054 0.055 0.699647
0.055 0.056 0.692940
0.056 0.057 0.681624
0.057 0.058 0.787165
0.058 0.059 1.000000
0.059 0.060 0.879393
0.060 0.061 0.653194
0.061 0.062 0.635578
0.062 0.063 0.605462
0.063 0.064 0.586977
0.064 0.065 0.567522
0.065 0.066 0.545800
0.066 0.067 0.619194
0.067 0.068 0.602896
0.068 0.069 0.501492
0.069 0.070 0.451370
0.070 0.071 0.393415
0.071 0.072 0.374932
0.072 0.073 0.349889
0.073 0.074 0.326640
0.074 0.075 0.304692
0.075 0.076 0.281711
0.076 0.077 0.257824
0.077 0.078 0.237342
0.078 0.079 0.218181
0.079 0.080 0.198542
0.080 0.081 0.179984
0.081 0.082 0.158162
0.082 0.083 0.137934
0.083 0.084 0.123611
0.084 0.085 0.107867
0.085 0.086 0.090614
0.086 0.087 0.075635
0.087 0.088 0.059692
0.088 0.089 0.045949
0.089 0.090 0.034402
0.090 0.091 0.024339
0.091 0.092 0.014419
0.092 0.093 0.006956
0.093 0.094 0.001895
0.094 0.095 0.000000
0.095 0.096 0.000000
0.096 0.097 0.000000
0.097 0.098 0.000000
0.098 0.099 0.000000
0.099 0.100 0.000000
0.100 0.101 0.000000
0.101 0.102 0.000000
0.102 0.103 0.000000
0.103 0.104 0.000000
0.104 0.105 0.000000
0.105 0.106 0.000000
0.106 0.107 0.000000
0.107 0.108 0.000000
0.108 0.109 0.000000
0.109 0.110 0.000000
0.110 0.111 0.000000
0.111 0.112 0.000000
0.112 0.113 0.000000
0.113 0.114 0.000000
0.114 0.115 0.000000
0.115 0.116 0.000000
0.116 0.117 0.000000
0.117 0.118 0.000000
0.118 0.119 0.000000
0.119 0.120 0.000000
0.120 0.121 0.000000
0.121 0.122 0.000000
0.122 0.123 0.000000
0.123 0.124 0.000000
0.124 0.125 0.000000
0.125 0.126 0.000000
0.126 0.127 0.000000
0.127 0.128 0.000000
0.128 0.129 0.000000
0.129 0.130 0.000000
0.130 0.131 0.000000
0.131 0.132 0.000000
0.132 0.133 0.000000
0.133 0.134 0.000000
0.134 0.135 0.000000
0.135 0.136 0.000000
0.136 0.137 0.000000
0.137 0.138 0.000000
0.138 0.139 0.000000
0.139 0.140 0.000000
0.140 0.141 0.000000
0.141 0.142 0.000000
0.142 0.143 0.000000
0.143 0.144 0.000000
0.144 0.145 0.000000
0.145 0.146 0.000000
0.146 0.147 0.000000
0.147 0.148 0.000000
0.148 0.149 0.000000
0.149 0.150 0.000000
