1
0.000 0.001 0.000000
0.001 0.002 0.000000
0.002 0.003 0.000000
0.003 0.004 0.000000
0.004 0.005 0.000000
0.005 0.006 0.000000
0.006 0.007 0.000000
0.007 0.008 0.000000
0.008 0.009 0.000000
0.009 0.010 0.000000
0.010 0.011 0.000000
0.011 0.012 0.000000
0.012 0.013 0.000000
0.013 0.014 0.000000
0.014 0.015 0.000003
0.015 0.016 0.000026
0.016 0.017 0.000156
0.017 0.018 0.000651
0.018 0.019 0.002057
0.019 0.020 0.005255
0.020 0.021 0.011376
0.021 0.022 0.021509
0.022 0.023 0.036517
0.023 0.024 0.056913
0.024 0.025 0.082638
0.025 0.026 0.113087
0.026 0.027 0.147361
0.027 0.028 0.184894
0.028 0.029 0.224629
0.029 0.030 0.264652
0.030 0.031 0.303705
0.031 0.032 0.342190
0.032 0.033 0.379071
0.033 0.034 0.413152
0.034 0.035 0.444819
0.035 0.036 0.473847
0.036 0.037 0.499926
0.037 0.038 0.520686
0.038 0.039 0.537190
0.039 0.040 0.553145
0.040 0.041 0.565821
0.041 0.042 0.575007
0.042 0.043 0.583632
0.043 0.044 0.588579
0.044 0.045 0.592469
0.045 0.046 0.594291
0.046 0.047 0.591191
0.047 0.048 0.590046
0.048 0.049 0.589061
0.049 0.050 0.581978
0.050 0.051 0.574293
0.051 0.052 0.569731
0.052 0.053 0.564626
0.053 0.054 0.555832
0.054 0.055 0.545454
0.055 0.056 0.538032
0.056 0.057 0.531080
0.057 0.058 0.691471
0.058 0.059 1.000000
0.059 0.060 0.815880
0.060 0.061 0.495329
0.061 0.062 0.484013
0.062 0.063 0.456923
0.063 0.064 0.442894
0.064 0.065 0.429551
0.065 0.066 0.419560
0.066 0.067 0.530960
0.067 0.068 0.520057
0.068 0.069 0.409936
0.069 0.070 0.368693
0.070 0.071 0.306744
0.071 0.072 0.296822
0.072 0.073 0.285105
0.073 0.074 0.279284
0.074 0.075 0.272105
0.075 0.076 0.261733
0.076 0.077 0.249557
0.077 0.078 0.239619
0.078 0.079 0.233913
0.079 0.080 0.226532
0.080 0.081 0.216163
0.081 0.082 0.204837
0.082 0.083 0.194529
0.083 0.084 0.184173
0.084 0.085 0.175027
0.085 0.086 0.167027
0.086 0.087 0.156908
0.087 0.088 0.149630
0.088 0.089 0.142090
0.089 0.090 0.132441
0.090 0.091 0.121602
0.091 0.092 0.111604
0.092 0.093 0.104321
0.093 0.094 0.098952
0.094 0.095 0.090813
0.095 0.096 0.084530
0.096 0.097 0.076986
0.097 0.098 0.068503
0.098 0.099 0.059041
0.099 0.100 0.053414
0.100 0.101 0.050522
0.101 0.102 0.045503
0.102 0.103 0.038208
0.103 0.104 0.033449
0.104 0.105 0.029920
0.105 0.106 0.025146
0.106 0.107 0.021463
0.107 0.108 0.017209
0.108 0.109 0.012921
0.109 0.110 0.009763
0.110 0.111 0.006407
0.111 0.112 0.004607
0.112 0.113 0.002167
0.113 0.114 0.000601
0.114 0.115 0.000000
0.115 0.116 0.000000
0.116 0.117 0.000000
0.117 0.118 0.000000
0.118 0.119 0.000000
0.119 0.120 0.000000
0.120 0.121 0.000000
0.121 0.122 0.000000
0.122 0.123 0.000000
0.123 0.124 0.000000
0.124 0.125 0.000000
0.125 0.126 0.000000
0.126 0.127 0.000000
0.127 0.128 0.000000
0.128 0.129 0.000000
0.129 0.130 0.000000
0.130 0.131 0.000000
0.131 0.132 0.000000
0.132 0.133 0.000000
0.133 0.134 0.000000
0.134 0.135 0.000000
0.135 0.136 0.000000
0.136 0.137 0.000000
0.137 0.138 0.000000
0.138 0.139 0.000000
0.139 0.140 0.000000
0.140 0.141 0.000000
0.141 0.142 0.000000
0.142 0.143 0.000000
0.143 0.144 0.000000
0.144 0.145 0.000000
0.145 0.146 0.000000
0.146 0.147 0.000000
0.147 0.148 0.000000
0.148 0.149 0.000000
0.149 0.150 0.000000
