1
0.000 0.001 0.000000
0.001 0.002 0.000000
0.002 0.003 0.000000
0.003 0.004 0.000000
0.004 0.005 0.000000
0.005 0.006 0.000000
0.006 0.007 0.000000
0.007 0.008 0.000000
0.008 0.009 0.000000
0.009 0.010 0.000000
0.010 0.011 0.000000
0.011 0.012 0.000000
0.012 0.013 0.000000
0.013 0.014 0.000000
0.014 0.015 0.000000
0.015 0.016 0.000000
0.016 0.017 0.000000
0.017 0.018 0.000000
0.018 0.019 0.000002
0.019 0.020 0.000010
0.020 0.021 0.000049
0.021 0.022 0.000179
0.022 0.023 0.000532
0.023 0.024 0.001341
0.024 0.025 0.002954
0.025 0.026 0.005797
0.026 0.027 0.010325
0.027 0.028 0.017025
0.028 0.029 0.026291
0.029 0.030 0.038177
0.030 0.031 0.052940
0.031 0.032 0.070248
0.032 0.033 0.089927
0.033 0.034 0.111873
0.034 0.035 0.135358
0.035 0.036 0.159342
0.036 0.037 0.185083
0.037 0.038 0.211256
0.038 0.039 0.236492
0.039 0.040 0.261359
0.040 0.041 0.285461
0.041 0.042 0.308136
0.042 0.043 0.329695
0.043 0.044 0.349595
0.044 0.045 0.368626
0.045 0.046 0.383998
0.046 0.047 0.397147
0.047 0.048 0.411525
0.048 0.049 0.423115
0.049 0.050 0.429944
0.050 0.051 0.436724
0.051 0.052 0.444173
0.052 0.053 0.448294
0.053 0.054 0.449099
0.054 0.055 0.451719
0.055 0.056 0.454569
0.056 0.057 0.456499
0.057 0.058 0.642873
0.058 0.059 1.000000
0.059 0.060 0.811832
0.060 0.061 0.461004
0.061 0.062 0.457260
0.062 0.063 0.433386
0.063 0.064 0.427092
0.064 0.065 0.419606
0.065 0.066 0.412295
0.066 0.067 0.555008
0.067 0.068 0.549182
0.068 0.069 0.421316
0.069 0.070 0.378819
0.070 0.071 0.304867
0.071 0.072 0.300017
0.072 0.073 0.292983
0.073 0.074 0.288101
0.074 0.075 0.283321
0.075 0.076 0.277545
0.076 0.077 0.269656
0.077 0.078 0.263251
0.078 0.079 0.258506
0.079 0.080 0.253124
0.080 0.081 0.246451
0.081 0.082 0.238087
0.082 0.083 0.230036
0.083 0.084 0.222412
0.084 0.085 0.215601
0.085 0.086 0.208338
0.086 0.087 0.202549
0.087 0.088 0.198574
0.088 0.089 0.192847
0.089 0.090 0.185455
0.090 0.091 0.178807
0.091 0.092 0.169921
0.092 0.093 0.163507
0.093 0.094 0.159915
0.094 0.095 0.153567
0.095 0.096 0.147520
0.096 0.097 0.141254
0.097 0.098 0.133284
0.098 0.099 0.126100
0.099 0.100 0.119746
0.100 0.101 0.115481
0.101 0.102 0.110753
0.102 0.103 0.105060
0.103 0.104 0.100665
0.104 0.105 0.096158
0.105 0.106 0.090602
0.106 0.107 0.085694
0.107 0.108 0.079784
0.108 0.109 0.074883
0.109 0.110 0.070077
0.110 0.111 0.064543
0.111 0.112 0.061205
0.112 0.113 0.056505
0.113 0.114 0.052302
0.114 0.115 0.048847
0.115 0.116 0.045038
0.116 0.117 0.041060
0.117 0.118 0.037160
0.118 0.119 0.031995
0.119 0.120 0.028748
0.120 0.121 0.026307
0.121 0.122 0.024003
0.122 0.123 0.021677
0.123 0.124 0.019201
0.124 0.125 0.016203
0.125 0.126 0.013218
0.126 0.127 0.010845
0.127 0.128 0.007620
0.128 0.129 0.006114
0.129 0.130 0.004648
0.130 0.131 0.003001
0.131 0.132 0.001235
0.132 0.133 0.000759
0.133 0.134 0.000000
0.134 0.135 0.000000
0.135 0.136 0.000000
0.136 0.137 0.000000
0.137 0.138 0.000000
0.138 0.139 0.000000
0.139 0.140 0.000000
0.140 0.141 0.000000
0.141 0.142 0.000000
0.142 0.143 0.000000
0.143 0.144 0.000000
0.144 0.145 0.000000
0.145 0.146 0.000000
0.146 0.147 0.000000
0.147 0.148 0.000000
0.148 0.149 0.000000
0.149 0.150 0.000000
