1
0.000 0.001 0.000000
0.001 0.002 0.000000
0.002 0.003 0.000000
0.003 0.004 0.000000
0.004 0.005 0.000000
0.005 0.006 0.000000
0.006 0.007 0.000000
0.007 0.008 0.000000
0.008 0.009 0.000000
0.009 0.010 0.000000
0.010 0.011 0.000000
0.011 0.012 0.000000
0.012 0.013 0.000000
0.013 0.014 0.000000
0.014 0.015 0.000000
0.015 0.016 0.000000
0.016 0.017 0.000000
0.017 0.018 0.000000
0.018 0.019 0.000001
0.019 0.020 0.000007
0.020 0.021 0.000039
0.021 0.022 0.000161
0.022 0.023 0.000526
0.023 0.024 0.001431
0.024 0.025 0.003366
0.025 0.026 0.006983
0.026 0.027 0.013037
0.027 0.028 0.022389
0.028 0.029 0.035820
0.029 0.030 0.053858
0.030 0.031 0.076737
0.031 0.032 0.103958
0.032 0.033 0.136242
0.033 0.034 0.172418
0.034 0.035 0.211248
0.035 0.036 0.252763
0.036 0.037 0.294829
0.037 0.038 0.338202
0.038 0.039 0.382672
0.039 0.040 0.426461
0.040 0.041 0.467125
0.041 0.042 0.506836
0.042 0.043 0.543771
0.043 0.044 0.577811
0.044 0.045 0.610332
0.045 0.046 0.634698
0.046 0.047 0.658958
0.047 0.048 0.678604
0.048 0.049 0.692572
0.049 0.050 0.704939
0.050 0.051 0.716287
0.051 0.052 0.726031
0.052 0.053 0.726503
0.053 0.054 0.726487
0.054 0.055 0.727449
0.055 0.056 0.719736
0.056 0.057 0.706634
0.057 0.058 0.803240
0.058 0.059 1.000000
0.059 0.060 0.887260
0.060 0.061 0.674821
0.061 0.062 0.655451
0.062 0.063 0.624414
0.063 0.064 0.604183
0.064 0.065 0.582307
0.065 0.066 0.557016
0.066 0.067 0.621854
0.067 0.068 0.602979
0.068 0.069 0.502702
0.069 0.070 0.450806
0.070 0.071 0.393158
0.071 0.072 0.370812
0.072 0.073 0.344046
0.073 0.074 0.319161
0.074 0.075 0.291871
0.075 0.076 0.269309
0.076 0.077 0.247614
0.077 0.078 0.222270
0.078 0.079 0.202401
0.079 0.080 0.183883
0.080 0.081 0.161575
0.081 0.082 0.140080
0.082 0.083 0.121852
0.083 0.084 0.104466
0.084 0.085 0.089526
0.085 0.086 0.074214
0.086 0.087 0.055516
0.087 0.088 0.041759
0.088 0.089 0.025830
0.089 0.090 0.014634
0.090 0.091 0.007732
0.091 0.092 0.002119
0.092 0.093 0.000000
0.093 0.094 0.000000
0.094 0.095 0.000000
0.095 0.096 0.000000
0.096 0.097 0.000000
0.097 0.098 0.000000
0.098 0.099 0.000000
0.099 0.100 0.000000
0.100 0.101 0.000000
0.101 0.102 0.000000
0.102 0.103 0.000000
0.103 0.104 0.000000
0.104 0.105 0.000000
0.105 0.106 0.000000
0.106 0.107 0.000000
0.107 0.108 0.000000
0.108 0.109 0.000000
0.109 0.110 0.000000
0.110 0.111 0.000000
0.111 0.112 0.000000
0.112 0.113 0.000000
0.113 0.114 0.000000
0.114 0.115 0.000000
0.115 0.116 0.000000
0.116 0.117 0.000000
0.117 0.118 0.000000
0.118 0.119 0.000000
0.119 0.120 0.000000
0.120 0.121 0.000000
0.121 0.122 0.000000
0.122 0.123 0.000000
0.123 0.124 0.000000
0.124 0.125 0.000000
0.125 0.126 0.000000
0.126 0.127 0.000000
0.127 0.128 0.000000
0.128 0.129 0.000000
0.129 0.130 0.000000
0.130 0.131 0.000000
0.131 0.132 0.000000
0.132 0.133 0.000000
0.133 0.134 0.000000
0.134 0.135 0.000000
0.135 0.136 0.000000
0.136 0.137 0.000000
0.137 0.138 0.000000
0.138 0.139 0.000000
0.139 0.140 0.000000
0.140 0.141 0.000000
0.141 0.142 0.000000
0.142 0.143 0.000000
0.143 0.144 0.000000
0.144 0.145 0.000000
0.145 0.146 0.000000
0.146 0.147 0.000000
0.147 0.148 0.000000
0.148 0.149 0.000000
0.149 0.150 0.000000
