1
0.000 0.001 0.000000
0.001 0.002 0.000000
0.002 0.003 0.000000
0.003 0.004 0.000000
0.004 0.005 0.000000
0.005 0.006 0.000000
0.006 0.007 0.000000
0.007 0.008 0.000000
0.008 0.009 0.000000
0.009 0.010 0.000000
0.010 0.011 0.000000
0.011 0.012 0.000000
0.012 0.013 0.000000
0.013 0.014 0.000000
0.014 0.015 0.000000
0.015 0.016 0.000000
0.016 0.017 0.000000
0.017 0.018 0.000000
0.018 0.019 0.000000
0.019 0.020 0.000000
0.020 0.021 0.000001
0.021 0.022 0.000008
0.022 0.023 0.000037
0.023 0.024 0.000133
0.024 0.025 0.000406
0.025 0.026 0.001050
0.026 0.027 0.002368
0.027 0.028 0.004786
0.028 0.029 0.008838
0.029 0.030 0.014992
0.030 0.031 0.023764
0.031 0.032 0.035524
0.032 0.033 0.050501
0.033 0.034 0.068801
0.034 0.035 0.090398
0.035 0.036 0.114801
0.036 0.037 0.141623
0.037 0.038 0.169963
0.038 0.039 0.199213
0.039 0.040 0.229670
0.040 0.041 0.261480
0.041 0.042 0.292853
0.042 0.043 0.324302
0.043 0.044 0.354078
0.044 0.045 0.383090
0.045 0.046 0.409665
0.046 0.047 0.433038
0.047 0.048 0.456626
0.048 0.049 0.477847
0.049 0.050 0.492878
0.050 0.051 0.506720
0.051 0.052 0.521066
0.052 0.053 0.533035
0.053 0.054 0.540430
0.054 0.055 0.542741
0.055 0.056 0.549165
0.056 0.057 0.555974
0.057 0.058 0.708213
0.058 0.059 1.000000
0.059 0.060 0.849209
0.060 0.061 0.559310
0.061 0.062 0.554861
0.062 0.063 0.533517
0.063 0.064 0.522252
0.064 0.065 0.511459
0.065 0.066 0.502828
0.066 0.067 0.622844
0.067 0.068 0.612060
0.068 0.069 0.495354
0.069 0.070 0.451649
0.070 0.071 0.384683
0.071 0.072 0.374421
0.072 0.073 0.360377
0.073 0.074 0.354460
0.074 0.075 0.346523
0.075 0.076 0.333382
0.076 0.077 0.317715
0.077 0.078 0.304189
0.078 0.079 0.295449
0.079 0.080 0.284977
0.080 0.081 0.269104
0.081 0.082 0.256170
0.082 0.083 0.243978
0.083 0.084 0.231199
0.084 0.085 0.220050
0.085 0.086 0.210305
0.086 0.087 0.198187
0.087 0.088 0.188008
0.088 0.089 0.177473
0.089 0.090 0.164259
0.090 0.091 0.147888
0.091 0.092 0.136074
0.092 0.093 0.127310
0.093 0.094 0.120345
0.094 0.095 0.110847
0.095 0.096 0.101860
0.096 0.097 0.090673
0.097 0.098 0.078371
0.098 0.099 0.063528
0.099 0.100 0.056673
0.100 0.101 0.053794
0.101 0.102 0.047579
0.102 0.103 0.039077
0.103 0.104 0.031868
0.104 0.105 0.026215
0.105 0.106 0.017992
0.106 0.107 0.013839
0.107 0.108 0.009248
0.108 0.109 0.003500
0.109 0.110 0.002056
0.110 0.111 0.000000
0.111 0.112 0.000000
0.112 0.113 0.000000
0.113 0.114 0.000000
0.114 0.115 0.000000
0.115 0.116 0.000000
0.116 0.117 0.000000
0.117 0.118 0.000000
0.118 0.119 0.000000
0.119 0.120 0.000000
0.120 0.121 0.000000
0.121 0.122 0.000000
0.122 0.123 0.000000
0.123 0.124 0.000000
0.124 0.125 0.000000
0.125 0.126 0.000000
0.126 0.127 0.000000
0.127 0.128 0.000000
0.128 0.129 0.000000
0.129 0.130 0.000000
0.130 0.131 0.000000
0.131 0.132 0.000000
0.132 0.133 0.000000
0.133 0.134 0.000000
0.134 0.135 0.000000
0.135 0.136 0.000000
0.136 0.137 0.000000
0.137 0.138 0.000000
0.138 0.139 0.000000
0.139 0.140 0.000000
0.140 0.141 0.000000
0.141 0.142 0.000000
0.142 0.143 0.000000
0.143 0.144 0.000000
0.144 0.145 0.000000
0.145 0.146 0.000000
0.146 0.147 0.000000
0.147 0.148 0.000000
0.148 0.149 0.000000
0.149 0.150 0.000000
