1
0.000 0.001 0.000000
0.001 0.002 0.000000
0.002 0.003 0.000000
0.003 0.004 0.000000
0.004 0.005 0.000000
0.005 0.006 0.000000
0.006 0.007 0.000000
0.007 0.008 0.000000
0.008 0.009 0.000000
0.009 0.010 0.000000
0.010 0.011 0.000000
0.011 0.012 0.000000
0.012 0.013 0.000000
0.013 0.014 0.000000
0.014 0.015 0.000000
0.015 0.016 0.000000
0.016 0.017 0.000000
0.017 0.018 0.000000
0.018 0.019 0.000000
0.019 0.020 0.000000
0.020 0.021 0.000002
0.021 0.022 0.000012
0.022 0.023 0.000052
0.023 0.024 0.000179
0.024 0.025 0.000521
0.025 0.026 0.001293
0.026 0.027 0.002817
0.027 0.028 0.005534
0.028 0.029 0.009958
0.029 0.030 0.016542
0.030 0.031 0.025705
0.031 0.032 0.037810
0.032 0.033 0.053180
0.033 0.034 0.071577
0.034 0.035 0.092924
0.035 0.036 0.117403
0.036 0.037 0.144003
0.037 0.038 0.171664
0.038 0.039 0.200909
0.039 0.040 0.231778
0.040 0.041 0.262172
0.041 0.042 0.292214
0.042 0.043 0.322613
0.043 0.044 0.351015
0.044 0.045 0.379085
0.045 0.046 0.405229
0.046 0.047 0.427936
0.047 0.048 0.450341
0.048 0.049 0.471475
0.049 0.050 0.487505
0.050 0.051 0.502405
0.051 0.052 0.518349
0.052 0.053 0.531388
0.053 0.054 0.540763
0.054 0.055 0.547332
0.055 0.056 0.553210
0.056 0.057 0.559011
0.057 0.058 0.710340
0.058 0.059 1.000000
0.059 0.060 0.851094
0.060 0.061 0.564847
0.061 0.062 0.560455
0.062 0.063 0.540284
0.063 0.064 0.530818
0.064 0.065 0.521664
0.065 0.066 0.514101
0.066 0.067 0.632827
0.067 0.068 0.625527
0.068 0.069 0.508615
0.069 0.070 0.463365
0.070 0.071 0.396842
0.071 0.072 0.385299
0.072 0.073 0.369443
0.073 0.074 0.361881
0.074 0.075 0.352387
0.075 0.076 0.337146
0.076 0.077 0.319251
0.077 0.078 0.305367
0.078 0.079 0.296056
0.079 0.080 0.285205
0.080 0.081 0.270712
0.081 0.082 0.252640
0.082 0.083 0.238322
0.083 0.084 0.223418
0.084 0.085 0.210157
0.085 0.086 0.198257
0.086 0.087 0.183344
0.087 0.088 0.172845
0.088 0.089 0.161843
0.089 0.090 0.148776
0.090 0.091 0.133048
0.091 0.092 0.120658
0.092 0.093 0.110634
0.093 0.094 0.101620
0.094 0.095 0.089870
0.095 0.096 0.081477
0.096 0.097 0.070858
0.097 0.098 0.059438
0.098 0.099 0.045879
0.099 0.100 0.038440
0.100 0.101 0.034786
0.101 0.102 0.026825
0.102 0.103 0.020090
0.103 0.104 0.013259
0.104 0.105 0.009733
0.105 0.106 0.004747
0.106 0.107 0.001314
0.107 0.108 0.000000
0.108 0.109 0.000000
0.109 0.110 0.000000
0.110 0.111 0.000000
0.111 0.112 0.000000
0.112 0.113 0.000000
0.113 0.114 0.000000
0.114 0.115 0.000000
0.115 0.116 0.000000
0.116 0.117 0.000000
0.117 0.118 0.000000
0.118 0.119 0.000000
0.119 0.120 0.000000
0.120 0.121 0.000000
0.121 0.122 0.000000
0.122 0.123 0.000000
0.123 0.124 0.000000
0.124 0.125 0.000000
0.125 0.126 0.000000
0.126 0.127 0.000000
0.127 0.128 0.000000
0.128 0.129 0.000000
0.129 0.130 0.000000
0.130 0.131 0.000000
0.131 0.132 0.000000
0.132 0.133 0.000000
0.133 0.134 0.000000
0.134 0.135 0.000000
0.135 0.136 0.000000
0.136 0.137 0.000000
0.137 0.138 0.000000
0.138 0.139 0.000000
0.139 0.140 0.000000
0.140 0.141 0.000000
0.141 0.142 0.000000
0.142 0.143 0.000000
0.143 0.144 0.000000
0.144 0.145 0.000000
0.145 0.146 0.000000
0.146 0.147 0.000000
0.147 0.148 0.000000
0.148 0.149 0.000000
0.149 0.150 0.000000
