1
0.000 0.001 0.000000
0.001 0.002 0.000000
0.002 0.003 0.000000
0.003 0.004 0.000000
0.004 0.005 0.000000
0.005 0.006 0.000000
0.006 0.007 0.000000
0.007 0.008 0.000000
0.008 0.009 0.000000
0.009 0.010 0.000000
0.010 0.011 0.000000
0.011 0.012 0.000000
0.012 0.013 0.000000
0.013 0.014 0.000000
0.014 0.015 0.000000
0.015 0.016 0.000000
0.016 0.017 0.000000
0.017 0.018 0.000000
0.018 0.019 0.000000
0.019 0.020 0.000000
0.020 0.021 0.000001
0.021 0.022 0.000008
0.022 0.023 0.000035
0.023 0.024 0.000128
0.024 0.025 0.000383
0.025 0.026 0.000978
0.026 0.027 0.002176
0.027 0.028 0.004364
0.028 0.029 0.008001
0.029 0.030 0.013454
0.030 0.031 0.021191
0.031 0.032 0.031529
0.032 0.033 0.044628
0.033 0.034 0.060442
0.034 0.035 0.079148
0.035 0.036 0.100440
0.036 0.037 0.124054
0.037 0.038 0.149293
0.038 0.039 0.175268
0.039 0.040 0.202375
0.040 0.041 0.229723
0.041 0.042 0.256329
0.042 0.043 0.283365
0.043 0.044 0.309234
0.044 0.045 0.334149
0.045 0.046 0.356816
0.046 0.047 0.375590
0.047 0.048 0.396817
0.048 0.049 0.416910
0.049 0.050 0.432545
0.050 0.051 0.445844
0.051 0.052 0.459786
0.052 0.053 0.472258
0.053 0.054 0.481047
0.054 0.055 0.487594
0.055 0.056 0.494038
0.056 0.057 0.499073
0.057 0.058 0.670270
0.058 0.059 1.000000
0.059 0.060 0.831911
0.060 0.061 0.507150
0.061 0.062 0.505952
0.062 0.063 0.486475
0.063 0.064 0.480819
0.064 0.065 0.473763
0.065 0.066 0.468430
0.066 0.067 0.608613
0.067 0.068 0.604330
0.068 0.069 0.477713
0.069 0.070 0.433486
0.070 0.071 0.360638
0.071 0.072 0.352061
0.072 0.073 0.340967
0.073 0.074 0.334033
0.074 0.075 0.328626
0.075 0.076 0.320964
0.076 0.077 0.310488
0.077 0.078 0.301549
0.078 0.079 0.296644
0.079 0.080 0.289952
0.080 0.081 0.279819
0.081 0.082 0.268033
0.082 0.083 0.257696
0.083 0.084 0.247618
0.084 0.085 0.237078
0.085 0.086 0.230791
0.086 0.087 0.221773
0.087 0.088 0.215869
0.088 0.089 0.208903
0.089 0.090 0.198861
0.090 0.091 0.189018
0.091 0.092 0.176335
0.092 0.093 0.167739
0.093 0.094 0.162752
0.094 0.095 0.153653
0.095 0.096 0.143699
0.096 0.097 0.135802
0.097 0.098 0.126031
0.098 0.099 0.116480
0.099 0.100 0.109147
0.100 0.101 0.104214
0.101 0.102 0.097599
0.102 0.103 0.088198
0.103 0.104 0.080813
0.104 0.105 0.074038
0.105 0.106 0.068570
0.106 0.107 0.063018
0.107 0.108 0.056137
0.108 0.109 0.050160
0.109 0.110 0.043597
0.110 0.111 0.037504
0.111 0.112 0.031623
0.112 0.113 0.027146
0.113 0.114 0.023395
0.114 0.115 0.019476
0.115 0.116 0.014920
0.116 0.117 0.010014
0.117 0.118 0.007404
0.118 0.119 0.004360
0.119 0.120 0.001689
0.120 0.121 0.001212
0.121 0.122 0.000000
0.122 0.123 0.000000
0.123 0.124 0.000000
0.124 0.125 0.000000
0.125 0.126 0.000000
0.126 0.127 0.000000
0.127 0.128 0.000000
0.128 0.129 0.000000
0.129 0.130 0.000000
0.130 0.131 0.000000
0.131 0.132 0.000000
0.132 0.133 0.000000
0.133 0.134 0.000000
0.134 0.135 0.000000
0.135 0.136 0.000000
0.136 0.137 0.000000
0.137 0.138 0.000000
0.138 0.139 0.000000
0.139 0.140 0.000000
0.140 0.141 0.000000
0.141 0.142 0.000000
0.142 0.143 0.000000
0.143 0.144 0.000000
0.144 0.145 0.000000
0.145 0.146 0.000000
0.146 0.147 0.000000
0.147 0.148 0.000000
0.148 0.149 0.000000
0.149 0.150 0.000000
