1
0.000 0.001 0.000000
0.001 0.002 0.000000
0.002 0.003 0.000000
0.003 0.004 0.000000
0.004 0.005 0.000000
0.005 0.006 0.000000
0.006 0.007 0.000000
0.007 0.008 0.000000
0.008 0.009 0.000000
0.009 0.010 0.000000
0.010 0.011 0.000000
0.011 0.012 0.000000
0.012 0.013 0.000000
0.013 0.014 0.000000
0.014 0.015 0.000000
0.015 0.016 0.000001
0.016 0.017 0.000008
0.017 0.018 0.000053
0.018 0.019 0.000235
0.019 0.020 0.000809
0.020 0.021 0.002255
0.021 0.022 0.005305
0.022 0.023 0.010873
0.023 0.024 0.019908
0.024 0.025 0.033261
0.025 0.026 0.051404
0.026 0.027 0.074320
0.027 0.028 0.102247
0.028 0.029 0.134667
0.029 0.030 0.169973
0.030 0.031 0.207773
0.031 0.032 0.246526
0.032 0.033 0.287556
0.033 0.034 0.327915
0.034 0.035 0.367137
0.035 0.036 0.405593
0.036 0.037 0.441705
0.037 0.038 0.473125
0.038 0.039 0.500923
0.039 0.040 0.527192
0.040 0.041 0.549407
0.041 0.042 0.567561
0.042 0.043 0.584574
0.043 0.044 0.596927
0.044 0.045 0.607004
0.045 0.046 0.613538
0.046 0.047 0.613063
0.047 0.048 0.617487
0.048 0.049 0.621095
0.049 0.050 0.618421
0.050 0.051 0.613860
0.051 0.052 0.611374
0.052 0.053 0.607794
0.053 0.054 0.600401
0.054 0.055 0.590478
0.055 0.056 0.581100
0.056 0.057 0.571877
0.057 0.058 0.716952
0.058 0.059 1.000000
0.059 0.060 0.828370
0.060 0.061 0.525210
0.061 0.062 0.513493
0.062 0.063 0.486778
0.063 0.064 0.471445
0.064 0.065 0.456616
0.065 0.066 0.444097
0.066 0.067 0.548754
0.067 0.068 0.536041
0.068 0.069 0.425776
0.069 0.070 0.382693
0.070 0.071 0.320551
0.071 0.072 0.307649
0.072 0.073 0.291098
0.073 0.074 0.284803
0.074 0.075 0.277090
0.075 0.076 0.265914
0.076 0.077 0.252964
0.077 0.078 0.241956
0.078 0.079 0.234908
0.079 0.080 0.226630
0.080 0.081 0.215556
0.081 0.082 0.203005
0.082 0.083 0.191484
0.083 0.084 0.179822
0.084 0.085 0.168091
0.085 0.086 0.161052
0.086 0.087 0.152300
0.087 0.088 0.145338
0.088 0.089 0.138105
0.089 0.090 0.128811
0.090 0.091 0.118581
0.091 0.092 0.107993
0.092 0.093 0.099933
0.093 0.094 0.092503
0.094 0.095 0.086126
0.095 0.096 0.080131
0.096 0.097 0.072730
0.097 0.098 0.064437
0.098 0.099 0.055282
0.099 0.100 0.048925
0.100 0.101 0.045641
0.101 0.102 0.038873
0.102 0.103 0.033233
0.103 0.104 0.028664
0.104 0.105 0.025292
0.105 0.106 0.021173
0.106 0.107 0.016786
0.107 0.108 0.010993
0.108 0.109 0.008285
0.109 0.110 0.005514
0.110 0.111 0.002044
0.111 0.112 0.001273
0.112 0.113 0.000000
0.113 0.114 0.000000
0.114 0.115 0.000000
0.115 0.116 0.000000
0.116 0.117 0.000000
0.117 0.118 0.000000
0.118 0.119 0.000000
0.119 0.120 0.000000
0.120 0.121 0.000000
0.121 0.122 0.000000
0.122 0.123 0.000000
0.123 0.124 0.000000
0.124 0.125 0.000000
0.125 0.126 0.000000
0.126 0.127 0.000000
0.127 0.128 0.000000
0.128 0.129 0.000000
0.129 0.130 0.000000
0.130 0.131 0.000000
0.131 0.132 0.000000
0.132 0.133 0.000000
0.133 0.134 0.000000
0.134 0.135 0.000000
0.135 0.136 0.000000
0.136 0.137 0.000000
0.137 0.138 0.000000
0.138 0.139 0.000000
0.139 0.140 0.000000
0.140 0.141 0.000000
0.141 0.142 0.000000
0.142 0.143 0.000000
0.143 0.144 0.000000
0.144 0.145 0.000000
0.145 0.146 0.000000
0.146 0.147 0.000000
0.147 0.148 0.000000
0.148 0.149 0.000000
0.149 0.150 0.000000
