1
0.000 0.001 0.000000
0.001 0.002 0.000000
0.002 0.003 0.000000
0.003 0.004 0.000000
0.004 0.005 0.000000
0.005 0.006 0.000000
0.006 0.007 0.000000
0.007 0.008 0.000000
0.008 0.009 0.000000
0.009 0.010 0.000000
0.010 0.011 0.000000
0.011 0.012 0.000000
0.012 0.013 0.000000
0.013 0.014 0.000000
0.014 0.015 0.000000
0.015 0.016 0.000000
0.016 0.017 0.000001
0.017 0.018 0.000007
0.018 0.019 0.000047
0.019 0.020 0.000221
0.020 0.021 0.000785
0.021 0.022 0.002244
0.022 0.023 0.005375
0.023 0.024 0.011191
0.024 0.025 0.020826
0.025 0.026 0.035158
0.026 0.027 0.054793
0.027 0.028 0.080321
0.028 0.029 0.111687
0.029 0.030 0.148119
0.030 0.031 0.188361
0.031 0.032 0.231610
0.032 0.033 0.277685
0.033 0.034 0.324479
0.034 0.035 0.370432
0.035 0.036 0.416421
0.036 0.037 0.459624
0.037 0.038 0.498243
0.038 0.039 0.535506
0.039 0.040 0.571253
0.040 0.041 0.600990
0.041 0.042 0.627083
0.042 0.043 0.651125
0.043 0.044 0.669922
0.044 0.045 0.686348
0.045 0.046 0.697594
0.046 0.047 0.704500
0.047 0.048 0.709944
0.048 0.049 0.712422
0.049 0.050 0.709222
0.050 0.051 0.705973
0.051 0.052 0.702771
0.052 0.053 0.694872
0.053 0.054 0.685278
0.054 0.055 0.672931
0.055 0.056 0.660210
0.056 0.057 0.646948
0.057 0.058 0.765360
0.058 0.059 1.000000
0.059 0.060 0.850619
0.060 0.061 0.589790
0.061 0.062 0.570803
0.062 0.063 0.536661
0.063 0.064 0.516721
0.064 0.065 0.498222
0.065 0.066 0.480652
0.066 0.067 0.563973
0.067 0.068 0.547453
0.068 0.069 0.443590
0.069 0.070 0.396658
0.070 0.071 0.340332
0.071 0.072 0.326146
0.072 0.073 0.307771
0.073 0.074 0.295835
0.074 0.075 0.282786
0.075 0.076 0.265559
0.076 0.077 0.246223
0.077 0.078 0.232700
0.078 0.079 0.222377
0.079 0.080 0.211294
0.080 0.081 0.197578
0.081 0.082 0.181703
0.082 0.083 0.165699
0.083 0.084 0.153214
0.084 0.085 0.141796
0.085 0.086 0.131364
0.086 0.087 0.119553
0.087 0.088 0.108334
0.088 0.089 0.095368
0.089 0.090 0.085560
0.090 0.091 0.075350
0.091 0.092 0.065427
0.092 0.093 0.055325
0.093 0.094 0.048654
0.094 0.095 0.041452
0.095 0.096 0.034633
0.096 0.097 0.025479
0.097 0.098 0.019469
0.098 0.099 0.013140
0.099 0.100 0.007399
0.100 0.101 0.005509
0.101 0.102 0.001529
0.102 0.103 0.000000
0.103 0.104 0.000000
0.104 0.105 0.000000
0.105 0.106 0.000000
0.106 0.107 0.000000
0.107 0.108 0.000000
0.108 0.109 0.000000
0.109 0.110 0.000000
0.110 0.111 0.000000
0.111 0.112 0.000000
0.112 0.113 0.000000
0.113 0.114 0.000000
0.114 0.115 0.000000
0.115 0.116 0.000000
0.116 0.117 0.000000
0.117 0.118 0.000000
0.118 0.119 0.000000
0.119 0.120 0.000000
0.120 0.121 0.000000
0.121 0.122 0.000000
0.122 0.123 0.000000
0.123 0.124 0.000000
0.124 0.125 0.000000
0.125 0.126 0.000000
0.126 0.127 0.000000
0.127 0.128 0.000000
0.128 0.129 0.000000
0.129 0.130 0.000000
0.130 0.131 0.000000
0.131 0.132 0.000000
0.132 0.133 0.000000
0.133 0.134 0.000000
0.134 0.135 0.000000
0.135 0.136 0.000000
0.136 0.137 0.000000
0.137 0.138 0.000000
0.138 0.139 0.000000
0.139 0.140 0.000000
0.140 0.141 0.000000
0.141 0.142 0.000000
0.142 0.143 0.000000
0.143 0.144 0.000000
0.144 0.145 0.000000
0.145 0.146 0.000000
0.146 0.147 0.000000
0.147 0.148 0.000000
0.148 0.149 0.000000
0.149 0.150 0.000000
