1
0.000 0.001 0.000000
0.001 0.002 0.000000
0.002 0.003 0.000000
0.003 0.004 0.000000
0.004 0.005 0.000000
0.005 0.006 0.000000
0.006 0.007 0.000000
0.007 0.008 0.000000
0.008 0.009 0.000000
0.009 0.010 0.000000
0.010 0.011 0.000000
0.011 0.012 0.000000
0.012 0.013 0.000000
0.013 0.014 0.000000
0.014 0.015 0.000000
0.015 0.016 0.000000
0.016 0.017 0.000000
0.017 0.018 0.000001
0.018 0.019 0.000009
0.019 0.020 0.000055
0.020 0.021 0.000236
0.021 0.022 0.000792
0.022 0.023 0.002181
0.023 0.024 0.005114
0.024 0.025 0.010521
0.025 0.026 0.019428
0.026 0.027 0.032753
0.027 0.028 0.051370
0.028 0.029 0.075806
0.029 0.030 0.105903
0.030 0.031 0.141140
0.031 0.032 0.180696
0.032 0.033 0.224489
0.033 0.034 0.270635
0.034 0.035 0.317954
0.035 0.036 0.366351
0.036 0.037 0.413414
0.037 0.038 0.458147
0.038 0.039 0.501451
0.039 0.040 0.543326
0.040 0.041 0.580108
0.041 0.042 0.613467
0.042 0.043 0.643459
0.043 0.044 0.668830
0.044 0.045 0.691188
0.045 0.046 0.706910
0.046 0.047 0.719628
0.047 0.048 0.728156
0.048 0.049 0.731540
0.049 0.050 0.733399
0.050 0.051 0.734403
0.051 0.052 0.733130
0.052 0.053 0.725551
0.053 0.054 0.716929
0.054 0.055 0.706668
0.055 0.056 0.691954
0.056 0.057 0.673629
0.057 0.058 0.782124
0.058 0.059 1.000000
0.059 0.060 0.863490
0.060 0.061 0.620755
0.061 0.062 0.600697
0.062 0.063 0.566629
0.063 0.064 0.541078
0.064 0.065 0.522028
0.065 0.066 0.502586
0.066 0.067 0.579883
0.067 0.068 0.562978
0.068 0.069 0.460671
0.069 0.070 0.413296
0.070 0.071 0.353518
0.071 0.072 0.339157
0.072 0.073 0.319813
0.073 0.074 0.304918
0.074 0.075 0.289105
0.075 0.076 0.270266
0.076 0.077 0.251343
0.077 0.078 0.231502
0.078 0.079 0.219422
0.079 0.080 0.206840
0.080 0.081 0.191412
0.081 0.082 0.173485
0.082 0.083 0.157235
0.083 0.084 0.140095
0.084 0.085 0.127814
0.085 0.086 0.116189
0.086 0.087 0.102933
0.087 0.088 0.090048
0.088 0.089 0.074427
0.089 0.090 0.064312
0.090 0.091 0.055251
0.091 0.092 0.045395
0.092 0.093 0.034409
0.093 0.094 0.027577
0.094 0.095 0.020563
0.095 0.096 0.012273
0.096 0.097 0.007806
0.097 0.098 0.002014
0.098 0.099 0.000000
0.099 0.100 0.000000
0.100 0.101 0.000000
0.101 0.102 0.000000
0.102 0.103 0.000000
0.103 0.104 0.000000
0.104 0.105 0.000000
0.105 0.106 0.000000
0.106 0.107 0.000000
0.107 0.108 0.000000
0.108 0.109 0.000000
0.109 0.110 0.000000
0.110 0.111 0.000000
0.111 0.112 0.000000
0.112 0.113 0.000000
0.113 0.114 0.000000
0.114 0.115 0.000000
0.115 0.116 0.000000
0.116 0.117 0.000000
0.117 0.118 0.000000
0.118 0.119 0.000000
0.119 0.120 0.000000
0.120 0.121 0.000000
0.121 0.122 0.000000
0.122 0.123 0.000000
0.123 0.124 0.000000
0.124 0.125 0.000000
0.125 0.126 0.000000
0.126 0.127 0.000000
0.127 0.128 0.000000
0.128 0.129 0.000000
0.129 0.130 0.000000
0.130 0.131 0.000000
0.131 0.132 0.000000
0.132 0.133 0.000000
0.133 0.134 0.000000
0.134 0.135 0.000000
0.135 0.136 0.000000
0.136 0.137 0.000000
0.137 0.138 0.000000
0.138 0.139 0.000000
0.139 0.140 0.000000
0.140 0.141 0.000000
0.141 0.142 0.000000
0.142 0.143 0.000000
0.143 0.144 0.000000
0.144 0.145 0.000000
0.145 0.146 0.000000
0.146 0.147 0.000000
0.147 0.148 0.000000
0.148 0.149 0.000000
0.149 0.150 0.000000
