1
0.000 0.001 0.000000
0.001 0.002 0.000000
0.002 0.003 0.000000
0.003 0.004 0.000000
0.004 0.005 0.000000
0.005 0.006 0.000000
0.006 0.007 0.000000
0.007 0.008 0.000000
0.008 0.009 0.000000
0.009 0.010 0.000000
0.010 0.011 0.000000
0.011 0.012 0.000000
0.012 0.013 0.000000
0.013 0.014 0.000000
0.014 0.015 0.000000
0.015 0.016 0.000000
0.016 0.017 0.000001
0.017 0.018 0.000009
0.018 0.019 0.000049
0.019 0.020 0.000195
0.020 0.021 0.000612
0.021 0.022 0.001591
0.022 0.023 0.003553
0.023 0.024 0.007022
0.024 0.025 0.012546
0.025 0.026 0.020586
0.026 0.027 0.031483
0.027 0.028 0.045510
0.028 0.029 0.062585
0.029 0.030 0.082194
0.030 0.031 0.104310
0.031 0.032 0.128288
0.032 0.033 0.153775
0.033 0.034 0.180110
0.034 0.035 0.206415
0.035 0.036 0.232467
0.036 0.037 0.258026
0.037 0.038 0.283231
0.038 0.039 0.306313
0.039 0.040 0.327822
0.040 0.041 0.347574
0.041 0.042 0.365456
0.042 0.043 0.382377
0.043 0.044 0.396741
0.044 0.045 0.410398
0.045 0.046 0.420292
0.046 0.047 0.428625
0.047 0.048 0.437746
0.048 0.049 0.443891
0.049 0.050 0.447052
0.050 0.051 0.450101
0.051 0.052 0.453282
0.052 0.053 0.453308
0.053 0.054 0.452152
0.054 0.055 0.450760
0.055 0.056 0.449206
0.056 0.057 0.447288
0.057 0.058 0.636839
0.058 0.059 1.000000
0.059 0.060 0.801711
0.060 0.061 0.440770
0.061 0.062 0.434762
0.062 0.063 0.408554
0.063 0.064 0.401776
0.064 0.065 0.393997
0.065 0.066 0.385791
0.066 0.067 0.525798
0.067 0.068 0.519084
0.068 0.069 0.393469
0.069 0.070 0.352705
0.070 0.071 0.282231
0.071 0.072 0.276323
0.072 0.073 0.268359
0.073 0.074 0.262252
0.074 0.075 0.256140
0.075 0.076 0.250789
0.076 0.077 0.243682
0.077 0.078 0.238092
0.078 0.079 0.233555
0.079 0.080 0.228726
0.080 0.081 0.223219
0.081 0.082 0.216178
0.082 0.083 0.209053
0.083 0.084 0.202335
0.084 0.085 0.196449
0.085 0.086 0.190873
0.086 0.087 0.184464
0.087 0.088 0.180595
0.088 0.089 0.175156
0.089 0.090 0.168792
0.090 0.091 0.163068
0.091 0.092 0.155624
0.092 0.093 0.149859
0.093 0.094 0.146222
0.094 0.095 0.140615
0.095 0.096 0.135434
0.096 0.097 0.130238
0.097 0.098 0.123215
0.098 0.099 0.117821
0.099 0.100 0.113754
0.100 0.101 0.110005
0.101 0.102 0.105537
0.102 0.103 0.100671
0.103 0.104 0.096744
0.104 0.105 0.092378
0.105 0.106 0.087204
0.106 0.107 0.082719
0.107 0.108 0.077113
0.108 0.109 0.073658
0.109 0.110 0.070473
0.110 0.111 0.066886
0.111 0.112 0.063501
0.112 0.113 0.058932
0.113 0.114 0.054683
0.114 0.115 0.051364
0.115 0.116 0.047888
0.116 0.117 0.043599
0.117 0.118 0.040850
0.118 0.119 0.037307
0.119 0.120 0.034533
0.120 0.121 0.032798
0.121 0.122 0.030235
0.122 0.123 0.027686
0.123 0.124 0.024666
0.124 0.125 0.022170
0.125 0.126 0.019650
0.126 0.127 0.017671
0.127 0.128 0.015227
0.128 0.129 0.013096
0.129 0.130 0.010679
0.130 0.131 0.008976
0.131 0.132 0.007992
0.132 0.133 0.006604
0.133 0.134 0.004957
0.134 0.135 0.003150
0.135 0.136 0.002293
0.136 0.137 0.001477
0.137 0.138 0.000372
0.138 0.139 0.000000
0.139 0.140 0.000000
0.140 0.141 0.000000
0.141 0.142 0.000000
0.142 0.143 0.000000
0.143 0.144 0.000000
0.144 0.145 0.000000
0.145 0.146 0.000000
0.146 0.147 0.000000
0.147 0.148 0.000000
0.148 0.149 0.000000
0.149 0.150 0.000000
