1
0.000 0.001 0.000000
0.001 0.002 0.000000
0.002 0.003 0.000000
0.003 0.004 0.000000
0.004 0.005 0.000000
0.005 0.006 0.000000
0.006 0.007 0.000000
0.007 0.008 0.000000
0.008 0.009 0.000000
0.009 0.010 0.000000
0.010 0.011 0.000000
0.011 0.012 0.000000
0.012 0.013 0.000000
0.013 0.014 0.000000
0.014 0.015 0.000000
0.015 0.016 0.000000
0.016 0.017 0.000000
0.017 0.018 0.000000
0.018 0.019 0.000000
0.019 0.020 0.000001
0.020 0.021 0.000009
0.021 0.022 0.000045
0.022 0.023 0.000172
0.023 0.024 0.000543
0.024 0.025 0.001443
0.025 0.026 0.003329
0.026 0.027 0.006796
0.027 0.028 0.012627
0.028 0.029 0.021639
0.029 0.030 0.034317
0.030 0.031 0.051365
0.031 0.032 0.072925
0.032 0.033 0.099172
0.033 0.034 0.129297
0.034 0.035 0.162995
0.035 0.036 0.200290
0.036 0.037 0.238113
0.037 0.038 0.278911
0.038 0.039 0.321237
0.039 0.040 0.364308
0.040 0.041 0.405130
0.041 0.042 0.444243
0.042 0.043 0.482368
0.043 0.044 0.518046
0.044 0.045 0.550554
0.045 0.046 0.576511
0.046 0.047 0.600081
0.047 0.048 0.620187
0.048 0.049 0.634463
0.049 0.050 0.649346
0.050 0.051 0.662509
0.051 0.052 0.675009
0.052 0.053 0.680119
0.053 0.054 0.682438
0.054 0.055 0.683639
0.055 0.056 0.679036
0.056 0.057 0.670536
0.057 0.058 0.780581
0.058 0.059 1.000000
0.059 0.060 0.872964
0.060 0.061 0.633982
0.061 0.062 0.620952
0.062 0.063 0.593022
0.063 0.064 0.575924
0.064 0.065 0.559008
0.065 0.066 0.540568
0.066 0.067 0.623553
0.067 0.068 0.608228
0.068 0.069 0.501425
0.069 0.070 0.451773
0.070 0.071 0.391141
0.071 0.072 0.369723
0.072 0.073 0.351070
0.073 0.074 0.335641
0.074 0.075 0.319125
0.075 0.076 0.299937
0.076 0.077 0.280740
0.077 0.078 0.261649
0.078 0.079 0.244966
0.079 0.080 0.228045
0.080 0.081 0.205332
0.081 0.082 0.187325
0.082 0.083 0.171206
0.083 0.084 0.156235
0.084 0.085 0.140863
0.085 0.086 0.125869
0.086 0.087 0.108846
0.087 0.088 0.089744
0.088 0.089 0.076213
0.089 0.090 0.064399
0.090 0.091 0.054482
0.091 0.092 0.042983
0.092 0.093 0.029204
0.093 0.094 0.022354
0.094 0.095 0.015342
0.095 0.096 0.006002
0.096 0.097 0.003553
0.097 0.098 0.000000
0.098 0.099 0.000000
0.099 0.100 0.000000
0.100 0.101 0.000000
0.101 0.102 0.000000
0.102 0.103 0.000000
0.103 0.104 0.000000
0.104 0.105 0.000000
0.105 0.106 0.000000
0.106 0.107 0.000000
0.107 0.108 0.000000
0.108 0.109 0.000000
0.109 0.110 0.000000
0.110 0.111 0.000000
0.111 0.112 0.000000
0.112 0.113 0.000000
0.113 0.114 0.000000
0.114 0.115 0.000000
0.115 0.116 0.000000
0.116 0.117 0.000000
0.117 0.118 0.000000
0.118 0.119 0.000000
0.119 0.120 0.000000
0.120 0.121 0.000000
0.121 0.122 0.000000
0.122 0.123 0.000000
0.123 0.124 0.000000
0.124 0.125 0.000000
0.125 0.126 0.000000
0.126 0.127 0.000000
0.127 0.128 0.000000
0.128 0.129 0.000000
0.129 0.130 0.000000
0.130 0.131 0.000000
0.131 0.132 0.000000
0.132 0.133 0.000000
0.133 0.134 0.000000
0.134 0.135 0.000000
0.135 0.136 0.000000
0.136 0.137 0.000000
0.137 0.138 0.000000
0.138 0.139 0.000000
0.139 0.140 0.000000
0.140 0.141 0.000000
0.141 0.142 0.000000
0.142 0.143 0.000000
0.143 0.144 0.000000
0.144 0.145 0.000000
0.145 0.146 0.000000
0.146 0.147 0.000000
0.147 0.148 0.000000
0.148 0.149 0.000000
0.149 0.150 0.000000
