1
0.000 0.001 0.000000
0.001 0.002 0.000000
0.002 0.003 0.000000
0.003 0.004 0.000000
0.004 0.005 0.000000
0.005 0.006 0.000000
0.006 0.007 0.000000
0.007 0.008 0.000000
0.008 0.009 0.000000
0.009 0.010 0.000000
0.010 0.011 0.000000
0.011 0.012 0.000000
0.012 0.013 0.000000
0.013 0.014 0.000000
0.014 0.015 0.000000
0.015 0.016 0.000000
0.016 0.017 0.000001
0.017 0.018 0.000008
0.018 0.019 0.000043
0.019 0.020 0.000177
0.020 0.021 0.000567
0.021 0.022 0.001490
0.022 0.023 0.003350
0.023 0.024 0.006648
0.024 0.025 0.011898
0.025 0.026 0.019525
0.026 0.027 0.029827
0.027 0.028 0.043041
0.028 0.029 0.059108
0.029 0.030 0.077466
0.030 0.031 0.098091
0.031 0.032 0.120269
0.032 0.033 0.143637
0.033 0.034 0.167979
0.034 0.035 0.192387
0.035 0.036 0.215981
0.036 0.037 0.239685
0.037 0.038 0.263456
0.038 0.039 0.284234
0.039 0.040 0.303364
0.040 0.041 0.321787
0.041 0.042 0.338253
0.042 0.043 0.353389
0.043 0.044 0.366828
0.044 0.045 0.379511
0.045 0.046 0.388989
0.046 0.047 0.396263
0.047 0.048 0.405239
0.048 0.049 0.412186
0.049 0.050 0.415298
0.050 0.051 0.418361
0.051 0.052 0.422102
0.052 0.053 0.423361
0.053 0.054 0.422838
0.054 0.055 0.422152
0.055 0.056 0.422811
0.056 0.057 0.422824
0.057 0.058 0.621478
0.058 0.059 1.000000
0.059 0.060 0.795091
0.060 0.061 0.422755
0.061 0.062 0.418705
0.062 0.063 0.394325
0.063 0.064 0.388977
0.064 0.065 0.382135
0.065 0.066 0.375923
0.066 0.067 0.521835
0.067 0.068 0.516600
0.068 0.069 0.390305
0.069 0.070 0.350194
0.070 0.071 0.278649
0.071 0.072 0.274302
0.072 0.073 0.268483
0.073 0.074 0.264214
0.074 0.075 0.260271
0.075 0.076 0.255973
0.076 0.077 0.249519
0.077 0.078 0.244589
0.078 0.079 0.241199
0.079 0.080 0.237030
0.080 0.081 0.231799
0.081 0.082 0.225430
0.082 0.083 0.219263
0.083 0.084 0.213566
0.084 0.085 0.208701
0.085 0.086 0.204187
0.086 0.087 0.198774
0.087 0.088 0.195345
0.088 0.089 0.190190
0.089 0.090 0.183357
0.090 0.091 0.177584
0.091 0.092 0.169196
0.092 0.093 0.163397
0.093 0.094 0.160682
0.094 0.095 0.155070
0.095 0.096 0.149703
0.096 0.097 0.144361
0.097 0.098 0.137258
0.098 0.099 0.130983
0.099 0.100 0.125936
0.100 0.101 0.121262
0.101 0.102 0.116109
0.102 0.103 0.109881
0.103 0.104 0.105068
0.104 0.105 0.100222
0.105 0.106 0.094255
0.106 0.107 0.088798
0.107 0.108 0.082758
0.108 0.109 0.077773
0.109 0.110 0.072824
0.110 0.111 0.067495
0.111 0.112 0.063560
0.112 0.113 0.058160
0.113 0.114 0.053321
0.114 0.115 0.048912
0.115 0.116 0.044990
0.116 0.117 0.040912
0.117 0.118 0.036922
0.118 0.119 0.031460
0.119 0.120 0.028625
0.120 0.121 0.027163
0.121 0.122 0.023943
0.122 0.123 0.021481
0.123 0.124 0.018869
0.124 0.125 0.015748
0.125 0.126 0.012406
0.126 0.127 0.010403
0.127 0.128 0.007827
0.128 0.129 0.006151
0.129 0.130 0.004537
0.130 0.131 0.002515
0.131 0.132 0.001289
0.132 0.133 0.000359
0.133 0.134 0.000000
0.134 0.135 0.000000
0.135 0.136 0.000000
0.136 0.137 0.000000
0.137 0.138 0.000000
0.138 0.139 0.000000
0.139 0.140 0.000000
0.140 0.141 0.000000
0.141 0.142 0.000000
0.142 0.143 0.000000
0.143 0.144 0.000000
0.144 0.145 0.000000
0.145 0.146 0.000000
0.146 0.147 0.000000
0.147 0.148 0.000000
0.148 0.149 0.000000
0.149 0.150 0.000000
