1
0.000 0.001 0.000000
0.001 0.002 0.000000
0.002 0.003 0.000000
0.003 0.004 0.000000
0.004 0.005 0.000000
0.005 0.006 0.000000
0.006 0.007 0.000000
0.007 0.008 0.000000
0.008 0.009 0.000000
0.009 0.010 0.000000
0.010 0.011 0.000000
0.011 0.012 0.000000
0.012 0.013 0.000000
0.013 0.014 0.000000
0.014 0.015 0.000000
0.015 0.016 0.000000
0.016 0.017 0.000000
0.017 0.018 0.000000
0.018 0.019 0.000001
0.019 0.020 0.000006
0.020 0.021 0.000033
0.021 0.022 0.000137
0.022 0.023 0.000459
0.023 0.024 0.001278
0.024 0.025 0.003068
0.025 0.026 0.006470
0.026 0.027 0.012258
0.027 0.028 0.021318
0.028 0.029 0.034496
0.029 0.030 0.052367
0.030 0.031 0.075241
0.031 0.032 0.102742
0.032 0.033 0.135459
0.033 0.034 0.172401
0.034 0.035 0.212467
0.035 0.036 0.255373
0.036 0.037 0.299038
0.037 0.038 0.344483
0.038 0.039 0.390972
0.039 0.040 0.436677
0.040 0.041 0.479653
0.041 0.042 0.521695
0.042 0.043 0.560812
0.043 0.044 0.596778
0.044 0.045 0.630993
0.045 0.046 0.656708
0.046 0.047 0.682435
0.047 0.048 0.703516
0.048 0.049 0.718187
0.049 0.050 0.731160
0.050 0.051 0.742957
0.051 0.052 0.752535
0.052 0.053 0.753017
0.053 0.054 0.752984
0.054 0.055 0.753106
0.055 0.056 0.743942
0.056 0.057 0.729541
0.057 0.058 0.818183
0.058 0.059 1.000000
0.059 0.060 0.891951
0.060 0.061 0.690075
0.061 0.062 0.668867
0.062 0.063 0.636421
0.063 0.064 0.613324
0.064 0.065 0.588555
0.065 0.066 0.559934
0.066 0.067 0.616388
0.067 0.068 0.594282
0.068 0.069 0.493771
0.069 0.070 0.441702
0.070 0.071 0.384948
0.071 0.072 0.359822
0.072 0.073 0.333261
0.073 0.074 0.308576
0.074 0.075 0.283266
0.075 0.076 0.256114
0.076 0.077 0.235224
0.077 0.078 0.211807
0.078 0.079 0.186900
0.079 0.080 0.169057
0.080 0.081 0.149490
0.081 0.082 0.124112
0.082 0.083 0.107118
0.083 0.084 0.092550
0.084 0.085 0.073842
0.085 0.086 0.059799
0.086 0.087 0.042513
0.087 0.088 0.030603
0.088 0.089 0.016821
0.089 0.090 0.007619
0.090 0.091 0.002340
0.091 0.092 0.000000
0.092 0.093 0.000000
0.093 0.094 0.000000
0.094 0.095 0.000000
0.095 0.096 0.000000
0.096 0.097 0.000000
0.097 0.098 0.000000
0.098 0.099 0.000000
0.099 0.100 0.000000
0.100 0.101 0.000000
0.101 0.102 0.000000
0.102 0.103 0.000000
0.103 0.104 0.000000
0.104 0.105 0.000000
0.105 0.106 0.000000
0.106 0.107 0.000000
0.107 0.108 0.000000
0.108 0.109 0.000000
0.109 0.110 0.000000
0.110 0.111 0.000000
0.111 0.112 0.000000
0.112 0.113 0.000000
0.113 0.114 0.000000
0.114 0.115 0.000000
0.115 0.116 0.000000
0.116 0.117 0.000000
0.117 0.118 0.000000
0.118 0.119 0.000000
0.119 0.120 0.000000
0.120 0.121 0.000000
0.121 0.122 0.000000
0.122 0.123 0.000000
0.123 0.124 0.000000
0.124 0.125 0.000000
0.125 0.126 0.000000
0.126 0.127 0.000000
0.127 0.128 0.000000
0.128 0.129 0.000000
0.129 0.130 0.000000
0.130 0.131 0.000000
0.131 0.132 0.000000
0.132 0.133 0.000000
0.133 0.134 0.000000
0.134 0.135 0.000000
0.135 0.136 0.000000
0.136 0.137 0.000000
0.137 0.138 0.000000
0.138 0.139 0.000000
0.139 0.140 0.000000
0.140 0.141 0.000000
0.141 0.142 0.000000
0.142 0.143 0.000000
0.143 0.144 0.000000
0.144 0.145 0.000000
0.145 0.146 0.000000
0.146 0.147 0.000000
0.147 0.148 0.000000
0.148 0.149 0.000000
0.149 0.150 0.000000
