1
0.000 0.001 0.000000
0.001 0.002 0.000000
0.002 0.003 0.000000
0.003 0.004 0.000000
0.004 0.005 0.000000
0.005 0.006 0.000000
0.006 0.007 0.000000
0.007 0.008 0.000000
0.008 0.009 0.000000
0.009 0.010 0.000000
0.010 0.011 0.000000
0.011 0.012 0.000000
0.012 0.013 0.000000
0.013 0.014 0.000000
0.014 0.015 0.000000
0.015 0.016 0.000000
0.016 0.017 0.000000
0.017 0.018 0.000000
0.018 0.019 0.000000
0.019 0.020 0.000000
0.020 0.021 0.000001
0.021 0.022 0.000004
0.022 0.023 0.000018
0.023 0.024 0.000068
0.024 0.025 0.000212
0.025 0.026 0.000565
0.026 0.027 0.001309
0.027 0.028 0.002714
0.028 0.029 0.005120
0.029 0.030 0.008854
0.030 0.031 0.014320
0.031 0.032 0.021802
0.032 0.033 0.031500
0.033 0.034 0.043612
0.034 0.035 0.058069
0.035 0.036 0.074675
0.036 0.037 0.093407
0.037 0.038 0.114180
0.038 0.039 0.136009
0.039 0.040 0.158880
0.040 0.041 0.182411
0.041 0.042 0.205975
0.042 0.043 0.229952
0.043 0.044 0.253255
0.044 0.045 0.276387
0.045 0.046 0.297431
0.046 0.047 0.317147
0.047 0.048 0.337264
0.048 0.049 0.355126
0.049 0.050 0.370626
0.050 0.051 0.385625
0.051 0.052 0.400356
0.052 0.053 0.411945
0.053 0.054 0.421845
0.054 0.055 0.430816
0.055 0.056 0.438974
0.056 0.057 0.445960
0.057 0.058 0.634725
0.058 0.059 1.000000
0.059 0.060 0.821064
0.060 0.061 0.469191
0.061 0.062 0.469161
0.062 0.063 0.447455
0.063 0.064 0.445836
0.064 0.065 0.442452
0.065 0.066 0.438757
0.066 0.067 0.597183
0.067 0.068 0.595976
0.068 0.069 0.460639
0.069 0.070 0.417620
0.070 0.071 0.340118
0.071 0.072 0.335541
0.072 0.073 0.328246
0.073 0.074 0.323387
0.074 0.075 0.318538
0.075 0.076 0.311548
0.076 0.077 0.304450
0.077 0.078 0.299014
0.078 0.079 0.295323
0.079 0.080 0.290671
0.080 0.081 0.284407
0.081 0.082 0.276205
0.082 0.083 0.268242
0.083 0.084 0.260738
0.084 0.085 0.254073
0.085 0.086 0.247756
0.086 0.087 0.240253
0.087 0.088 0.234057
0.088 0.089 0.227956
0.089 0.090 0.219922
0.090 0.091 0.212822
0.091 0.092 0.202912
0.092 0.093 0.195828
0.093 0.094 0.192033
0.094 0.095 0.184953
0.095 0.096 0.178179
0.096 0.097 0.171186
0.097 0.098 0.162107
0.098 0.099 0.153324
0.099 0.100 0.147975
0.100 0.101 0.143015
0.101 0.102 0.137373
0.102 0.103 0.130558
0.103 0.104 0.125299
0.104 0.105 0.119855
0.105 0.106 0.113084
0.106 0.107 0.107103
0.107 0.108 0.099874
0.108 0.109 0.093887
0.109 0.110 0.087387
0.110 0.111 0.082526
0.111 0.112 0.078180
0.112 0.113 0.072085
0.113 0.114 0.066593
0.114 0.115 0.062040
0.115 0.116 0.057054
0.116 0.117 0.051786
0.117 0.118 0.046159
0.118 0.119 0.040814
0.119 0.120 0.037499
0.120 0.121 0.035845
0.121 0.122 0.032463
0.122 0.123 0.029033
0.123 0.124 0.025394
0.124 0.125 0.020514
0.125 0.126 0.017382
0.126 0.127 0.014975
0.127 0.128 0.012096
0.128 0.129 0.009448
0.129 0.130 0.006349
0.130 0.131 0.004602
0.131 0.132 0.003368
0.132 0.133 0.001312
0.133 0.134 0.000757
0.134 0.135 0.000000
0.135 0.136 0.000000
0.136 0.137 0.000000
0.137 0.138 0.000000
0.138 0.139 0.000000
0.139 0.140 0.000000
0.140 0.141 0.000000
0.141 0.142 0.000000
0.142 0.143 0.000000
0.143 0.144 0.000000
0.144 0.145 0.000000
0.145 0.146 0.000000
0.146 0.147 0.000000
0.147 0.148 0.000000
0.148 0.149 0.000000
0.149 0.150 0.000000
