1
0.000 0.001 0.000000
0.001 0.002 0.000000
0.002 0.003 0.000000
0.003 0.004 0.000000
0.004 0.005 0.000000
0.005 0.006 0.000000
0.006 0.007 0.000000
0.007 0.008 0.000000
0.008 0.009 0.000000
0.009 0.010 0.000000
0.010 0.011 0.000000
0.011 0.012 0.000000
0.012 0.013 0.000000
0.013 0.014 0.000000
0.014 0.015 0.000000
0.015 0.016 0.000000
0.016 0.017 0.000001
0.017 0.018 0.000005
0.018 0.019 0.000033
0.019 0.020 0.000152
0.020 0.021 0.000541
0.021 0.022 0.001566
0.022 0.023 0.003829
0.023 0.024 0.008147
0.024 0.025 0.015515
0.025 0.026 0.026850
0.026 0.027 0.042907
0.027 0.028 0.064384
0.028 0.029 0.091527
0.029 0.030 0.123874
0.030 0.031 0.160866
0.031 0.032 0.201464
0.032 0.033 0.245412
0.033 0.034 0.291031
0.034 0.035 0.337113
0.035 0.036 0.383883
0.036 0.037 0.428660
0.037 0.038 0.469573
0.038 0.039 0.509454
0.039 0.040 0.548318
0.040 0.041 0.580926
0.041 0.042 0.609733
0.042 0.043 0.636607
0.043 0.044 0.658491
0.044 0.045 0.677580
0.045 0.046 0.689394
0.046 0.047 0.699348
0.047 0.048 0.707861
0.048 0.049 0.712460
0.049 0.050 0.710453
0.050 0.051 0.708534
0.051 0.052 0.707152
0.052 0.053 0.699688
0.053 0.054 0.688285
0.054 0.055 0.680413
0.055 0.056 0.668873
0.056 0.057 0.655968
0.057 0.058 0.770910
0.058 0.059 1.000000
0.059 0.060 0.856412
0.060 0.061 0.602342
0.061 0.062 0.583075
0.062 0.063 0.548326
0.063 0.064 0.528759
0.064 0.065 0.510361
0.065 0.066 0.492143
0.066 0.067 0.574023
0.067 0.068 0.557406
0.068 0.069 0.453568
0.069 0.070 0.407121
0.070 0.071 0.346875
0.071 0.072 0.332880
0.072 0.073 0.314332
0.073 0.074 0.301560
0.074 0.075 0.287714
0.075 0.076 0.269972
0.076 0.077 0.251785
0.077 0.078 0.233421
0.078 0.079 0.222966
0.079 0.080 0.211723
0.080 0.081 0.197628
0.081 0.082 0.181321
0.082 0.083 0.166237
0.083 0.084 0.151454
0.084 0.085 0.135746
0.085 0.086 0.125398
0.086 0.087 0.113654
0.087 0.088 0.102380
0.088 0.089 0.090067
0.089 0.090 0.077067
0.090 0.091 0.067727
0.091 0.092 0.058587
0.092 0.093 0.050154
0.093 0.094 0.041591
0.094 0.095 0.031346
0.095 0.096 0.025416
0.096 0.097 0.018512
0.097 0.098 0.010323
0.098 0.099 0.006068
0.099 0.100 0.001529
0.100 0.101 0.000000
0.101 0.102 0.000000
0.102 0.103 0.000000
0.103 0.104 0.000000
0.104 0.105 0.000000
0.105 0.106 0.000000
0.106 0.107 0.000000
0.107 0.108 0.000000
0.108 0.109 0.000000
0.109 0.110 0.000000
0.110 0.111 0.000000
0.111 0.112 0.000000
0.112 0.113 0.000000
0.113 0.114 0.000000
0.114 0.115 0.000000
0.115 0.116 0.000000
0.116 0.117 0.000000
0.117 0.118 0.000000
0.118 0.119 0.000000
0.119 0.120 0.000000
0.120 0.121 0.000000
0.121 0.122 0.000000
0.122 0.123 0.000000
0.123 0.124 0.000000
0.124 0.125 0.000000
0.125 0.126 0.000000
0.126 0.127 0.000000
0.127 0.128 0.000000
0.128 0.129 0.000000
0.129 0.130 0.000000
0.130 0.131 0.000000
0.131 0.132 0.000000
0.132 0.133 0.000000
0.133 0.134 0.000000
0.134 0.135 0.000000
0.135 0.136 0.000000
0.136 0.137 0.000000
0.137 0.138 0.000000
0.138 0.139 0.000000
0.139 0.140 0.000000
0.140 0.141 0.000000
0.141 0.142 0.000000
0.142 0.143 0.000000
0.143 0.144 0.000000
0.144 0.145 0.000000
0.145 0.146 0.000000
0.146 0.147 0.000000
0.147 0.148 0.000000
0.148 0.149 0.000000
0.149 0.150 0.000000
