1
0.000 0.001 0.000000
0.001 0.002 0.000000
0.002 0.003 0.000000
0.003 0.004 0.000000
0.004 0.005 0.000000
0.005 0.006 0.000000
0.006 0.007 0.000000
0.007 0.008 0.000000
0.008 0.009 0.000000
0.009 0.010 0.000000
0.010 0.011 0.000000
0.011 0.012 0.000000
0.012 0.013 0.000000
0.013 0.014 0.000000
0.014 0.015 0.000000
0.015 0.016 0.000000
0.016 0.017 0.000000
0.017 0.018 0.000000
0.018 0.019 0.000000
0.019 0.020 0.000000
0.020 0.021 0.000002
0.021 0.022 0.000012
0.022 0.023 0.000056
0.023 0.024 0.000204
0.024 0.025 0.000612
0.025 0.026 0.001561
0.026 0.027 0.003476
0.027 0.028 0.006980
0.028 0.029 0.012786
0.029 0.030 0.021498
0.030 0.031 0.033888
0.031 0.032 0.050313
0.032 0.033 0.071190
0.033 0.034 0.096282
0.034 0.035 0.125428
0.035 0.036 0.158371
0.036 0.037 0.193497
0.037 0.038 0.230439
0.038 0.039 0.270761
0.039 0.040 0.312338
0.040 0.041 0.353278
0.041 0.042 0.393615
0.042 0.043 0.432902
0.043 0.044 0.470550
0.044 0.045 0.505429
0.045 0.046 0.534733
0.046 0.047 0.562699
0.047 0.048 0.587232
0.048 0.049 0.605333
0.049 0.050 0.623231
0.050 0.051 0.639956
0.051 0.052 0.655750
0.052 0.053 0.664700
0.053 0.054 0.669762
0.054 0.055 0.672045
0.055 0.056 0.670359
0.056 0.057 0.666732
0.057 0.058 0.779588
0.058 0.059 1.000000
0.059 0.060 0.878164
0.060 0.061 0.644580
0.061 0.062 0.632449
0.062 0.063 0.604427
0.063 0.064 0.586457
0.064 0.065 0.569143
0.065 0.066 0.550898
0.066 0.067 0.636503
0.067 0.068 0.618030
0.068 0.069 0.512924
0.069 0.070 0.465718
0.070 0.071 0.406276
0.071 0.072 0.391113
0.072 0.073 0.369599
0.073 0.074 0.352663
0.074 0.075 0.334369
0.075 0.076 0.312466
0.076 0.077 0.287713
0.077 0.078 0.271175
0.078 0.079 0.257158
0.079 0.080 0.242565
0.080 0.081 0.224448
0.081 0.082 0.203008
0.082 0.083 0.183594
0.083 0.084 0.162629
0.084 0.085 0.148609
0.085 0.086 0.135180
0.086 0.087 0.119562
0.087 0.088 0.104268
0.088 0.089 0.086983
0.089 0.090 0.069612
0.090 0.091 0.059973
0.091 0.092 0.049218
0.092 0.093 0.038723
0.093 0.094 0.025518
0.094 0.095 0.018976
0.095 0.096 0.012594
0.096 0.097 0.003372
0.097 0.098 0.000000
0.098 0.099 0.000000
0.099 0.100 0.000000
0.100 0.101 0.000000
0.101 0.102 0.000000
0.102 0.103 0.000000
0.103 0.104 0.000000
0.104 0.105 0.000000
0.105 0.106 0.000000
0.106 0.107 0.000000
0.107 0.108 0.000000
0.108 0.109 0.000000
0.109 0.110 0.000000
0.110 0.111 0.000000
0.111 0.112 0.000000
0.112 0.113 0.000000
0.113 0.114 0.000000
0.114 0.115 0.000000
0.115 0.116 0.000000
0.116 0.117 0.000000
0.117 0.118 0.000000
0.118 0.119 0.000000
0.119 0.120 0.000000
0.120 0.121 0.000000
0.121 0.122 0.000000
0.122 0.123 0.000000
0.123 0.124 0.000000
0.124 0.125 0.000000
0.125 0.126 0.000000
0.126 0.127 0.000000
0.127 0.128 0.000000
0.128 0.129 0.000000
0.129 0.130 0.000000
0.130 0.131 0.000000
0.131 0.132 0.000000
0.132 0.133 0.000000
0.133 0.134 0.000000
0.134 0.135 0.000000
0.135 0.136 0.000000
0.136 0.137 0.000000
0.137 0.138 0.000000
0.138 0.139 0.000000
0.139 0.140 0.000000
0.140 0.141 0.000000
0.141 0.142 0.000000
0.142 0.143 0.000000
0.143 0.144 0.000000
0.144 0.145 0.000000
0.145 0.146 0.000000
0.146 0.147 0.000000
0.147 0.148 0.000000
0.148 0.149 0.000000
0.149 0.150 0.000000
