1
0.000 0.001 0.000000
0.001 0.002 0.000000
0.002 0.003 0.000000
0.003 0.004 0.000000
0.004 0.005 0.000000
0.005 0.006 0.000000
0.006 0.007 0.000000
0.007 0.008 0.000000
0.008 0.009 0.000000
0.009 0.010 0.000000
0.010 0.011 0.000000
0.011 0.012 0.000000
0.012 0.013 0.000000
0.013 0.014 0.000000
0.014 0.015 0.000000
0.015 0.016 0.000000
0.016 0.017 0.000005
0.017 0.018 0.000043
0.018 0.019 0.000242
0.019 0.020 0.000981
0.020 0.021 0.003089
0.021 0.022 0.007971
0.022 0.023 0.017437
0.023 0.024 0.033505
0.024 0.025 0.058072
0.025 0.026 0.092087
0.026 0.027 0.135074
0.027 0.028 0.189276
0.028 0.029 0.252597
0.029 0.030 0.321737
0.030 0.031 0.395842
0.031 0.032 0.471373
0.032 0.033 0.545107
0.033 0.034 0.615218
0.034 0.035 0.683744
0.035 0.036 0.746725
0.036 0.037 0.798805
0.037 0.038 0.844600
0.038 0.039 0.889913
0.039 0.040 0.924618
0.040 0.041 0.955130
0.041 0.042 0.979196
0.042 0.043 0.994388
0.043 0.044 0.999717
0.044 0.045 1.000000
0.045 0.046 0.991255
0.046 0.047 0.978684
0.047 0.048 0.956565
0.048 0.049 0.939424
0.049 0.050 0.922192
0.050 0.051 0.901253
0.051 0.052 0.873443
0.052 0.053 0.846713
0.053 0.054 0.820940
0.054 0.055 0.784982
0.055 0.056 0.740339
0.056 0.057 0.700605
0.057 0.058 0.692818
0.058 0.059 0.724486
0.059 0.060 0.655231
0.060 0.061 0.555885
0.061 0.062 0.522400
0.062 0.063 0.487603
0.063 0.064 0.447664
0.064 0.065 0.407617
0.065 0.066 0.359477
0.066 0.067 0.353217
0.067 0.068 0.323857
0.068 0.069 0.266312
0.069 0.070 0.228935
0.070 0.071 0.195479
0.071 0.072 0.159345
0.072 0.073 0.132644
0.073 0.074 0.114296
0.074 0.075 0.095675
0.075 0.076 0.075191
0.076 0.077 0.049549
0.077 0.078 0.035552
0.078 0.079 0.021395
0.079 0.080 0.005647
0.080 0.081 0.000000
0.081 0.082 0.000000
0.082 0.083 0.000000
0.083 0.084 0.000000
0.084 0.085 0.000000
0.085 0.086 0.000000
0.086 0.087 0.000000
0.087 0.088 0.000000
0.088 0.089 0.000000
0.089 0.090 0.000000
0.090 0.091 0.000000
0.091 0.092 0.000000
0.092 0.093 0.000000
0.093 0.094 0.000000
0.094 0.095 0.000000
0.095 0.096 0.000000
0.096 0.097 0.000000
0.097 0.098 0.000000
0.098 0.099 0.000000
0.099 0.100 0.000000
0.100 0.101 0.000000
0.101 0.102 0.000000
0.102 0.103 0.000000
0.103 0.104 0.000000
0.104 0.105 0.000000
0.105 0.106 0.000000
0.106 0.107 0.000000
0.107 0.108 0.000000
0.108 0.109 0.000000
0.109 0.110 0.000000
0.110 0.111 0.000000
0.111 0.112 0.000000
0.112 0.113 0.000000
0.113 0.114 0.000000
0.114 0.115 0.000000
0.115 0.116 0.000000
0.116 0.117 0.000000
0.117 0.118 0.000000
0.118 0.119 0.000000
0.119 0.120 0.000000
0.120 0.121 0.000000
0.121 0.122 0.000000
0.122 0.123 0.000000
0.123 0.124 0.000000
0.124 0.125 0.000000
0.125 0.126 0.000000
0.126 0.127 0.000000
0.127 0.128 0.000000
0.128 0.129 0.000000
0.129 0.130 0.000000
0.130 0.131 0.000000
0.131 0.132 0.000000
0.132 0.133 0.000000
0.133 0.134 0.000000
0.134 0.135 0.000000
0.135 0.136 0.000000
0.136 0.137 0.000000
0.137 0.138 0.000000
0.138 0.139 0.000000
0.139 0.140 0.000000
0.140 0.141 0.000000
0.141 0.142 0.000000
0.142 0.143 0.000000
0.143 0.144 0.000000
0.144 0.145 0.000000
0.145 0.146 0.000000
0.146 0.147 0.000000
0.147 0.148 0.000000
0.148 0.149 0.000000
0.149 0.150 0.000000
