1
0.000 0.001 0.000000
0.001 0.002 0.000000
0.002 0.003 0.000000
0.003 0.004 0.000000
0.004 0.005 0.000000
0.005 0.006 0.000000
0.006 0.007 0.000000
0.007 0.008 0.000000
0.008 0.009 0.000000
0.009 0.010 0.000000
0.010 0.011 0.000000
0.011 0.012 0.000000
0.012 0.013 0.000000
0.013 0.014 0.000001
0.014 0.015 0.000012
0.015 0.016 0.000100
0.016 0.017 0.000528
0.017 0.018 0.001990
0.018 0.019 0.005795
0.019 0.020 0.013810
0.020 0.021 0.028162
0.021 0.022 0.050701
0.022 0.023 0.082581
0.023 0.024 0.123989
0.024 0.025 0.174113
0.025 0.026 0.231313
0.026 0.027 0.293548
0.027 0.028 0.359947
0.028 0.029 0.427628
0.029 0.030 0.494149
0.030 0.031 0.557020
0.031 0.032 0.615070
0.032 0.033 0.669884
0.033 0.034 0.718138
0.034 0.035 0.760357
0.035 0.036 0.797538
0.036 0.037 0.825694
0.037 0.038 0.848235
0.038 0.039 0.866816
0.039 0.040 0.882397
0.040 0.041 0.890205
0.041 0.042 0.894027
0.042 0.043 0.894580
0.043 0.044 0.889756
0.044 0.045 0.883171
0.045 0.046 0.871850
0.046 0.047 0.855691
0.047 0.048 0.843707
0.048 0.049 0.828712
0.049 0.050 0.810180
0.050 0.051 0.792953
0.051 0.052 0.776030
0.052 0.053 0.755407
0.053 0.054 0.733874
0.054 0.055 0.710704
0.055 0.056 0.686848
0.056 0.057 0.662365
0.057 0.058 0.774281
0.058 0.059 1.000000
0.059 0.060 0.845567
0.060 0.061 0.585484
0.061 0.062 0.563030
0.062 0.063 0.527420
0.063 0.064 0.502192
0.064 0.065 0.479123
0.065 0.066 0.455883
0.066 0.067 0.532310
0.067 0.068 0.515310
0.068 0.069 0.417483
0.069 0.070 0.373997
0.070 0.071 0.319647
0.071 0.072 0.303970
0.072 0.073 0.284461
0.073 0.074 0.270794
0.074 0.075 0.254695
0.075 0.076 0.239793
0.076 0.077 0.224561
0.077 0.078 0.210843
0.078 0.079 0.199954
0.079 0.080 0.188679
0.080 0.081 0.175189
0.081 0.082 0.159726
0.082 0.083 0.144125
0.083 0.084 0.132609
0.084 0.085 0.121978
0.085 0.086 0.112211
0.086 0.087 0.101282
0.087 0.088 0.090879
0.088 0.089 0.078710
0.089 0.090 0.070263
0.090 0.091 0.061663
0.091 0.092 0.053272
0.092 0.093 0.045621
0.093 0.094 0.036771
0.094 0.095 0.031172
0.095 0.096 0.025897
0.096 0.097 0.019694
0.097 0.098 0.012320
0.098 0.099 0.008223
0.099 0.100 0.005019
0.100 0.101 0.001605
0.101 0.102 0.000000
0.102 0.103 0.000000
0.103 0.104 0.000000
0.104 0.105 0.000000
0.105 0.106 0.000000
0.106 0.107 0.000000
0.107 0.108 0.000000
0.108 0.109 0.000000
0.109 0.110 0.000000
0.110 0.111 0.000000
0.111 0.112 0.000000
0.112 0.113 0.000000
0.113 0.114 0.000000
0.114 0.115 0.000000
0.115 0.116 0.000000
0.116 0.117 0.000000
0.117 0.118 0.000000
0.118 0.119 0.000000
0.119 0.120 0.000000
0.120 0.121 0.000000
0.121 0.122 0.000000
0.122 0.123 0.000000
0.123 0.124 0.000000
0.124 0.125 0.000000
0.125 0.126 0.000000
0.126 0.127 0.000000
0.127 0.128 0.000000
0.128 0.129 0.000000
0.129 0.130 0.000000
0.130 0.131 0.000000
0.131 0.132 0.000000
0.132 0.133 0.000000
0.133 0.134 0.000000
0.134 0.135 0.000000
0.135 0.136 0.000000
0.136 0.137 0.000000
0.137 0.138 0.000000
0.138 0.139 0.000000
0.139 0.140 0.000000
0.140 0.141 0.000000
0.141 0.142 0.000000
0.142 0.143 0.000000
0.143 0.144 0.000000
0.144 0.145 0.000000
0.145 0.146 0.000000
0.146 0.147 0.000000
0.147 0.148 0.000000
0.148 0.149 0.000000
0.149 0.150 0.000000
