1
0.000 0.001 0.000000
0.001 0.002 0.000000
0.002 0.003 0.000000
0.003 0.004 0.000000
0.004 0.005 0.000000
0.005 0.006 0.000000
0.006 0.007 0.000000
0.007 0.008 0.000000
0.008 0.009 0.000000
0.009 0.010 0.000000
0.010 0.011 0.000000
0.011 0.012 0.000000
0.012 0.013 0.000000
0.013 0.014 0.000000
0.014 0.015 0.000004
0.015 0.016 0.000034
0.016 0.017 0.000185
0.017 0.018 0.000727
0.018 0.019 0.002195
0.019 0.020 0.005437
0.020 0.021 0.011510
0.021 0.022 0.021436
0.022 0.023 0.036020
0.023 0.024 0.055723
0.024 0.025 0.080605
0.025 0.026 0.109961
0.026 0.027 0.143075
0.027 0.028 0.179544
0.028 0.029 0.217910
0.029 0.030 0.256901
0.030 0.031 0.295646
0.031 0.032 0.332896
0.032 0.033 0.369054
0.033 0.034 0.403052
0.034 0.035 0.434501
0.035 0.036 0.462797
0.036 0.037 0.488229
0.037 0.038 0.510542
0.038 0.039 0.528020
0.039 0.040 0.543750
0.040 0.041 0.556857
0.041 0.042 0.566378
0.042 0.043 0.575170
0.043 0.044 0.581015
0.044 0.045 0.585662
0.045 0.046 0.587082
0.046 0.047 0.584657
0.047 0.048 0.583952
0.048 0.049 0.582560
0.049 0.050 0.576352
0.050 0.051 0.569095
0.051 0.052 0.564270
0.052 0.053 0.558730
0.053 0.054 0.550153
0.054 0.055 0.540482
0.055 0.056 0.532607
0.056 0.057 0.524480
0.057 0.058 0.686856
0.058 0.059 1.000000
0.059 0.060 0.814660
0.060 0.061 0.490380
0.061 0.062 0.478832
0.062 0.063 0.451628
0.063 0.064 0.438170
0.064 0.065 0.424371
0.065 0.066 0.413144
0.066 0.067 0.525764
0.067 0.068 0.514682
0.068 0.069 0.403331
0.069 0.070 0.361690
0.070 0.071 0.298643
0.071 0.072 0.288534
0.072 0.073 0.276632
0.073 0.074 0.269522
0.074 0.075 0.260985
0.075 0.076 0.251514
0.076 0.077 0.240242
0.077 0.078 0.230436
0.078 0.079 0.224152
0.079 0.080 0.216647
0.080 0.081 0.206609
0.081 0.082 0.195025
0.082 0.083 0.186368
0.083 0.084 0.178011
0.084 0.085 0.170415
0.085 0.086 0.163683
0.086 0.087 0.155058
0.087 0.088 0.148681
0.088 0.089 0.141386
0.089 0.090 0.133574
0.090 0.091 0.125714
0.091 0.092 0.116335
0.092 0.093 0.109798
0.093 0.094 0.105644
0.094 0.095 0.098366
0.095 0.096 0.092834
0.096 0.097 0.086538
0.097 0.098 0.079124
0.098 0.099 0.071777
0.099 0.100 0.066153
0.100 0.101 0.061945
0.101 0.102 0.057807
0.102 0.103 0.051887
0.103 0.104 0.047277
0.104 0.105 0.043768
0.105 0.106 0.038929
0.106 0.107 0.035332
0.107 0.108 0.030962
0.108 0.109 0.027142
0.109 0.110 0.022995
0.110 0.111 0.018775
0.111 0.112 0.016397
0.112 0.113 0.013420
0.113 0.114 0.010849
0.114 0.115 0.007738
0.115 0.116 0.005570
0.116 0.117 0.003239
0.117 0.118 0.002044
0.118 0.119 0.000471
0.119 0.120 0.000000
0.120 0.121 0.000000
0.121 0.122 0.000000
0.122 0.123 0.000000
0.123 0.124 0.000000
0.124 0.125 0.000000
0.125 0.126 0.000000
0.126 0.127 0.000000
0.127 0.128 0.000000
0.128 0.129 0.000000
0.129 0.130 0.000000
0.130 0.131 0.000000
0.131 0.132 0.000000
0.132 0.133 0.000000
0.133 0.134 0.000000
0.134 0.135 0.000000
0.135 0.136 0.000000
0.136 0.137 0.000000
0.137 0.138 0.000000
0.138 0.139 0.000000
0.139 0.140 0.000000
0.140 0.141 0.000000
0.141 0.142 0.000000
0.142 0.143 0.000000
0.143 0.144 0.000000
0.144 0.145 0.000000
0.145 0.146 0.000000
0.146 0.147 0.000000
0.147 0.148 0.000000
0.148 0.149 0.000000
0.149 0.150 0.000000
