1
0.000 0.001 0.000000
0.001 0.002 0.000000
0.002 0.003 0.000000
0.003 0.004 0.000000
0.004 0.005 0.000000
0.005 0.006 0.000000
0.006 0.007 0.000000
0.007 0.008 0.000000
0.008 0.009 0.000000
0.009 0.010 0.000000
0.010 0.011 0.000000
0.011 0.012 0.000000
0.012 0.013 0.000000
0.013 0.014 0.000000
0.014 0.015 0.000000
0.015 0.016 0.000000
0.016 0.017 0.000000
0.017 0.018 0.000000
0.018 0.019 0.000000
0.019 0.020 0.000000
0.020 0.021 0.000000
0.021 0.022 0.000000
0.022 0.023 0.000001
0.023 0.024 0.000007
0.024 0.025 0.000028
0.025 0.026 0.000092
0.026 0.027 0.000254
0.027 0.028 0.000617
0.028 0.029 0.001337
0.029 0.030 0.002609
0.030 0.031 0.004703
0.031 0.032 0.007881
0.032 0.033 0.012407
0.033 0.034 0.018552
0.034 0.035 0.026495
0.035 0.036 0.036256
0.036 0.037 0.048039
0.037 0.038 0.061932
0.038 0.039 0.077231
0.039 0.040 0.094100
0.040 0.041 0.112489
0.041 0.042 0.131742
0.042 0.043 0.152021
0.043 0.044 0.172837
0.044 0.045 0.194461
0.045 0.046 0.215090
0.046 0.047 0.235063
0.047 0.048 0.256536
0.048 0.049 0.277006
0.049 0.050 0.294973
0.050 0.051 0.312617
0.051 0.052 0.330737
0.052 0.053 0.346811
0.053 0.054 0.360805
0.054 0.055 0.374231
0.055 0.056 0.388336
0.056 0.057 0.401540
0.057 0.058 0.605478
0.058 0.059 1.000000
0.059 0.060 0.818745
0.060 0.061 0.448912
0.061 0.062 0.455298
0.062 0.063 0.438929
0.063 0.064 0.442052
0.064 0.065 0.442893
0.065 0.066 0.443949
0.066 0.067 0.625439
0.067 0.068 0.629489
0.068 0.069 0.484166
0.069 0.070 0.441173
0.070 0.071 0.356872
0.071 0.072 0.355853
0.072 0.073 0.352653
0.073 0.074 0.351376
0.074 0.075 0.350072
0.075 0.076 0.347933
0.076 0.077 0.342504
0.077 0.078 0.338893
0.078 0.079 0.337399
0.079 0.080 0.334469
0.080 0.081 0.329624
0.081 0.082 0.322950
0.082 0.083 0.316470
0.083 0.084 0.310432
0.084 0.085 0.305396
0.085 0.086 0.300752
0.086 0.087 0.294413
0.087 0.088 0.291054
0.088 0.089 0.285060
0.089 0.090 0.276167
0.090 0.091 0.268676
0.091 0.092 0.256981
0.092 0.093 0.249289
0.093 0.094 0.246321
0.094 0.095 0.238634
0.095 0.096 0.231164
0.096 0.097 0.223546
0.097 0.098 0.213047
0.098 0.099 0.203752
0.099 0.100 0.196319
0.100 0.101 0.189552
0.101 0.102 0.181903
0.102 0.103 0.172250
0.103 0.104 0.164865
0.104 0.105 0.157536
0.105 0.106 0.148028
0.106 0.107 0.140221
0.107 0.108 0.130608
0.108 0.109 0.122621
0.109 0.110 0.114064
0.110 0.111 0.106836
0.111 0.112 0.100541
0.112 0.113 0.091793
0.113 0.114 0.083499
0.114 0.115 0.077637
0.115 0.116 0.071059
0.116 0.117 0.064342
0.117 0.118 0.057145
0.118 0.119 0.049068
0.119 0.120 0.044427
0.120 0.121 0.042134
0.121 0.122 0.036648
0.122 0.123 0.032418
0.123 0.124 0.027914
0.124 0.125 0.022165
0.125 0.126 0.017806
0.126 0.127 0.013901
0.127 0.128 0.010800
0.128 0.129 0.007875
0.129 0.130 0.004679
0.130 0.131 0.002090
0.131 0.132 0.000613
0.132 0.133 0.000000
0.133 0.134 0.000000
0.134 0.135 0.000000
0.135 0.136 0.000000
0.136 0.137 0.000000
0.137 0.138 0.000000
0.138 0.139 0.000000
0.139 0.140 0.000000
0.140 0.141 0.000000
0.141 0.142 0.000000
0.142 0.143 0.000000
0.143 0.144 0.000000
0.144 0.145 0.000000
0.145 0.146 0.000000
0.146 0.147 0.000000
0.147 0.148 0.000000
0.148 0.149 0.000000
0.149 0.150 0.000000
