1
0.000 0.001 0.000000
0.001 0.002 0.000000
0.002 0.003 0.000000
0.003 0.004 0.000000
0.004 0.005 0.000000
0.005 0.006 0.000000
0.006 0.007 0.000000
0.007 0.008 0.000000
0.008 0.009 0.000000
0.009 0.010 0.000000
0.010 0.011 0.000000
0.011 0.012 0.000000
0.012 0.013 0.000000
0.013 0.014 0.000000
0.014 0.015 0.000000
0.015 0.016 0.000000
0.016 0.017 0.000000
0.017 0.018 0.000000
0.018 0.019 0.000000
0.019 0.020 0.000000
0.020 0.021 0.000000
0.021 0.022 0.000001
0.022 0.023 0.000007
0.023 0.024 0.000029
0.024 0.025 0.000099
0.025 0.026 0.000286
0.026 0.027 0.000709
0.027 0.028 0.001561
0.028 0.029 0.003109
0.029 0.030 0.005637
0.030 0.031 0.009508
0.031 0.032 0.015017
0.032 0.033 0.022484
0.033 0.034 0.032110
0.034 0.035 0.043919
0.035 0.036 0.057947
0.036 0.037 0.074166
0.037 0.038 0.092459
0.038 0.039 0.112063
0.039 0.040 0.132965
0.040 0.041 0.154803
0.041 0.042 0.177653
0.042 0.043 0.201175
0.043 0.044 0.224306
0.044 0.045 0.247623
0.045 0.046 0.269259
0.046 0.047 0.290012
0.047 0.048 0.311753
0.048 0.049 0.331406
0.049 0.050 0.347904
0.050 0.051 0.364177
0.051 0.052 0.380190
0.052 0.053 0.393146
0.053 0.054 0.404093
0.054 0.055 0.414170
0.055 0.056 0.423093
0.056 0.057 0.433148
0.057 0.058 0.626707
0.058 0.059 1.000000
0.059 0.060 0.822096
0.060 0.061 0.467098
0.061 0.062 0.469766
0.062 0.063 0.450358
0.063 0.064 0.449489
0.064 0.065 0.447073
0.065 0.066 0.443926
0.066 0.067 0.609530
0.067 0.068 0.609096
0.068 0.069 0.468615
0.069 0.070 0.423919
0.070 0.071 0.344332
0.071 0.072 0.341594
0.072 0.073 0.336060
0.073 0.074 0.332542
0.074 0.075 0.329329
0.075 0.076 0.324780
0.076 0.077 0.317617
0.077 0.078 0.312100
0.078 0.079 0.307900
0.079 0.080 0.303121
0.080 0.081 0.297175
0.081 0.082 0.288891
0.082 0.083 0.280455
0.083 0.084 0.271465
0.084 0.085 0.265946
0.085 0.086 0.260812
0.086 0.087 0.254834
0.087 0.088 0.250533
0.088 0.089 0.243798
0.089 0.090 0.235448
0.090 0.091 0.228082
0.091 0.092 0.217925
0.092 0.093 0.210314
0.093 0.094 0.205852
0.094 0.095 0.198253
0.095 0.096 0.191062
0.096 0.097 0.182957
0.097 0.098 0.174988
0.098 0.099 0.167600
0.099 0.100 0.161998
0.100 0.101 0.156862
0.101 0.102 0.150723
0.102 0.103 0.143677
0.103 0.104 0.138104
0.104 0.105 0.132021
0.105 0.106 0.124598
0.106 0.107 0.118122
0.107 0.108 0.109743
0.108 0.109 0.104829
0.109 0.110 0.100174
0.110 0.111 0.095046
0.111 0.112 0.090307
0.112 0.113 0.083707
0.113 0.114 0.077634
0.114 0.115 0.072796
0.115 0.116 0.067621
0.116 0.117 0.061886
0.117 0.118 0.056050
0.118 0.119 0.050730
0.119 0.120 0.046991
0.120 0.121 0.044936
0.121 0.122 0.041354
0.122 0.123 0.037759
0.123 0.124 0.033943
0.124 0.125 0.029324
0.125 0.126 0.024119
0.126 0.127 0.021561
0.127 0.128 0.018355
0.128 0.129 0.015559
0.129 0.130 0.012776
0.130 0.131 0.009637
0.131 0.132 0.006907
0.132 0.133 0.005329
0.133 0.134 0.003510
0.134 0.135 0.001298
0.135 0.136 0.000764
0.136 0.137 0.000000
0.137 0.138 0.000000
0.138 0.139 0.000000
0.139 0.140 0.000000
0.140 0.141 0.000000
0.141 0.142 0.000000
0.142 0.143 0.000000
0.143 0.144 0.000000
0.144 0.145 0.000000
0.145 0.146 0.000000
0.146 0.147 0.000000
0.147 0.148 0.000000
0.148 0.149 0.000000
0.149 0.150 0.000000
