1
0.000 0.001 0.000000
0.001 0.002 0.000000
0.002 0.003 0.000000
0.003 0.004 0.000000
0.004 0.005 0.000000
0.005 0.006 0.000000
0.006 0.007 0.000000
0.007 0.008 0.000000
0.008 0.009 0.000000
0.009 0.010 0.000000
0.010 0.011 0.000000
0.011 0.012 0.000000
0.012 0.013 0.000000
0.013 0.014 0.000000
0.014 0.015 0.000000
0.015 0.016 0.000000
0.016 0.017 0.000000
0.017 0.018 0.000000
0.018 0.019 0.000000
0.019 0.020 0.000000
0.020 0.021 0.000000
0.021 0.022 0.000002
0.022 0.023 0.000014
0.023 0.024 0.000064
0.024 0.025 0.000230
0.025 0.026 0.000683
0.026 0.027 0.001734
0.027 0.028 0.003883
0.028 0.029 0.007831
0.029 0.030 0.014342
0.030 0.031 0.024271
0.031 0.032 0.038296
0.032 0.033 0.057142
0.033 0.034 0.081064
0.034 0.035 0.110064
0.035 0.036 0.143492
0.036 0.037 0.182013
0.037 0.038 0.224695
0.038 0.039 0.271219
0.039 0.040 0.319885
0.040 0.041 0.368333
0.041 0.042 0.417178
0.042 0.043 0.465069
0.043 0.044 0.510572
0.044 0.045 0.553701
0.045 0.046 0.593591
0.046 0.047 0.631938
0.047 0.048 0.666984
0.048 0.049 0.694601
0.049 0.050 0.717873
0.050 0.051 0.739195
0.051 0.052 0.756572
0.052 0.053 0.764171
0.053 0.054 0.767943
0.054 0.055 0.777002
0.055 0.056 0.772557
0.056 0.057 0.762920
0.057 0.058 0.841340
0.058 0.059 1.000000
0.059 0.060 0.907604
0.060 0.061 0.726564
0.061 0.062 0.703625
0.062 0.063 0.667401
0.063 0.064 0.646847
0.064 0.065 0.622928
0.065 0.066 0.593144
0.066 0.067 0.642427
0.067 0.068 0.619366
0.068 0.069 0.520806
0.069 0.070 0.460616
0.070 0.071 0.406718
0.071 0.072 0.384498
0.072 0.073 0.353194
0.073 0.074 0.325294
0.074 0.075 0.296383
0.075 0.076 0.267202
0.076 0.077 0.233766
0.077 0.078 0.208617
0.078 0.079 0.181446
0.079 0.080 0.158544
0.080 0.081 0.135577
0.081 0.082 0.102142
0.082 0.083 0.084144
0.083 0.084 0.068453
0.084 0.085 0.045546
0.085 0.086 0.034133
0.086 0.087 0.021777
0.087 0.088 0.005694
0.088 0.089 0.000000
0.089 0.090 0.000000
0.090 0.091 0.000000
0.091 0.092 0.000000
0.092 0.093 0.000000
0.093 0.094 0.000000
0.094 0.095 0.000000
0.095 0.096 0.000000
0.096 0.097 0.000000
0.097 0.098 0.000000
0.098 0.099 0.000000
0.099 0.100 0.000000
0.100 0.101 0.000000
0.101 0.102 0.000000
0.102 0.103 0.000000
0.103 0.104 0.000000
0.104 0.105 0.000000
0.105 0.106 0.000000
0.106 0.107 0.000000
0.107 0.108 0.000000
0.108 0.109 0.000000
0.109 0.110 0.000000
0.110 0.111 0.000000
0.111 0.112 0.000000
0.112 0.113 0.000000
0.113 0.114 0.000000
0.114 0.115 0.000000
0.115 0.116 0.000000
0.116 0.117 0.000000
0.117 0.118 0.000000
0.118 0.119 0.000000
0.119 0.120 0.000000
0.120 0.121 0.000000
0.121 0.122 0.000000
0.122 0.123 0.000000
0.123 0.124 0.000000
0.124 0.125 0.000000
0.125 0.126 0.000000
0.126 0.127 0.000000
0.127 0.128 0.000000
0.128 0.129 0.000000
0.129 0.130 0.000000
0.130 0.131 0.000000
0.131 0.132 0.000000
0.132 0.133 0.000000
0.133 0.134 0.000000
0.134 0.135 0.000000
0.135 0.136 0.000000
0.136 0.137 0.000000
0.137 0.138 0.000000
0.138 0.139 0.000000
0.139 0.140 0.000000
0.140 0.141 0.000000
0.141 0.142 0.000000
0.142 0.143 0.000000
0.143 0.144 0.000000
0.144 0.145 0.000000
0.145 0.146 0.000000
0.146 0.147 0.000000
0.147 0.148 0.000000
0.148 0.149 0.000000
0.149 0.150 0.000000
