1
0.000 0.001 0.000000
0.001 0.002 0.000000
0.002 0.003 0.000000
0.003 0.004 0.000000
0.004 0.005 0.000000
0.005 0.006 0.000000
0.006 0.007 0.000000
0.007 0.008 0.000000
0.008 0.009 0.000000
0.009 0.010 0.000000
0.010 0.011 0.000000
0.011 0.012 0.000000
0.012 0.013 0.000000
0.013 0.014 0.000000
0.014 0.015 0.000000
0.015 0.016 0.000000
0.016 0.017 0.000000
0.017 0.018 0.000000
0.018 0.019 0.000000
0.019 0.020 0.000000
0.020 0.021 0.000002
0.021 0.022 0.000011
0.022 0.023 0.000047
0.023 0.024 0.000162
0.024 0.025 0.000467
0.025 0.026 0.001154
0.026 0.027 0.002507
0.027 0.028 0.004920
0.028 0.029 0.008849
0.029 0.030 0.014660
0.030 0.031 0.022853
0.031 0.032 0.033667
0.032 0.033 0.047286
0.033 0.034 0.063736
0.034 0.035 0.083009
0.035 0.036 0.104425
0.036 0.037 0.128570
0.037 0.038 0.154434
0.038 0.039 0.181083
0.039 0.040 0.209051
0.040 0.041 0.237397
0.041 0.042 0.265049
0.042 0.043 0.293026
0.043 0.044 0.320051
0.044 0.045 0.346067
0.045 0.046 0.369360
0.046 0.047 0.390048
0.047 0.048 0.411652
0.048 0.049 0.431191
0.049 0.050 0.444898
0.050 0.051 0.457161
0.051 0.052 0.470684
0.052 0.053 0.482299
0.053 0.054 0.488106
0.054 0.055 0.494925
0.055 0.056 0.502451
0.056 0.057 0.509277
0.057 0.058 0.677085
0.058 0.059 1.000000
0.059 0.060 0.836348
0.060 0.061 0.520280
0.061 0.062 0.517805
0.062 0.063 0.496939
0.063 0.064 0.488960
0.064 0.065 0.480255
0.065 0.066 0.473769
0.066 0.067 0.609129
0.067 0.068 0.603016
0.068 0.069 0.476178
0.069 0.070 0.433194
0.070 0.071 0.362343
0.071 0.072 0.354871
0.072 0.073 0.344829
0.073 0.074 0.340482
0.074 0.075 0.334361
0.075 0.076 0.325335
0.076 0.077 0.313510
0.077 0.078 0.303229
0.078 0.079 0.297296
0.079 0.080 0.289653
0.080 0.081 0.278439
0.081 0.082 0.265446
0.082 0.083 0.253851
0.083 0.084 0.240894
0.084 0.085 0.232942
0.085 0.086 0.226113
0.086 0.087 0.216532
0.087 0.088 0.209962
0.088 0.089 0.202543
0.089 0.090 0.192021
0.090 0.091 0.181272
0.091 0.092 0.168207
0.092 0.093 0.159136
0.093 0.094 0.153389
0.094 0.095 0.143733
0.095 0.096 0.133020
0.096 0.097 0.124922
0.097 0.098 0.115092
0.098 0.099 0.105075
0.099 0.100 0.097681
0.100 0.101 0.093253
0.101 0.102 0.086681
0.102 0.103 0.077198
0.103 0.104 0.069692
0.104 0.105 0.063955
0.105 0.106 0.055605
0.106 0.107 0.050521
0.107 0.108 0.044265
0.108 0.109 0.038783
0.109 0.110 0.032748
0.110 0.111 0.027178
0.111 0.112 0.022591
0.112 0.113 0.016001
0.113 0.114 0.013148
0.114 0.115 0.010124
0.115 0.116 0.006702
0.116 0.117 0.002550
0.117 0.118 0.001501
0.118 0.119 0.000000
0.119 0.120 0.000000
0.120 0.121 0.000000
0.121 0.122 0.000000
0.122 0.123 0.000000
0.123 0.124 0.000000
0.124 0.125 0.000000
0.125 0.126 0.000000
0.126 0.127 0.000000
0.127 0.128 0.000000
0.128 0.129 0.000000
0.129 0.130 0.000000
0.130 0.131 0.000000
0.131 0.132 0.000000
0.132 0.133 0.000000
0.133 0.134 0.000000
0.134 0.135 0.000000
0.135 0.136 0.000000
0.136 0.137 0.000000
0.137 0.138 0.000000
0.138 0.139 0.000000
0.139 0.140 0.000000
0.140 0.141 0.000000
0.141 0.142 0.000000
0.142 0.143 0.000000
0.143 0.144 0.000000
0.144 0.145 0.000000
0.145 0.146 0.000000
0.146 0.147 0.000000
0.147 0.148 0.000000
0.148 0.149 0.000000
0.149 0.150 0.000000
