1
0.000 0.001 0.000000
0.001 0.002 0.000000
0.002 0.003 0.000000
0.003 0.004 0.000000
0.004 0.005 0.000000
0.005 0.006 0.000000
0.006 0.007 0.000000
0.007 0.008 0.000000
0.008 0.009 0.000000
0.009 0.010 0.000000
0.010 0.011 0.000000
0.011 0.012 0.000000
0.012 0.013 0.000000
0.013 0.014 0.000000
0.014 0.015 0.000000
0.015 0.016 0.000000
0.016 0.017 0.000000
0.017 0.018 0.000000
0.018 0.019 0.000002
0.019 0.020 0.000012
0.020 0.021 0.000070
0.021 0.022 0.000295
0.022 0.023 0.000977
0.023 0.024 0.002676
0.024 0.025 0.006288
0.025 0.026 0.012984
0.026 0.027 0.024008
0.027 0.028 0.040869
0.028 0.029 0.064738
0.029 0.030 0.096006
0.030 0.031 0.134827
0.031 0.032 0.180428
0.032 0.033 0.232286
0.033 0.034 0.288788
0.034 0.035 0.348659
0.035 0.036 0.410391
0.036 0.037 0.469240
0.037 0.038 0.531696
0.038 0.039 0.593534
0.039 0.040 0.651446
0.040 0.041 0.703241
0.041 0.042 0.750878
0.042 0.043 0.793189
0.043 0.044 0.828337
0.044 0.045 0.859852
0.045 0.046 0.876068
0.046 0.047 0.896167
0.047 0.048 0.912290
0.048 0.049 0.918797
0.049 0.050 0.920112
0.050 0.051 0.919163
0.051 0.052 0.914426
0.052 0.053 0.901009
0.053 0.054 0.884282
0.054 0.055 0.873593
0.055 0.056 0.848668
0.056 0.057 0.820538
0.057 0.058 0.875506
0.058 0.059 1.000000
0.059 0.060 0.898112
0.060 0.061 0.721066
0.061 0.062 0.682885
0.062 0.063 0.649362
0.063 0.064 0.618757
0.064 0.065 0.585728
0.065 0.066 0.547803
0.066 0.067 0.575075
0.067 0.068 0.544276
0.068 0.069 0.449032
0.069 0.070 0.400155
0.070 0.071 0.350210
0.071 0.072 0.323496
0.072 0.073 0.288887
0.073 0.074 0.259718
0.074 0.075 0.225936
0.075 0.076 0.203866
0.076 0.077 0.181895
0.077 0.078 0.155974
0.078 0.079 0.128335
0.079 0.080 0.102271
0.080 0.081 0.087118
0.081 0.082 0.067080
0.082 0.083 0.049985
0.083 0.084 0.030804
0.084 0.085 0.020393
0.085 0.086 0.005548
0.086 0.087 0.000000
0.087 0.088 0.000000
0.088 0.089 0.000000
0.089 0.090 0.000000
0.090 0.091 0.000000
0.091 0.092 0.000000
0.092 0.093 0.000000
0.093 0.094 0.000000
0.094 0.095 0.000000
0.095 0.096 0.000000
0.096 0.097 0.000000
0.097 0.098 0.000000
0.098 0.099 0.000000
0.099 0.100 0.000000
0.100 0.101 0.000000
0.101 0.102 0.000000
0.102 0.103 0.000000
0.103 0.104 0.000000
0.104 0.105 0.000000
0.105 0.106 0.000000
0.106 0.107 0.000000
0.107 0.108 0.000000
0.108 0.109 0.000000
0.109 0.110 0.000000
0.110 0.111 0.000000
0.111 0.112 0.000000
0.112 0.113 0.000000
0.113 0.114 0.000000
0.114 0.115 0.000000
0.115 0.116 0.000000
0.116 0.117 0.000000
0.117 0.118 0.000000
0.118 0.119 0.000000
0.119 0.120 0.000000
0.120 0.121 0.000000
0.121 0.122 0.000000
0.122 0.123 0.000000
0.123 0.124 0.000000
0.124 0.125 0.000000
0.125 0.126 0.000000
0.126 0.127 0.000000
0.127 0.128 0.000000
0.128 0.129 0.000000
0.129 0.130 0.000000
0.130 0.131 0.000000
0.131 0.132 0.000000
0.132 0.133 0.000000
0.133 0.134 0.000000
0.134 0.135 0.000000
0.135 0.136 0.000000
0.136 0.137 0.000000
0.137 0.138 0.000000
0.138 0.139 0.000000
0.139 0.140 0.000000
0.140 0.141 0.000000
0.141 0.142 0.000000
0.142 0.143 0.000000
0.143 0.144 0.000000
0.144 0.145 0.000000
0.145 0.146 0.000000
0.146 0.147 0.000000
0.147 0.148 0.000000
0.148 0.149 0.000000
0.149 0.150 0.000000
