1
0.000 0.001 0.000000
0.001 0.002 0.000000
0.002 0.003 0.000000
0.003 0.004 0.000000
0.004 0.005 0.000000
0.005 0.006 0.000000
0.006 0.007 0.000000
0.007 0.008 0.000000
0.008 0.009 0.000000
0.009 0.010 0.000000
0.010 0.011 0.000000
0.011 0.012 0.000000
0.012 0.013 0.000000
0.013 0.014 0.000000
0.014 0.015 0.000000
0.015 0.016 0.000000
0.016 0.017 0.000000
0.017 0.018 0.000000
0.018 0.019 0.000000
0.019 0.020 0.000003
0.020 0.021 0.000016
0.021 0.022 0.000067
0.022 0.023 0.000224
0.023 0.024 0.000627
0.024 0.025 0.001508
0.025 0.026 0.003192
0.026 0.027 0.006060
0.027 0.028 0.010596
0.028 0.029 0.017251
0.029 0.030 0.026184
0.030 0.031 0.037710
0.031 0.032 0.052006
0.032 0.033 0.068771
0.033 0.034 0.087987
0.034 0.035 0.109499
0.035 0.036 0.132656
0.036 0.037 0.157634
0.037 0.038 0.182752
0.038 0.039 0.206727
0.039 0.040 0.231425
0.040 0.041 0.256549
0.041 0.042 0.280190
0.042 0.043 0.303842
0.043 0.044 0.325300
0.044 0.045 0.346198
0.045 0.046 0.365976
0.046 0.047 0.380972
0.047 0.048 0.397671
0.048 0.049 0.414470
0.049 0.050 0.425394
0.050 0.051 0.433844
0.051 0.052 0.444221
0.052 0.053 0.455520
0.053 0.054 0.461968
0.054 0.055 0.465108
0.055 0.056 0.470995
0.056 0.057 0.477531
0.057 0.058 0.656899
0.058 0.059 1.000000
0.059 0.060 0.820619
0.060 0.061 0.483098
0.061 0.062 0.481448
0.062 0.063 0.462264
0.063 0.064 0.455614
0.064 0.065 0.448444
0.065 0.066 0.445019
0.066 0.067 0.585593
0.067 0.068 0.580928
0.068 0.069 0.457041
0.069 0.070 0.414990
0.070 0.071 0.343946
0.071 0.072 0.336283
0.072 0.073 0.327113
0.073 0.074 0.325702
0.074 0.075 0.322181
0.075 0.076 0.314584
0.076 0.077 0.303635
0.077 0.078 0.295297
0.078 0.079 0.292449
0.079 0.080 0.287125
0.080 0.081 0.277982
0.081 0.082 0.267890
0.082 0.083 0.258698
0.083 0.084 0.248938
0.084 0.085 0.240899
0.085 0.086 0.234357
0.086 0.087 0.225152
0.087 0.088 0.219209
0.088 0.089 0.213427
0.089 0.090 0.203170
0.090 0.091 0.191036
0.091 0.092 0.177866
0.092 0.093 0.169307
0.093 0.094 0.164312
0.094 0.095 0.155152
0.095 0.096 0.146434
0.096 0.097 0.135708
0.097 0.098 0.123156
0.098 0.099 0.109313
0.099 0.100 0.099882
0.100 0.101 0.095475
0.101 0.102 0.087161
0.102 0.103 0.075137
0.103 0.104 0.065432
0.104 0.105 0.058273
0.105 0.106 0.049196
0.106 0.107 0.039769
0.107 0.108 0.030228
0.108 0.109 0.022422
0.109 0.110 0.015357
0.110 0.111 0.009585
0.111 0.112 0.005321
0.112 0.113 0.000681
0.113 0.114 0.000000
0.114 0.115 0.000000
0.115 0.116 0.000000
0.116 0.117 0.000000
0.117 0.118 0.000000
0.118 0.119 0.000000
0.119 0.120 0.000000
0.120 0.121 0.000000
0.121 0.122 0.000000
0.122 0.123 0.000000
0.123 0.124 0.000000
0.124 0.125 0.000000
0.125 0.126 0.000000
0.126 0.127 0.000000
0.127 0.128 0.000000
0.128 0.129 0.000000
0.129 0.130 0.000000
0.130 0.131 0.000000
0.131 0.132 0.000000
0.132 0.133 0.000000
0.133 0.134 0.000000
0.134 0.135 0.000000
0.135 0.136 0.000000
0.136 0.137 0.000000
0.137 0.138 0.000000
0.138 0.139 0.000000
0.139 0.140 0.000000
0.140 0.141 0.000000
0.141 0.142 0.000000
0.142 0.143 0.000000
0.143 0.144 0.000000
0.144 0.145 0.000000
0.145 0.146 0.000000
0.146 0.147 0.000000
0.147 0.148 0.000000
0.148 0.149 0.000000
0.149 0.150 0.000000
