1
0.000 0.001 0.000000
0.001 0.002 0.000000
0.002 0.003 0.000000
0.003 0.004 0.000000
0.004 0.005 0.000000
0.005 0.006 0.000000
0.006 0.007 0.000000
0.007 0.008 0.000053
0.008 0.009 0.000011
0.009 0.010 0.000159
0.010 0.011 0.000950
0.011 0.012 0.003760
0.012 0.013 0.011417
0.013 0.014 0.029648
0.014 0.015 0.062234
0.015 0.016 0.110917
0.016 0.017 0.174785
0.017 0.018 0.251607
0.018 0.019 0.336599
0.019 0.020 0.425576
0.020 0.021 0.514969
0.021 0.022 0.600461
0.022 0.023 0.678990
0.023 0.024 0.749497
0.024 0.025 0.812354
0.025 0.026 0.863457
0.026 0.027 0.905769
0.027 0.028 0.940486
0.028 0.029 0.966282
0.029 0.030 0.985959
0.030 0.031 0.997365
0.031 0.032 0.999186
0.032 0.033 1.000000
0.033 0.034 0.995542
0.034 0.035 0.984328
0.035 0.036 0.970670
0.036 0.037 0.951845
0.037 0.038 0.932517
0.038 0.039 0.913758
0.039 0.040 0.894215
0.040 0.041 0.870175
0.041 0.042 0.846596
0.042 0.043 0.822348
0.043 0.044 0.798050
0.044 0.045 0.773862
0.045 0.046 0.744307
0.046 0.047 0.718492
0.047 0.048 0.692573
0.048 0.049 0.664234
0.049 0.050 0.636261
0.050 0.051 0.611184
0.051 0.052 0.587560
0.052 0.053 0.560110
0.053 0.054 0.534344
0.054 0.055 0.509554
0.055 0.056 0.484325
0.056 0.057 0.458584
0.057 0.058 0.499748
0.058 0.059 0.596290
0.059 0.060 0.511562
0.060 0.061 0.376372
0.061 0.062 0.356230
0.062 0.063 0.329895
0.063 0.064 0.310192
0.064 0.065 0.291468
0.065 0.066 0.272651
0.066 0.067 0.297434
0.067 0.068 0.283835
0.068 0.069 0.232074
0.069 0.070 0.205022
0.070 0.071 0.175718
0.071 0.072 0.162998
0.072 0.073 0.150774
0.073 0.074 0.139718
0.074 0.075 0.128669
0.075 0.076 0.117613
0.076 0.077 0.107121
0.077 0.078 0.095346
0.078 0.079 0.086925
0.079 0.080 0.079056
0.080 0.081 0.070345
0.081 0.082 0.059551
0.082 0.083 0.052504
0.083 0.084 0.046403
0.084 0.085 0.039742
0.085 0.086 0.032274
0.086 0.087 0.026587
0.087 0.088 0.021092
0.088 0.089 0.014444
0.089 0.090 0.010765
0.090 0.091 0.008044
0.091 0.092 0.003848
0.092 0.093 0.001052
0.093 0.094 0.000000
0.094 0.095 0.000000
0.095 0.096 0.000000
0.096 0.097 0.000000
0.097 0.098 0.000000
0.098 0.099 0.000000
0.099 0.100 0.000000
0.100 0.101 0.000000
0.101 0.102 0.000000
0.102 0.103 0.000000
0.103 0.104 0.000000
0.104 0.105 0.000000
0.105 0.106 0.000000
0.106 0.107 0.000000
0.107 0.108 0.000000
0.108 0.109 0.000000
0.109 0.110 0.000000
0.110 0.111 0.000000
0.111 0.112 0.000000
0.112 0.113 0.000000
0.113 0.114 0.000000
0.114 0.115 0.000000
0.115 0.116 0.000000
0.116 0.117 0.000000
0.117 0.118 0.000000
0.118 0.119 0.000000
0.119 0.120 0.000000
0.120 0.121 0.000000
0.121 0.122 0.000000
0.122 0.123 0.000000
0.123 0.124 0.000000
0.124 0.125 0.000000
0.125 0.126 0.000000
0.126 0.127 0.000000
0.127 0.128 0.000000
0.128 0.129 0.000000
0.129 0.130 0.000000
0.130 0.131 0.000000
0.131 0.132 0.000000
0.132 0.133 0.000000
0.133 0.134 0.000000
0.134 0.135 0.000000
0.135 0.136 0.000000
0.136 0.137 0.000000
0.137 0.138 0.000000
0.138 0.139 0.000000
0.139 0.140 0.000000
0.140 0.141 0.000000
0.141 0.142 0.000000
0.142 0.143 0.000000
0.143 0.144 0.000000
0.144 0.145 0.000000
0.145 0.146 0.000000
0.146 0.147 0.000000
0.147 0.148 0.000000
0.148 0.149 0.000000
0.149 0.150 0.000000
