1
0.000 0.001 0.000000
0.001 0.002 0.000000
0.002 0.003 0.000000
0.003 0.004 0.000000
0.004 0.005 0.000000
0.005 0.006 0.000000
0.006 0.007 0.000000
0.007 0.008 0.000000
0.008 0.009 0.000000
0.009 0.010 0.000000
0.010 0.011 0.000000
0.011 0.012 0.000000
0.012 0.013 0.000000
0.013 0.014 0.000000
0.014 0.015 0.000000
0.015 0.016 0.000000
0.016 0.017 0.000000
0.017 0.018 0.000000
0.018 0.019 0.000001
0.019 0.020 0.000010
0.020 0.021 0.000058
0.021 0.022 0.000251
0.022 0.023 0.000864
0.023 0.024 0.002448
0.024 0.025 0.005930
0.025 0.026 0.012552
0.026 0.027 0.023686
0.027 0.028 0.040918
0.028 0.029 0.065653
0.029 0.030 0.098132
0.030 0.031 0.139299
0.031 0.032 0.187302
0.032 0.033 0.243562
0.033 0.034 0.305717
0.034 0.035 0.373169
0.035 0.036 0.443291
0.036 0.037 0.511862
0.037 0.038 0.581632
0.038 0.039 0.648287
0.039 0.040 0.709518
0.040 0.041 0.766313
0.041 0.042 0.813523
0.042 0.043 0.864160
0.043 0.044 0.907498
0.044 0.045 0.942624
0.045 0.046 0.964184
0.046 0.047 0.981534
0.047 0.048 0.997258
0.048 0.049 1.000000
0.049 0.050 0.991039
0.050 0.051 0.979678
0.051 0.052 0.963143
0.052 0.053 0.954734
0.053 0.054 0.942880
0.054 0.055 0.917898
0.055 0.056 0.881554
0.056 0.057 0.847933
0.057 0.058 0.857963
0.058 0.059 0.895208
0.059 0.060 0.805326
0.060 0.061 0.692457
0.061 0.062 0.658947
0.062 0.063 0.622895
0.063 0.064 0.579218
0.064 0.065 0.534133
0.065 0.066 0.483462
0.066 0.067 0.461568
0.067 0.068 0.427337
0.068 0.069 0.355112
0.069 0.070 0.308717
0.070 0.071 0.267303
0.071 0.072 0.227710
0.072 0.073 0.175086
0.073 0.074 0.151629
0.074 0.075 0.127533
0.075 0.076 0.100685
0.076 0.077 0.066636
0.077 0.078 0.048009
0.078 0.079 0.029005
0.079 0.080 0.007684
0.080 0.081 0.000000
0.081 0.082 0.000000
0.082 0.083 0.000000
0.083 0.084 0.000000
0.084 0.085 0.000000
0.085 0.086 0.000000
0.086 0.087 0.000000
0.087 0.088 0.000000
0.088 0.089 0.000000
0.089 0.090 0.000000
0.090 0.091 0.000000
0.091 0.092 0.000000
0.092 0.093 0.000000
0.093 0.094 0.000000
0.094 0.095 0.000000
0.095 0.096 0.000000
0.096 0.097 0.000000
0.097 0.098 0.000000
0.098 0.099 0.000000
0.099 0.100 0.000000
0.100 0.101 0.000000
0.101 0.102 0.000000
0.102 0.103 0.000000
0.103 0.104 0.000000
0.104 0.105 0.000000
0.105 0.106 0.000000
0.106 0.107 0.000000
0.107 0.108 0.000000
0.108 0.109 0.000000
0.109 0.110 0.000000
0.110 0.111 0.000000
0.111 0.112 0.000000
0.112 0.113 0.000000
0.113 0.114 0.000000
0.114 0.115 0.000000
0.115 0.116 0.000000
0.116 0.117 0.000000
0.117 0.118 0.000000
0.118 0.119 0.000000
0.119 0.120 0.000000
0.120 0.121 0.000000
0.121 0.122 0.000000
0.122 0.123 0.000000
0.123 0.124 0.000000
0.124 0.125 0.000000
0.125 0.126 0.000000
0.126 0.127 0.000000
0.127 0.128 0.000000
0.128 0.129 0.000000
0.129 0.130 0.000000
0.130 0.131 0.000000
0.131 0.132 0.000000
0.132 0.133 0.000000
0.133 0.134 0.000000
0.134 0.135 0.000000
0.135 0.136 0.000000
0.136 0.137 0.000000
0.137 0.138 0.000000
0.138 0.139 0.000000
0.139 0.140 0.000000
0.140 0.141 0.000000
0.141 0.142 0.000000
0.142 0.143 0.000000
0.143 0.144 0.000000
0.144 0.145 0.000000
0.145 0.146 0.000000
0.146 0.147 0.000000
0.147 0.148 0.000000
0.148 0.149 0.000000
0.149 0.150 0.000000
