1
0.000 0.001 0.000000
0.001 0.002 0.000000
0.002 0.003 0.000000
0.003 0.004 0.000000
0.004 0.005 0.000000
0.005 0.006 0.000000
0.006 0.007 0.000000
0.007 0.008 0.000000
0.008 0.009 0.000000
0.009 0.010 0.000000
0.010 0.011 0.000000
0.011 0.012 0.000000
0.012 0.013 0.000000
0.013 0.014 0.000000
0.014 0.015 0.000000
0.015 0.016 0.000000
0.016 0.017 0.000000
0.017 0.018 0.000000
0.018 0.019 0.000000
0.019 0.020 0.000003
0.020 0.021 0.000018
0.021 0.022 0.000078
0.022 0.023 0.000264
0.023 0.024 0.000736
0.024 0.025 0.001764
0.025 0.026 0.003723
0.026 0.027 0.007043
0.027 0.028 0.012237
0.028 0.029 0.019781
0.029 0.030 0.029858
0.030 0.031 0.042740
0.031 0.032 0.058423
0.032 0.033 0.076878
0.033 0.034 0.097919
0.034 0.035 0.120885
0.035 0.036 0.145174
0.036 0.037 0.170709
0.037 0.038 0.197081
0.038 0.039 0.222842
0.039 0.040 0.248431
0.040 0.041 0.273248
0.041 0.042 0.297403
0.042 0.043 0.320783
0.043 0.044 0.342431
0.044 0.045 0.363158
0.045 0.046 0.380625
0.046 0.047 0.395955
0.047 0.048 0.412060
0.048 0.049 0.425274
0.049 0.050 0.434166
0.050 0.051 0.442454
0.051 0.052 0.451026
0.052 0.053 0.456828
0.053 0.054 0.459870
0.054 0.055 0.461089
0.055 0.056 0.464946
0.056 0.057 0.467879
0.057 0.058 0.649910
0.058 0.059 1.000000
0.059 0.060 0.817354
0.060 0.061 0.473632
0.061 0.062 0.470115
0.062 0.063 0.446863
0.063 0.064 0.440229
0.064 0.065 0.432371
0.065 0.066 0.425367
0.066 0.067 0.567290
0.067 0.068 0.561634
0.068 0.069 0.433226
0.069 0.070 0.391434
0.070 0.071 0.319397
0.071 0.072 0.313800
0.072 0.073 0.305942
0.073 0.074 0.300878
0.074 0.075 0.295503
0.075 0.076 0.288962
0.076 0.077 0.280110
0.077 0.078 0.272668
0.078 0.079 0.267509
0.079 0.080 0.261369
0.080 0.081 0.253401
0.081 0.082 0.243125
0.082 0.083 0.235678
0.083 0.084 0.228631
0.084 0.085 0.222434
0.085 0.086 0.216771
0.086 0.087 0.209552
0.087 0.088 0.204627
0.088 0.089 0.197892
0.089 0.090 0.189302
0.090 0.091 0.181794
0.091 0.092 0.171425
0.092 0.093 0.163995
0.093 0.094 0.159021
0.094 0.095 0.152952
0.095 0.096 0.147076
0.096 0.097 0.140915
0.097 0.098 0.132956
0.098 0.099 0.125740
0.099 0.100 0.119955
0.100 0.101 0.114999
0.101 0.102 0.109282
0.102 0.103 0.102136
0.103 0.104 0.095907
0.104 0.105 0.091718
0.105 0.106 0.086413
0.106 0.107 0.081637
0.107 0.108 0.075742
0.108 0.109 0.070830
0.109 0.110 0.065767
0.110 0.111 0.060762
0.111 0.112 0.056476
0.112 0.113 0.050136
0.113 0.114 0.046178
0.114 0.115 0.042712
0.115 0.116 0.038741
0.116 0.117 0.034864
0.117 0.118 0.030803
0.118 0.119 0.025320
0.119 0.120 0.022238
0.120 0.121 0.019996
0.121 0.122 0.017631
0.122 0.123 0.015206
0.123 0.124 0.012635
0.124 0.125 0.009691
0.125 0.126 0.006285
0.126 0.127 0.004853
0.127 0.128 0.003281
0.128 0.129 0.001233
0.129 0.130 0.000755
0.130 0.131 0.000000
0.131 0.132 0.000000
0.132 0.133 0.000000
0.133 0.134 0.000000
0.134 0.135 0.000000
0.135 0.136 0.000000
0.136 0.137 0.000000
0.137 0.138 0.000000
0.138 0.139 0.000000
0.139 0.140 0.000000
0.140 0.141 0.000000
0.141 0.142 0.000000
0.142 0.143 0.000000
0.143 0.144 0.000000
0.144 0.145 0.000000
0.145 0.146 0.000000
0.146 0.147 0.000000
0.147 0.148 0.000000
0.148 0.149 0.000000
0.149 0.150 0.000000
