1
0.000 0.001 0.000000
0.001 0.002 0.000000
0.002 0.003 0.000000
0.003 0.004 0.000000
0.004 0.005 0.000000
0.005 0.006 0.000000
0.006 0.007 0.000000
0.007 0.008 0.000000
0.008 0.009 0.000000
0.009 0.010 0.000000
0.010 0.011 0.000000
0.011 0.012 0.000000
0.012 0.013 0.000000
0.013 0.014 0.000000
0.014 0.015 0.000001
0.015 0.016 0.000012
0.016 0.017 0.000077
0.017 0.018 0.000338
0.018 0.019 0.001120
0.019 0.020 0.002987
0.020 0.021 0.006717
0.021 0.022 0.013138
0.022 0.023 0.023013
0.023 0.024 0.036964
0.024 0.025 0.055126
0.025 0.026 0.077140
0.026 0.027 0.102781
0.027 0.028 0.131615
0.028 0.029 0.162339
0.029 0.030 0.193841
0.030 0.031 0.225943
0.031 0.032 0.257429
0.032 0.033 0.287695
0.033 0.034 0.317888
0.034 0.035 0.345960
0.035 0.036 0.371560
0.036 0.037 0.394711
0.037 0.038 0.416607
0.038 0.039 0.434821
0.039 0.040 0.450543
0.040 0.041 0.463708
0.041 0.042 0.474130
0.042 0.043 0.483636
0.043 0.044 0.490695
0.044 0.045 0.496130
0.045 0.046 0.497285
0.046 0.047 0.497114
0.047 0.048 0.499106
0.048 0.049 0.497981
0.049 0.050 0.492262
0.050 0.051 0.487982
0.051 0.052 0.484528
0.052 0.053 0.479589
0.053 0.054 0.473619
0.054 0.055 0.467643
0.055 0.056 0.462463
0.056 0.057 0.457182
0.057 0.058 0.643553
0.058 0.059 1.000000
0.059 0.060 0.797448
0.060 0.061 0.438358
0.061 0.062 0.430035
0.062 0.063 0.402209
0.063 0.064 0.392684
0.064 0.065 0.382563
0.065 0.066 0.372522
0.066 0.067 0.503869
0.067 0.068 0.494860
0.068 0.069 0.373445
0.069 0.070 0.332265
0.070 0.071 0.265213
0.071 0.072 0.259679
0.072 0.073 0.252337
0.073 0.074 0.246611
0.074 0.075 0.241461
0.075 0.076 0.235652
0.076 0.077 0.228221
0.077 0.078 0.222203
0.078 0.079 0.217202
0.079 0.080 0.212039
0.080 0.081 0.206322
0.081 0.082 0.199142
0.082 0.083 0.192005
0.083 0.084 0.185281
0.084 0.085 0.179340
0.085 0.086 0.173074
0.086 0.087 0.168367
0.087 0.088 0.164756
0.088 0.089 0.159729
0.089 0.090 0.153735
0.090 0.091 0.148327
0.091 0.092 0.141365
0.092 0.093 0.136056
0.093 0.094 0.132794
0.094 0.095 0.127669
0.095 0.096 0.122911
0.096 0.097 0.118117
0.097 0.098 0.112021
0.098 0.099 0.106362
0.099 0.100 0.101915
0.100 0.101 0.097272
0.101 0.102 0.093478
0.102 0.103 0.089331
0.103 0.104 0.086050
0.104 0.105 0.082376
0.105 0.106 0.077986
0.106 0.107 0.074233
0.107 0.108 0.069789
0.108 0.109 0.066219
0.109 0.110 0.062852
0.110 0.111 0.059191
0.111 0.112 0.055796
0.112 0.113 0.051297
0.113 0.114 0.046646
0.114 0.115 0.044121
0.115 0.116 0.041479
0.116 0.117 0.038437
0.117 0.118 0.035747
0.118 0.119 0.032231
0.119 0.120 0.029684
0.120 0.121 0.028164
0.121 0.122 0.025728
0.122 0.123 0.023290
0.123 0.124 0.020315
0.124 0.125 0.018137
0.125 0.126 0.015941
0.126 0.127 0.014244
0.127 0.128 0.012149
0.128 0.129 0.010315
0.129 0.130 0.008514
0.130 0.131 0.006170
0.131 0.132 0.005456
0.132 0.133 0.004450
0.133 0.134 0.003260
0.134 0.135 0.002160
0.135 0.136 0.000812
0.136 0.137 0.000486
0.137 0.138 0.000000
0.138 0.139 0.000000
0.139 0.140 0.000000
0.140 0.141 0.000000
0.141 0.142 0.000000
0.142 0.143 0.000000
0.143 0.144 0.000000
0.144 0.145 0.000000
0.145 0.146 0.000000
0.146 0.147 0.000000
0.147 0.148 0.000000
0.148 0.149 0.000000
0.149 0.150 0.000000
