1
0.000 0.001 0.000000
0.001 0.002 0.000000
0.002 0.003 0.000000
0.003 0.004 0.000000
0.004 0.005 0.000000
0.005 0.006 0.000000
0.006 0.007 0.000000
0.007 0.008 0.000035
0.008 0.009 0.000000
0.009 0.010 0.000009
0.010 0.011 0.000087
0.011 0.012 0.000490
0.012 0.013 0.001964
0.013 0.014 0.006357
0.014 0.015 0.015945
0.015 0.016 0.032818
0.016 0.017 0.058252
0.017 0.018 0.092739
0.018 0.019 0.135023
0.019 0.020 0.183963
0.020 0.021 0.237591
0.021 0.022 0.293104
0.022 0.023 0.349130
0.023 0.024 0.403959
0.024 0.025 0.455467
0.025 0.026 0.502302
0.026 0.027 0.545711
0.027 0.028 0.584873
0.028 0.029 0.618375
0.029 0.030 0.645768
0.030 0.031 0.669437
0.031 0.032 0.688273
0.032 0.033 0.702775
0.033 0.034 0.713879
0.034 0.035 0.720296
0.035 0.036 0.722902
0.036 0.037 0.723564
0.037 0.038 0.722943
0.038 0.039 0.717495
0.039 0.040 0.710990
0.040 0.041 0.703254
0.041 0.042 0.693269
0.042 0.043 0.683008
0.043 0.044 0.671388
0.044 0.045 0.660738
0.045 0.046 0.646230
0.046 0.047 0.630427
0.047 0.048 0.618252
0.048 0.049 0.604686
0.049 0.050 0.587824
0.050 0.051 0.572519
0.051 0.052 0.560037
0.052 0.053 0.545632
0.053 0.054 0.530716
0.054 0.055 0.516249
0.055 0.056 0.503297
0.056 0.057 0.490504
0.057 0.058 0.664930
0.058 0.059 1.000000
0.059 0.060 0.795434
0.060 0.061 0.446652
0.061 0.062 0.433243
0.062 0.063 0.402683
0.063 0.064 0.388316
0.064 0.065 0.375437
0.065 0.066 0.363616
0.066 0.067 0.480090
0.067 0.068 0.468930
0.068 0.069 0.356978
0.069 0.070 0.317712
0.070 0.071 0.255284
0.071 0.072 0.247339
0.072 0.073 0.237820
0.073 0.074 0.230731
0.074 0.075 0.223753
0.075 0.076 0.215508
0.076 0.077 0.207574
0.077 0.078 0.200973
0.078 0.079 0.196115
0.079 0.080 0.190656
0.080 0.081 0.184035
0.081 0.082 0.176506
0.082 0.083 0.169485
0.083 0.084 0.162969
0.084 0.085 0.157114
0.085 0.086 0.151649
0.086 0.087 0.145383
0.087 0.088 0.140242
0.088 0.089 0.135365
0.089 0.090 0.129313
0.090 0.091 0.123930
0.091 0.092 0.116905
0.092 0.093 0.111820
0.093 0.094 0.108855
0.094 0.095 0.103895
0.095 0.096 0.099161
0.096 0.097 0.094313
0.097 0.098 0.087958
0.098 0.099 0.083409
0.099 0.100 0.079747
0.100 0.101 0.076490
0.101 0.102 0.072879
0.102 0.103 0.068469
0.103 0.104 0.065035
0.104 0.105 0.061707
0.105 0.106 0.057656
0.106 0.107 0.054005
0.107 0.108 0.049323
0.108 0.109 0.046408
0.109 0.110 0.043486
0.110 0.111 0.040549
0.111 0.112 0.038009
0.112 0.113 0.034559
0.113 0.114 0.031504
0.114 0.115 0.028847
0.115 0.116 0.025604
0.116 0.117 0.023326
0.117 0.118 0.021032
0.118 0.119 0.017900
0.119 0.120 0.016120
0.120 0.121 0.015232
0.121 0.122 0.013317
0.122 0.123 0.011049
0.123 0.124 0.009635
0.124 0.125 0.007948
0.125 0.126 0.006279
0.126 0.127 0.004942
0.127 0.128 0.003171
0.128 0.129 0.002319
0.129 0.130 0.001519
0.130 0.131 0.000382
0.131 0.132 0.000000
0.132 0.133 0.000000
0.133 0.134 0.000000
0.134 0.135 0.000000
0.135 0.136 0.000000
0.136 0.137 0.000000
0.137 0.138 0.000000
0.138 0.139 0.000000
0.139 0.140 0.000000
0.140 0.141 0.000000
0.141 0.142 0.000000
0.142 0.143 0.000000
0.143 0.144 0.000000
0.144 0.145 0.000000
0.145 0.146 0.000000
0.146 0.147 0.000000
0.147 0.148 0.000000
0.148 0.149 0.000000
0.149 0.150 0.000000
