1
0.000 0.001 0.000000
0.001 0.002 0.000000
0.002 0.003 0.000000
0.003 0.004 0.000000
0.004 0.005 0.000000
0.005 0.006 0.000000
0.006 0.007 0.000000
0.007 0.008 0.000000
0.008 0.009 0.000000
0.009 0.010 0.000000
0.010 0.011 0.000000
0.011 0.012 0.000000
0.012 0.013 0.000000
0.013 0.014 0.000000
0.014 0.015 0.000000
0.015 0.016 0.000000
0.016 0.017 0.000000
0.017 0.018 0.000000
0.018 0.019 0.000004
0.019 0.020 0.000026
0.020 0.021 0.000116
0.021 0.022 0.000407
0.022 0.023 0.001168
0.023 0.024 0.002841
0.024 0.025 0.006040
0.025 0.026 0.011495
0.026 0.027 0.019922
0.027 0.028 0.032018
0.028 0.029 0.048316
0.029 0.030 0.068906
0.030 0.031 0.093551
0.031 0.032 0.121804
0.032 0.033 0.154468
0.033 0.034 0.189291
0.034 0.035 0.225038
0.035 0.036 0.262751
0.036 0.037 0.300038
0.037 0.038 0.335964
0.038 0.039 0.372563
0.039 0.040 0.409702
0.040 0.041 0.441876
0.041 0.042 0.472333
0.042 0.043 0.500926
0.043 0.044 0.527957
0.044 0.045 0.552250
0.045 0.046 0.570170
0.046 0.047 0.588262
0.047 0.048 0.602486
0.048 0.049 0.613097
0.049 0.050 0.619831
0.050 0.051 0.627756
0.051 0.052 0.636473
0.052 0.053 0.635260
0.053 0.054 0.632052
0.054 0.055 0.632046
0.055 0.056 0.629662
0.056 0.057 0.622122
0.057 0.058 0.748664
0.058 0.059 1.000000
0.059 0.060 0.861236
0.060 0.061 0.604391
0.061 0.062 0.590351
0.062 0.063 0.558658
0.063 0.064 0.543266
0.064 0.065 0.529236
0.065 0.066 0.515528
0.066 0.067 0.610138
0.067 0.068 0.599338
0.068 0.069 0.493298
0.069 0.070 0.446392
0.070 0.071 0.387342
0.071 0.072 0.376224
0.072 0.073 0.360184
0.073 0.074 0.344446
0.074 0.075 0.327878
0.075 0.076 0.309677
0.076 0.077 0.292364
0.077 0.078 0.275969
0.078 0.079 0.262657
0.079 0.080 0.247844
0.080 0.081 0.228535
0.081 0.082 0.206921
0.082 0.083 0.187996
0.083 0.084 0.171013
0.084 0.085 0.153108
0.085 0.086 0.135547
0.086 0.087 0.115329
0.087 0.088 0.095105
0.088 0.089 0.073132
0.089 0.090 0.056115
0.090 0.091 0.043992
0.091 0.092 0.031135
0.092 0.093 0.020178
0.093 0.094 0.010821
0.094 0.095 0.001402
0.095 0.096 0.000000
0.096 0.097 0.000000
0.097 0.098 0.000000
0.098 0.099 0.000000
0.099 0.100 0.000000
0.100 0.101 0.000000
0.101 0.102 0.000000
0.102 0.103 0.000000
0.103 0.104 0.000000
0.104 0.105 0.000000
0.105 0.106 0.000000
0.106 0.107 0.000000
0.107 0.108 0.000000
0.108 0.109 0.000000
0.109 0.110 0.000000
0.110 0.111 0.000000
0.111 0.112 0.000000
0.112 0.113 0.000000
0.113 0.114 0.000000
0.114 0.115 0.000000
0.115 0.116 0.000000
0.116 0.117 0.000000
0.117 0.118 0.000000
0.118 0.119 0.000000
0.119 0.120 0.000000
0.120 0.121 0.000000
0.121 0.122 0.000000
0.122 0.123 0.000000
0.123 0.124 0.000000
0.124 0.125 0.000000
0.125 0.126 0.000000
0.126 0.127 0.000000
0.127 0.128 0.000000
0.128 0.129 0.000000
0.129 0.130 0.000000
0.130 0.131 0.000000
0.131 0.132 0.000000
0.132 0.133 0.000000
0.133 0.134 0.000000
0.134 0.135 0.000000
0.135 0.136 0.000000
0.136 0.137 0.000000
0.137 0.138 0.000000
0.138 0.139 0.000000
0.139 0.140 0.000000
0.140 0.141 0.000000
0.141 0.142 0.000000
0.142 0.143 0.000000
0.143 0.144 0.000000
0.144 0.145 0.000000
0.145 0.146 0.000000
0.146 0.147 0.000000
0.147 0.148 0.000000
0.148 0.149 0.000000
0.149 0.150 0.000000
