1
0.000 0.001 0.000000
0.001 0.002 0.000000
0.002 0.003 0.000000
0.003 0.004 0.000000
0.004 0.005 0.000000
0.005 0.006 0.000000
0.006 0.007 0.000000
0.007 0.008 0.000000
0.008 0.009 0.000000
0.009 0.010 0.000000
0.010 0.011 0.000000
0.011 0.012 0.000000
0.012 0.013 0.000000
0.013 0.014 0.000006
0.014 0.015 0.000048
0.015 0.016 0.000258
0.016 0.017 0.000982
0.017 0.018 0.002897
0.018 0.019 0.006980
0.019 0.020 0.014456
0.020 0.021 0.026465
0.021 0.022 0.043934
0.022 0.023 0.067214
0.023 0.024 0.096042
0.024 0.025 0.129953
0.025 0.026 0.167600
0.026 0.027 0.208170
0.027 0.028 0.251157
0.028 0.029 0.294688
0.029 0.030 0.337132
0.030 0.031 0.377674
0.031 0.032 0.416481
0.032 0.033 0.453171
0.033 0.034 0.486139
0.034 0.035 0.515850
0.035 0.036 0.543408
0.036 0.037 0.567579
0.037 0.038 0.584499
0.038 0.039 0.597714
0.039 0.040 0.611569
0.040 0.041 0.621146
0.041 0.042 0.627028
0.042 0.043 0.633063
0.043 0.044 0.634971
0.044 0.045 0.636043
0.045 0.046 0.635500
0.046 0.047 0.629709
0.047 0.048 0.626060
0.048 0.049 0.622874
0.049 0.050 0.613075
0.050 0.051 0.603327
0.051 0.052 0.597220
0.052 0.053 0.590325
0.053 0.054 0.579581
0.054 0.055 0.567156
0.055 0.056 0.557790
0.056 0.057 0.549651
0.057 0.058 0.703250
0.058 0.059 1.000000
0.059 0.060 0.819279
0.060 0.061 0.506815
0.061 0.062 0.494116
0.062 0.063 0.466211
0.063 0.064 0.450614
0.064 0.065 0.436416
0.065 0.066 0.425530
0.066 0.067 0.531014
0.067 0.068 0.518877
0.068 0.069 0.411159
0.069 0.070 0.369924
0.070 0.071 0.309799
0.071 0.072 0.299030
0.072 0.073 0.286158
0.073 0.074 0.280066
0.074 0.075 0.272585
0.075 0.076 0.260978
0.076 0.077 0.247802
0.077 0.078 0.237249
0.078 0.079 0.231101
0.079 0.080 0.223261
0.080 0.081 0.212432
0.081 0.082 0.200589
0.082 0.083 0.189448
0.083 0.084 0.177995
0.084 0.085 0.168122
0.085 0.086 0.159519
0.086 0.087 0.149368
0.087 0.088 0.140508
0.088 0.089 0.132251
0.089 0.090 0.122225
0.090 0.091 0.111120
0.091 0.092 0.099621
0.092 0.093 0.091950
0.093 0.094 0.085577
0.094 0.095 0.077001
0.095 0.096 0.070430
0.096 0.097 0.062371
0.097 0.098 0.053150
0.098 0.099 0.044493
0.099 0.100 0.038581
0.100 0.101 0.035183
0.101 0.102 0.030691
0.102 0.103 0.024770
0.103 0.104 0.019288
0.104 0.105 0.016112
0.105 0.106 0.011876
0.106 0.107 0.008819
0.107 0.108 0.005047
0.108 0.109 0.002378
0.109 0.110 0.000630
0.110 0.111 0.000000
0.111 0.112 0.000000
0.112 0.113 0.000000
0.113 0.114 0.000000
0.114 0.115 0.000000
0.115 0.116 0.000000
0.116 0.117 0.000000
0.117 0.118 0.000000
0.118 0.119 0.000000
0.119 0.120 0.000000
0.120 0.121 0.000000
0.121 0.122 0.000000
0.122 0.123 0.000000
0.123 0.124 0.000000
0.124 0.125 0.000000
0.125 0.126 0.000000
0.126 0.127 0.000000
0.127 0.128 0.000000
0.128 0.129 0.000000
0.129 0.130 0.000000
0.130 0.131 0.000000
0.131 0.132 0.000000
0.132 0.133 0.000000
0.133 0.134 0.000000
0.134 0.135 0.000000
0.135 0.136 0.000000
0.136 0.137 0.000000
0.137 0.138 0.000000
0.138 0.139 0.000000
0.139 0.140 0.000000
0.140 0.141 0.000000
0.141 0.142 0.000000
0.142 0.143 0.000000
0.143 0.144 0.000000
0.144 0.145 0.000000
0.145 0.146 0.000000
0.146 0.147 0.000000
0.147 0.148 0.000000
0.148 0.149 0.000000
0.149 0.150 0.000000
