1
0.000 0.001 0.000000
0.001 0.002 0.000000
0.002 0.003 0.000000
0.003 0.004 0.000000
0.004 0.005 0.000000
0.005 0.006 0.000000
0.006 0.007 0.000000
0.007 0.008 0.000000
0.008 0.009 0.000000
0.009 0.010 0.000000
0.010 0.011 0.000000
0.011 0.012 0.000000
0.012 0.013 0.000000
0.013 0.014 0.000000
0.014 0.015 0.000000
0.015 0.016 0.000000
0.016 0.017 0.000000
0.017 0.018 0.000000
0.018 0.019 0.000000
0.019 0.020 0.000000
0.020 0.021 0.000000
0.021 0.022 0.000000
0.022 0.023 0.000002
0.023 0.024 0.000011
0.024 0.025 0.000044
0.025 0.026 0.000142
0.026 0.027 0.000384
0.027 0.028 0.000914
0.028 0.029 0.001945
0.029 0.030 0.003734
0.030 0.031 0.006621
0.031 0.032 0.010939
0.032 0.033 0.017009
0.033 0.034 0.025134
0.034 0.035 0.035501
0.035 0.036 0.048113
0.036 0.037 0.063077
0.037 0.038 0.080428
0.038 0.039 0.099511
0.039 0.040 0.120355
0.040 0.041 0.142743
0.041 0.042 0.166053
0.042 0.043 0.190274
0.043 0.044 0.214705
0.044 0.045 0.239808
0.045 0.046 0.263744
0.046 0.047 0.286674
0.047 0.048 0.310607
0.048 0.049 0.333188
0.049 0.050 0.352757
0.050 0.051 0.371464
0.051 0.052 0.390594
0.052 0.053 0.407618
0.053 0.054 0.421914
0.054 0.055 0.434835
0.055 0.056 0.447772
0.056 0.057 0.459509
0.057 0.058 0.644080
0.058 0.059 1.000000
0.059 0.060 0.833737
0.060 0.061 0.496906
0.061 0.062 0.500161
0.062 0.063 0.482953
0.063 0.064 0.481779
0.064 0.065 0.478695
0.065 0.066 0.476408
0.066 0.067 0.636233
0.067 0.068 0.637014
0.068 0.069 0.500913
0.069 0.070 0.456669
0.070 0.071 0.377908
0.071 0.072 0.372912
0.072 0.073 0.365000
0.073 0.074 0.360943
0.074 0.075 0.355865
0.075 0.076 0.348868
0.076 0.077 0.337923
0.077 0.078 0.331097
0.078 0.079 0.327493
0.079 0.080 0.322147
0.080 0.081 0.313743
0.081 0.082 0.303394
0.082 0.083 0.294081
0.083 0.084 0.285221
0.084 0.085 0.277039
0.085 0.086 0.268593
0.086 0.087 0.260232
0.087 0.088 0.255003
0.088 0.089 0.247754
0.089 0.090 0.237582
0.090 0.091 0.228392
0.091 0.092 0.215468
0.092 0.093 0.206644
0.093 0.094 0.201983
0.094 0.095 0.192026
0.095 0.096 0.184569
0.096 0.097 0.176506
0.097 0.098 0.166062
0.098 0.099 0.156472
0.099 0.100 0.148778
0.100 0.101 0.142531
0.101 0.102 0.135108
0.102 0.103 0.124567
0.103 0.104 0.118347
0.104 0.105 0.112861
0.105 0.106 0.105765
0.106 0.107 0.099076
0.107 0.108 0.090790
0.108 0.109 0.083730
0.109 0.110 0.075579
0.110 0.111 0.069789
0.111 0.112 0.065017
0.112 0.113 0.058415
0.113 0.114 0.052764
0.114 0.115 0.047403
0.115 0.116 0.040541
0.116 0.117 0.036071
0.117 0.118 0.031201
0.118 0.119 0.024590
0.119 0.120 0.021043
0.120 0.121 0.018430
0.121 0.122 0.015561
0.122 0.123 0.012589
0.123 0.124 0.009452
0.124 0.125 0.005374
0.125 0.126 0.003336
0.126 0.127 0.000920
0.127 0.128 0.000000
0.128 0.129 0.000000
0.129 0.130 0.000000
0.130 0.131 0.000000
0.131 0.132 0.000000
0.132 0.133 0.000000
0.133 0.134 0.000000
0.134 0.135 0.000000
0.135 0.136 0.000000
0.136 0.137 0.000000
0.137 0.138 0.000000
0.138 0.139 0.000000
0.139 0.140 0.000000
0.140 0.141 0.000000
0.141 0.142 0.000000
0.142 0.143 0.000000
0.143 0.144 0.000000
0.144 0.145 0.000000
0.145 0.146 0.000000
0.146 0.147 0.000000
0.147 0.148 0.000000
0.148 0.149 0.000000
0.149 0.150 0.000000
