1
0.000 0.001 0.000000
0.001 0.002 0.000000
0.002 0.003 0.000000
0.003 0.004 0.000000
0.004 0.005 0.000000
0.005 0.006 0.000000
0.006 0.007 0.000000
0.007 0.008 0.000000
0.008 0.009 0.000000
0.009 0.010 0.000000
0.010 0.011 0.000000
0.011 0.012 0.000000
0.012 0.013 0.000000
0.013 0.014 0.000000
0.014 0.015 0.000000
0.015 0.016 0.000000
0.016 0.017 0.000001
0.017 0.018 0.000005
0.018 0.019 0.000035
0.019 0.020 0.000160
0.020 0.021 0.000576
0.021 0.022 0.001675
0.022 0.023 0.004102
0.023 0.024 0.008751
0.024 0.025 0.016650
0.025 0.026 0.028752
0.026 0.027 0.045776
0.027 0.028 0.068379
0.028 0.029 0.096796
0.029 0.030 0.130513
0.030 0.031 0.168744
0.031 0.032 0.209328
0.032 0.033 0.254655
0.033 0.034 0.301464
0.034 0.035 0.348889
0.035 0.036 0.396335
0.036 0.037 0.441671
0.037 0.038 0.483457
0.038 0.039 0.523205
0.039 0.040 0.561438
0.040 0.041 0.593328
0.041 0.042 0.621808
0.042 0.043 0.646902
0.043 0.044 0.665165
0.044 0.045 0.685487
0.045 0.046 0.699537
0.046 0.047 0.711008
0.047 0.048 0.719817
0.048 0.049 0.723660
0.049 0.050 0.722363
0.050 0.051 0.721174
0.051 0.052 0.718987
0.052 0.053 0.711302
0.053 0.054 0.701129
0.054 0.055 0.688975
0.055 0.056 0.672294
0.056 0.057 0.661393
0.057 0.058 0.774832
0.058 0.059 1.000000
0.059 0.060 0.859069
0.060 0.061 0.610348
0.061 0.062 0.591872
0.062 0.063 0.558982
0.063 0.064 0.535982
0.064 0.065 0.514730
0.065 0.066 0.494110
0.066 0.067 0.569439
0.067 0.068 0.554564
0.068 0.069 0.453602
0.069 0.070 0.408693
0.070 0.071 0.352335
0.071 0.072 0.336571
0.072 0.073 0.316007
0.073 0.074 0.301304
0.074 0.075 0.285527
0.075 0.076 0.263774
0.076 0.077 0.247972
0.077 0.078 0.233516
0.078 0.079 0.221907
0.079 0.080 0.209758
0.080 0.081 0.194889
0.081 0.082 0.177628
0.082 0.083 0.161687
0.083 0.084 0.144152
0.084 0.085 0.132877
0.085 0.086 0.122465
0.086 0.087 0.110579
0.087 0.088 0.099126
0.088 0.089 0.086353
0.089 0.090 0.074348
0.090 0.091 0.061314
0.091 0.092 0.052955
0.092 0.093 0.045196
0.093 0.094 0.037258
0.094 0.095 0.029039
0.095 0.096 0.019371
0.096 0.097 0.014032
0.097 0.098 0.008661
0.098 0.099 0.002147
0.099 0.100 0.000000
0.100 0.101 0.000000
0.101 0.102 0.000000
0.102 0.103 0.000000
0.103 0.104 0.000000
0.104 0.105 0.000000
0.105 0.106 0.000000
0.106 0.107 0.000000
0.107 0.108 0.000000
0.108 0.109 0.000000
0.109 0.110 0.000000
0.110 0.111 0.000000
0.111 0.112 0.000000
0.112 0.113 0.000000
0.113 0.114 0.000000
0.114 0.115 0.000000
0.115 0.116 0.000000
0.116 0.117 0.000000
0.117 0.118 0.000000
0.118 0.119 0.000000
0.119 0.120 0.000000
0.120 0.121 0.000000
0.121 0.122 0.000000
0.122 0.123 0.000000
0.123 0.124 0.000000
0.124 0.125 0.000000
0.125 0.126 0.000000
0.126 0.127 0.000000
0.127 0.128 0.000000
0.128 0.129 0.000000
0.129 0.130 0.000000
0.130 0.131 0.000000
0.131 0.132 0.000000
0.132 0.133 0.000000
0.133 0.134 0.000000
0.134 0.135 0.000000
0.135 0.136 0.000000
0.136 0.137 0.000000
0.137 0.138 0.000000
0.138 0.139 0.000000
0.139 0.140 0.000000
0.140 0.141 0.000000
0.141 0.142 0.000000
0.142 0.143 0.000000
0.143 0.144 0.000000
0.144 0.145 0.000000
0.145 0.146 0.000000
0.146 0.147 0.000000
0.147 0.148 0.000000
0.148 0.149 0.000000
0.149 0.150 0.000000
