1
0.000 0.001 0.000000
0.001 0.002 0.000000
0.002 0.003 0.000000
0.003 0.004 0.000000
0.004 0.005 0.000000
0.005 0.006 0.000000
0.006 0.007 0.000000
0.007 0.008 0.000000
0.008 0.009 0.000000
0.009 0.010 0.000000
0.010 0.011 0.000000
0.011 0.012 0.000000
0.012 0.013 0.000000
0.013 0.014 0.000000
0.014 0.015 0.000001
0.015 0.016 0.000007
0.016 0.017 0.000051
0.017 0.018 0.000239
0.018 0.019 0.000841
0.019 0.020 0.002344
0.020 0.021 0.005464
0.021 0.022 0.011010
0.022 0.023 0.019730
0.023 0.024 0.032234
0.024 0.025 0.048761
0.025 0.026 0.069140
0.026 0.027 0.093171
0.027 0.028 0.120465
0.028 0.029 0.150064
0.029 0.030 0.180736
0.030 0.031 0.212065
0.031 0.032 0.243264
0.032 0.033 0.273965
0.033 0.034 0.303518
0.034 0.035 0.330884
0.035 0.036 0.356009
0.036 0.037 0.379370
0.037 0.038 0.401426
0.038 0.039 0.419653
0.039 0.040 0.435438
0.040 0.041 0.449239
0.041 0.042 0.460869
0.042 0.043 0.470994
0.043 0.044 0.478081
0.044 0.045 0.484538
0.045 0.046 0.487648
0.046 0.047 0.489276
0.047 0.048 0.492189
0.048 0.049 0.492109
0.049 0.050 0.488630
0.050 0.051 0.486127
0.051 0.052 0.484358
0.052 0.053 0.479387
0.053 0.054 0.473578
0.054 0.055 0.467632
0.055 0.056 0.462309
0.056 0.057 0.457038
0.057 0.058 0.643518
0.058 0.059 1.000000
0.059 0.060 0.797530
0.060 0.061 0.438477
0.061 0.062 0.430171
0.062 0.063 0.402694
0.063 0.064 0.393419
0.064 0.065 0.383443
0.065 0.066 0.373238
0.066 0.067 0.504838
0.067 0.068 0.496589
0.068 0.069 0.376193
0.069 0.070 0.336262
0.070 0.071 0.268830
0.071 0.072 0.262475
0.072 0.073 0.254206
0.073 0.074 0.247868
0.074 0.075 0.242087
0.075 0.076 0.235486
0.076 0.077 0.226768
0.077 0.078 0.221090
0.078 0.079 0.216510
0.079 0.080 0.211606
0.080 0.081 0.206036
0.081 0.082 0.199126
0.082 0.083 0.192229
0.083 0.084 0.185744
0.084 0.085 0.180066
0.085 0.086 0.174725
0.086 0.087 0.169017
0.087 0.088 0.163970
0.088 0.089 0.158818
0.089 0.090 0.152770
0.090 0.091 0.147347
0.091 0.092 0.140356
0.092 0.093 0.134980
0.093 0.094 0.131599
0.094 0.095 0.126395
0.095 0.096 0.121561
0.096 0.097 0.116704
0.097 0.098 0.110202
0.098 0.099 0.105222
0.099 0.100 0.101445
0.100 0.101 0.097983
0.101 0.102 0.093893
0.102 0.103 0.089393
0.103 0.104 0.085779
0.104 0.105 0.081821
0.105 0.106 0.077113
0.106 0.107 0.073031
0.107 0.108 0.067932
0.108 0.109 0.064756
0.109 0.110 0.061805
0.110 0.111 0.058532
0.111 0.112 0.055469
0.112 0.113 0.051339
0.113 0.114 0.047498
0.114 0.115 0.044472
0.115 0.116 0.041001
0.116 0.117 0.038082
0.117 0.118 0.035548
0.118 0.119 0.032245
0.119 0.120 0.029789
0.120 0.121 0.028315
0.121 0.122 0.026004
0.122 0.123 0.023697
0.123 0.124 0.020963
0.124 0.125 0.018696
0.125 0.126 0.016411
0.126 0.127 0.014638
0.127 0.128 0.012459
0.128 0.129 0.010543
0.129 0.130 0.008374
0.130 0.131 0.006844
0.131 0.132 0.005914
0.132 0.133 0.004653
0.133 0.134 0.002931
0.134 0.135 0.002100
0.135 0.136 0.001334
0.136 0.137 0.000362
0.137 0.138 0.000000
0.138 0.139 0.000000
0.139 0.140 0.000000
0.140 0.141 0.000000
0.141 0.142 0.000000
0.142 0.143 0.000000
0.143 0.144 0.000000
0.144 0.145 0.000000
0.145 0.146 0.000000
0.146 0.147 0.000000
0.147 0.148 0.000000
0.148 0.149 0.000000
0.149 0.150 0.000000
