1
0.000 0.001 0.000000
0.001 0.002 0.000000
0.002 0.003 0.000000
0.003 0.004 0.000000
0.004 0.005 0.000000
0.005 0.006 0.000000
0.006 0.007 0.000000
0.007 0.008 0.000000
0.008 0.009 0.000000
0.009 0.010 0.000000
0.010 0.011 0.000000
0.011 0.012 0.000000
0.012 0.013 0.000000
0.013 0.014 0.000000
0.014 0.015 0.000000
0.015 0.016 0.000000
0.016 0.017 0.000000
0.017 0.018 0.000000
0.018 0.019 0.000000
0.019 0.020 0.000001
0.020 0.021 0.000006
0.021 0.022 0.000027
0.022 0.023 0.000095
0.023 0.024 0.000276
0.024 0.025 0.000687
0.025 0.026 0.001504
0.026 0.027 0.002964
0.027 0.028 0.005335
0.028 0.029 0.008919
0.029 0.030 0.013916
0.030 0.031 0.020575
0.031 0.032 0.029061
0.032 0.033 0.039339
0.033 0.034 0.051304
0.034 0.035 0.064999
0.035 0.036 0.080281
0.036 0.037 0.096563
0.037 0.038 0.114344
0.038 0.039 0.132597
0.039 0.040 0.150806
0.040 0.041 0.169156
0.041 0.042 0.187375
0.042 0.043 0.205309
0.043 0.044 0.222721
0.044 0.045 0.240549
0.045 0.046 0.255352
0.046 0.047 0.270323
0.047 0.048 0.285607
0.048 0.049 0.297145
0.049 0.050 0.308791
0.050 0.051 0.320776
0.051 0.052 0.331373
0.052 0.053 0.339018
0.053 0.054 0.345981
0.054 0.055 0.353141
0.055 0.056 0.359123
0.056 0.057 0.365691
0.057 0.058 0.584262
0.058 0.059 1.000000
0.059 0.060 0.791239
0.060 0.061 0.393571
0.061 0.062 0.395423
0.062 0.063 0.372726
0.063 0.064 0.373468
0.064 0.065 0.373247
0.065 0.066 0.369690
0.066 0.067 0.544935
0.067 0.068 0.544592
0.068 0.069 0.400658
0.069 0.070 0.360242
0.070 0.071 0.278878
0.071 0.072 0.278043
0.072 0.073 0.275020
0.073 0.074 0.271403
0.074 0.075 0.270082
0.075 0.076 0.268288
0.076 0.077 0.264636
0.077 0.078 0.262758
0.078 0.079 0.259572
0.079 0.080 0.257295
0.080 0.081 0.256403
0.081 0.082 0.253171
0.082 0.083 0.248104
0.083 0.084 0.243287
0.084 0.085 0.239592
0.085 0.086 0.235932
0.086 0.087 0.233747
0.087 0.088 0.230515
0.088 0.089 0.225222
0.089 0.090 0.220606
0.090 0.091 0.216498
0.091 0.092 0.211175
0.092 0.093 0.205783
0.093 0.094 0.201600
0.094 0.095 0.196642
0.095 0.096 0.192690
0.096 0.097 0.189375
0.097 0.098 0.184411
0.098 0.099 0.178936
0.099 0.100 0.175483
0.100 0.101 0.171678
0.101 0.102 0.166495
0.102 0.103 0.162750
0.103 0.104 0.159275
0.104 0.105 0.153583
0.105 0.106 0.147360
0.106 0.107 0.142526
0.107 0.108 0.137176
0.108 0.109 0.133455
0.109 0.110 0.130888
0.110 0.111 0.126738
0.111 0.112 0.121990
0.112 0.113 0.115775
0.113 0.114 0.109462
0.114 0.115 0.105511
0.115 0.116 0.101841
0.116 0.117 0.096362
0.117 0.118 0.092907
0.118 0.119 0.089088
0.119 0.120 0.083850
0.120 0.121 0.079716
0.121 0.122 0.075744
0.122 0.123 0.071965
0.123 0.124 0.068040
0.124 0.125 0.063047
0.125 0.126 0.057942
0.126 0.127 0.053776
0.127 0.128 0.048376
0.128 0.129 0.043968
0.129 0.130 0.039498
0.130 0.131 0.034517
0.131 0.132 0.031849
0.132 0.133 0.027839
0.133 0.134 0.022857
0.134 0.135 0.018216
0.135 0.136 0.013976
0.136 0.137 0.009921
0.137 0.138 0.005517
0.138 0.139 0.000000
0.139 0.140 0.000000
0.140 0.141 0.000000
0.141 0.142 0.000000
0.142 0.143 0.000000
0.143 0.144 0.000000
0.144 0.145 0.000000
0.145 0.146 0.000000
0.146 0.147 0.000000
0.147 0.148 0.000000
0.148 0.149 0.000000
0.149 0.150 0.000000
