1
0.000 0.001 0.000000
0.001 0.002 0.000000
0.002 0.003 0.000000
0.003 0.004 0.000000
0.004 0.005 0.000000
0.005 0.006 0.000000
0.006 0.007 0.000000
0.007 0.008 0.000000
0.008 0.009 0.000000
0.009 0.010 0.000000
0.010 0.011 0.000000
0.011 0.012 0.000000
0.012 0.013 0.000000
0.013 0.014 0.000000
0.014 0.015 0.000000
0.015 0.016 0.000000
0.016 0.017 0.000000
0.017 0.018 0.000000
0.018 0.019 0.000004
0.019 0.020 0.000026
0.020 0.021 0.000118
0.021 0.022 0.000424
0.022 0.023 0.001233
0.023 0.024 0.003032
0.024 0.025 0.006531
0.025 0.026 0.012532
0.026 0.027 0.021811
0.027 0.028 0.035259
0.028 0.029 0.053479
0.029 0.030 0.076321
0.030 0.031 0.103861
0.031 0.032 0.135748
0.032 0.033 0.171569
0.033 0.034 0.210047
0.034 0.035 0.250188
0.035 0.036 0.292183
0.036 0.037 0.333393
0.037 0.038 0.372493
0.038 0.039 0.411227
0.039 0.040 0.449367
0.040 0.041 0.483186
0.041 0.042 0.513100
0.042 0.043 0.543285
0.043 0.044 0.569499
0.044 0.045 0.592396
0.045 0.046 0.609989
0.046 0.047 0.623384
0.047 0.048 0.636057
0.048 0.049 0.645477
0.049 0.050 0.647021
0.050 0.051 0.648361
0.051 0.052 0.650374
0.052 0.053 0.651121
0.053 0.054 0.648465
0.054 0.055 0.642958
0.055 0.056 0.635635
0.056 0.057 0.627848
0.057 0.058 0.753622
0.058 0.059 1.000000
0.059 0.060 0.851288
0.060 0.061 0.583607
0.061 0.062 0.570810
0.062 0.063 0.543230
0.063 0.064 0.525552
0.064 0.065 0.509212
0.065 0.066 0.493860
0.066 0.067 0.585954
0.067 0.068 0.571112
0.068 0.069 0.462771
0.069 0.070 0.415071
0.070 0.071 0.356365
0.071 0.072 0.343060
0.072 0.073 0.325453
0.073 0.074 0.314965
0.074 0.075 0.303102
0.075 0.076 0.286386
0.076 0.077 0.268579
0.077 0.078 0.251232
0.078 0.079 0.242325
0.079 0.080 0.232187
0.080 0.081 0.218945
0.081 0.082 0.203554
0.082 0.083 0.189069
0.083 0.084 0.174446
0.084 0.085 0.160964
0.085 0.086 0.147013
0.086 0.087 0.136077
0.087 0.088 0.125846
0.088 0.089 0.114740
0.089 0.090 0.103124
0.090 0.091 0.090879
0.091 0.092 0.077611
0.092 0.093 0.069596
0.093 0.094 0.061797
0.094 0.095 0.053233
0.095 0.096 0.045124
0.096 0.097 0.034146
0.097 0.098 0.026878
0.098 0.099 0.019064
0.099 0.100 0.012179
0.100 0.101 0.010202
0.101 0.102 0.006738
0.102 0.103 0.001769
0.103 0.104 0.000000
0.104 0.105 0.000000
0.105 0.106 0.000000
0.106 0.107 0.000000
0.107 0.108 0.000000
0.108 0.109 0.000000
0.109 0.110 0.000000
0.110 0.111 0.000000
0.111 0.112 0.000000
0.112 0.113 0.000000
0.113 0.114 0.000000
0.114 0.115 0.000000
0.115 0.116 0.000000
0.116 0.117 0.000000
0.117 0.118 0.000000
0.118 0.119 0.000000
0.119 0.120 0.000000
0.120 0.121 0.000000
0.121 0.122 0.000000
0.122 0.123 0.000000
0.123 0.124 0.000000
0.124 0.125 0.000000
0.125 0.126 0.000000
0.126 0.127 0.000000
0.127 0.128 0.000000
0.128 0.129 0.000000
0.129 0.130 0.000000
0.130 0.131 0.000000
0.131 0.132 0.000000
0.132 0.133 0.000000
0.133 0.134 0.000000
0.134 0.135 0.000000
0.135 0.136 0.000000
0.136 0.137 0.000000
0.137 0.138 0.000000
0.138 0.139 0.000000
0.139 0.140 0.000000
0.140 0.141 0.000000
0.141 0.142 0.000000
0.142 0.143 0.000000
0.143 0.144 0.000000
0.144 0.145 0.000000
0.145 0.146 0.000000
0.146 0.147 0.000000
0.147 0.148 0.000000
0.148 0.149 0.000000
0.149 0.150 0.000000
