1
0.000 0.001 0.000000
0.001 0.002 0.000000
0.002 0.003 0.000000
0.003 0.004 0.000000
0.004 0.005 0.000000
0.005 0.006 0.000000
0.006 0.007 0.000000
0.007 0.008 0.000000
0.008 0.009 0.000000
0.009 0.010 0.000000
0.010 0.011 0.000000
0.011 0.012 0.000000
0.012 0.013 0.000000
0.013 0.014 0.000000
0.014 0.015 0.000000
0.015 0.016 0.000000
0.016 0.017 0.000000
0.017 0.018 0.000000
0.018 0.019 0.000000
0.019 0.020 0.000003
0.020 0.021 0.000015
0.021 0.022 0.000061
0.022 0.023 0.000202
0.023 0.024 0.000560
0.024 0.025 0.001340
0.025 0.026 0.002832
0.026 0.027 0.005375
0.027 0.028 0.009399
0.028 0.029 0.015304
0.029 0.030 0.023245
0.030 0.031 0.033584
0.031 0.032 0.046373
0.032 0.033 0.061543
0.033 0.034 0.078973
0.034 0.035 0.098306
0.035 0.036 0.119110
0.036 0.037 0.141350
0.037 0.038 0.164593
0.038 0.039 0.187483
0.039 0.040 0.210699
0.040 0.041 0.233821
0.041 0.042 0.255811
0.042 0.043 0.277660
0.043 0.044 0.298341
0.044 0.045 0.318554
0.045 0.046 0.336238
0.046 0.047 0.351851
0.047 0.048 0.368495
0.048 0.049 0.383164
0.049 0.050 0.393931
0.050 0.051 0.403863
0.051 0.052 0.414636
0.052 0.053 0.423218
0.053 0.054 0.428865
0.054 0.055 0.433725
0.055 0.056 0.439749
0.056 0.057 0.444854
0.057 0.058 0.634805
0.058 0.059 1.000000
0.059 0.060 0.813347
0.060 0.061 0.458846
0.061 0.062 0.457524
0.062 0.063 0.436023
0.063 0.064 0.431911
0.064 0.065 0.426427
0.065 0.066 0.422211
0.066 0.067 0.572833
0.067 0.068 0.569623
0.068 0.069 0.440005
0.069 0.070 0.397972
0.070 0.071 0.324048
0.071 0.072 0.319205
0.072 0.073 0.312437
0.073 0.074 0.308694
0.074 0.075 0.304444
0.075 0.076 0.298757
0.076 0.077 0.290579
0.077 0.078 0.284192
0.078 0.079 0.280683
0.079 0.080 0.275649
0.080 0.081 0.268274
0.081 0.082 0.259653
0.082 0.083 0.251622
0.083 0.084 0.243950
0.084 0.085 0.237243
0.085 0.086 0.231154
0.086 0.087 0.223308
0.087 0.088 0.218042
0.088 0.089 0.211046
0.089 0.090 0.201790
0.090 0.091 0.193147
0.091 0.092 0.182374
0.092 0.093 0.174915
0.093 0.094 0.170896
0.094 0.095 0.163344
0.095 0.096 0.156027
0.096 0.097 0.147772
0.097 0.098 0.139083
0.098 0.099 0.131153
0.099 0.100 0.124807
0.100 0.101 0.119520
0.101 0.102 0.113354
0.102 0.103 0.105045
0.103 0.104 0.099743
0.104 0.105 0.094865
0.105 0.106 0.088734
0.106 0.107 0.083060
0.107 0.108 0.075743
0.108 0.109 0.070770
0.109 0.110 0.065593
0.110 0.111 0.060530
0.111 0.112 0.056247
0.112 0.113 0.050061
0.113 0.114 0.045795
0.114 0.115 0.041948
0.115 0.116 0.037532
0.116 0.117 0.033290
0.117 0.118 0.028470
0.118 0.119 0.023421
0.119 0.120 0.020725
0.120 0.121 0.019394
0.121 0.122 0.015937
0.122 0.123 0.013557
0.123 0.124 0.011039
0.124 0.125 0.007808
0.125 0.126 0.005772
0.126 0.127 0.004085
0.127 0.128 0.001934
0.128 0.129 0.000511
0.129 0.130 0.000000
0.130 0.131 0.000000
0.131 0.132 0.000000
0.132 0.133 0.000000
0.133 0.134 0.000000
0.134 0.135 0.000000
0.135 0.136 0.000000
0.136 0.137 0.000000
0.137 0.138 0.000000
0.138 0.139 0.000000
0.139 0.140 0.000000
0.140 0.141 0.000000
0.141 0.142 0.000000
0.142 0.143 0.000000
0.143 0.144 0.000000
0.144 0.145 0.000000
0.145 0.146 0.000000
0.146 0.147 0.000000
0.147 0.148 0.000000
0.148 0.149 0.000000
0.149 0.150 0.000000
