1
0.000 0.001 0.000000
0.001 0.002 0.000000
0.002 0.003 0.000000
0.003 0.004 0.000000
0.004 0.005 0.000000
0.005 0.006 0.000000
0.006 0.007 0.000000
0.007 0.008 0.000000
0.008 0.009 0.000000
0.009 0.010 0.000000
0.010 0.011 0.000000
0.011 0.012 0.000000
0.012 0.013 0.000000
0.013 0.014 0.000006
0.014 0.015 0.000056
0.015 0.016 0.000327
0.016 0.017 0.001327
0.017 0.018 0.004110
0.018 0.019 0.010297
0.019 0.020 0.021878
0.020 0.021 0.040753
0.021 0.022 0.068492
0.022 0.023 0.105778
0.023 0.024 0.151743
0.024 0.025 0.206523
0.025 0.026 0.267751
0.026 0.027 0.334203
0.027 0.028 0.402877
0.028 0.029 0.471296
0.029 0.030 0.540926
0.030 0.031 0.605667
0.031 0.032 0.662816
0.032 0.033 0.719957
0.033 0.034 0.770833
0.034 0.035 0.812524
0.035 0.036 0.847843
0.036 0.037 0.874068
0.037 0.038 0.900734
0.038 0.039 0.925971
0.039 0.040 0.943596
0.040 0.041 0.952986
0.041 0.042 0.961281
0.042 0.043 0.962129
0.043 0.044 0.961051
0.044 0.045 0.961342
0.045 0.046 0.949248
0.046 0.047 0.941389
0.047 0.048 0.927335
0.048 0.049 0.906609
0.049 0.050 0.889973
0.050 0.051 0.875345
0.051 0.052 0.860553
0.052 0.053 0.834861
0.053 0.054 0.812872
0.054 0.055 0.794327
0.055 0.056 0.766620
0.056 0.057 0.735460
0.057 0.058 0.817673
0.058 0.059 1.000000
0.059 0.060 0.875834
0.060 0.061 0.657775
0.061 0.062 0.628357
0.062 0.063 0.591622
0.063 0.064 0.567396
0.064 0.065 0.541026
0.065 0.066 0.512245
0.066 0.067 0.563688
0.067 0.068 0.543758
0.068 0.069 0.455649
0.069 0.070 0.405986
0.070 0.071 0.352585
0.071 0.072 0.334120
0.072 0.073 0.309476
0.073 0.074 0.284694
0.074 0.075 0.260172
0.075 0.076 0.237977
0.076 0.077 0.217021
0.077 0.078 0.192721
0.078 0.079 0.166801
0.079 0.080 0.145763
0.080 0.081 0.125174
0.081 0.082 0.098671
0.082 0.083 0.076632
0.083 0.084 0.057504
0.084 0.085 0.035229
0.085 0.086 0.000000
0.086 0.087 0.000000
0.087 0.088 0.000000
0.088 0.089 0.000000
0.089 0.090 0.000000
0.090 0.091 0.000000
0.091 0.092 0.000000
0.092 0.093 0.000000
0.093 0.094 0.000000
0.094 0.095 0.000000
0.095 0.096 0.000000
0.096 0.097 0.000000
0.097 0.098 0.000000
0.098 0.099 0.000000
0.099 0.100 0.000000
0.100 0.101 0.000000
0.101 0.102 0.000000
0.102 0.103 0.000000
0.103 0.104 0.000000
0.104 0.105 0.000000
0.105 0.106 0.000000
0.106 0.107 0.000000
0.107 0.108 0.000000
0.108 0.109 0.000000
0.109 0.110 0.000000
0.110 0.111 0.000000
0.111 0.112 0.000000
0.112 0.113 0.000000
0.113 0.114 0.000000
0.114 0.115 0.000000
0.115 0.116 0.000000
0.116 0.117 0.000000
0.117 0.118 0.000000
0.118 0.119 0.000000
0.119 0.120 0.000000
0.120 0.121 0.000000
0.121 0.122 0.000000
0.122 0.123 0.000000
0.123 0.124 0.000000
0.124 0.125 0.000000
0.125 0.126 0.000000
0.126 0.127 0.000000
0.127 0.128 0.000000
0.128 0.129 0.000000
0.129 0.130 0.000000
0.130 0.131 0.000000
0.131 0.132 0.000000
0.132 0.133 0.000000
0.133 0.134 0.000000
0.134 0.135 0.000000
0.135 0.136 0.000000
0.136 0.137 0.000000
0.137 0.138 0.000000
0.138 0.139 0.000000
0.139 0.140 0.000000
0.140 0.141 0.000000
0.141 0.142 0.000000
0.142 0.143 0.000000
0.143 0.144 0.000000
0.144 0.145 0.000000
0.145 0.146 0.000000
0.146 0.147 0.000000
0.147 0.148 0.000000
0.148 0.149 0.000000
0.149 0.150 0.000000
