1
0.000 0.001 0.000000
0.001 0.002 0.000000
0.002 0.003 0.000000
0.003 0.004 0.000000
0.004 0.005 0.000000
0.005 0.006 0.000000
0.006 0.007 0.000000
0.007 0.008 0.000000
0.008 0.009 0.000000
0.009 0.010 0.000000
0.010 0.011 0.000000
0.011 0.012 0.000000
0.012 0.013 0.000000
0.013 0.014 0.000000
0.014 0.015 0.000000
0.015 0.016 0.000001
0.016 0.017 0.000006
0.017 0.018 0.000037
0.018 0.019 0.000156
0.019 0.020 0.000512
0.020 0.021 0.001384
0.021 0.022 0.003186
0.022 0.023 0.006445
0.023 0.024 0.011722
0.024 0.025 0.019543
0.025 0.026 0.030221
0.026 0.027 0.043897
0.027 0.028 0.060785
0.028 0.029 0.080547
0.029 0.030 0.102499
0.030 0.031 0.126547
0.031 0.032 0.151859
0.032 0.033 0.178236
0.033 0.034 0.204942
0.034 0.035 0.231115
0.035 0.036 0.256453
0.036 0.037 0.281398
0.037 0.038 0.305422
0.038 0.039 0.326743
0.039 0.040 0.346434
0.040 0.041 0.364356
0.041 0.042 0.380553
0.042 0.043 0.395664
0.043 0.044 0.408211
0.044 0.045 0.419805
0.045 0.046 0.428199
0.046 0.047 0.434906
0.047 0.048 0.442817
0.048 0.049 0.447850
0.049 0.050 0.449168
0.050 0.051 0.451049
0.051 0.052 0.453723
0.052 0.053 0.453112
0.053 0.054 0.451000
0.054 0.055 0.448873
0.055 0.056 0.447319
0.056 0.057 0.445461
0.057 0.058 0.635895
0.058 0.059 1.000000
0.059 0.060 0.800230
0.060 0.061 0.438799
0.061 0.062 0.432872
0.062 0.063 0.407296
0.063 0.064 0.400268
0.064 0.065 0.392228
0.065 0.066 0.384265
0.066 0.067 0.522823
0.067 0.068 0.516044
0.068 0.069 0.392257
0.069 0.070 0.351730
0.070 0.071 0.282080
0.071 0.072 0.276518
0.072 0.073 0.269001
0.073 0.074 0.263387
0.074 0.075 0.258193
0.075 0.076 0.252121
0.076 0.077 0.244294
0.077 0.078 0.237984
0.078 0.079 0.233062
0.079 0.080 0.227475
0.080 0.081 0.221574
0.081 0.082 0.214342
0.082 0.083 0.207137
0.083 0.084 0.200342
0.084 0.085 0.194433
0.085 0.086 0.188880
0.086 0.087 0.182768
0.087 0.088 0.177984
0.088 0.089 0.171319
0.089 0.090 0.164732
0.090 0.091 0.158793
0.091 0.092 0.151103
0.092 0.093 0.145293
0.093 0.094 0.141756
0.094 0.095 0.136101
0.095 0.096 0.130815
0.096 0.097 0.125441
0.097 0.098 0.118287
0.098 0.099 0.112715
0.099 0.100 0.108438
0.100 0.101 0.104568
0.101 0.102 0.100028
0.102 0.103 0.094909
0.103 0.104 0.090801
0.104 0.105 0.086405
0.105 0.106 0.080813
0.106 0.107 0.076923
0.107 0.108 0.072288
0.108 0.109 0.068550
0.109 0.110 0.065005
0.110 0.111 0.061185
0.111 0.112 0.057666
0.112 0.113 0.052653
0.113 0.114 0.048922
0.114 0.115 0.046016
0.115 0.116 0.042932
0.116 0.117 0.039498
0.117 0.118 0.036379
0.118 0.119 0.032382
0.119 0.120 0.029287
0.120 0.121 0.027959
0.121 0.122 0.025735
0.122 0.123 0.023515
0.123 0.124 0.021170
0.124 0.125 0.018337
0.125 0.126 0.015235
0.126 0.127 0.013515
0.127 0.128 0.011405
0.128 0.129 0.009541
0.129 0.130 0.007434
0.130 0.131 0.005944
0.131 0.132 0.005017
0.132 0.133 0.003782
0.133 0.134 0.002122
0.134 0.135 0.001328
0.135 0.136 0.000354
0.136 0.137 0.000000
0.137 0.138 0.000000
0.138 0.139 0.000000
0.139 0.140 0.000000
0.140 0.141 0.000000
0.141 0.142 0.000000
0.142 0.143 0.000000
0.143 0.144 0.000000
0.144 0.145 0.000000
0.145 0.146 0.000000
0.146 0.147 0.000000
0.147 0.148 0.000000
0.148 0.149 0.000000
0.149 0.150 0.000000
