1
0.000 0.001 0.000000
0.001 0.002 0.000000
0.002 0.003 0.000000
0.003 0.004 0.000000
0.004 0.005 0.000000
0.005 0.006 0.000000
0.006 0.007 0.000000
0.007 0.008 0.000000
0.008 0.009 0.000000
0.009 0.010 0.000000
0.010 0.011 0.000000
0.011 0.012 0.000000
0.012 0.013 0.000000
0.013 0.014 0.000000
0.014 0.015 0.000000
0.015 0.016 0.000000
0.016 0.017 0.000000
0.017 0.018 0.000000
0.018 0.019 0.000000
0.019 0.020 0.000002
0.020 0.021 0.000013
0.021 0.022 0.000061
0.022 0.023 0.000217
0.023 0.024 0.000637
0.024 0.025 0.001597
0.025 0.026 0.003499
0.026 0.027 0.006822
0.027 0.028 0.012257
0.028 0.029 0.020446
0.029 0.030 0.031749
0.030 0.031 0.046536
0.031 0.032 0.064954
0.032 0.033 0.087012
0.033 0.034 0.112330
0.034 0.035 0.140609
0.035 0.036 0.171370
0.036 0.037 0.203824
0.037 0.038 0.236229
0.038 0.039 0.268417
0.039 0.040 0.301685
0.040 0.041 0.333475
0.041 0.042 0.362655
0.042 0.043 0.393396
0.043 0.044 0.421221
0.044 0.045 0.447841
0.045 0.046 0.471601
0.046 0.047 0.491362
0.047 0.048 0.510713
0.048 0.049 0.527785
0.049 0.050 0.538961
0.050 0.051 0.548429
0.051 0.052 0.557932
0.052 0.053 0.565425
0.053 0.054 0.568617
0.054 0.055 0.568239
0.055 0.056 0.566128
0.056 0.057 0.568864
0.057 0.058 0.716274
0.058 0.059 1.000000
0.059 0.060 0.846415
0.060 0.061 0.558677
0.061 0.062 0.551372
0.062 0.063 0.527912
0.063 0.064 0.514468
0.064 0.065 0.501765
0.065 0.066 0.491080
0.066 0.067 0.603152
0.067 0.068 0.592068
0.068 0.069 0.474096
0.069 0.070 0.430965
0.070 0.071 0.366624
0.071 0.072 0.355624
0.072 0.073 0.341009
0.073 0.074 0.334444
0.074 0.075 0.326047
0.075 0.076 0.312538
0.076 0.077 0.296841
0.077 0.078 0.283322
0.078 0.079 0.274380
0.079 0.080 0.263910
0.080 0.081 0.248475
0.081 0.082 0.235871
0.082 0.083 0.223880
0.083 0.084 0.211317
0.084 0.085 0.200431
0.085 0.086 0.190903
0.086 0.087 0.179358
0.087 0.088 0.169469
0.088 0.089 0.159294
0.089 0.090 0.146816
0.090 0.091 0.131308
0.091 0.092 0.120372
0.092 0.093 0.112071
0.093 0.094 0.105210
0.094 0.095 0.096272
0.095 0.096 0.087860
0.096 0.097 0.077384
0.097 0.098 0.066007
0.098 0.099 0.052262
0.099 0.100 0.045881
0.100 0.101 0.043137
0.101 0.102 0.037292
0.102 0.103 0.029620
0.103 0.104 0.022956
0.104 0.105 0.016192
0.105 0.106 0.012562
0.106 0.107 0.008708
0.107 0.108 0.003236
0.108 0.109 0.001923
0.109 0.110 0.000000
0.110 0.111 0.000000
0.111 0.112 0.000000
0.112 0.113 0.000000
0.113 0.114 0.000000
0.114 0.115 0.000000
0.115 0.116 0.000000
0.116 0.117 0.000000
0.117 0.118 0.000000
0.118 0.119 0.000000
0.119 0.120 0.000000
0.120 0.121 0.000000
0.121 0.122 0.000000
0.122 0.123 0.000000
0.123 0.124 0.000000
0.124 0.125 0.000000
0.125 0.126 0.000000
0.126 0.127 0.000000
0.127 0.128 0.000000
0.128 0.129 0.000000
0.129 0.130 0.000000
0.130 0.131 0.000000
0.131 0.132 0.000000
0.132 0.133 0.000000
0.133 0.134 0.000000
0.134 0.135 0.000000
0.135 0.136 0.000000
0.136 0.137 0.000000
0.137 0.138 0.000000
0.138 0.139 0.000000
0.139 0.140 0.000000
0.140 0.141 0.000000
0.141 0.142 0.000000
0.142 0.143 0.000000
0.143 0.144 0.000000
0.144 0.145 0.000000
0.145 0.146 0.000000
0.146 0.147 0.000000
0.147 0.148 0.000000
0.148 0.149 0.000000
0.149 0.150 0.000000
