1
0.000 0.001 0.000000
0.001 0.002 0.000000
0.002 0.003 0.000000
0.003 0.004 0.000000
0.004 0.005 0.000000
0.005 0.006 0.000000
0.006 0.007 0.000000
0.007 0.008 0.000000
0.008 0.009 0.000000
0.009 0.010 0.000000
0.010 0.011 0.000000
0.011 0.012 0.000000
0.012 0.013 0.000000
0.013 0.014 0.000000
0.014 0.015 0.000000
0.015 0.016 0.000000
0.016 0.017 0.000000
0.017 0.018 0.000001
0.018 0.019 0.000004
0.019 0.020 0.000023
0.020 0.021 0.000095
0.021 0.022 0.000312
0.022 0.023 0.000853
0.023 0.024 0.002002
0.024 0.025 0.004148
0.025 0.026 0.007729
0.026 0.027 0.013187
0.027 0.028 0.020995
0.028 0.029 0.031470
0.029 0.030 0.044493
0.030 0.031 0.060272
0.031 0.032 0.078586
0.032 0.033 0.099098
0.033 0.034 0.121615
0.034 0.035 0.145589
0.035 0.036 0.170077
0.036 0.037 0.195355
0.037 0.038 0.220875
0.038 0.039 0.244866
0.039 0.040 0.268765
0.040 0.041 0.291840
0.041 0.042 0.312708
0.042 0.043 0.333464
0.043 0.044 0.352150
0.044 0.045 0.369761
0.045 0.046 0.385329
0.046 0.047 0.397562
0.047 0.048 0.411040
0.048 0.049 0.423334
0.049 0.050 0.430831
0.050 0.051 0.436779
0.051 0.052 0.444147
0.052 0.053 0.450502
0.053 0.054 0.453199
0.054 0.055 0.454617
0.055 0.056 0.458019
0.056 0.057 0.460699
0.057 0.058 0.645871
0.058 0.059 1.000000
0.059 0.060 0.811539
0.060 0.061 0.462984
0.061 0.062 0.459523
0.062 0.063 0.437183
0.063 0.064 0.430702
0.064 0.065 0.423107
0.065 0.066 0.417880
0.066 0.067 0.559262
0.067 0.068 0.554148
0.068 0.069 0.429731
0.069 0.070 0.388074
0.070 0.071 0.317180
0.071 0.072 0.310960
0.072 0.073 0.303226
0.073 0.074 0.299582
0.074 0.075 0.294884
0.075 0.076 0.288432
0.076 0.077 0.279416
0.077 0.078 0.272208
0.078 0.079 0.268740
0.079 0.080 0.263422
0.080 0.081 0.255210
0.081 0.082 0.246124
0.082 0.083 0.238001
0.083 0.084 0.230145
0.084 0.085 0.223241
0.085 0.086 0.217182
0.086 0.087 0.208923
0.087 0.088 0.203586
0.088 0.089 0.197111
0.089 0.090 0.187931
0.090 0.091 0.179182
0.091 0.092 0.167770
0.092 0.093 0.160063
0.093 0.094 0.155845
0.094 0.095 0.147673
0.095 0.096 0.140418
0.096 0.097 0.132469
0.097 0.098 0.122776
0.098 0.099 0.113348
0.099 0.100 0.106883
0.100 0.101 0.102006
0.101 0.102 0.096092
0.102 0.103 0.087979
0.103 0.104 0.081266
0.104 0.105 0.076818
0.105 0.106 0.071150
0.106 0.107 0.065598
0.107 0.108 0.058427
0.108 0.109 0.053417
0.109 0.110 0.047978
0.110 0.111 0.042896
0.111 0.112 0.038354
0.112 0.113 0.033763
0.113 0.114 0.029923
0.114 0.115 0.026077
0.115 0.116 0.021210
0.116 0.117 0.017929
0.117 0.118 0.014354
0.118 0.119 0.009591
0.119 0.120 0.007559
0.120 0.121 0.005886
0.121 0.122 0.004173
0.122 0.123 0.002022
0.123 0.124 0.000554
0.124 0.125 0.000000
0.125 0.126 0.000000
0.126 0.127 0.000000
0.127 0.128 0.000000
0.128 0.129 0.000000
0.129 0.130 0.000000
0.130 0.131 0.000000
0.131 0.132 0.000000
0.132 0.133 0.000000
0.133 0.134 0.000000
0.134 0.135 0.000000
0.135 0.136 0.000000
0.136 0.137 0.000000
0.137 0.138 0.000000
0.138 0.139 0.000000
0.139 0.140 0.000000
0.140 0.141 0.000000
0.141 0.142 0.000000
0.142 0.143 0.000000
0.143 0.144 0.000000
0.144 0.145 0.000000
0.145 0.146 0.000000
0.146 0.147 0.000000
0.147 0.148 0.000000
0.148 0.149 0.000000
0.149 0.150 0.000000
