1
0.000 0.001 0.000000
0.001 0.002 0.000000
0.002 0.003 0.000000
0.003 0.004 0.000000
0.004 0.005 0.000000
0.005 0.006 0.000000
0.006 0.007 0.000000
0.007 0.008 0.000000
0.008 0.009 0.000000
0.009 0.010 0.000000
0.010 0.011 0.000000
0.011 0.012 0.000000
0.012 0.013 0.000000
0.013 0.014 0.000000
0.014 0.015 0.000000
0.015 0.016 0.000000
0.016 0.017 0.000000
0.017 0.018 0.000000
0.018 0.019 0.000000
0.019 0.020 0.000001
0.020 0.021 0.000008
0.021 0.022 0.000041
0.022 0.023 0.000170
0.023 0.024 0.000558
0.024 0.025 0.001540
0.025 0.026 0.003662
0.026 0.027 0.007664
0.027 0.028 0.014509
0.028 0.029 0.025231
0.029 0.030 0.040619
0.030 0.031 0.061544
0.031 0.032 0.087924
0.032 0.033 0.120543
0.033 0.034 0.158587
0.034 0.035 0.201522
0.035 0.036 0.248309
0.036 0.037 0.296819
0.037 0.038 0.348323
0.038 0.039 0.400357
0.039 0.040 0.451535
0.040 0.041 0.499696
0.041 0.042 0.549515
0.042 0.043 0.595420
0.043 0.044 0.638387
0.044 0.045 0.677789
0.045 0.046 0.707620
0.046 0.047 0.736714
0.047 0.048 0.759473
0.048 0.049 0.773372
0.049 0.050 0.783169
0.050 0.051 0.797002
0.051 0.052 0.805710
0.052 0.053 0.806220
0.053 0.054 0.805517
0.054 0.055 0.800846
0.055 0.056 0.786158
0.056 0.057 0.768514
0.057 0.058 0.838123
0.058 0.059 1.000000
0.059 0.060 0.899174
0.060 0.061 0.711525
0.061 0.062 0.688112
0.062 0.063 0.653571
0.063 0.064 0.625370
0.064 0.065 0.595610
0.065 0.066 0.558403
0.066 0.067 0.610049
0.067 0.068 0.588979
0.068 0.069 0.493795
0.069 0.070 0.441574
0.070 0.071 0.385980
0.071 0.072 0.360459
0.072 0.073 0.324040
0.073 0.074 0.299855
0.074 0.075 0.275039
0.075 0.076 0.250534
0.076 0.077 0.226592
0.077 0.078 0.195975
0.078 0.079 0.174853
0.079 0.080 0.156443
0.080 0.081 0.136969
0.081 0.082 0.112595
0.082 0.083 0.088723
0.083 0.084 0.076492
0.084 0.085 0.061854
0.085 0.086 0.046448
0.086 0.087 0.026563
0.087 0.088 0.016682
0.088 0.089 0.004251
0.089 0.090 0.000000
0.090 0.091 0.000000
0.091 0.092 0.000000
0.092 0.093 0.000000
0.093 0.094 0.000000
0.094 0.095 0.000000
0.095 0.096 0.000000
0.096 0.097 0.000000
0.097 0.098 0.000000
0.098 0.099 0.000000
0.099 0.100 0.000000
0.100 0.101 0.000000
0.101 0.102 0.000000
0.102 0.103 0.000000
0.103 0.104 0.000000
0.104 0.105 0.000000
0.105 0.106 0.000000
0.106 0.107 0.000000
0.107 0.108 0.000000
0.108 0.109 0.000000
0.109 0.110 0.000000
0.110 0.111 0.000000
0.111 0.112 0.000000
0.112 0.113 0.000000
0.113 0.114 0.000000
0.114 0.115 0.000000
0.115 0.116 0.000000
0.116 0.117 0.000000
0.117 0.118 0.000000
0.118 0.119 0.000000
0.119 0.120 0.000000
0.120 0.121 0.000000
0.121 0.122 0.000000
0.122 0.123 0.000000
0.123 0.124 0.000000
0.124 0.125 0.000000
0.125 0.126 0.000000
0.126 0.127 0.000000
0.127 0.128 0.000000
0.128 0.129 0.000000
0.129 0.130 0.000000
0.130 0.131 0.000000
0.131 0.132 0.000000
0.132 0.133 0.000000
0.133 0.134 0.000000
0.134 0.135 0.000000
0.135 0.136 0.000000
0.136 0.137 0.000000
0.137 0.138 0.000000
0.138 0.139 0.000000
0.139 0.140 0.000000
0.140 0.141 0.000000
0.141 0.142 0.000000
0.142 0.143 0.000000
0.143 0.144 0.000000
0.144 0.145 0.000000
0.145 0.146 0.000000
0.146 0.147 0.000000
0.147 0.148 0.000000
0.148 0.149 0.000000
0.149 0.150 0.000000
