1
0.000 0.001 0.000000
0.001 0.002 0.000000
0.002 0.003 0.000000
0.003 0.004 0.000000
0.004 0.005 0.000000
0.005 0.006 0.000000
0.006 0.007 0.000000
0.007 0.008 0.000000
0.008 0.009 0.000000
0.009 0.010 0.000000
0.010 0.011 0.000000
0.011 0.012 0.000000
0.012 0.013 0.000000
0.013 0.014 0.000000
0.014 0.015 0.000000
0.015 0.016 0.000000
0.016 0.017 0.000001
0.017 0.018 0.000008
0.018 0.019 0.000045
0.019 0.020 0.000192
0.020 0.021 0.000643
0.021 0.022 0.001758
0.022 0.023 0.004083
0.023 0.024 0.008313
0.024 0.025 0.015208
0.025 0.026 0.025412
0.026 0.027 0.039328
0.027 0.028 0.057410
0.028 0.029 0.079628
0.029 0.030 0.105255
0.030 0.031 0.134140
0.031 0.032 0.165300
0.032 0.033 0.198049
0.033 0.034 0.231910
0.034 0.035 0.266151
0.035 0.036 0.299476
0.036 0.037 0.332198
0.037 0.038 0.363224
0.038 0.039 0.390715
0.039 0.040 0.416835
0.040 0.041 0.440816
0.041 0.042 0.461426
0.042 0.043 0.480550
0.043 0.044 0.496694
0.044 0.045 0.510721
0.045 0.046 0.521324
0.046 0.047 0.527648
0.047 0.048 0.535680
0.048 0.049 0.541902
0.049 0.050 0.543291
0.050 0.051 0.542746
0.051 0.052 0.543147
0.052 0.053 0.542703
0.053 0.054 0.538616
0.054 0.055 0.532330
0.055 0.056 0.527434
0.056 0.057 0.522418
0.057 0.058 0.683896
0.058 0.059 1.000000
0.059 0.060 0.820579
0.060 0.061 0.498263
0.061 0.062 0.489241
0.062 0.063 0.463306
0.063 0.064 0.450896
0.064 0.065 0.438074
0.065 0.066 0.427651
0.066 0.067 0.546951
0.067 0.068 0.536720
0.068 0.069 0.419358
0.069 0.070 0.377785
0.070 0.071 0.312454
0.071 0.072 0.303514
0.072 0.073 0.292596
0.073 0.074 0.286468
0.074 0.075 0.279157
0.075 0.076 0.269844
0.076 0.077 0.258412
0.077 0.078 0.248414
0.078 0.079 0.242147
0.079 0.080 0.233714
0.080 0.081 0.224671
0.081 0.082 0.214756
0.082 0.083 0.206026
0.083 0.084 0.197601
0.084 0.085 0.189928
0.085 0.086 0.183116
0.086 0.087 0.174180
0.087 0.088 0.167735
0.088 0.089 0.160713
0.089 0.090 0.150755
0.090 0.091 0.142749
0.091 0.092 0.132986
0.092 0.093 0.126412
0.093 0.094 0.122590
0.094 0.095 0.115744
0.095 0.096 0.109127
0.096 0.097 0.101669
0.097 0.098 0.092891
0.098 0.099 0.083796
0.099 0.100 0.078366
0.100 0.101 0.074733
0.101 0.102 0.069904
0.102 0.103 0.063047
0.103 0.104 0.057694
0.104 0.105 0.053525
0.105 0.106 0.047649
0.106 0.107 0.043660
0.107 0.108 0.038759
0.108 0.109 0.034504
0.109 0.110 0.029856
0.110 0.111 0.025558
0.111 0.112 0.021428
0.112 0.113 0.018294
0.113 0.114 0.015673
0.114 0.115 0.012934
0.115 0.116 0.009767
0.116 0.117 0.006371
0.117 0.118 0.004574
0.118 0.119 0.002529
0.119 0.120 0.000673
0.120 0.121 0.000000
0.121 0.122 0.000000
0.122 0.123 0.000000
0.123 0.124 0.000000
0.124 0.125 0.000000
0.125 0.126 0.000000
0.126 0.127 0.000000
0.127 0.128 0.000000
0.128 0.129 0.000000
0.129 0.130 0.000000
0.130 0.131 0.000000
0.131 0.132 0.000000
0.132 0.133 0.000000
0.133 0.134 0.000000
0.134 0.135 0.000000
0.135 0.136 0.000000
0.136 0.137 0.000000
0.137 0.138 0.000000
0.138 0.139 0.000000
0.139 0.140 0.000000
0.140 0.141 0.000000
0.141 0.142 0.000000
0.142 0.143 0.000000
0.143 0.144 0.000000
0.144 0.145 0.000000
0.145 0.146 0.000000
0.146 0.147 0.000000
0.147 0.148 0.000000
0.148 0.149 0.000000
0.149 0.150 0.000000
