1
0.000 0.001 0.000000
0.001 0.002 0.000000
0.002 0.003 0.000000
0.003 0.004 0.000000
0.004 0.005 0.000000
0.005 0.006 0.000000
0.006 0.007 0.000000
0.007 0.008 0.000000
0.008 0.009 0.000000
0.009 0.010 0.000000
0.010 0.011 0.000000
0.011 0.012 0.000000
0.012 0.013 0.000000
0.013 0.014 0.000000
0.014 0.015 0.000000
0.015 0.016 0.000000
0.016 0.017 0.000000
0.017 0.018 0.000000
0.018 0.019 0.000000
0.019 0.020 0.000000
0.020 0.021 0.000001
0.021 0.022 0.000005
0.022 0.023 0.000026
0.023 0.024 0.000107
0.024 0.025 0.000353
0.025 0.026 0.000976
0.026 0.027 0.002322
0.027 0.028 0.004955
0.028 0.029 0.009575
0.029 0.030 0.016865
0.030 0.031 0.027698
0.031 0.032 0.042613
0.032 0.033 0.062196
0.033 0.034 0.086433
0.034 0.035 0.115267
0.035 0.036 0.148534
0.036 0.037 0.184592
0.037 0.038 0.224194
0.038 0.039 0.265661
0.039 0.040 0.310539
0.040 0.041 0.355535
0.041 0.042 0.400472
0.042 0.043 0.444635
0.043 0.044 0.488054
0.044 0.045 0.528448
0.045 0.046 0.561499
0.046 0.047 0.594205
0.047 0.048 0.623039
0.048 0.049 0.645606
0.049 0.050 0.662085
0.050 0.051 0.682418
0.051 0.052 0.701278
0.052 0.053 0.711601
0.053 0.054 0.718547
0.054 0.055 0.723551
0.055 0.056 0.720922
0.056 0.057 0.713362
0.057 0.058 0.808539
0.058 0.059 1.000000
0.059 0.060 0.888305
0.060 0.061 0.684957
0.061 0.062 0.670750
0.062 0.063 0.642298
0.063 0.064 0.623464
0.064 0.065 0.603452
0.065 0.066 0.579864
0.066 0.067 0.649642
0.067 0.068 0.631147
0.068 0.069 0.525628
0.069 0.070 0.467961
0.070 0.071 0.411471
0.071 0.072 0.394660
0.072 0.073 0.370266
0.073 0.074 0.347524
0.074 0.075 0.323731
0.075 0.076 0.299076
0.076 0.077 0.274924
0.077 0.078 0.245038
0.078 0.079 0.226532
0.079 0.080 0.208922
0.080 0.081 0.188426
0.081 0.082 0.163604
0.082 0.083 0.142201
0.083 0.084 0.119597
0.084 0.085 0.104964
0.085 0.086 0.090064
0.086 0.087 0.072854
0.087 0.088 0.055881
0.088 0.089 0.034572
0.089 0.090 0.024861
0.090 0.091 0.017628
0.091 0.092 0.004844
0.092 0.093 0.000000
0.093 0.094 0.000000
0.094 0.095 0.000000
0.095 0.096 0.000000
0.096 0.097 0.000000
0.097 0.098 0.000000
0.098 0.099 0.000000
0.099 0.100 0.000000
0.100 0.101 0.000000
0.101 0.102 0.000000
0.102 0.103 0.000000
0.103 0.104 0.000000
0.104 0.105 0.000000
0.105 0.106 0.000000
0.106 0.107 0.000000
0.107 0.108 0.000000
0.108 0.109 0.000000
0.109 0.110 0.000000
0.110 0.111 0.000000
0.111 0.112 0.000000
0.112 0.113 0.000000
0.113 0.114 0.000000
0.114 0.115 0.000000
0.115 0.116 0.000000
0.116 0.117 0.000000
0.117 0.118 0.000000
0.118 0.119 0.000000
0.119 0.120 0.000000
0.120 0.121 0.000000
0.121 0.122 0.000000
0.122 0.123 0.000000
0.123 0.124 0.000000
0.124 0.125 0.000000
0.125 0.126 0.000000
0.126 0.127 0.000000
0.127 0.128 0.000000
0.128 0.129 0.000000
0.129 0.130 0.000000
0.130 0.131 0.000000
0.131 0.132 0.000000
0.132 0.133 0.000000
0.133 0.134 0.000000
0.134 0.135 0.000000
0.135 0.136 0.000000
0.136 0.137 0.000000
0.137 0.138 0.000000
0.138 0.139 0.000000
0.139 0.140 0.000000
0.140 0.141 0.000000
0.141 0.142 0.000000
0.142 0.143 0.000000
0.143 0.144 0.000000
0.144 0.145 0.000000
0.145 0.146 0.000000
0.146 0.147 0.000000
0.147 0.148 0.000000
0.148 0.149 0.000000
0.149 0.150 0.000000
