1
0.000 0.001 0.000000
0.001 0.002 0.000000
0.002 0.003 0.000000
0.003 0.004 0.000000
0.004 0.005 0.000000
0.005 0.006 0.000000
0.006 0.007 0.000000
0.007 0.008 0.000000
0.008 0.009 0.000000
0.009 0.010 0.000000
0.010 0.011 0.000000
0.011 0.012 0.000000
0.012 0.013 0.000000
0.013 0.014 0.000000
0.014 0.015 0.000000
0.015 0.016 0.000000
0.016 0.017 0.000000
0.017 0.018 0.000004
0.018 0.019 0.000026
0.019 0.020 0.000117
0.020 0.021 0.000401
0.021 0.022 0.001125
0.022 0.023 0.002674
0.023 0.024 0.005563
0.024 0.025 0.010384
0.025 0.026 0.017633
0.026 0.027 0.027740
0.027 0.028 0.041031
0.028 0.029 0.057887
0.029 0.030 0.077766
0.030 0.031 0.100651
0.031 0.032 0.125819
0.032 0.033 0.152863
0.033 0.034 0.181032
0.034 0.035 0.209652
0.035 0.036 0.238029
0.036 0.037 0.266039
0.037 0.038 0.293749
0.038 0.039 0.319024
0.039 0.040 0.342743
0.040 0.041 0.364573
0.041 0.042 0.383731
0.042 0.043 0.401794
0.043 0.044 0.417211
0.044 0.045 0.431731
0.045 0.046 0.441632
0.046 0.047 0.451203
0.047 0.048 0.461509
0.048 0.049 0.469087
0.049 0.050 0.472997
0.050 0.051 0.476438
0.051 0.052 0.480091
0.052 0.053 0.481068
0.053 0.054 0.480244
0.054 0.055 0.478314
0.055 0.056 0.476611
0.056 0.057 0.474475
0.057 0.058 0.653864
0.058 0.059 1.000000
0.059 0.060 0.810036
0.060 0.061 0.462762
0.061 0.062 0.455515
0.062 0.063 0.429784
0.063 0.064 0.419599
0.064 0.065 0.410956
0.065 0.066 0.403082
0.066 0.067 0.537841
0.067 0.068 0.531177
0.068 0.069 0.409372
0.069 0.070 0.368135
0.070 0.071 0.298953
0.071 0.072 0.292261
0.072 0.073 0.283491
0.073 0.074 0.277642
0.074 0.075 0.271602
0.075 0.076 0.264469
0.076 0.077 0.255298
0.077 0.078 0.247489
0.078 0.079 0.241946
0.079 0.080 0.234766
0.080 0.081 0.228117
0.081 0.082 0.220431
0.082 0.083 0.213219
0.083 0.084 0.206420
0.084 0.085 0.200452
0.085 0.086 0.194978
0.086 0.087 0.188196
0.087 0.088 0.183483
0.088 0.089 0.177118
0.089 0.090 0.169202
0.090 0.091 0.162314
0.091 0.092 0.152923
0.092 0.093 0.146133
0.093 0.094 0.142156
0.094 0.095 0.134650
0.095 0.096 0.129516
0.096 0.097 0.124202
0.097 0.098 0.117320
0.098 0.099 0.111118
0.099 0.100 0.106158
0.100 0.101 0.101887
0.101 0.102 0.097015
0.102 0.103 0.090886
0.103 0.104 0.086107
0.104 0.105 0.081573
0.105 0.106 0.075982
0.106 0.107 0.070191
0.107 0.108 0.065459
0.108 0.109 0.061564
0.109 0.110 0.057571
0.110 0.111 0.053611
0.111 0.112 0.050238
0.112 0.113 0.045598
0.113 0.114 0.041542
0.114 0.115 0.037922
0.115 0.116 0.033869
0.116 0.117 0.029317
0.117 0.118 0.026385
0.118 0.119 0.022282
0.119 0.120 0.020094
0.120 0.121 0.019122
0.121 0.122 0.016703
0.122 0.123 0.014224
0.123 0.124 0.011607
0.124 0.125 0.008104
0.125 0.126 0.006309
0.126 0.127 0.004868
0.127 0.128 0.003288
0.128 0.129 0.001235
0.129 0.130 0.000756
0.130 0.131 0.000000
0.131 0.132 0.000000
0.132 0.133 0.000000
0.133 0.134 0.000000
0.134 0.135 0.000000
0.135 0.136 0.000000
0.136 0.137 0.000000
0.137 0.138 0.000000
0.138 0.139 0.000000
0.139 0.140 0.000000
0.140 0.141 0.000000
0.141 0.142 0.000000
0.142 0.143 0.000000
0.143 0.144 0.000000
0.144 0.145 0.000000
0.145 0.146 0.000000
0.146 0.147 0.000000
0.147 0.148 0.000000
0.148 0.149 0.000000
0.149 0.150 0.000000
