1
0.000 0.001 0.000000
0.001 0.002 0.000000
0.002 0.003 0.000000
0.003 0.004 0.000000
0.004 0.005 0.000000
0.005 0.006 0.000000
0.006 0.007 0.000000
0.007 0.008 0.000000
0.008 0.009 0.000000
0.009 0.010 0.000000
0.010 0.011 0.000000
0.011 0.012 0.000000
0.012 0.013 0.000000
0.013 0.014 0.000000
0.014 0.015 0.000000
0.015 0.016 0.000000
0.016 0.017 0.000000
0.017 0.018 0.000000
0.018 0.019 0.000000
0.019 0.020 0.000000
0.020 0.021 0.000000
0.021 0.022 0.000002
0.022 0.023 0.000010
0.023 0.024 0.000046
0.024 0.025 0.000164
0.025 0.026 0.000488
0.026 0.027 0.001243
0.027 0.028 0.002795
0.028 0.029 0.005665
0.029 0.030 0.010419
0.030 0.031 0.017698
0.031 0.032 0.028086
0.032 0.033 0.042216
0.033 0.034 0.060234
0.034 0.035 0.082243
0.035 0.036 0.108407
0.036 0.037 0.137863
0.037 0.038 0.170508
0.038 0.039 0.206233
0.039 0.040 0.244588
0.040 0.041 0.282991
0.041 0.042 0.322000
0.042 0.043 0.361057
0.043 0.044 0.398637
0.044 0.045 0.435581
0.045 0.046 0.467341
0.046 0.047 0.500446
0.047 0.048 0.530908
0.048 0.049 0.557482
0.049 0.050 0.580254
0.050 0.051 0.601771
0.051 0.052 0.620611
0.052 0.053 0.632503
0.053 0.054 0.642230
0.054 0.055 0.649912
0.055 0.056 0.649628
0.056 0.057 0.651397
0.057 0.058 0.769867
0.058 0.059 1.000000
0.059 0.060 0.881763
0.060 0.061 0.648628
0.061 0.062 0.637605
0.062 0.063 0.610655
0.063 0.064 0.591158
0.064 0.065 0.578457
0.065 0.066 0.563988
0.066 0.067 0.657202
0.067 0.068 0.645645
0.068 0.069 0.535305
0.069 0.070 0.485559
0.070 0.071 0.422695
0.071 0.072 0.402806
0.072 0.073 0.384021
0.073 0.074 0.369157
0.074 0.075 0.352843
0.075 0.076 0.332949
0.076 0.077 0.312644
0.077 0.078 0.292532
0.078 0.079 0.275187
0.079 0.080 0.255195
0.080 0.081 0.237773
0.081 0.082 0.217150
0.082 0.083 0.198513
0.083 0.084 0.180870
0.084 0.085 0.162764
0.085 0.086 0.142517
0.086 0.087 0.127401
0.087 0.088 0.112564
0.088 0.089 0.095330
0.089 0.090 0.079921
0.090 0.091 0.064296
0.091 0.092 0.053646
0.092 0.093 0.043292
0.093 0.094 0.032467
0.094 0.095 0.019078
0.095 0.096 0.012675
0.096 0.097 0.003397
0.097 0.098 0.000000
0.098 0.099 0.000000
0.099 0.100 0.000000
0.100 0.101 0.000000
0.101 0.102 0.000000
0.102 0.103 0.000000
0.103 0.104 0.000000
0.104 0.105 0.000000
0.105 0.106 0.000000
0.106 0.107 0.000000
0.107 0.108 0.000000
0.108 0.109 0.000000
0.109 0.110 0.000000
0.110 0.111 0.000000
0.111 0.112 0.000000
0.112 0.113 0.000000
0.113 0.114 0.000000
0.114 0.115 0.000000
0.115 0.116 0.000000
0.116 0.117 0.000000
0.117 0.118 0.000000
0.118 0.119 0.000000
0.119 0.120 0.000000
0.120 0.121 0.000000
0.121 0.122 0.000000
0.122 0.123 0.000000
0.123 0.124 0.000000
0.124 0.125 0.000000
0.125 0.126 0.000000
0.126 0.127 0.000000
0.127 0.128 0.000000
0.128 0.129 0.000000
0.129 0.130 0.000000
0.130 0.131 0.000000
0.131 0.132 0.000000
0.132 0.133 0.000000
0.133 0.134 0.000000
0.134 0.135 0.000000
0.135 0.136 0.000000
0.136 0.137 0.000000
0.137 0.138 0.000000
0.138 0.139 0.000000
0.139 0.140 0.000000
0.140 0.141 0.000000
0.141 0.142 0.000000
0.142 0.143 0.000000
0.143 0.144 0.000000
0.144 0.145 0.000000
0.145 0.146 0.000000
0.146 0.147 0.000000
0.147 0.148 0.000000
0.148 0.149 0.000000
0.149 0.150 0.000000
