1
0.000 0.001 0.000000
0.001 0.002 0.000000
0.002 0.003 0.000000
0.003 0.004 0.000000
0.004 0.005 0.000000
0.005 0.006 0.000000
0.006 0.007 0.000000
0.007 0.008 0.000000
0.008 0.009 0.000000
0.009 0.010 0.000000
0.010 0.011 0.000000
0.011 0.012 0.000000
0.012 0.013 0.000000
0.013 0.014 0.000007
0.014 0.015 0.000057
0.015 0.016 0.000299
0.016 0.017 0.001128
0.017 0.018 0.003272
0.018 0.019 0.007778
0.019 0.020 0.015955
0.020 0.021 0.028876
0.021 0.022 0.047428
0.022 0.023 0.071783
0.023 0.024 0.101695
0.024 0.025 0.136676
0.025 0.026 0.175029
0.026 0.027 0.215701
0.027 0.028 0.258528
0.028 0.029 0.301933
0.029 0.030 0.343994
0.030 0.031 0.383271
0.031 0.032 0.421265
0.032 0.033 0.457138
0.033 0.034 0.488619
0.034 0.035 0.517128
0.035 0.036 0.544715
0.036 0.037 0.568537
0.037 0.038 0.582942
0.038 0.039 0.594522
0.039 0.040 0.607631
0.040 0.041 0.615969
0.041 0.042 0.620472
0.042 0.043 0.626274
0.043 0.044 0.626704
0.044 0.045 0.626764
0.045 0.046 0.626936
0.046 0.047 0.619861
0.047 0.048 0.616121
0.048 0.049 0.613701
0.049 0.050 0.603412
0.050 0.051 0.593104
0.051 0.052 0.586913
0.052 0.053 0.581548
0.053 0.054 0.571693
0.054 0.055 0.558488
0.055 0.056 0.549319
0.056 0.057 0.543126
0.057 0.058 0.700133
0.058 0.059 1.000000
0.059 0.060 0.815367
0.060 0.061 0.498774
0.061 0.062 0.487107
0.062 0.063 0.460717
0.063 0.064 0.445157
0.064 0.065 0.431461
0.065 0.066 0.421559
0.066 0.067 0.528390
0.067 0.068 0.516124
0.068 0.069 0.407998
0.069 0.070 0.367563
0.070 0.071 0.307449
0.071 0.072 0.296426
0.072 0.073 0.283429
0.073 0.074 0.279217
0.074 0.075 0.273423
0.075 0.076 0.262091
0.076 0.077 0.248766
0.077 0.078 0.238781
0.078 0.079 0.233611
0.079 0.080 0.226623
0.080 0.081 0.216816
0.081 0.082 0.206004
0.082 0.083 0.195274
0.083 0.084 0.183558
0.084 0.085 0.174195
0.085 0.086 0.166398
0.086 0.087 0.157386
0.087 0.088 0.149781
0.088 0.089 0.142320
0.089 0.090 0.132417
0.090 0.091 0.120242
0.091 0.092 0.109389
0.092 0.093 0.100895
0.093 0.094 0.093520
0.094 0.095 0.084563
0.095 0.096 0.076233
0.096 0.097 0.065895
0.097 0.098 0.054687
0.098 0.099 0.042599
0.099 0.100 0.035224
0.100 0.101 0.030975
0.101 0.102 0.024461
0.102 0.103 0.017623
0.103 0.104 0.012774
0.104 0.105 0.008306
0.105 0.106 0.003679
0.106 0.107 0.000656
0.107 0.108 0.000000
0.108 0.109 0.000000
0.109 0.110 0.000000
0.110 0.111 0.000000
0.111 0.112 0.000000
0.112 0.113 0.000000
0.113 0.114 0.000000
0.114 0.115 0.000000
0.115 0.116 0.000000
0.116 0.117 0.000000
0.117 0.118 0.000000
0.118 0.119 0.000000
0.119 0.120 0.000000
0.120 0.121 0.000000
0.121 0.122 0.000000
0.122 0.123 0.000000
0.123 0.124 0.000000
0.124 0.125 0.000000
0.125 0.126 0.000000
0.126 0.127 0.000000
0.127 0.128 0.000000
0.128 0.129 0.000000
0.129 0.130 0.000000
0.130 0.131 0.000000
0.131 0.132 0.000000
0.132 0.133 0.000000
0.133 0.134 0.000000
0.134 0.135 0.000000
0.135 0.136 0.000000
0.136 0.137 0.000000
0.137 0.138 0.000000
0.138 0.139 0.000000
0.139 0.140 0.000000
0.140 0.141 0.000000
0.141 0.142 0.000000
0.142 0.143 0.000000
0.143 0.144 0.000000
0.144 0.145 0.000000
0.145 0.146 0.000000
0.146 0.147 0.000000
0.147 0.148 0.000000
0.148 0.149 0.000000
0.149 0.150 0.000000
