1
0.000 0.001 0.000000
0.001 0.002 0.000000
0.002 0.003 0.000000
0.003 0.004 0.000000
0.004 0.005 0.000000
0.005 0.006 0.000000
0.006 0.007 0.000000
0.007 0.008 0.000000
0.008 0.009 0.000000
0.009 0.010 0.000000
0.010 0.011 0.000000
0.011 0.012 0.000000
0.012 0.013 0.000000
0.013 0.014 0.000000
0.014 0.015 0.000000
0.015 0.016 0.000000
0.016 0.017 0.000000
0.017 0.018 0.000001
0.018 0.019 0.000006
0.019 0.020 0.000037
0.020 0.021 0.000173
0.021 0.022 0.000621
0.022 0.023 0.001803
0.023 0.024 0.004424
0.024 0.025 0.009457
0.025 0.026 0.018009
0.026 0.027 0.031133
0.027 0.028 0.049873
0.028 0.029 0.074966
0.029 0.030 0.106310
0.030 0.031 0.143534
0.031 0.032 0.185768
0.032 0.033 0.233075
0.033 0.034 0.283512
0.034 0.035 0.335019
0.035 0.036 0.387747
0.036 0.037 0.439017
0.037 0.038 0.488580
0.038 0.039 0.537342
0.039 0.040 0.583933
0.040 0.041 0.624300
0.041 0.042 0.660997
0.042 0.043 0.693992
0.043 0.044 0.722700
0.044 0.045 0.747490
0.045 0.046 0.762632
0.046 0.047 0.774808
0.047 0.048 0.785911
0.048 0.049 0.790524
0.049 0.050 0.789946
0.050 0.051 0.789331
0.051 0.052 0.787606
0.052 0.053 0.776550
0.053 0.054 0.762575
0.054 0.055 0.754449
0.055 0.056 0.738971
0.056 0.057 0.719198
0.057 0.058 0.810252
0.058 0.059 1.000000
0.059 0.060 0.875254
0.060 0.061 0.653760
0.061 0.062 0.626579
0.062 0.063 0.592361
0.063 0.064 0.568561
0.064 0.065 0.545024
0.065 0.066 0.519863
0.066 0.067 0.582319
0.067 0.068 0.561607
0.068 0.069 0.460326
0.069 0.070 0.413470
0.070 0.071 0.359607
0.071 0.072 0.341822
0.072 0.073 0.318168
0.073 0.074 0.297013
0.074 0.075 0.273017
0.075 0.076 0.254326
0.076 0.077 0.236236
0.077 0.078 0.217277
0.078 0.079 0.199487
0.079 0.080 0.182505
0.080 0.081 0.161353
0.081 0.082 0.142856
0.082 0.083 0.126878
0.083 0.084 0.112625
0.084 0.085 0.095058
0.085 0.086 0.083461
0.086 0.087 0.070117
0.087 0.088 0.057069
0.088 0.089 0.040975
0.089 0.090 0.032026
0.090 0.091 0.025231
0.091 0.092 0.014823
0.092 0.093 0.009707
0.093 0.094 0.002644
0.094 0.095 0.000000
0.095 0.096 0.000000
0.096 0.097 0.000000
0.097 0.098 0.000000
0.098 0.099 0.000000
0.099 0.100 0.000000
0.100 0.101 0.000000
0.101 0.102 0.000000
0.102 0.103 0.000000
0.103 0.104 0.000000
0.104 0.105 0.000000
0.105 0.106 0.000000
0.106 0.107 0.000000
0.107 0.108 0.000000
0.108 0.109 0.000000
0.109 0.110 0.000000
0.110 0.111 0.000000
0.111 0.112 0.000000
0.112 0.113 0.000000
0.113 0.114 0.000000
0.114 0.115 0.000000
0.115 0.116 0.000000
0.116 0.117 0.000000
0.117 0.118 0.000000
0.118 0.119 0.000000
0.119 0.120 0.000000
0.120 0.121 0.000000
0.121 0.122 0.000000
0.122 0.123 0.000000
0.123 0.124 0.000000
0.124 0.125 0.000000
0.125 0.126 0.000000
0.126 0.127 0.000000
0.127 0.128 0.000000
0.128 0.129 0.000000
0.129 0.130 0.000000
0.130 0.131 0.000000
0.131 0.132 0.000000
0.132 0.133 0.000000
0.133 0.134 0.000000
0.134 0.135 0.000000
0.135 0.136 0.000000
0.136 0.137 0.000000
0.137 0.138 0.000000
0.138 0.139 0.000000
0.139 0.140 0.000000
0.140 0.141 0.000000
0.141 0.142 0.000000
0.142 0.143 0.000000
0.143 0.144 0.000000
0.144 0.145 0.000000
0.145 0.146 0.000000
0.146 0.147 0.000000
0.147 0.148 0.000000
0.148 0.149 0.000000
0.149 0.150 0.000000
