1
0.000 0.001 0.000000
0.001 0.002 0.000000
0.002 0.003 0.000000
0.003 0.004 0.000000
0.004 0.005 0.000000
0.005 0.006 0.000000
0.006 0.007 0.000000
0.007 0.008 0.000000
0.008 0.009 0.000000
0.009 0.010 0.000000
0.010 0.011 0.000000
0.011 0.012 0.000000
0.012 0.013 0.000000
0.013 0.014 0.000000
0.014 0.015 0.000001
0.015 0.016 0.000010
0.016 0.017 0.000068
0.017 0.018 0.000314
0.018 0.019 0.001074
0.019 0.020 0.002930
0.020 0.021 0.006696
0.021 0.022 0.013243
0.022 0.023 0.023328
0.023 0.024 0.037555
0.024 0.025 0.056137
0.025 0.026 0.078795
0.026 0.027 0.105015
0.027 0.028 0.134374
0.028 0.029 0.166064
0.029 0.030 0.198605
0.030 0.031 0.231338
0.031 0.032 0.263388
0.032 0.033 0.294809
0.033 0.034 0.324890
0.034 0.035 0.352356
0.035 0.036 0.377494
0.036 0.037 0.400531
0.037 0.038 0.421370
0.038 0.039 0.438565
0.039 0.040 0.452979
0.040 0.041 0.464969
0.041 0.042 0.475195
0.042 0.043 0.483807
0.043 0.044 0.489177
0.044 0.045 0.494649
0.045 0.046 0.496244
0.046 0.047 0.496864
0.047 0.048 0.498672
0.048 0.049 0.497450
0.049 0.050 0.493178
0.050 0.051 0.489270
0.051 0.052 0.486239
0.052 0.053 0.480300
0.053 0.054 0.473263
0.054 0.055 0.466126
0.055 0.056 0.459613
0.056 0.057 0.453267
0.057 0.058 0.641196
0.058 0.059 1.000000
0.059 0.060 0.795502
0.060 0.061 0.433094
0.061 0.062 0.425208
0.062 0.063 0.397740
0.063 0.064 0.389013
0.064 0.065 0.379623
0.065 0.066 0.369963
0.066 0.067 0.503042
0.067 0.068 0.494575
0.068 0.069 0.372638
0.069 0.070 0.332621
0.070 0.071 0.264649
0.071 0.072 0.258246
0.072 0.073 0.250035
0.073 0.074 0.242904
0.074 0.075 0.238064
0.075 0.076 0.232593
0.076 0.077 0.225561
0.077 0.078 0.220022
0.078 0.079 0.215384
0.079 0.080 0.210568
0.080 0.081 0.205264
0.081 0.082 0.198548
0.082 0.083 0.191759
0.083 0.084 0.185393
0.084 0.085 0.179803
0.085 0.086 0.174535
0.086 0.087 0.169044
0.087 0.088 0.163957
0.088 0.089 0.158990
0.089 0.090 0.153257
0.090 0.091 0.148064
0.091 0.092 0.141415
0.092 0.093 0.136214
0.093 0.094 0.132880
0.094 0.095 0.127866
0.095 0.096 0.123273
0.096 0.097 0.118698
0.097 0.098 0.112873
0.098 0.099 0.107366
0.099 0.100 0.102787
0.100 0.101 0.099483
0.101 0.102 0.095611
0.102 0.103 0.091513
0.103 0.104 0.088211
0.104 0.105 0.084438
0.105 0.106 0.079988
0.106 0.107 0.076180
0.107 0.108 0.071732
0.108 0.109 0.068188
0.109 0.110 0.064929
0.110 0.111 0.061270
0.111 0.112 0.057412
0.112 0.113 0.053608
0.113 0.114 0.050043
0.114 0.115 0.047370
0.115 0.116 0.044595
0.116 0.117 0.041344
0.117 0.118 0.038597
0.118 0.119 0.035178
0.119 0.120 0.032355
0.120 0.121 0.030083
0.121 0.122 0.028142
0.122 0.123 0.026239
0.123 0.124 0.024240
0.124 0.125 0.021758
0.125 0.126 0.019258
0.126 0.127 0.017266
0.127 0.128 0.014840
0.128 0.129 0.012414
0.129 0.130 0.010901
0.130 0.131 0.009207
0.131 0.132 0.008228
0.132 0.133 0.006846
0.133 0.134 0.005204
0.134 0.135 0.003402
0.135 0.136 0.002548
0.136 0.137 0.001732
0.137 0.138 0.000612
0.138 0.139 0.000313
0.139 0.140 0.000000
0.140 0.141 0.000000
0.141 0.142 0.000000
0.142 0.143 0.000000
0.143 0.144 0.000000
0.144 0.145 0.000000
0.145 0.146 0.000000
0.146 0.147 0.000000
0.147 0.148 0.000000
0.148 0.149 0.000000
0.149 0.150 0.000000
