1
0.000 0.001 0.000000
0.001 0.002 0.000000
0.002 0.003 0.000000
0.003 0.004 0.000000
0.004 0.005 0.000000
0.005 0.006 0.000000
0.006 0.007 0.000000
0.007 0.008 0.000000
0.008 0.009 0.000000
0.009 0.010 0.000000
0.010 0.011 0.000000
0.011 0.012 0.000000
0.012 0.013 0.000000
0.013 0.014 0.000000
0.014 0.015 0.000000
0.015 0.016 0.000000
0.016 0.017 0.000003
0.017 0.018 0.000018
0.018 0.019 0.000089
0.019 0.020 0.000329
0.020 0.021 0.000981
0.021 0.022 0.002452
0.022 0.023 0.005304
0.023 0.024 0.010198
0.024 0.025 0.017808
0.025 0.026 0.028616
0.026 0.027 0.042967
0.027 0.028 0.061168
0.028 0.029 0.083026
0.029 0.030 0.107972
0.030 0.031 0.135682
0.031 0.032 0.165241
0.032 0.033 0.196397
0.033 0.034 0.228074
0.034 0.035 0.259960
0.035 0.036 0.291535
0.036 0.037 0.321811
0.037 0.038 0.350326
0.038 0.039 0.376149
0.039 0.040 0.400837
0.040 0.041 0.423430
0.041 0.042 0.443240
0.042 0.043 0.461963
0.043 0.044 0.477560
0.044 0.045 0.492060
0.045 0.046 0.503298
0.046 0.047 0.510520
0.047 0.048 0.518671
0.048 0.049 0.525750
0.049 0.050 0.527751
0.050 0.051 0.528116
0.051 0.052 0.530348
0.052 0.053 0.531478
0.053 0.054 0.528979
0.054 0.055 0.524896
0.055 0.056 0.522079
0.056 0.057 0.518871
0.057 0.058 0.683108
0.058 0.059 1.000000
0.059 0.060 0.821577
0.060 0.061 0.499487
0.061 0.062 0.490791
0.062 0.063 0.465916
0.063 0.064 0.454499
0.064 0.065 0.442551
0.065 0.066 0.433062
0.066 0.067 0.552614
0.067 0.068 0.543287
0.068 0.069 0.428257
0.069 0.070 0.385762
0.070 0.071 0.320288
0.071 0.072 0.310538
0.072 0.073 0.298702
0.073 0.074 0.292218
0.074 0.075 0.284389
0.075 0.076 0.274127
0.076 0.077 0.261463
0.077 0.078 0.251442
0.078 0.079 0.245327
0.079 0.080 0.237761
0.080 0.081 0.227263
0.081 0.082 0.215620
0.082 0.083 0.204634
0.083 0.084 0.195652
0.084 0.085 0.187583
0.085 0.086 0.180484
0.086 0.087 0.171254
0.087 0.088 0.164446
0.088 0.089 0.157153
0.089 0.090 0.147079
0.090 0.091 0.138311
0.091 0.092 0.128069
0.092 0.093 0.120951
0.093 0.094 0.116389
0.094 0.095 0.108939
0.095 0.096 0.101184
0.096 0.097 0.094159
0.097 0.098 0.085899
0.098 0.099 0.077567
0.099 0.100 0.071288
0.100 0.101 0.066766
0.101 0.102 0.062158
0.102 0.103 0.055496
0.103 0.104 0.050289
0.104 0.105 0.046377
0.105 0.106 0.040974
0.106 0.107 0.036915
0.107 0.108 0.032005
0.108 0.109 0.027683
0.109 0.110 0.023004
0.110 0.111 0.018229
0.111 0.112 0.015502
0.112 0.113 0.012170
0.113 0.114 0.008753
0.114 0.115 0.006585
0.115 0.116 0.003712
0.116 0.117 0.002389
0.117 0.118 0.000636
0.118 0.119 0.000000
0.119 0.120 0.000000
0.120 0.121 0.000000
0.121 0.122 0.000000
0.122 0.123 0.000000
0.123 0.124 0.000000
0.124 0.125 0.000000
0.125 0.126 0.000000
0.126 0.127 0.000000
0.127 0.128 0.000000
0.128 0.129 0.000000
0.129 0.130 0.000000
0.130 0.131 0.000000
0.131 0.132 0.000000
0.132 0.133 0.000000
0.133 0.134 0.000000
0.134 0.135 0.000000
0.135 0.136 0.000000
0.136 0.137 0.000000
0.137 0.138 0.000000
0.138 0.139 0.000000
0.139 0.140 0.000000
0.140 0.141 0.000000
0.141 0.142 0.000000
0.142 0.143 0.000000
0.143 0.144 0.000000
0.144 0.145 0.000000
0.145 0.146 0.000000
0.146 0.147 0.000000
0.147 0.148 0.000000
0.148 0.149 0.000000
0.149 0.150 0.000000
