1
0.000 0.001 0.000000
0.001 0.002 0.000000
0.002 0.003 0.000000
0.003 0.004 0.000000
0.004 0.005 0.000000
0.005 0.006 0.000000
0.006 0.007 0.000000
0.007 0.008 0.000000
0.008 0.009 0.000000
0.009 0.010 0.000000
0.010 0.011 0.000000
0.011 0.012 0.000000
0.012 0.013 0.000000
0.013 0.014 0.000000
0.014 0.015 0.000000
0.015 0.016 0.000000
0.016 0.017 0.000000
0.017 0.018 0.000000
0.018 0.019 0.000001
0.019 0.020 0.000004
0.020 0.021 0.000024
0.021 0.022 0.000106
0.022 0.023 0.000363
0.023 0.024 0.001031
0.024 0.025 0.002523
0.025 0.026 0.005409
0.026 0.027 0.010399
0.027 0.028 0.018333
0.028 0.029 0.029996
0.029 0.030 0.045980
0.030 0.031 0.066681
0.031 0.032 0.091814
0.032 0.033 0.122029
0.033 0.034 0.156455
0.034 0.035 0.193977
0.035 0.036 0.234510
0.036 0.037 0.276157
0.037 0.038 0.319390
0.038 0.039 0.363801
0.039 0.040 0.408129
0.040 0.041 0.449915
0.041 0.042 0.490749
0.042 0.043 0.529233
0.043 0.044 0.564956
0.044 0.045 0.598687
0.045 0.046 0.624750
0.046 0.047 0.650734
0.047 0.048 0.672536
0.048 0.049 0.688359
0.049 0.050 0.701531
0.050 0.051 0.714072
0.051 0.052 0.724784
0.052 0.053 0.726550
0.053 0.054 0.727122
0.054 0.055 0.727722
0.055 0.056 0.720839
0.056 0.057 0.709228
0.057 0.058 0.805391
0.058 0.059 1.000000
0.059 0.060 0.885962
0.060 0.061 0.673597
0.061 0.062 0.654027
0.062 0.063 0.621289
0.063 0.064 0.598682
0.064 0.065 0.575424
0.065 0.066 0.548468
0.066 0.067 0.614349
0.067 0.068 0.595180
0.068 0.069 0.493937
0.069 0.070 0.442290
0.070 0.071 0.382203
0.071 0.072 0.363863
0.072 0.073 0.338859
0.073 0.074 0.316013
0.074 0.075 0.290543
0.075 0.076 0.269592
0.076 0.077 0.249335
0.077 0.078 0.227518
0.078 0.079 0.205253
0.079 0.080 0.188750
0.080 0.081 0.169700
0.081 0.082 0.145593
0.082 0.083 0.129265
0.083 0.084 0.115052
0.084 0.085 0.099101
0.085 0.086 0.081177
0.086 0.087 0.066420
0.087 0.088 0.050429
0.088 0.089 0.037644
0.089 0.090 0.026893
0.090 0.091 0.017230
0.091 0.092 0.008287
0.092 0.093 0.002277
0.093 0.094 0.000000
0.094 0.095 0.000000
0.095 0.096 0.000000
0.096 0.097 0.000000
0.097 0.098 0.000000
0.098 0.099 0.000000
0.099 0.100 0.000000
0.100 0.101 0.000000
0.101 0.102 0.000000
0.102 0.103 0.000000
0.103 0.104 0.000000
0.104 0.105 0.000000
0.105 0.106 0.000000
0.106 0.107 0.000000
0.107 0.108 0.000000
0.108 0.109 0.000000
0.109 0.110 0.000000
0.110 0.111 0.000000
0.111 0.112 0.000000
0.112 0.113 0.000000
0.113 0.114 0.000000
0.114 0.115 0.000000
0.115 0.116 0.000000
0.116 0.117 0.000000
0.117 0.118 0.000000
0.118 0.119 0.000000
0.119 0.120 0.000000
0.120 0.121 0.000000
0.121 0.122 0.000000
0.122 0.123 0.000000
0.123 0.124 0.000000
0.124 0.125 0.000000
0.125 0.126 0.000000
0.126 0.127 0.000000
0.127 0.128 0.000000
0.128 0.129 0.000000
0.129 0.130 0.000000
0.130 0.131 0.000000
0.131 0.132 0.000000
0.132 0.133 0.000000
0.133 0.134 0.000000
0.134 0.135 0.000000
0.135 0.136 0.000000
0.136 0.137 0.000000
0.137 0.138 0.000000
0.138 0.139 0.000000
0.139 0.140 0.000000
0.140 0.141 0.000000
0.141 0.142 0.000000
0.142 0.143 0.000000
0.143 0.144 0.000000
0.144 0.145 0.000000
0.145 0.146 0.000000
0.146 0.147 0.000000
0.147 0.148 0.000000
0.148 0.149 0.000000
0.149 0.150 0.000000
