1
0.000 0.001 0.000000
0.001 0.002 0.000000
0.002 0.003 0.000000
0.003 0.004 0.000000
0.004 0.005 0.000000
0.005 0.006 0.000000
0.006 0.007 0.000000
0.007 0.008 0.000000
0.008 0.009 0.000000
0.009 0.010 0.000000
0.010 0.011 0.000000
0.011 0.012 0.000000
0.012 0.013 0.000000
0.013 0.014 0.000000
0.014 0.015 0.000000
0.015 0.016 0.000000
0.016 0.017 0.000000
0.017 0.018 0.000000
0.018 0.019 0.000000
0.019 0.020 0.000003
0.020 0.021 0.000017
0.021 0.022 0.000072
0.022 0.023 0.000241
0.023 0.024 0.000673
0.024 0.025 0.001613
0.025 0.026 0.003400
0.026 0.027 0.006434
0.027 0.028 0.011195
0.028 0.029 0.018112
0.029 0.030 0.027366
0.030 0.031 0.039239
0.031 0.032 0.053747
0.032 0.033 0.070845
0.033 0.034 0.090289
0.034 0.035 0.111584
0.035 0.036 0.134368
0.036 0.037 0.158445
0.037 0.038 0.183549
0.038 0.039 0.208298
0.039 0.040 0.232609
0.040 0.041 0.256618
0.041 0.042 0.279949
0.042 0.043 0.302590
0.043 0.044 0.323381
0.044 0.045 0.343325
0.045 0.046 0.360548
0.046 0.047 0.375739
0.047 0.048 0.391633
0.048 0.049 0.405228
0.049 0.050 0.414915
0.050 0.051 0.424188
0.051 0.052 0.433676
0.052 0.053 0.440062
0.053 0.054 0.444317
0.054 0.055 0.447716
0.055 0.056 0.451137
0.056 0.057 0.453704
0.057 0.058 0.640782
0.058 0.059 1.000000
0.059 0.060 0.812405
0.060 0.061 0.460838
0.061 0.062 0.458131
0.062 0.063 0.435164
0.063 0.064 0.429964
0.064 0.065 0.423426
0.065 0.066 0.416856
0.066 0.067 0.563153
0.067 0.068 0.558347
0.068 0.069 0.428723
0.069 0.070 0.386241
0.070 0.071 0.312341
0.071 0.072 0.305580
0.072 0.073 0.298612
0.073 0.074 0.293765
0.074 0.075 0.289091
0.075 0.076 0.283388
0.076 0.077 0.275497
0.077 0.078 0.269120
0.078 0.079 0.264315
0.079 0.080 0.258882
0.080 0.081 0.252232
0.081 0.082 0.243827
0.082 0.083 0.235033
0.083 0.084 0.228362
0.084 0.085 0.222645
0.085 0.086 0.217355
0.086 0.087 0.211090
0.087 0.088 0.206577
0.088 0.089 0.200127
0.089 0.090 0.192222
0.090 0.091 0.185326
0.091 0.092 0.175913
0.092 0.093 0.168916
0.093 0.094 0.164171
0.094 0.095 0.158379
0.095 0.096 0.152883
0.096 0.097 0.147243
0.097 0.098 0.139833
0.098 0.099 0.133003
0.099 0.100 0.127690
0.100 0.101 0.122966
0.101 0.102 0.117409
0.102 0.103 0.110922
0.103 0.104 0.105256
0.104 0.105 0.100846
0.105 0.106 0.095398
0.106 0.107 0.090665
0.107 0.108 0.084924
0.108 0.109 0.080238
0.109 0.110 0.075641
0.110 0.111 0.070834
0.111 0.112 0.066516
0.112 0.113 0.060234
0.113 0.114 0.055847
0.114 0.115 0.052302
0.115 0.116 0.048445
0.116 0.117 0.044311
0.117 0.118 0.040379
0.118 0.119 0.035260
0.119 0.120 0.031507
0.120 0.121 0.030153
0.121 0.122 0.027544
0.122 0.123 0.024913
0.123 0.124 0.022122
0.124 0.125 0.018770
0.125 0.126 0.015013
0.126 0.127 0.013161
0.127 0.128 0.010897
0.128 0.129 0.008868
0.129 0.130 0.006888
0.130 0.131 0.004299
0.131 0.132 0.003395
0.132 0.133 0.002244
0.133 0.134 0.000584
0.134 0.135 0.000000
0.135 0.136 0.000000
0.136 0.137 0.000000
0.137 0.138 0.000000
0.138 0.139 0.000000
0.139 0.140 0.000000
0.140 0.141 0.000000
0.141 0.142 0.000000
0.142 0.143 0.000000
0.143 0.144 0.000000
0.144 0.145 0.000000
0.145 0.146 0.000000
0.146 0.147 0.000000
0.147 0.148 0.000000
0.148 0.149 0.000000
0.149 0.150 0.000000
