1
0.000 0.001 0.000000
0.001 0.002 0.000000
0.002 0.003 0.000000
0.003 0.004 0.000000
0.004 0.005 0.000000
0.005 0.006 0.000000
0.006 0.007 0.000000
0.007 0.008 0.000000
0.008 0.009 0.000000
0.009 0.010 0.000000
0.010 0.011 0.000000
0.011 0.012 0.000000
0.012 0.013 0.000000
0.013 0.014 0.000000
0.014 0.015 0.000000
0.015 0.016 0.000000
0.016 0.017 0.000000
0.017 0.018 0.000000
0.018 0.019 0.000000
0.019 0.020 0.000000
0.020 0.021 0.000000
0.021 0.022 0.000000
0.022 0.023 0.000002
0.023 0.024 0.000010
0.024 0.025 0.000040
0.025 0.026 0.000131
0.026 0.027 0.000357
0.027 0.028 0.000859
0.028 0.029 0.001845
0.029 0.030 0.003562
0.030 0.031 0.006357
0.031 0.032 0.010552
0.032 0.033 0.016485
0.033 0.034 0.024467
0.034 0.035 0.034635
0.035 0.036 0.046984
0.036 0.037 0.061763
0.037 0.038 0.079010
0.038 0.039 0.097968
0.039 0.040 0.118573
0.040 0.041 0.140872
0.041 0.042 0.163968
0.042 0.043 0.188023
0.043 0.044 0.212448
0.044 0.045 0.237236
0.045 0.046 0.260481
0.046 0.047 0.282889
0.047 0.048 0.306200
0.048 0.049 0.327651
0.049 0.050 0.345851
0.050 0.051 0.363592
0.051 0.052 0.382700
0.052 0.053 0.399303
0.053 0.054 0.413628
0.054 0.055 0.426479
0.055 0.056 0.439179
0.056 0.057 0.451040
0.057 0.058 0.638654
0.058 0.059 1.000000
0.059 0.060 0.830603
0.060 0.061 0.488076
0.061 0.062 0.491255
0.062 0.063 0.473290
0.063 0.064 0.472050
0.064 0.065 0.468174
0.065 0.066 0.467113
0.066 0.067 0.632618
0.067 0.068 0.634317
0.068 0.069 0.496322
0.069 0.070 0.452542
0.070 0.071 0.372653
0.071 0.072 0.368729
0.072 0.073 0.361849
0.073 0.074 0.358255
0.074 0.075 0.354053
0.075 0.076 0.348122
0.076 0.077 0.339159
0.077 0.078 0.331754
0.078 0.079 0.326304
0.079 0.080 0.322034
0.080 0.081 0.315073
0.081 0.082 0.306316
0.082 0.083 0.298141
0.083 0.084 0.290381
0.084 0.085 0.283492
0.085 0.086 0.277145
0.086 0.087 0.268665
0.087 0.088 0.263017
0.088 0.089 0.255019
0.089 0.090 0.244475
0.090 0.091 0.235195
0.091 0.092 0.221137
0.092 0.093 0.213665
0.093 0.094 0.210302
0.094 0.095 0.202676
0.095 0.096 0.195251
0.096 0.097 0.187330
0.097 0.098 0.176955
0.098 0.099 0.167474
0.099 0.100 0.159905
0.100 0.101 0.153462
0.101 0.102 0.145877
0.102 0.103 0.135464
0.103 0.104 0.129673
0.104 0.105 0.124127
0.105 0.106 0.117014
0.106 0.107 0.110560
0.107 0.108 0.102549
0.108 0.109 0.095847
0.109 0.110 0.088931
0.110 0.111 0.082051
0.111 0.112 0.075276
0.112 0.113 0.068980
0.113 0.114 0.063521
0.114 0.115 0.058710
0.115 0.116 0.053183
0.116 0.117 0.047768
0.117 0.118 0.042121
0.118 0.119 0.034598
0.119 0.120 0.029655
0.120 0.121 0.028403
0.121 0.122 0.025072
0.122 0.123 0.021648
0.123 0.124 0.018008
0.124 0.125 0.013827
0.125 0.126 0.008977
0.126 0.127 0.006938
0.127 0.128 0.004695
0.128 0.129 0.001767
0.129 0.130 0.001083
0.130 0.131 0.000000
0.131 0.132 0.000000
0.132 0.133 0.000000
0.133 0.134 0.000000
0.134 0.135 0.000000
0.135 0.136 0.000000
0.136 0.137 0.000000
0.137 0.138 0.000000
0.138 0.139 0.000000
0.139 0.140 0.000000
0.140 0.141 0.000000
0.141 0.142 0.000000
0.142 0.143 0.000000
0.143 0.144 0.000000
0.144 0.145 0.000000
0.145 0.146 0.000000
0.146 0.147 0.000000
0.147 0.148 0.000000
0.148 0.149 0.000000
0.149 0.150 0.000000
