1
0.000 0.001 0.000000
0.001 0.002 0.000000
0.002 0.003 0.000000
0.003 0.004 0.000000
0.004 0.005 0.000000
0.005 0.006 0.000000
0.006 0.007 0.000000
0.007 0.008 0.000000
0.008 0.009 0.000000
0.009 0.010 0.000000
0.010 0.011 0.000000
0.011 0.012 0.000000
0.012 0.013 0.000000
0.013 0.014 0.000000
0.014 0.015 0.000000
0.015 0.016 0.000000
0.016 0.017 0.000000
0.017 0.018 0.000000
0.018 0.019 0.000000
0.019 0.020 0.000002
0.020 0.021 0.000016
0.021 0.022 0.000074
0.022 0.023 0.000268
0.023 0.024 0.000800
0.024 0.025 0.002027
0.025 0.026 0.004473
0.026 0.027 0.008782
0.027 0.028 0.015737
0.028 0.029 0.026144
0.029 0.030 0.040426
0.030 0.031 0.058954
0.031 0.032 0.081898
0.032 0.033 0.109278
0.033 0.034 0.140363
0.034 0.035 0.174546
0.035 0.036 0.211912
0.036 0.037 0.250407
0.037 0.038 0.288529
0.038 0.039 0.327700
0.039 0.040 0.367442
0.040 0.041 0.404151
0.041 0.042 0.438697
0.042 0.043 0.472511
0.043 0.044 0.502281
0.044 0.045 0.531130
0.045 0.046 0.555153
0.046 0.047 0.575072
0.047 0.048 0.593918
0.048 0.049 0.609429
0.049 0.050 0.617686
0.050 0.051 0.625344
0.051 0.052 0.633754
0.052 0.053 0.634937
0.053 0.054 0.637567
0.054 0.055 0.637303
0.055 0.056 0.633809
0.056 0.057 0.629156
0.057 0.058 0.754959
0.058 0.059 1.000000
0.059 0.060 0.858353
0.060 0.061 0.598418
0.061 0.062 0.582912
0.062 0.063 0.557125
0.063 0.064 0.540919
0.064 0.065 0.525751
0.065 0.066 0.511114
0.066 0.067 0.605261
0.067 0.068 0.591413
0.068 0.069 0.481653
0.069 0.070 0.433022
0.070 0.071 0.373385
0.071 0.072 0.360038
0.072 0.073 0.341873
0.073 0.074 0.330878
0.074 0.075 0.318411
0.075 0.076 0.300896
0.076 0.077 0.282220
0.077 0.078 0.263689
0.078 0.079 0.253926
0.079 0.080 0.243020
0.080 0.081 0.228897
0.081 0.082 0.212242
0.082 0.083 0.196572
0.083 0.084 0.180740
0.084 0.085 0.164266
0.085 0.086 0.153796
0.086 0.087 0.141725
0.087 0.088 0.130291
0.088 0.089 0.117873
0.089 0.090 0.105064
0.090 0.091 0.090228
0.091 0.092 0.080089
0.092 0.093 0.071147
0.093 0.094 0.062292
0.094 0.095 0.052699
0.095 0.096 0.042038
0.096 0.097 0.034282
0.097 0.098 0.026237
0.098 0.099 0.017734
0.099 0.100 0.010001
0.100 0.101 0.007457
0.101 0.102 0.002073
0.102 0.103 0.000000
0.103 0.104 0.000000
0.104 0.105 0.000000
0.105 0.106 0.000000
0.106 0.107 0.000000
0.107 0.108 0.000000
0.108 0.109 0.000000
0.109 0.110 0.000000
0.110 0.111 0.000000
0.111 0.112 0.000000
0.112 0.113 0.000000
0.113 0.114 0.000000
0.114 0.115 0.000000
0.115 0.116 0.000000
0.116 0.117 0.000000
0.117 0.118 0.000000
0.118 0.119 0.000000
0.119 0.120 0.000000
0.120 0.121 0.000000
0.121 0.122 0.000000
0.122 0.123 0.000000
0.123 0.124 0.000000
0.124 0.125 0.000000
0.125 0.126 0.000000
0.126 0.127 0.000000
0.127 0.128 0.000000
0.128 0.129 0.000000
0.129 0.130 0.000000
0.130 0.131 0.000000
0.131 0.132 0.000000
0.132 0.133 0.000000
0.133 0.134 0.000000
0.134 0.135 0.000000
0.135 0.136 0.000000
0.136 0.137 0.000000
0.137 0.138 0.000000
0.138 0.139 0.000000
0.139 0.140 0.000000
0.140 0.141 0.000000
0.141 0.142 0.000000
0.142 0.143 0.000000
0.143 0.144 0.000000
0.144 0.145 0.000000
0.145 0.146 0.000000
0.146 0.147 0.000000
0.147 0.148 0.000000
0.148 0.149 0.000000
0.149 0.150 0.000000
