1
0.000 0.001 0.000000
0.001 0.002 0.000000
0.002 0.003 0.000000
0.003 0.004 0.000000
0.004 0.005 0.000000
0.005 0.006 0.000000
0.006 0.007 0.000000
0.007 0.008 0.000000
0.008 0.009 0.000000
0.009 0.010 0.000000
0.010 0.011 0.000000
0.011 0.012 0.000000
0.012 0.013 0.000000
0.013 0.014 0.000000
0.014 0.015 0.000000
0.015 0.016 0.000000
0.016 0.017 0.000001
0.017 0.018 0.000011
0.018 0.019 0.000063
0.019 0.020 0.000259
0.020 0.021 0.000847
0.021 0.022 0.002273
0.022 0.023 0.005206
0.023 0.024 0.010493
0.024 0.025 0.019042
0.025 0.026 0.031563
0.026 0.027 0.048647
0.027 0.028 0.070768
0.028 0.029 0.097804
0.029 0.030 0.129270
0.030 0.031 0.164256
0.031 0.032 0.201377
0.032 0.033 0.242645
0.033 0.034 0.284774
0.034 0.035 0.324928
0.035 0.036 0.365301
0.036 0.037 0.403621
0.037 0.038 0.438868
0.038 0.039 0.473990
0.039 0.040 0.509154
0.040 0.041 0.537347
0.041 0.042 0.563175
0.042 0.043 0.586586
0.043 0.044 0.608595
0.044 0.045 0.627200
0.045 0.046 0.638283
0.046 0.047 0.650624
0.047 0.048 0.658623
0.048 0.049 0.662825
0.049 0.050 0.663503
0.050 0.051 0.666012
0.051 0.052 0.669662
0.052 0.053 0.662487
0.053 0.054 0.653723
0.054 0.055 0.649596
0.055 0.056 0.643269
0.056 0.057 0.631132
0.057 0.058 0.753728
0.058 0.059 1.000000
0.059 0.060 0.858274
0.060 0.061 0.601792
0.061 0.062 0.584965
0.062 0.063 0.550398
0.063 0.064 0.533142
0.064 0.065 0.517493
0.065 0.066 0.502247
0.066 0.067 0.592007
0.067 0.068 0.579892
0.068 0.069 0.476179
0.069 0.070 0.429590
0.070 0.071 0.372180
0.071 0.072 0.360992
0.072 0.073 0.345196
0.073 0.074 0.328740
0.074 0.075 0.311654
0.075 0.076 0.293655
0.076 0.077 0.276907
0.077 0.078 0.260952
0.078 0.079 0.248043
0.079 0.080 0.233500
0.080 0.081 0.214425
0.081 0.082 0.193533
0.082 0.083 0.175435
0.083 0.084 0.159516
0.084 0.085 0.142523
0.085 0.086 0.125837
0.086 0.087 0.106390
0.087 0.088 0.087482
0.088 0.089 0.065748
0.089 0.090 0.047661
0.090 0.091 0.032830
0.091 0.092 0.015400
0.092 0.093 0.001323
0.093 0.094 0.000000
0.094 0.095 0.000000
0.095 0.096 0.000000
0.096 0.097 0.000000
0.097 0.098 0.000000
0.098 0.099 0.000000
0.099 0.100 0.000000
0.100 0.101 0.000000
0.101 0.102 0.000000
0.102 0.103 0.000000
0.103 0.104 0.000000
0.104 0.105 0.000000
0.105 0.106 0.000000
0.106 0.107 0.000000
0.107 0.108 0.000000
0.108 0.109 0.000000
0.109 0.110 0.000000
0.110 0.111 0.000000
0.111 0.112 0.000000
0.112 0.113 0.000000
0.113 0.114 0.000000
0.114 0.115 0.000000
0.115 0.116 0.000000
0.116 0.117 0.000000
0.117 0.118 0.000000
0.118 0.119 0.000000
0.119 0.120 0.000000
0.120 0.121 0.000000
0.121 0.122 0.000000
0.122 0.123 0.000000
0.123 0.124 0.000000
0.124 0.125 0.000000
0.125 0.126 0.000000
0.126 0.127 0.000000
0.127 0.128 0.000000
0.128 0.129 0.000000
0.129 0.130 0.000000
0.130 0.131 0.000000
0.131 0.132 0.000000
0.132 0.133 0.000000
0.133 0.134 0.000000
0.134 0.135 0.000000
0.135 0.136 0.000000
0.136 0.137 0.000000
0.137 0.138 0.000000
0.138 0.139 0.000000
0.139 0.140 0.000000
0.140 0.141 0.000000
0.141 0.142 0.000000
0.142 0.143 0.000000
0.143 0.144 0.000000
0.144 0.145 0.000000
0.145 0.146 0.000000
0.146 0.147 0.000000
0.147 0.148 0.000000
0.148 0.149 0.000000
0.149 0.150 0.000000
