1
0.000 0.001 0.000000
0.001 0.002 0.000000
0.002 0.003 0.000000
0.003 0.004 0.000000
0.004 0.005 0.000000
0.005 0.006 0.000000
0.006 0.007 0.000000
0.007 0.008 0.000000
0.008 0.009 0.000000
0.009 0.010 0.000000
0.010 0.011 0.000000
0.011 0.012 0.000001
0.012 0.013 0.000014
0.013 0.014 0.000137
0.014 0.015 0.000783
0.015 0.016 0.003055
0.016 0.017 0.008918
0.017 0.018 0.021052
0.018 0.019 0.042036
0.019 0.020 0.073769
0.020 0.021 0.117398
0.021 0.022 0.171726
0.022 0.023 0.235930
0.023 0.024 0.307006
0.024 0.025 0.381937
0.025 0.026 0.458132
0.026 0.027 0.533939
0.027 0.028 0.606619
0.028 0.029 0.674465
0.029 0.030 0.739486
0.030 0.031 0.795458
0.031 0.032 0.840363
0.032 0.033 0.884897
0.033 0.034 0.921435
0.034 0.035 0.946674
0.035 0.036 0.965336
0.036 0.037 0.975560
0.037 0.038 0.985399
0.038 0.039 0.995084
0.039 0.040 1.000000
0.040 0.041 0.995864
0.041 0.042 0.991367
0.042 0.043 0.981324
0.043 0.044 0.971577
0.044 0.045 0.962185
0.045 0.046 0.941477
0.046 0.047 0.926825
0.047 0.048 0.906693
0.048 0.049 0.881429
0.049 0.050 0.859429
0.050 0.051 0.840789
0.051 0.052 0.823142
0.052 0.053 0.794220
0.053 0.054 0.768562
0.054 0.055 0.748578
0.055 0.056 0.722283
0.056 0.057 0.691337
0.057 0.058 0.777539
0.058 0.059 0.966685
0.059 0.060 0.837620
0.060 0.061 0.615253
0.061 0.062 0.587226
0.062 0.063 0.549052
0.063 0.064 0.525594
0.064 0.065 0.501510
0.065 0.066 0.476207
0.066 0.067 0.532247
0.067 0.068 0.514152
0.068 0.069 0.427031
0.069 0.070 0.380487
0.070 0.071 0.329459
0.071 0.072 0.313929
0.072 0.073 0.293304
0.073 0.074 0.271370
0.074 0.075 0.249668
0.075 0.076 0.230003
0.076 0.077 0.211856
0.077 0.078 0.191661
0.078 0.079 0.171234
0.079 0.080 0.153441
0.080 0.081 0.134577
0.081 0.082 0.111671
0.082 0.083 0.092729
0.083 0.084 0.076175
0.084 0.085 0.057471
0.085 0.086 0.040134
0.086 0.087 0.023040
0.087 0.088 0.010352
0.088 0.089 0.001253
0.089 0.090 0.000000
0.090 0.091 0.000000
0.091 0.092 0.000000
0.092 0.093 0.000000
0.093 0.094 0.000000
0.094 0.095 0.000000
0.095 0.096 0.000000
0.096 0.097 0.000000
0.097 0.098 0.000000
0.098 0.099 0.000000
0.099 0.100 0.000000
0.100 0.101 0.000000
0.101 0.102 0.000000
0.102 0.103 0.000000
0.103 0.104 0.000000
0.104 0.105 0.000000
0.105 0.106 0.000000
0.106 0.107 0.000000
0.107 0.108 0.000000
0.108 0.109 0.000000
0.109 0.110 0.000000
0.110 0.111 0.000000
0.111 0.112 0.000000
0.112 0.113 0.000000
0.113 0.114 0.000000
0.114 0.115 0.000000
0.115 0.116 0.000000
0.116 0.117 0.000000
0.117 0.118 0.000000
0.118 0.119 0.000000
0.119 0.120 0.000000
0.120 0.121 0.000000
0.121 0.122 0.000000
0.122 0.123 0.000000
0.123 0.124 0.000000
0.124 0.125 0.000000
0.125 0.126 0.000000
0.126 0.127 0.000000
0.127 0.128 0.000000
0.128 0.129 0.000000
0.129 0.130 0.000000
0.130 0.131 0.000000
0.131 0.132 0.000000
0.132 0.133 0.000000
0.133 0.134 0.000000
0.134 0.135 0.000000
0.135 0.136 0.000000
0.136 0.137 0.000000
0.137 0.138 0.000000
0.138 0.139 0.000000
0.139 0.140 0.000000
0.140 0.141 0.000000
0.141 0.142 0.000000
0.142 0.143 0.000000
0.143 0.144 0.000000
0.144 0.145 0.000000
0.145 0.146 0.000000
0.146 0.147 0.000000
0.147 0.148 0.000000
0.148 0.149 0.000000
0.149 0.150 0.000000
