1
0.000 0.001 0.000000
0.001 0.002 0.000000
0.002 0.003 0.000000
0.003 0.004 0.000000
0.004 0.005 0.000000
0.005 0.006 0.000000
0.006 0.007 0.000000
0.007 0.008 0.000000
0.008 0.009 0.000000
0.009 0.010 0.000000
0.010 0.011 0.000000
0.011 0.012 0.000000
0.012 0.013 0.000000
0.013 0.014 0.000005
0.014 0.015 0.000054
0.015 0.016 0.000344
0.016 0.017 0.001478
0.017 0.018 0.004731
0.018 0.019 0.012123
0.019 0.020 0.026151
0.020 0.021 0.049225
0.021 0.022 0.083012
0.022 0.023 0.127985
0.023 0.024 0.183659
0.024 0.025 0.248820
0.025 0.026 0.320533
0.026 0.027 0.396432
0.027 0.028 0.474504
0.028 0.029 0.551635
0.029 0.030 0.626907
0.030 0.031 0.697183
0.031 0.032 0.759357
0.032 0.033 0.815761
0.033 0.034 0.864147
0.034 0.035 0.904230
0.035 0.036 0.937427
0.036 0.037 0.961001
0.037 0.038 0.980469
0.038 0.039 0.993894
0.039 0.040 1.000000
0.040 0.041 0.999951
0.041 0.042 0.995526
0.042 0.043 0.985257
0.043 0.044 0.969068
0.044 0.045 0.955704
0.045 0.046 0.933025
0.046 0.047 0.910520
0.047 0.048 0.884110
0.048 0.049 0.852669
0.049 0.050 0.822640
0.050 0.051 0.798577
0.051 0.052 0.770553
0.052 0.053 0.739281
0.053 0.054 0.712333
0.054 0.055 0.683776
0.055 0.056 0.646583
0.056 0.057 0.607180
0.057 0.058 0.640201
0.058 0.059 0.726236
0.059 0.060 0.640371
0.060 0.061 0.502741
0.061 0.062 0.472837
0.062 0.063 0.437458
0.063 0.064 0.412318
0.064 0.065 0.386358
0.065 0.066 0.358173
0.066 0.067 0.375129
0.067 0.068 0.352778
0.068 0.069 0.289176
0.069 0.070 0.255460
0.070 0.071 0.221497
0.071 0.072 0.203727
0.072 0.073 0.181534
0.073 0.074 0.162710
0.074 0.075 0.141941
0.075 0.076 0.127198
0.076 0.077 0.112859
0.077 0.078 0.096477
0.078 0.079 0.077900
0.079 0.080 0.067128
0.080 0.081 0.056778
0.081 0.082 0.043578
0.082 0.083 0.030749
0.083 0.084 0.023851
0.084 0.085 0.014093
0.085 0.086 0.009144
0.086 0.087 0.002426
0.087 0.088 0.000000
0.088 0.089 0.000000
0.089 0.090 0.000000
0.090 0.091 0.000000
0.091 0.092 0.000000
0.092 0.093 0.000000
0.093 0.094 0.000000
0.094 0.095 0.000000
0.095 0.096 0.000000
0.096 0.097 0.000000
0.097 0.098 0.000000
0.098 0.099 0.000000
0.099 0.100 0.000000
0.100 0.101 0.000000
0.101 0.102 0.000000
0.102 0.103 0.000000
0.103 0.104 0.000000
0.104 0.105 0.000000
0.105 0.106 0.000000
0.106 0.107 0.000000
0.107 0.108 0.000000
0.108 0.109 0.000000
0.109 0.110 0.000000
0.110 0.111 0.000000
0.111 0.112 0.000000
0.112 0.113 0.000000
0.113 0.114 0.000000
0.114 0.115 0.000000
0.115 0.116 0.000000
0.116 0.117 0.000000
0.117 0.118 0.000000
0.118 0.119 0.000000
0.119 0.120 0.000000
0.120 0.121 0.000000
0.121 0.122 0.000000
0.122 0.123 0.000000
0.123 0.124 0.000000
0.124 0.125 0.000000
0.125 0.126 0.000000
0.126 0.127 0.000000
0.127 0.128 0.000000
0.128 0.129 0.000000
0.129 0.130 0.000000
0.130 0.131 0.000000
0.131 0.132 0.000000
0.132 0.133 0.000000
0.133 0.134 0.000000
0.134 0.135 0.000000
0.135 0.136 0.000000
0.136 0.137 0.000000
0.137 0.138 0.000000
0.138 0.139 0.000000
0.139 0.140 0.000000
0.140 0.141 0.000000
0.141 0.142 0.000000
0.142 0.143 0.000000
0.143 0.144 0.000000
0.144 0.145 0.000000
0.145 0.146 0.000000
0.146 0.147 0.000000
0.147 0.148 0.000000
0.148 0.149 0.000000
0.149 0.150 0.000000
