1
0.000 0.001 0.000000
0.001 0.002 0.000000
0.002 0.003 0.000000
0.003 0.004 0.000000
0.004 0.005 0.000000
0.005 0.006 0.000000
0.006 0.007 0.000000
0.007 0.008 0.000000
0.008 0.009 0.000000
0.009 0.010 0.000000
0.010 0.011 0.000000
0.011 0.012 0.000000
0.012 0.013 0.000000
0.013 0.014 0.000000
0.014 0.015 0.000000
0.015 0.016 0.000000
0.016 0.017 0.000000
0.017 0.018 0.000000
0.018 0.019 0.000001
0.019 0.020 0.000006
0.020 0.021 0.000034
0.021 0.022 0.000146
0.022 0.023 0.000493
0.023 0.024 0.001383
0.024 0.025 0.003338
0.025 0.026 0.007071
0.026 0.027 0.013453
0.027 0.028 0.023474
0.028 0.029 0.038038
0.029 0.030 0.057835
0.030 0.031 0.083280
0.031 0.032 0.113890
0.032 0.033 0.150146
0.033 0.034 0.191160
0.034 0.035 0.235787
0.035 0.036 0.283264
0.036 0.037 0.331553
0.037 0.038 0.382139
0.038 0.039 0.433445
0.039 0.040 0.483417
0.040 0.041 0.530827
0.041 0.042 0.576822
0.042 0.043 0.619167
0.043 0.044 0.657631
0.044 0.045 0.694053
0.045 0.046 0.721145
0.046 0.047 0.747934
0.047 0.048 0.769706
0.048 0.049 0.783505
0.049 0.050 0.795505
0.050 0.051 0.806338
0.051 0.052 0.813267
0.052 0.053 0.811218
0.053 0.054 0.809325
0.054 0.055 0.805268
0.055 0.056 0.790710
0.056 0.057 0.772132
0.057 0.058 0.845398
0.058 0.059 1.000000
0.059 0.060 0.896062
0.060 0.061 0.708061
0.061 0.062 0.681279
0.062 0.063 0.643288
0.063 0.064 0.614956
0.064 0.065 0.585109
0.065 0.066 0.551240
0.066 0.067 0.590868
0.067 0.068 0.567727
0.068 0.069 0.474319
0.069 0.070 0.421984
0.070 0.071 0.364437
0.071 0.072 0.342407
0.072 0.073 0.312990
0.073 0.074 0.286368
0.074 0.075 0.256909
0.075 0.076 0.234229
0.076 0.077 0.212180
0.077 0.078 0.184814
0.078 0.079 0.163031
0.079 0.080 0.144317
0.080 0.081 0.125007
0.081 0.082 0.098889
0.082 0.083 0.082123
0.083 0.084 0.065552
0.084 0.085 0.052649
0.085 0.086 0.039085
0.086 0.087 0.022525
0.087 0.088 0.010379
0.088 0.089 0.002642
0.089 0.090 0.000000
0.090 0.091 0.000000
0.091 0.092 0.000000
0.092 0.093 0.000000
0.093 0.094 0.000000
0.094 0.095 0.000000
0.095 0.096 0.000000
0.096 0.097 0.000000
0.097 0.098 0.000000
0.098 0.099 0.000000
0.099 0.100 0.000000
0.100 0.101 0.000000
0.101 0.102 0.000000
0.102 0.103 0.000000
0.103 0.104 0.000000
0.104 0.105 0.000000
0.105 0.106 0.000000
0.106 0.107 0.000000
0.107 0.108 0.000000
0.108 0.109 0.000000
0.109 0.110 0.000000
0.110 0.111 0.000000
0.111 0.112 0.000000
0.112 0.113 0.000000
0.113 0.114 0.000000
0.114 0.115 0.000000
0.115 0.116 0.000000
0.116 0.117 0.000000
0.117 0.118 0.000000
0.118 0.119 0.000000
0.119 0.120 0.000000
0.120 0.121 0.000000
0.121 0.122 0.000000
0.122 0.123 0.000000
0.123 0.124 0.000000
0.124 0.125 0.000000
0.125 0.126 0.000000
0.126 0.127 0.000000
0.127 0.128 0.000000
0.128 0.129 0.000000
0.129 0.130 0.000000
0.130 0.131 0.000000
0.131 0.132 0.000000
0.132 0.133 0.000000
0.133 0.134 0.000000
0.134 0.135 0.000000
0.135 0.136 0.000000
0.136 0.137 0.000000
0.137 0.138 0.000000
0.138 0.139 0.000000
0.139 0.140 0.000000
0.140 0.141 0.000000
0.141 0.142 0.000000
0.142 0.143 0.000000
0.143 0.144 0.000000
0.144 0.145 0.000000
0.145 0.146 0.000000
0.146 0.147 0.000000
0.147 0.148 0.000000
0.148 0.149 0.000000
0.149 0.150 0.000000
