1
0.000 0.001 0.000000
0.001 0.002 0.000000
0.002 0.003 0.000000
0.003 0.004 0.000000
0.004 0.005 0.000000
0.005 0.006 0.000000
0.006 0.007 0.000000
0.007 0.008 0.000000
0.008 0.009 0.000000
0.009 0.010 0.000000
0.010 0.011 0.000000
0.011 0.012 0.000000
0.012 0.013 0.000000
0.013 0.014 0.000000
0.014 0.015 0.000000
0.015 0.016 0.000000
0.016 0.017 0.000000
0.017 0.018 0.000000
0.018 0.019 0.000000
0.019 0.020 0.000000
0.020 0.021 0.000000
0.021 0.022 0.000002
0.022 0.023 0.000009
0.023 0.024 0.000035
0.024 0.025 0.000117
0.025 0.026 0.000326
0.026 0.027 0.000789
0.027 0.028 0.001702
0.028 0.029 0.003329
0.029 0.030 0.005928
0.030 0.031 0.009858
0.031 0.032 0.015402
0.032 0.033 0.022779
0.033 0.034 0.032249
0.034 0.035 0.043847
0.035 0.036 0.057298
0.036 0.037 0.072903
0.037 0.038 0.090638
0.038 0.039 0.109234
0.039 0.040 0.129131
0.040 0.041 0.150284
0.041 0.042 0.171432
0.042 0.043 0.193498
0.043 0.044 0.215467
0.044 0.045 0.237449
0.045 0.046 0.258456
0.046 0.047 0.277790
0.047 0.048 0.298418
0.048 0.049 0.318225
0.049 0.050 0.334689
0.050 0.051 0.349549
0.051 0.052 0.365258
0.052 0.053 0.380127
0.053 0.054 0.391731
0.054 0.055 0.402236
0.055 0.056 0.414237
0.056 0.057 0.424872
0.057 0.058 0.621480
0.058 0.059 1.000000
0.059 0.060 0.818698
0.060 0.061 0.459480
0.061 0.062 0.463057
0.062 0.063 0.445690
0.063 0.064 0.445606
0.064 0.065 0.443204
0.065 0.066 0.442823
0.066 0.067 0.610541
0.067 0.068 0.611790
0.068 0.069 0.474324
0.069 0.070 0.431373
0.070 0.071 0.351610
0.071 0.072 0.348344
0.072 0.073 0.343608
0.073 0.074 0.342035
0.074 0.075 0.339298
0.075 0.076 0.335743
0.076 0.077 0.328747
0.077 0.078 0.323234
0.078 0.079 0.321569
0.079 0.080 0.317694
0.080 0.081 0.310464
0.081 0.082 0.302158
0.082 0.083 0.295192
0.083 0.084 0.288828
0.084 0.085 0.283052
0.085 0.086 0.277988
0.086 0.087 0.269888
0.087 0.088 0.265888
0.088 0.089 0.260255
0.089 0.090 0.250774
0.090 0.091 0.242459
0.091 0.092 0.229469
0.092 0.093 0.221634
0.093 0.094 0.219088
0.094 0.095 0.210990
0.095 0.096 0.202943
0.096 0.097 0.194419
0.097 0.098 0.183195
0.098 0.099 0.173221
0.099 0.100 0.164985
0.100 0.101 0.158333
0.101 0.102 0.150798
0.102 0.103 0.139920
0.103 0.104 0.131783
0.104 0.105 0.125180
0.105 0.106 0.116588
0.106 0.107 0.108164
0.107 0.108 0.097479
0.108 0.109 0.088981
0.109 0.110 0.079727
0.110 0.111 0.070604
0.111 0.112 0.064358
0.112 0.113 0.055615
0.113 0.114 0.049470
0.114 0.115 0.043296
0.115 0.116 0.035587
0.116 0.117 0.029956
0.117 0.118 0.023388
0.118 0.119 0.016636
0.119 0.120 0.012454
0.120 0.121 0.010094
0.121 0.122 0.007220
0.122 0.123 0.003777
0.123 0.124 0.000670
0.124 0.125 0.000000
0.125 0.126 0.000000
0.126 0.127 0.000000
0.127 0.128 0.000000
0.128 0.129 0.000000
0.129 0.130 0.000000
0.130 0.131 0.000000
0.131 0.132 0.000000
0.132 0.133 0.000000
0.133 0.134 0.000000
0.134 0.135 0.000000
0.135 0.136 0.000000
0.136 0.137 0.000000
0.137 0.138 0.000000
0.138 0.139 0.000000
0.139 0.140 0.000000
0.140 0.141 0.000000
0.141 0.142 0.000000
0.142 0.143 0.000000
0.143 0.144 0.000000
0.144 0.145 0.000000
0.145 0.146 0.000000
0.146 0.147 0.000000
0.147 0.148 0.000000
0.148 0.149 0.000000
0.149 0.150 0.000000
