1
0.000 0.001 0.000000
0.001 0.002 0.000000
0.002 0.003 0.000000
0.003 0.004 0.000000
0.004 0.005 0.000000
0.005 0.006 0.000000
0.006 0.007 0.000000
0.007 0.008 0.000000
0.008 0.009 0.000000
0.009 0.010 0.000000
0.010 0.011 0.000000
0.011 0.012 0.000000
0.012 0.013 0.000000
0.013 0.014 0.000000
0.014 0.015 0.000000
0.015 0.016 0.000000
0.016 0.017 0.000000
0.017 0.018 0.000000
0.018 0.019 0.000000
0.019 0.020 0.000000
0.020 0.021 0.000000
0.021 0.022 0.000000
0.022 0.023 0.000002
0.023 0.024 0.000012
0.024 0.025 0.000046
0.025 0.026 0.000149
0.026 0.027 0.000403
0.027 0.028 0.000961
0.028 0.029 0.002058
0.029 0.030 0.003962
0.030 0.031 0.007004
0.031 0.032 0.011605
0.032 0.033 0.018123
0.033 0.034 0.026766
0.034 0.035 0.037826
0.035 0.036 0.051664
0.036 0.037 0.068069
0.037 0.038 0.086002
0.038 0.039 0.106046
0.039 0.040 0.128820
0.040 0.041 0.152677
0.041 0.042 0.177267
0.042 0.043 0.203749
0.043 0.044 0.229477
0.044 0.045 0.255868
0.045 0.046 0.282943
0.046 0.047 0.306505
0.047 0.048 0.331640
0.048 0.049 0.357445
0.049 0.050 0.377773
0.050 0.051 0.396854
0.051 0.052 0.417832
0.052 0.053 0.439008
0.053 0.054 0.455562
0.054 0.055 0.467739
0.055 0.056 0.481943
0.056 0.057 0.498322
0.057 0.058 0.671899
0.058 0.059 1.000000
0.059 0.060 0.843302
0.060 0.061 0.530270
0.061 0.062 0.534730
0.062 0.063 0.521533
0.063 0.064 0.518164
0.064 0.065 0.515704
0.065 0.066 0.516742
0.066 0.067 0.665050
0.067 0.068 0.664086
0.068 0.069 0.535311
0.069 0.070 0.492038
0.070 0.071 0.418753
0.071 0.072 0.410799
0.072 0.073 0.399488
0.073 0.074 0.400695
0.074 0.075 0.399127
0.075 0.076 0.388550
0.076 0.077 0.373981
0.077 0.078 0.364046
0.078 0.079 0.361051
0.079 0.080 0.354905
0.080 0.081 0.344120
0.081 0.082 0.331161
0.082 0.083 0.317729
0.083 0.084 0.301980
0.084 0.085 0.289870
0.085 0.086 0.280108
0.086 0.087 0.268114
0.087 0.088 0.258228
0.088 0.089 0.248785
0.089 0.090 0.234161
0.090 0.091 0.214503
0.091 0.092 0.197367
0.092 0.093 0.184344
0.093 0.094 0.173208
0.094 0.095 0.158911
0.095 0.096 0.145564
0.096 0.097 0.128064
0.097 0.098 0.109009
0.098 0.099 0.086655
0.099 0.100 0.071603
0.100 0.101 0.064421
0.101 0.102 0.049961
0.102 0.103 0.032529
0.103 0.104 0.015183
0.104 0.105 0.001179
0.105 0.106 0.000000
0.106 0.107 0.000000
0.107 0.108 0.000000
0.108 0.109 0.000000
0.109 0.110 0.000000
0.110 0.111 0.000000
0.111 0.112 0.000000
0.112 0.113 0.000000
0.113 0.114 0.000000
0.114 0.115 0.000000
0.115 0.116 0.000000
0.116 0.117 0.000000
0.117 0.118 0.000000
0.118 0.119 0.000000
0.119 0.120 0.000000
0.120 0.121 0.000000
0.121 0.122 0.000000
0.122 0.123 0.000000
0.123 0.124 0.000000
0.124 0.125 0.000000
0.125 0.126 0.000000
0.126 0.127 0.000000
0.127 0.128 0.000000
0.128 0.129 0.000000
0.129 0.130 0.000000
0.130 0.131 0.000000
0.131 0.132 0.000000
0.132 0.133 0.000000
0.133 0.134 0.000000
0.134 0.135 0.000000
0.135 0.136 0.000000
0.136 0.137 0.000000
0.137 0.138 0.000000
0.138 0.139 0.000000
0.139 0.140 0.000000
0.140 0.141 0.000000
0.141 0.142 0.000000
0.142 0.143 0.000000
0.143 0.144 0.000000
0.144 0.145 0.000000
0.145 0.146 0.000000
0.146 0.147 0.000000
0.147 0.148 0.000000
0.148 0.149 0.000000
0.149 0.150 0.000000
