1
0.000 0.001 0.000000
0.001 0.002 0.000000
0.002 0.003 0.000000
0.003 0.004 0.000000
0.004 0.005 0.000000
0.005 0.006 0.000000
0.006 0.007 0.000000
0.007 0.008 0.000000
0.008 0.009 0.000000
0.009 0.010 0.000000
0.010 0.011 0.000000
0.011 0.012 0.000000
0.012 0.013 0.000000
0.013 0.014 0.000000
0.014 0.015 0.000000
0.015 0.016 0.000001
0.016 0.017 0.000010
0.017 0.018 0.000053
0.018 0.019 0.000213
0.019 0.020 0.000668
0.020 0.021 0.001737
0.021 0.022 0.003847
0.022 0.023 0.007526
0.023 0.024 0.013327
0.024 0.025 0.021669
0.025 0.026 0.032807
0.026 0.027 0.046863
0.027 0.028 0.063836
0.028 0.029 0.083418
0.029 0.030 0.104774
0.030 0.031 0.128016
0.031 0.032 0.152132
0.032 0.033 0.176760
0.033 0.034 0.201886
0.034 0.035 0.226409
0.035 0.036 0.249002
0.036 0.037 0.271481
0.037 0.038 0.294435
0.038 0.039 0.313951
0.039 0.040 0.331213
0.040 0.041 0.347621
0.041 0.042 0.361633
0.042 0.043 0.373919
0.043 0.044 0.385272
0.044 0.045 0.395913
0.045 0.046 0.402703
0.046 0.047 0.408503
0.047 0.048 0.416225
0.048 0.049 0.420751
0.049 0.050 0.422132
0.050 0.051 0.423475
0.051 0.052 0.425535
0.052 0.053 0.424942
0.053 0.054 0.422655
0.054 0.055 0.421039
0.055 0.056 0.420812
0.056 0.057 0.419177
0.057 0.058 0.618552
0.058 0.059 1.000000
0.059 0.060 0.792530
0.060 0.061 0.416949
0.061 0.062 0.412065
0.062 0.063 0.386828
0.063 0.064 0.381319
0.064 0.065 0.373832
0.065 0.066 0.367017
0.066 0.067 0.512111
0.067 0.068 0.506512
0.068 0.069 0.380956
0.069 0.070 0.340997
0.070 0.071 0.270108
0.071 0.072 0.265999
0.072 0.073 0.260609
0.073 0.074 0.255779
0.074 0.075 0.251304
0.075 0.076 0.247397
0.076 0.077 0.241467
0.077 0.078 0.236643
0.078 0.079 0.233243
0.079 0.080 0.229021
0.080 0.081 0.223636
0.081 0.082 0.217361
0.082 0.083 0.211617
0.083 0.084 0.206680
0.084 0.085 0.202224
0.085 0.086 0.197932
0.086 0.087 0.192487
0.087 0.088 0.189428
0.088 0.089 0.184360
0.089 0.090 0.177727
0.090 0.091 0.172905
0.091 0.092 0.164648
0.092 0.093 0.159184
0.093 0.094 0.157180
0.094 0.095 0.151973
0.095 0.096 0.146860
0.096 0.097 0.142104
0.097 0.098 0.135524
0.098 0.099 0.130511
0.099 0.100 0.125860
0.100 0.101 0.120741
0.101 0.102 0.116068
0.102 0.103 0.110322
0.103 0.104 0.106054
0.104 0.105 0.101678
0.105 0.106 0.096184
0.106 0.107 0.091442
0.107 0.108 0.085529
0.108 0.109 0.080686
0.109 0.110 0.075693
0.110 0.111 0.070787
0.111 0.112 0.066684
0.112 0.113 0.060868
0.113 0.114 0.055940
0.114 0.115 0.051521
0.115 0.116 0.046368
0.116 0.117 0.041523
0.117 0.118 0.036247
0.118 0.119 0.028938
0.119 0.120 0.025239
0.120 0.121 0.023482
0.121 0.122 0.019022
0.122 0.123 0.014542
0.123 0.124 0.010355
0.124 0.125 0.006120
0.125 0.126 0.003198
0.126 0.127 0.000333
0.127 0.128 0.000000
0.128 0.129 0.000000
0.129 0.130 0.000000
0.130 0.131 0.000000
0.131 0.132 0.000000
0.132 0.133 0.000000
0.133 0.134 0.000000
0.134 0.135 0.000000
0.135 0.136 0.000000
0.136 0.137 0.000000
0.137 0.138 0.000000
0.138 0.139 0.000000
0.139 0.140 0.000000
0.140 0.141 0.000000
0.141 0.142 0.000000
0.142 0.143 0.000000
0.143 0.144 0.000000
0.144 0.145 0.000000
0.145 0.146 0.000000
0.146 0.147 0.000000
0.147 0.148 0.000000
0.148 0.149 0.000000
0.149 0.150 0.000000
