1
0.000 0.001 0.000000
0.001 0.002 0.000000
0.002 0.003 0.000000
0.003 0.004 0.000000
0.004 0.005 0.000000
0.005 0.006 0.000000
0.006 0.007 0.000000
0.007 0.008 0.000009
0.008 0.009 0.000000
0.009 0.010 0.000000
0.010 0.011 0.000000
0.011 0.012 0.000000
0.012 0.013 0.000000
0.013 0.014 0.000005
0.014 0.015 0.000044
0.015 0.016 0.000238
0.016 0.017 0.000906
0.017 0.018 0.002674
0.018 0.019 0.006455
0.019 0.020 0.013392
0.020 0.021 0.024601
0.021 0.022 0.040902
0.022 0.023 0.062596
0.023 0.024 0.089650
0.024 0.025 0.121646
0.025 0.026 0.157315
0.026 0.027 0.195774
0.027 0.028 0.236600
0.028 0.029 0.278034
0.029 0.030 0.318402
0.030 0.031 0.358071
0.031 0.032 0.395198
0.032 0.033 0.429862
0.033 0.034 0.462119
0.034 0.035 0.491180
0.035 0.036 0.515812
0.036 0.037 0.537636
0.037 0.038 0.557118
0.038 0.039 0.571373
0.039 0.040 0.583742
0.040 0.041 0.593479
0.041 0.042 0.599283
0.042 0.043 0.604317
0.043 0.044 0.606597
0.044 0.045 0.607551
0.045 0.046 0.605334
0.046 0.047 0.600445
0.047 0.048 0.597410
0.048 0.049 0.592463
0.049 0.050 0.583219
0.050 0.051 0.573749
0.051 0.052 0.566054
0.052 0.053 0.557333
0.053 0.054 0.546093
0.054 0.055 0.534061
0.055 0.056 0.523588
0.056 0.057 0.514277
0.057 0.058 0.680004
0.058 0.059 1.000000
0.059 0.060 0.808733
0.060 0.061 0.476246
0.061 0.062 0.463934
0.062 0.063 0.434945
0.063 0.064 0.420713
0.064 0.065 0.406145
0.065 0.066 0.393791
0.066 0.067 0.506857
0.067 0.068 0.496279
0.068 0.069 0.384552
0.069 0.070 0.344047
0.070 0.071 0.281093
0.071 0.072 0.272063
0.072 0.073 0.261388
0.073 0.074 0.254420
0.074 0.075 0.246781
0.075 0.076 0.237923
0.076 0.077 0.226678
0.077 0.078 0.218795
0.078 0.079 0.213775
0.079 0.080 0.207635
0.080 0.081 0.199355
0.081 0.082 0.190245
0.082 0.083 0.182194
0.083 0.084 0.174644
0.084 0.085 0.167670
0.085 0.086 0.161301
0.086 0.087 0.152776
0.087 0.088 0.148219
0.088 0.089 0.142787
0.089 0.090 0.135581
0.090 0.091 0.128871
0.091 0.092 0.120217
0.092 0.093 0.114223
0.093 0.094 0.110736
0.094 0.095 0.104651
0.095 0.096 0.098215
0.096 0.097 0.092963
0.097 0.098 0.086506
0.098 0.099 0.080510
0.099 0.100 0.075720
0.100 0.101 0.072056
0.101 0.102 0.067679
0.102 0.103 0.061829
0.103 0.104 0.056802
0.104 0.105 0.053805
0.105 0.106 0.050007
0.106 0.107 0.046326
0.107 0.108 0.041828
0.108 0.109 0.037971
0.109 0.110 0.033856
0.110 0.111 0.029589
0.111 0.112 0.027196
0.112 0.113 0.023989
0.113 0.114 0.021311
0.114 0.115 0.018651
0.115 0.116 0.015556
0.116 0.117 0.012371
0.117 0.118 0.010195
0.118 0.119 0.007372
0.119 0.120 0.005800
0.120 0.121 0.004383
0.121 0.122 0.003293
0.122 0.123 0.002163
0.123 0.124 0.000592
0.124 0.125 0.000000
0.125 0.126 0.000000
0.126 0.127 0.000000
0.127 0.128 0.000000
0.128 0.129 0.000000
0.129 0.130 0.000000
0.130 0.131 0.000000
0.131 0.132 0.000000
0.132 0.133 0.000000
0.133 0.134 0.000000
0.134 0.135 0.000000
0.135 0.136 0.000000
0.136 0.137 0.000000
0.137 0.138 0.000000
0.138 0.139 0.000000
0.139 0.140 0.000000
0.140 0.141 0.000000
0.141 0.142 0.000000
0.142 0.143 0.000000
0.143 0.144 0.000000
0.144 0.145 0.000000
0.145 0.146 0.000000
0.146 0.147 0.000000
0.147 0.148 0.000000
0.148 0.149 0.000000
0.149 0.150 0.000000
