1
0.000 0.001 0.000000
0.001 0.002 0.000000
0.002 0.003 0.000000
0.003 0.004 0.000000
0.004 0.005 0.000000
0.005 0.006 0.000000
0.006 0.007 0.000000
0.007 0.008 0.000000
0.008 0.009 0.000000
0.009 0.010 0.000000
0.010 0.011 0.000000
0.011 0.012 0.000000
0.012 0.013 0.000000
0.013 0.014 0.000000
0.014 0.015 0.000000
0.015 0.016 0.000002
0.016 0.017 0.000013
0.017 0.018 0.000073
0.018 0.019 0.000289
0.019 0.020 0.000898
0.020 0.021 0.002306
0.021 0.022 0.005059
0.022 0.023 0.009767
0.023 0.024 0.017172
0.024 0.025 0.027752
0.025 0.026 0.041714
0.026 0.027 0.059147
0.027 0.028 0.080034
0.028 0.029 0.103882
0.029 0.030 0.129867
0.030 0.031 0.157406
0.031 0.032 0.185775
0.032 0.033 0.214759
0.033 0.034 0.243474
0.034 0.035 0.270898
0.035 0.036 0.296776
0.036 0.037 0.321590
0.037 0.038 0.345111
0.038 0.039 0.365772
0.039 0.040 0.384319
0.040 0.041 0.400311
0.041 0.042 0.413948
0.042 0.043 0.426047
0.043 0.044 0.434795
0.044 0.045 0.444904
0.045 0.046 0.451498
0.046 0.047 0.456654
0.047 0.048 0.462201
0.048 0.049 0.465027
0.049 0.050 0.464934
0.050 0.051 0.465234
0.051 0.052 0.465655
0.052 0.053 0.462826
0.053 0.054 0.459392
0.054 0.055 0.455316
0.055 0.056 0.451135
0.056 0.057 0.447447
0.057 0.058 0.637251
0.058 0.059 1.000000
0.059 0.060 0.796955
0.060 0.061 0.432965
0.061 0.062 0.425462
0.062 0.063 0.398474
0.063 0.064 0.389119
0.064 0.065 0.381260
0.065 0.066 0.372929
0.066 0.067 0.510301
0.067 0.068 0.503354
0.068 0.069 0.380489
0.069 0.070 0.340634
0.070 0.071 0.271410
0.071 0.072 0.265848
0.072 0.073 0.258316
0.073 0.074 0.252645
0.074 0.075 0.247675
0.075 0.076 0.241835
0.076 0.077 0.234266
0.077 0.078 0.228114
0.078 0.079 0.222819
0.079 0.080 0.217528
0.080 0.081 0.211930
0.081 0.082 0.204132
0.082 0.083 0.197967
0.083 0.084 0.192062
0.084 0.085 0.187130
0.085 0.086 0.182564
0.086 0.087 0.177814
0.087 0.088 0.173904
0.088 0.089 0.168518
0.089 0.090 0.162405
0.090 0.091 0.156865
0.091 0.092 0.149792
0.092 0.093 0.144181
0.093 0.094 0.140484
0.094 0.095 0.135052
0.095 0.096 0.130081
0.096 0.097 0.125124
0.097 0.098 0.118855
0.098 0.099 0.112473
0.099 0.100 0.108869
0.100 0.101 0.105432
0.101 0.102 0.101376
0.102 0.103 0.097099
0.103 0.104 0.093641
0.104 0.105 0.089665
0.105 0.106 0.084993
0.106 0.107 0.080993
0.107 0.108 0.076318
0.108 0.109 0.072606
0.109 0.110 0.069202
0.110 0.111 0.065360
0.111 0.112 0.061685
0.112 0.113 0.056450
0.113 0.114 0.052830
0.114 0.115 0.050187
0.115 0.116 0.047464
0.116 0.117 0.044198
0.117 0.118 0.041483
0.118 0.119 0.038044
0.119 0.120 0.035217
0.120 0.121 0.033362
0.121 0.122 0.030783
0.122 0.123 0.028226
0.123 0.124 0.025113
0.124 0.125 0.022845
0.125 0.126 0.020545
0.126 0.127 0.018738
0.127 0.128 0.016450
0.128 0.129 0.014516
0.129 0.130 0.012582
0.130 0.131 0.010419
0.131 0.132 0.009071
0.132 0.133 0.006867
0.133 0.134 0.005575
0.134 0.135 0.004374
0.135 0.136 0.003275
0.136 0.137 0.002227
0.137 0.138 0.000787
0.138 0.139 0.000402
0.139 0.140 0.000000
0.140 0.141 0.000000
0.141 0.142 0.000000
0.142 0.143 0.000000
0.143 0.144 0.000000
0.144 0.145 0.000000
0.145 0.146 0.000000
0.146 0.147 0.000000
0.147 0.148 0.000000
0.148 0.149 0.000000
0.149 0.150 0.000000
