1
0.000 0.001 0.000000
0.001 0.002 0.000000
0.002 0.003 0.000000
0.003 0.004 0.000000
0.004 0.005 0.000000
0.005 0.006 0.000000
0.006 0.007 0.000000
0.007 0.008 0.000000
0.008 0.009 0.000000
0.009 0.010 0.000000
0.010 0.011 0.000000
0.011 0.012 0.000000
0.012 0.013 0.000000
0.013 0.014 0.000000
0.014 0.015 0.000000
0.015 0.016 0.000000
0.016 0.017 0.000000
0.017 0.018 0.000000
0.018 0.019 0.000000
0.019 0.020 0.000000
0.020 0.021 0.000000
0.021 0.022 0.000001
0.022 0.023 0.000007
0.023 0.024 0.000030
0.024 0.025 0.000104
0.025 0.026 0.000300
0.026 0.027 0.000744
0.027 0.028 0.001638
0.028 0.029 0.003261
0.029 0.030 0.005909
0.030 0.031 0.009952
0.031 0.032 0.015703
0.032 0.033 0.023487
0.033 0.034 0.033506
0.034 0.035 0.045825
0.035 0.036 0.060434
0.036 0.037 0.077220
0.037 0.038 0.096241
0.038 0.039 0.116717
0.039 0.040 0.138556
0.040 0.041 0.161618
0.041 0.042 0.185177
0.042 0.043 0.209333
0.043 0.044 0.233433
0.044 0.045 0.257902
0.045 0.046 0.280557
0.046 0.047 0.302246
0.047 0.048 0.324725
0.048 0.049 0.345290
0.049 0.050 0.362865
0.050 0.051 0.379711
0.051 0.052 0.396875
0.052 0.053 0.411546
0.053 0.054 0.423652
0.054 0.055 0.434617
0.055 0.056 0.445527
0.056 0.057 0.455258
0.057 0.058 0.641306
0.058 0.059 1.000000
0.059 0.060 0.828398
0.060 0.061 0.486526
0.061 0.062 0.488388
0.062 0.063 0.469719
0.063 0.064 0.467777
0.064 0.065 0.463986
0.065 0.066 0.460670
0.066 0.067 0.618414
0.067 0.068 0.616963
0.068 0.069 0.482272
0.069 0.070 0.438585
0.070 0.071 0.360856
0.071 0.072 0.356014
0.072 0.073 0.348372
0.073 0.074 0.343970
0.074 0.075 0.338940
0.075 0.076 0.332344
0.076 0.077 0.322948
0.077 0.078 0.314244
0.078 0.079 0.310600
0.079 0.080 0.305475
0.080 0.081 0.297814
0.081 0.082 0.288320
0.082 0.083 0.279602
0.083 0.084 0.271383
0.084 0.085 0.263878
0.085 0.086 0.256858
0.086 0.087 0.247093
0.087 0.088 0.242367
0.088 0.089 0.235552
0.089 0.090 0.226237
0.090 0.091 0.217971
0.091 0.092 0.206292
0.092 0.093 0.198219
0.093 0.094 0.193976
0.094 0.095 0.185712
0.095 0.096 0.176899
0.096 0.097 0.169817
0.097 0.098 0.160500
0.098 0.099 0.152086
0.099 0.100 0.145322
0.100 0.101 0.139555
0.101 0.102 0.132882
0.102 0.103 0.124301
0.103 0.104 0.116992
0.104 0.105 0.111928
0.105 0.106 0.105436
0.106 0.107 0.099514
0.107 0.108 0.092153
0.108 0.109 0.085987
0.109 0.110 0.079568
0.110 0.111 0.073253
0.111 0.112 0.067243
0.112 0.113 0.061250
0.113 0.114 0.056078
0.114 0.115 0.051412
0.115 0.116 0.046052
0.116 0.117 0.040870
0.117 0.118 0.034889
0.118 0.119 0.028970
0.119 0.120 0.025845
0.120 0.121 0.024390
0.121 0.122 0.020831
0.122 0.123 0.016569
0.123 0.124 0.013889
0.124 0.125 0.010781
0.125 0.126 0.007720
0.126 0.127 0.004590
0.127 0.128 0.002947
0.128 0.129 0.000779
0.129 0.130 0.000000
0.130 0.131 0.000000
0.131 0.132 0.000000
0.132 0.133 0.000000
0.133 0.134 0.000000
0.134 0.135 0.000000
0.135 0.136 0.000000
0.136 0.137 0.000000
0.137 0.138 0.000000
0.138 0.139 0.000000
0.139 0.140 0.000000
0.140 0.141 0.000000
0.141 0.142 0.000000
0.142 0.143 0.000000
0.143 0.144 0.000000
0.144 0.145 0.000000
0.145 0.146 0.000000
0.146 0.147 0.000000
0.147 0.148 0.000000
0.148 0.149 0.000000
0.149 0.150 0.000000
