1
0.000 0.001 0.000000
0.001 0.002 0.000000
0.002 0.003 0.000000
0.003 0.004 0.000000
0.004 0.005 0.000000
0.005 0.006 0.000000
0.006 0.007 0.000000
0.007 0.008 0.000000
0.008 0.009 0.000000
0.009 0.010 0.000000
0.010 0.011 0.000000
0.011 0.012 0.000000
0.012 0.013 0.000000
0.013 0.014 0.000000
0.014 0.015 0.000000
0.015 0.016 0.000000
0.016 0.017 0.000000
0.017 0.018 0.000000
0.018 0.019 0.000000
0.019 0.020 0.000000
0.020 0.021 0.000000
0.021 0.022 0.000002
0.022 0.023 0.000010
0.023 0.024 0.000041
0.024 0.025 0.000133
0.025 0.026 0.000365
0.026 0.027 0.000868
0.027 0.028 0.001845
0.028 0.029 0.003562
0.029 0.030 0.006274
0.030 0.031 0.010334
0.031 0.032 0.015998
0.032 0.033 0.023481
0.033 0.034 0.033015
0.034 0.035 0.044600
0.035 0.036 0.057945
0.036 0.037 0.073327
0.037 0.038 0.090890
0.038 0.039 0.109294
0.039 0.040 0.128682
0.040 0.041 0.149253
0.041 0.042 0.169889
0.042 0.043 0.191182
0.043 0.044 0.212480
0.044 0.045 0.233705
0.045 0.046 0.253642
0.046 0.047 0.272420
0.047 0.048 0.292433
0.048 0.049 0.311085
0.049 0.050 0.326808
0.050 0.051 0.341360
0.051 0.052 0.356462
0.052 0.053 0.369977
0.053 0.054 0.380784
0.054 0.055 0.391120
0.055 0.056 0.402606
0.056 0.057 0.412376
0.057 0.058 0.613105
0.058 0.059 1.000000
0.059 0.060 0.814476
0.060 0.061 0.447701
0.061 0.062 0.451136
0.062 0.063 0.432843
0.063 0.064 0.433377
0.064 0.065 0.431315
0.065 0.066 0.430524
0.066 0.067 0.601354
0.067 0.068 0.602848
0.068 0.069 0.463584
0.069 0.070 0.420826
0.070 0.071 0.340179
0.071 0.072 0.337831
0.072 0.073 0.333968
0.073 0.074 0.331738
0.074 0.075 0.328939
0.075 0.076 0.326234
0.076 0.077 0.320350
0.077 0.078 0.315712
0.078 0.079 0.313938
0.079 0.080 0.310349
0.080 0.081 0.304081
0.081 0.082 0.296653
0.082 0.083 0.290382
0.083 0.084 0.284985
0.084 0.085 0.279980
0.085 0.086 0.275387
0.086 0.087 0.268191
0.087 0.088 0.264836
0.088 0.089 0.259253
0.089 0.090 0.250498
0.090 0.091 0.243739
0.091 0.092 0.231806
0.092 0.093 0.224574
0.093 0.094 0.222600
0.094 0.095 0.215316
0.095 0.096 0.208021
0.096 0.097 0.200792
0.097 0.098 0.190817
0.098 0.099 0.182735
0.099 0.100 0.175542
0.100 0.101 0.168647
0.101 0.102 0.161813
0.102 0.103 0.152332
0.103 0.104 0.145385
0.104 0.105 0.139235
0.105 0.106 0.131194
0.106 0.107 0.123715
0.107 0.108 0.114230
0.108 0.109 0.106285
0.109 0.110 0.097659
0.110 0.111 0.089494
0.111 0.112 0.082857
0.112 0.113 0.073785
0.113 0.114 0.065886
0.114 0.115 0.058814
0.115 0.116 0.050109
0.116 0.117 0.043354
0.117 0.118 0.035606
0.118 0.119 0.026929
0.119 0.120 0.021896
0.120 0.121 0.019283
0.121 0.122 0.015252
0.122 0.123 0.010652
0.123 0.124 0.006686
0.124 0.125 0.003354
0.125 0.126 0.000562
0.126 0.127 0.000000
0.127 0.128 0.000000
0.128 0.129 0.000000
0.129 0.130 0.000000
0.130 0.131 0.000000
0.131 0.132 0.000000
0.132 0.133 0.000000
0.133 0.134 0.000000
0.134 0.135 0.000000
0.135 0.136 0.000000
0.136 0.137 0.000000
0.137 0.138 0.000000
0.138 0.139 0.000000
0.139 0.140 0.000000
0.140 0.141 0.000000
0.141 0.142 0.000000
0.142 0.143 0.000000
0.143 0.144 0.000000
0.144 0.145 0.000000
0.145 0.146 0.000000
0.146 0.147 0.000000
0.147 0.148 0.000000
0.148 0.149 0.000000
0.149 0.150 0.000000
