1
0.000 0.001 0.000000
0.001 0.002 0.000000
0.002 0.003 0.000000
0.003 0.004 0.000000
0.004 0.005 0.000000
0.005 0.006 0.000000
0.006 0.007 0.000000
0.007 0.008 0.000000
0.008 0.009 0.000000
0.009 0.010 0.000000
0.010 0.011 0.000000
0.011 0.012 0.000000
0.012 0.013 0.000000
0.013 0.014 0.000000
0.014 0.015 0.000000
0.015 0.016 0.000000
0.016 0.017 0.000000
0.017 0.018 0.000000
0.018 0.019 0.000001
0.019 0.020 0.000008
0.020 0.021 0.000037
0.021 0.022 0.000135
0.022 0.023 0.000400
0.023 0.024 0.001009
0.024 0.025 0.002219
0.025 0.026 0.004357
0.026 0.027 0.007775
0.027 0.028 0.012850
0.028 0.029 0.019886
0.029 0.030 0.028923
0.030 0.031 0.040212
0.031 0.032 0.053569
0.032 0.033 0.068957
0.033 0.034 0.086164
0.034 0.035 0.104527
0.035 0.036 0.123742
0.036 0.037 0.143962
0.037 0.038 0.165414
0.038 0.039 0.186166
0.039 0.040 0.205951
0.040 0.041 0.225409
0.041 0.042 0.244521
0.042 0.043 0.262776
0.043 0.044 0.279444
0.044 0.045 0.295752
0.045 0.046 0.309268
0.046 0.047 0.322127
0.047 0.048 0.336196
0.048 0.049 0.347059
0.049 0.050 0.354974
0.050 0.051 0.363832
0.051 0.052 0.372520
0.052 0.053 0.377167
0.053 0.054 0.381017
0.054 0.055 0.385244
0.055 0.056 0.389599
0.056 0.057 0.393268
0.057 0.058 0.601618
0.058 0.059 1.000000
0.059 0.060 0.794892
0.060 0.061 0.410049
0.061 0.062 0.409257
0.062 0.063 0.386030
0.063 0.064 0.384264
0.064 0.065 0.380717
0.065 0.066 0.376026
0.066 0.067 0.537535
0.067 0.068 0.535126
0.068 0.069 0.399795
0.069 0.070 0.359351
0.070 0.071 0.282847
0.071 0.072 0.280668
0.072 0.073 0.276539
0.073 0.074 0.272374
0.074 0.075 0.269487
0.075 0.076 0.266705
0.076 0.077 0.261865
0.077 0.078 0.258567
0.078 0.079 0.255357
0.079 0.080 0.251992
0.080 0.081 0.248636
0.081 0.082 0.243618
0.082 0.083 0.238051
0.083 0.084 0.233025
0.084 0.085 0.228917
0.085 0.086 0.224836
0.086 0.087 0.220745
0.087 0.088 0.217886
0.088 0.089 0.212484
0.089 0.090 0.206229
0.090 0.091 0.201551
0.091 0.092 0.194122
0.092 0.093 0.188499
0.093 0.094 0.185738
0.094 0.095 0.180524
0.095 0.096 0.175663
0.096 0.097 0.171281
0.097 0.098 0.164941
0.098 0.099 0.159651
0.099 0.100 0.155331
0.100 0.101 0.150344
0.101 0.102 0.145246
0.102 0.103 0.140052
0.103 0.104 0.135984
0.104 0.105 0.130785
0.105 0.106 0.124527
0.106 0.107 0.119497
0.107 0.108 0.113449
0.108 0.109 0.108709
0.109 0.110 0.104384
0.110 0.111 0.099490
0.111 0.112 0.094886
0.112 0.113 0.088387
0.113 0.114 0.082392
0.114 0.115 0.077816
0.115 0.116 0.072960
0.116 0.117 0.067482
0.117 0.118 0.062429
0.118 0.119 0.055628
0.119 0.120 0.051137
0.120 0.121 0.048709
0.121 0.122 0.044119
0.122 0.123 0.039895
0.123 0.124 0.035151
0.124 0.125 0.030339
0.125 0.126 0.025280
0.126 0.127 0.021971
0.127 0.128 0.017747
0.128 0.129 0.014652
0.129 0.130 0.011361
0.130 0.131 0.008444
0.131 0.132 0.006195
0.132 0.133 0.003922
0.133 0.134 0.001935
0.134 0.135 0.000328
0.135 0.136 0.000000
0.136 0.137 0.000000
0.137 0.138 0.000000
0.138 0.139 0.000000
0.139 0.140 0.000000
0.140 0.141 0.000000
0.141 0.142 0.000000
0.142 0.143 0.000000
0.143 0.144 0.000000
0.144 0.145 0.000000
0.145 0.146 0.000000
0.146 0.147 0.000000
0.147 0.148 0.000000
0.148 0.149 0.000000
0.149 0.150 0.000000
