1
0.000 0.001 0.000000
0.001 0.002 0.000000
0.002 0.003 0.000000
0.003 0.004 0.000000
0.004 0.005 0.000000
0.005 0.006 0.000000
0.006 0.007 0.000000
0.007 0.008 0.000000
0.008 0.009 0.000000
0.009 0.010 0.000000
0.010 0.011 0.000000
0.011 0.012 0.000000
0.012 0.013 0.000000
0.013 0.014 0.000000
0.014 0.015 0.000000
0.015 0.016 0.000000
0.016 0.017 0.000000
0.017 0.018 0.000001
0.018 0.019 0.000009
0.019 0.020 0.000046
0.020 0.021 0.000180
0.021 0.022 0.000564
0.022 0.023 0.001476
0.023 0.024 0.003338
0.024 0.025 0.006718
0.025 0.026 0.012186
0.026 0.027 0.020285
0.027 0.028 0.031619
0.028 0.029 0.046483
0.029 0.030 0.064773
0.030 0.031 0.086527
0.031 0.032 0.111209
0.032 0.033 0.138617
0.033 0.034 0.167922
0.034 0.035 0.198702
0.035 0.036 0.230507
0.036 0.037 0.262322
0.037 0.038 0.293455
0.038 0.039 0.322816
0.039 0.040 0.351557
0.040 0.041 0.378779
0.041 0.042 0.403461
0.042 0.043 0.427460
0.043 0.044 0.448488
0.044 0.045 0.468010
0.045 0.046 0.484231
0.046 0.047 0.496352
0.047 0.048 0.509013
0.048 0.049 0.520325
0.049 0.050 0.526373
0.050 0.051 0.530343
0.051 0.052 0.535421
0.052 0.053 0.539274
0.053 0.054 0.539443
0.054 0.055 0.537414
0.055 0.056 0.535744
0.056 0.057 0.533469
0.057 0.058 0.692665
0.058 0.059 1.000000
0.059 0.060 0.828251
0.060 0.061 0.514848
0.061 0.062 0.505647
0.062 0.063 0.481364
0.063 0.064 0.469552
0.064 0.065 0.457303
0.065 0.066 0.447196
0.066 0.067 0.565767
0.067 0.068 0.555848
0.068 0.069 0.439173
0.069 0.070 0.395476
0.070 0.071 0.327791
0.071 0.072 0.318191
0.072 0.073 0.306271
0.073 0.074 0.300177
0.074 0.075 0.292594
0.075 0.076 0.282200
0.076 0.077 0.269604
0.077 0.078 0.258597
0.078 0.079 0.251014
0.079 0.080 0.244195
0.080 0.081 0.234191
0.081 0.082 0.223050
0.082 0.083 0.213107
0.083 0.084 0.203299
0.084 0.085 0.194387
0.085 0.086 0.186440
0.086 0.087 0.175547
0.087 0.088 0.169481
0.088 0.089 0.162892
0.089 0.090 0.153785
0.090 0.091 0.144265
0.091 0.092 0.133278
0.092 0.093 0.125509
0.093 0.094 0.120310
0.094 0.095 0.111411
0.095 0.096 0.104954
0.096 0.097 0.097374
0.097 0.098 0.088511
0.098 0.099 0.079430
0.099 0.100 0.072664
0.100 0.101 0.067815
0.101 0.102 0.063031
0.102 0.103 0.056058
0.103 0.104 0.050592
0.104 0.105 0.046527
0.105 0.106 0.041433
0.106 0.107 0.035436
0.107 0.108 0.030554
0.108 0.109 0.026241
0.109 0.110 0.021580
0.110 0.111 0.016686
0.111 0.112 0.014195
0.112 0.113 0.011143
0.113 0.114 0.008443
0.114 0.115 0.004997
0.115 0.116 0.003123
0.116 0.117 0.000842
0.117 0.118 0.000000
0.118 0.119 0.000000
0.119 0.120 0.000000
0.120 0.121 0.000000
0.121 0.122 0.000000
0.122 0.123 0.000000
0.123 0.124 0.000000
0.124 0.125 0.000000
0.125 0.126 0.000000
0.126 0.127 0.000000
0.127 0.128 0.000000
0.128 0.129 0.000000
0.129 0.130 0.000000
0.130 0.131 0.000000
0.131 0.132 0.000000
0.132 0.133 0.000000
0.133 0.134 0.000000
0.134 0.135 0.000000
0.135 0.136 0.000000
0.136 0.137 0.000000
0.137 0.138 0.000000
0.138 0.139 0.000000
0.139 0.140 0.000000
0.140 0.141 0.000000
0.141 0.142 0.000000
0.142 0.143 0.000000
0.143 0.144 0.000000
0.144 0.145 0.000000
0.145 0.146 0.000000
0.146 0.147 0.000000
0.147 0.148 0.000000
0.148 0.149 0.000000
0.149 0.150 0.000000
