1
0.000 0.001 0.000000
0.001 0.002 0.000000
0.002 0.003 0.000000
0.003 0.004 0.000000
0.004 0.005 0.000000
0.005 0.006 0.000000
0.006 0.007 0.000000
0.007 0.008 0.000000
0.008 0.009 0.000000
0.009 0.010 0.000000
0.010 0.011 0.000000
0.011 0.012 0.000000
0.012 0.013 0.000000
0.013 0.014 0.000000
0.014 0.015 0.000000
0.015 0.016 0.000000
0.016 0.017 0.000004
0.017 0.018 0.000033
0.018 0.019 0.000194
0.019 0.020 0.000812
0.020 0.021 0.002636
0.021 0.022 0.006960
0.022 0.023 0.015498
0.023 0.024 0.030283
0.024 0.025 0.053342
0.025 0.026 0.085762
0.026 0.027 0.127690
0.027 0.028 0.179124
0.028 0.029 0.238906
0.029 0.030 0.303352
0.030 0.031 0.376035
0.031 0.032 0.450912
0.032 0.033 0.524892
0.033 0.034 0.596535
0.034 0.035 0.665926
0.035 0.036 0.730254
0.036 0.037 0.784178
0.037 0.038 0.835758
0.038 0.039 0.879028
0.039 0.040 0.912152
0.040 0.041 0.935805
0.041 0.042 0.962339
0.042 0.043 0.981979
0.043 0.044 0.994583
0.044 0.045 1.000000
0.045 0.046 0.992855
0.046 0.047 0.983827
0.047 0.048 0.973327
0.048 0.049 0.952818
0.049 0.050 0.926525
0.050 0.051 0.898405
0.051 0.052 0.878009
0.052 0.053 0.856143
0.053 0.054 0.833360
0.054 0.055 0.801870
0.055 0.056 0.761889
0.056 0.057 0.725041
0.057 0.058 0.737618
0.058 0.059 0.785387
0.059 0.060 0.697576
0.060 0.061 0.581437
0.061 0.062 0.550588
0.062 0.063 0.518276
0.063 0.064 0.483128
0.064 0.065 0.446951
0.065 0.066 0.407177
0.066 0.067 0.403550
0.067 0.068 0.364786
0.068 0.069 0.305131
0.069 0.070 0.267201
0.070 0.071 0.231732
0.071 0.072 0.204366
0.072 0.073 0.171226
0.073 0.074 0.142389
0.074 0.075 0.125002
0.075 0.076 0.106933
0.076 0.077 0.088405
0.077 0.078 0.067059
0.078 0.079 0.041396
0.079 0.080 0.030522
0.080 0.081 0.021169
0.081 0.082 0.005491
0.082 0.083 0.000000
0.083 0.084 0.000000
0.084 0.085 0.000000
0.085 0.086 0.000000
0.086 0.087 0.000000
0.087 0.088 0.000000
0.088 0.089 0.000000
0.089 0.090 0.000000
0.090 0.091 0.000000
0.091 0.092 0.000000
0.092 0.093 0.000000
0.093 0.094 0.000000
0.094 0.095 0.000000
0.095 0.096 0.000000
0.096 0.097 0.000000
0.097 0.098 0.000000
0.098 0.099 0.000000
0.099 0.100 0.000000
0.100 0.101 0.000000
0.101 0.102 0.000000
0.102 0.103 0.000000
0.103 0.104 0.000000
0.104 0.105 0.000000
0.105 0.106 0.000000
0.106 0.107 0.000000
0.107 0.108 0.000000
0.108 0.109 0.000000
0.109 0.110 0.000000
0.110 0.111 0.000000
0.111 0.112 0.000000
0.112 0.113 0.000000
0.113 0.114 0.000000
0.114 0.115 0.000000
0.115 0.116 0.000000
0.116 0.117 0.000000
0.117 0.118 0.000000
0.118 0.119 0.000000
0.119 0.120 0.000000
0.120 0.121 0.000000
0.121 0.122 0.000000
0.122 0.123 0.000000
0.123 0.124 0.000000
0.124 0.125 0.000000
0.125 0.126 0.000000
0.126 0.127 0.000000
0.127 0.128 0.000000
0.128 0.129 0.000000
0.129 0.130 0.000000
0.130 0.131 0.000000
0.131 0.132 0.000000
0.132 0.133 0.000000
0.133 0.134 0.000000
0.134 0.135 0.000000
0.135 0.136 0.000000
0.136 0.137 0.000000
0.137 0.138 0.000000
0.138 0.139 0.000000
0.139 0.140 0.000000
0.140 0.141 0.000000
0.141 0.142 0.000000
0.142 0.143 0.000000
0.143 0.144 0.000000
0.144 0.145 0.000000
0.145 0.146 0.000000
0.146 0.147 0.000000
0.147 0.148 0.000000
0.148 0.149 0.000000
0.149 0.150 0.000000
