1
0.000 0.001 0.000000
0.001 0.002 0.000000
0.002 0.003 0.000000
0.003 0.004 0.000000
0.004 0.005 0.000000
0.005 0.006 0.000000
0.006 0.007 0.000000
0.007 0.008 0.000000
0.008 0.009 0.000000
0.009 0.010 0.000000
0.010 0.011 0.000000
0.011 0.012 0.000000
0.012 0.013 0.000000
0.013 0.014 0.000000
0.014 0.015 0.000000
0.015 0.016 0.000000
0.016 0.017 0.000000
0.017 0.018 0.000000
0.018 0.019 0.000000
0.019 0.020 0.000000
0.020 0.021 0.000000
0.021 0.022 0.000000
0.022 0.023 0.000003
0.023 0.024 0.000013
0.024 0.025 0.000048
0.025 0.026 0.000151
0.026 0.027 0.000407
0.027 0.028 0.000963
0.028 0.029 0.002043
0.029 0.030 0.003912
0.030 0.031 0.006911
0.031 0.032 0.011371
0.032 0.033 0.017655
0.033 0.034 0.026005
0.034 0.035 0.036548
0.035 0.036 0.049382
0.036 0.037 0.064548
0.037 0.038 0.082017
0.038 0.039 0.101179
0.039 0.040 0.122027
0.040 0.041 0.144081
0.041 0.042 0.166766
0.042 0.043 0.190514
0.043 0.044 0.214182
0.044 0.045 0.238045
0.045 0.046 0.261696
0.046 0.047 0.284207
0.047 0.048 0.307502
0.048 0.049 0.329447
0.049 0.050 0.348773
0.050 0.051 0.367231
0.051 0.052 0.385563
0.052 0.053 0.401410
0.053 0.054 0.415298
0.054 0.055 0.427896
0.055 0.056 0.439630
0.056 0.057 0.450107
0.057 0.058 0.637569
0.058 0.059 1.000000
0.059 0.060 0.829375
0.060 0.061 0.484362
0.061 0.062 0.486669
0.062 0.063 0.467258
0.063 0.064 0.467782
0.064 0.065 0.466157
0.065 0.066 0.464722
0.066 0.067 0.629339
0.067 0.068 0.630658
0.068 0.069 0.492936
0.069 0.070 0.449157
0.070 0.071 0.369460
0.071 0.072 0.365319
0.072 0.073 0.358261
0.073 0.074 0.354482
0.074 0.075 0.350119
0.075 0.076 0.344106
0.076 0.077 0.335072
0.077 0.078 0.327550
0.078 0.079 0.321837
0.079 0.080 0.317717
0.080 0.081 0.310947
0.081 0.082 0.302487
0.082 0.083 0.294595
0.083 0.084 0.287128
0.084 0.085 0.280525
0.085 0.086 0.274461
0.086 0.087 0.266273
0.087 0.088 0.260926
0.088 0.089 0.253128
0.089 0.090 0.242921
0.090 0.091 0.234158
0.091 0.092 0.221440
0.092 0.093 0.212429
0.093 0.094 0.206395
0.094 0.095 0.199354
0.095 0.096 0.192485
0.096 0.097 0.185253
0.097 0.098 0.175585
0.098 0.099 0.166830
0.099 0.100 0.159873
0.100 0.101 0.153949
0.101 0.102 0.147024
0.102 0.103 0.138046
0.103 0.104 0.131100
0.104 0.105 0.124546
0.105 0.106 0.116288
0.106 0.107 0.107620
0.107 0.108 0.100537
0.108 0.109 0.094710
0.109 0.110 0.088642
0.110 0.111 0.082624
0.111 0.112 0.077522
0.112 0.113 0.070410
0.113 0.114 0.064199
0.114 0.115 0.058588
0.115 0.116 0.052236
0.116 0.117 0.045104
0.117 0.118 0.040510
0.118 0.119 0.034076
0.119 0.120 0.030621
0.120 0.121 0.029026
0.121 0.122 0.025148
0.122 0.123 0.021152
0.123 0.124 0.016010
0.124 0.125 0.013107
0.125 0.126 0.010222
0.126 0.127 0.007901
0.127 0.128 0.005346
0.128 0.129 0.002011
0.129 0.130 0.001233
0.130 0.131 0.000000
0.131 0.132 0.000000
0.132 0.133 0.000000
0.133 0.134 0.000000
0.134 0.135 0.000000
0.135 0.136 0.000000
0.136 0.137 0.000000
0.137 0.138 0.000000
0.138 0.139 0.000000
0.139 0.140 0.000000
0.140 0.141 0.000000
0.141 0.142 0.000000
0.142 0.143 0.000000
0.143 0.144 0.000000
0.144 0.145 0.000000
0.145 0.146 0.000000
0.146 0.147 0.000000
0.147 0.148 0.000000
0.148 0.149 0.000000
0.149 0.150 0.000000
