1
0.000 0.001 0.000000
0.001 0.002 0.000000
0.002 0.003 0.000000
0.003 0.004 0.000000
0.004 0.005 0.000000
0.005 0.006 0.000000
0.006 0.007 0.000000
0.007 0.008 0.000000
0.008 0.009 0.000000
0.009 0.010 0.000000
0.010 0.011 0.000000
0.011 0.012 0.000000
0.012 0.013 0.000000
0.013 0.014 0.000000
0.014 0.015 0.000001
0.015 0.016 0.000012
0.016 0.017 0.000085
0.017 0.018 0.000410
0.018 0.019 0.001453
0.019 0.020 0.004095
0.020 0.021 0.009606
0.021 0.022 0.019474
0.022 0.023 0.035078
0.023 0.024 0.057379
0.024 0.025 0.086870
0.025 0.026 0.123057
0.026 0.027 0.164872
0.027 0.028 0.212019
0.028 0.029 0.262741
0.029 0.030 0.314860
0.030 0.031 0.366716
0.031 0.032 0.416036
0.032 0.033 0.467339
0.033 0.034 0.514771
0.034 0.035 0.557838
0.035 0.036 0.599509
0.036 0.037 0.635562
0.037 0.038 0.663198
0.038 0.039 0.688221
0.039 0.040 0.711538
0.040 0.041 0.727438
0.041 0.042 0.738332
0.042 0.043 0.748534
0.043 0.044 0.752858
0.044 0.045 0.755023
0.045 0.046 0.753261
0.046 0.047 0.745442
0.047 0.048 0.735566
0.048 0.049 0.731149
0.049 0.050 0.721126
0.050 0.051 0.710450
0.051 0.052 0.701200
0.052 0.053 0.689392
0.053 0.054 0.675909
0.054 0.055 0.660356
0.055 0.056 0.643406
0.056 0.057 0.626774
0.057 0.058 0.751806
0.058 0.059 1.000000
0.059 0.060 0.837197
0.060 0.061 0.558587
0.061 0.062 0.536897
0.062 0.063 0.507354
0.063 0.064 0.488102
0.064 0.065 0.470263
0.065 0.066 0.454061
0.066 0.067 0.541240
0.067 0.068 0.525364
0.068 0.069 0.422040
0.069 0.070 0.378701
0.070 0.071 0.321312
0.071 0.072 0.306097
0.072 0.073 0.287583
0.073 0.074 0.274604
0.074 0.075 0.265262
0.075 0.076 0.251858
0.076 0.077 0.237417
0.077 0.078 0.225086
0.078 0.079 0.216232
0.079 0.080 0.206567
0.080 0.081 0.194485
0.081 0.082 0.180561
0.082 0.083 0.167454
0.083 0.084 0.154114
0.084 0.085 0.140431
0.085 0.086 0.132561
0.086 0.087 0.123530
0.087 0.088 0.115353
0.088 0.089 0.106668
0.089 0.090 0.097106
0.090 0.091 0.086676
0.091 0.092 0.076746
0.092 0.093 0.068201
0.093 0.094 0.058736
0.094 0.095 0.052518
0.095 0.096 0.046730
0.096 0.097 0.039545
0.097 0.098 0.032005
0.098 0.099 0.023826
0.099 0.100 0.016815
0.100 0.101 0.015056
0.101 0.102 0.011637
0.102 0.103 0.007658
0.103 0.104 0.002844
0.104 0.105 0.001801
0.105 0.106 0.000000
0.106 0.107 0.000000
0.107 0.108 0.000000
0.108 0.109 0.000000
0.109 0.110 0.000000
0.110 0.111 0.000000
0.111 0.112 0.000000
0.112 0.113 0.000000
0.113 0.114 0.000000
0.114 0.115 0.000000
0.115 0.116 0.000000
0.116 0.117 0.000000
0.117 0.118 0.000000
0.118 0.119 0.000000
0.119 0.120 0.000000
0.120 0.121 0.000000
0.121 0.122 0.000000
0.122 0.123 0.000000
0.123 0.124 0.000000
0.124 0.125 0.000000
0.125 0.126 0.000000
0.126 0.127 0.000000
0.127 0.128 0.000000
0.128 0.129 0.000000
0.129 0.130 0.000000
0.130 0.131 0.000000
0.131 0.132 0.000000
0.132 0.133 0.000000
0.133 0.134 0.000000
0.134 0.135 0.000000
0.135 0.136 0.000000
0.136 0.137 0.000000
0.137 0.138 0.000000
0.138 0.139 0.000000
0.139 0.140 0.000000
0.140 0.141 0.000000
0.141 0.142 0.000000
0.142 0.143 0.000000
0.143 0.144 0.000000
0.144 0.145 0.000000
0.145 0.146 0.000000
0.146 0.147 0.000000
0.147 0.148 0.000000
0.148 0.149 0.000000
0.149 0.150 0.000000
