1
0.000 0.001 0.000000
0.001 0.002 0.000000
0.002 0.003 0.000000
0.003 0.004 0.000000
0.004 0.005 0.000000
0.005 0.006 0.000000
0.006 0.007 0.000000
0.007 0.008 0.000000
0.008 0.009 0.000000
0.009 0.010 0.000000
0.010 0.011 0.000000
0.011 0.012 0.000000
0.012 0.013 0.000000
0.013 0.014 0.000000
0.014 0.015 0.000000
0.015 0.016 0.000000
0.016 0.017 0.000000
0.017 0.018 0.000000
0.018 0.019 0.000000
0.019 0.020 0.000000
0.020 0.021 0.000001
0.021 0.022 0.000007
0.022 0.023 0.000031
0.023 0.024 0.000104
0.024 0.025 0.000297
0.025 0.026 0.000729
0.026 0.027 0.001581
0.027 0.028 0.003100
0.028 0.029 0.005581
0.029 0.030 0.009261
0.030 0.031 0.014495
0.031 0.032 0.021442
0.032 0.033 0.030267
0.033 0.034 0.041107
0.034 0.035 0.053801
0.035 0.036 0.068094
0.036 0.037 0.084138
0.037 0.038 0.102116
0.038 0.039 0.120656
0.039 0.040 0.139692
0.040 0.041 0.159313
0.041 0.042 0.179211
0.042 0.043 0.199306
0.043 0.044 0.218802
0.044 0.045 0.238422
0.045 0.046 0.255901
0.046 0.047 0.272897
0.047 0.048 0.291208
0.048 0.049 0.307073
0.049 0.050 0.320205
0.050 0.051 0.333647
0.051 0.052 0.347111
0.052 0.053 0.357225
0.053 0.054 0.365947
0.054 0.055 0.374763
0.055 0.056 0.383712
0.056 0.057 0.391778
0.057 0.058 0.599790
0.058 0.059 1.000000
0.059 0.060 0.804589
0.060 0.061 0.423486
0.061 0.062 0.425992
0.062 0.063 0.405537
0.063 0.064 0.406247
0.064 0.065 0.404856
0.065 0.066 0.402522
0.066 0.067 0.575189
0.067 0.068 0.575695
0.068 0.069 0.434279
0.069 0.070 0.392585
0.070 0.071 0.311847
0.071 0.072 0.310435
0.072 0.073 0.306953
0.073 0.074 0.303785
0.074 0.075 0.301550
0.075 0.076 0.299282
0.076 0.077 0.294531
0.077 0.078 0.291336
0.078 0.079 0.288758
0.079 0.080 0.285659
0.080 0.081 0.281997
0.081 0.082 0.276584
0.082 0.083 0.270805
0.083 0.084 0.265615
0.084 0.085 0.261325
0.085 0.086 0.257104
0.086 0.087 0.252379
0.087 0.088 0.249440
0.088 0.089 0.243766
0.089 0.090 0.236681
0.090 0.091 0.231295
0.091 0.092 0.222479
0.092 0.093 0.216146
0.093 0.094 0.213377
0.094 0.095 0.207361
0.095 0.096 0.201679
0.096 0.097 0.196398
0.097 0.098 0.188775
0.098 0.099 0.182383
0.099 0.100 0.177128
0.100 0.101 0.171395
0.101 0.102 0.165461
0.102 0.103 0.158919
0.103 0.104 0.153879
0.104 0.105 0.147937
0.105 0.106 0.140662
0.106 0.107 0.134601
0.107 0.108 0.127210
0.108 0.109 0.121329
0.109 0.110 0.115716
0.110 0.111 0.109632
0.111 0.112 0.104077
0.112 0.113 0.096313
0.113 0.114 0.089237
0.114 0.115 0.083546
0.115 0.116 0.077232
0.116 0.117 0.070905
0.117 0.118 0.064977
0.118 0.119 0.056954
0.119 0.120 0.052278
0.120 0.121 0.049712
0.121 0.122 0.044715
0.122 0.123 0.040665
0.123 0.124 0.036364
0.124 0.125 0.030831
0.125 0.126 0.026269
0.126 0.127 0.022727
0.127 0.128 0.018190
0.128 0.129 0.014956
0.129 0.130 0.011477
0.130 0.131 0.008534
0.131 0.132 0.006205
0.132 0.133 0.003955
0.133 0.134 0.002394
0.134 0.135 0.000406
0.135 0.136 0.000000
0.136 0.137 0.000000
0.137 0.138 0.000000
0.138 0.139 0.000000
0.139 0.140 0.000000
0.140 0.141 0.000000
0.141 0.142 0.000000
0.142 0.143 0.000000
0.143 0.144 0.000000
0.144 0.145 0.000000
0.145 0.146 0.000000
0.146 0.147 0.000000
0.147 0.148 0.000000
0.148 0.149 0.000000
0.149 0.150 0.000000
