1
0.000 0.001 0.000000
0.001 0.002 0.000000
0.002 0.003 0.000000
0.003 0.004 0.000000
0.004 0.005 0.000000
0.005 0.006 0.000000
0.006 0.007 0.000000
0.007 0.008 0.000000
0.008 0.009 0.000000
0.009 0.010 0.000000
0.010 0.011 0.000000
0.011 0.012 0.000000
0.012 0.013 0.000004
0.013 0.014 0.000050
0.014 0.015 0.000361
0.015 0.016 0.001668
0.016 0.017 0.005548
0.017 0.018 0.014444
0.018 0.019 0.031116
0.019 0.020 0.057920
0.020 0.021 0.096518
0.021 0.022 0.146612
0.022 0.023 0.206734
0.023 0.024 0.275174
0.024 0.025 0.349195
0.025 0.026 0.424674
0.026 0.027 0.500301
0.027 0.028 0.574966
0.028 0.029 0.645965
0.029 0.030 0.711938
0.030 0.031 0.769583
0.031 0.032 0.819046
0.032 0.033 0.864620
0.033 0.034 0.902022
0.034 0.035 0.930925
0.035 0.036 0.955271
0.036 0.037 0.971422
0.037 0.038 0.981058
0.038 0.039 0.988358
0.039 0.040 0.993704
0.040 0.041 0.991094
0.041 0.042 0.986349
0.042 0.043 0.979754
0.043 0.044 0.969148
0.044 0.045 0.957366
0.045 0.046 0.939526
0.046 0.047 0.922083
0.047 0.048 0.903666
0.048 0.049 0.882353
0.049 0.050 0.858419
0.050 0.051 0.837400
0.051 0.052 0.818293
0.052 0.053 0.793518
0.053 0.054 0.768979
0.054 0.055 0.745320
0.055 0.056 0.719736
0.056 0.057 0.693448
0.057 0.058 0.793120
0.058 0.059 1.000000
0.059 0.060 0.851249
0.060 0.061 0.604531
0.061 0.062 0.578482
0.062 0.063 0.540239
0.063 0.064 0.513132
0.064 0.065 0.487884
0.065 0.066 0.462572
0.066 0.067 0.527116
0.067 0.068 0.506579
0.068 0.069 0.410976
0.069 0.070 0.365480
0.070 0.071 0.310676
0.071 0.072 0.294952
0.072 0.073 0.275174
0.073 0.074 0.259720
0.074 0.075 0.243765
0.075 0.076 0.224355
0.076 0.077 0.208698
0.077 0.078 0.193868
0.078 0.079 0.181306
0.079 0.080 0.168724
0.080 0.081 0.153063
0.081 0.082 0.138629
0.082 0.083 0.125658
0.083 0.084 0.113460
0.084 0.085 0.100337
0.085 0.086 0.090921
0.086 0.087 0.080322
0.087 0.088 0.070108
0.088 0.089 0.058014
0.089 0.090 0.049667
0.090 0.091 0.042261
0.091 0.092 0.033324
0.092 0.093 0.027446
0.093 0.094 0.021414
0.094 0.095 0.014388
0.095 0.096 0.010222
0.096 0.097 0.004774
0.097 0.098 0.001228
0.098 0.099 0.000000
0.099 0.100 0.000000
0.100 0.101 0.000000
0.101 0.102 0.000000
0.102 0.103 0.000000
0.103 0.104 0.000000
0.104 0.105 0.000000
0.105 0.106 0.000000
0.106 0.107 0.000000
0.107 0.108 0.000000
0.108 0.109 0.000000
0.109 0.110 0.000000
0.110 0.111 0.000000
0.111 0.112 0.000000
0.112 0.113 0.000000
0.113 0.114 0.000000
0.114 0.115 0.000000
0.115 0.116 0.000000
0.116 0.117 0.000000
0.117 0.118 0.000000
0.118 0.119 0.000000
0.119 0.120 0.000000
0.120 0.121 0.000000
0.121 0.122 0.000000
0.122 0.123 0.000000
0.123 0.124 0.000000
0.124 0.125 0.000000
0.125 0.126 0.000000
0.126 0.127 0.000000
0.127 0.128 0.000000
0.128 0.129 0.000000
0.129 0.130 0.000000
0.130 0.131 0.000000
0.131 0.132 0.000000
0.132 0.133 0.000000
0.133 0.134 0.000000
0.134 0.135 0.000000
0.135 0.136 0.000000
0.136 0.137 0.000000
0.137 0.138 0.000000
0.138 0.139 0.000000
0.139 0.140 0.000000
0.140 0.141 0.000000
0.141 0.142 0.000000
0.142 0.143 0.000000
0.143 0.144 0.000000
0.144 0.145 0.000000
0.145 0.146 0.000000
0.146 0.147 0.000000
0.147 0.148 0.000000
0.148 0.149 0.000000
0.149 0.150 0.000000
