1
0.000 0.001 0.000000
0.001 0.002 0.000000
0.002 0.003 0.000000
0.003 0.004 0.000000
0.004 0.005 0.000000
0.005 0.006 0.000000
0.006 0.007 0.000000
0.007 0.008 0.000000
0.008 0.009 0.000000
0.009 0.010 0.000000
0.010 0.011 0.000000
0.011 0.012 0.000000
0.012 0.013 0.000000
0.013 0.014 0.000000
0.014 0.015 0.000000
0.015 0.016 0.000000
0.016 0.017 0.000000
0.017 0.018 0.000000
0.018 0.019 0.000000
0.019 0.020 0.000002
0.020 0.021 0.000010
0.021 0.022 0.000046
0.022 0.023 0.000172
0.023 0.024 0.000526
0.024 0.025 0.001366
0.025 0.026 0.003089
0.026 0.027 0.006204
0.027 0.028 0.011391
0.028 0.029 0.019349
0.029 0.030 0.030537
0.030 0.031 0.045471
0.031 0.032 0.064237
0.032 0.033 0.086999
0.033 0.034 0.113656
0.034 0.035 0.143668
0.035 0.036 0.176922
0.036 0.037 0.211879
0.037 0.038 0.247185
0.038 0.039 0.283794
0.039 0.040 0.321466
0.040 0.041 0.356836
0.041 0.042 0.390752
0.042 0.043 0.423929
0.043 0.044 0.452893
0.044 0.045 0.483116
0.045 0.046 0.509300
0.046 0.047 0.532135
0.047 0.048 0.553981
0.048 0.049 0.572276
0.049 0.050 0.584189
0.050 0.051 0.595419
0.051 0.052 0.606422
0.052 0.053 0.612877
0.053 0.054 0.615501
0.054 0.055 0.613452
0.055 0.056 0.613797
0.056 0.057 0.613993
0.057 0.058 0.745739
0.058 0.059 1.000000
0.059 0.060 0.858729
0.060 0.061 0.595361
0.061 0.062 0.584478
0.062 0.063 0.558079
0.063 0.064 0.540988
0.064 0.065 0.523476
0.065 0.066 0.511435
0.066 0.067 0.612787
0.067 0.068 0.601525
0.068 0.069 0.490732
0.069 0.070 0.445042
0.070 0.071 0.382825
0.071 0.072 0.368109
0.072 0.073 0.348596
0.073 0.074 0.335016
0.074 0.075 0.324854
0.075 0.076 0.309583
0.076 0.077 0.292992
0.077 0.078 0.278386
0.078 0.079 0.267615
0.079 0.080 0.255802
0.080 0.081 0.240750
0.081 0.082 0.222995
0.082 0.083 0.204453
0.083 0.084 0.190448
0.084 0.085 0.177943
0.085 0.086 0.166638
0.086 0.087 0.153626
0.087 0.088 0.141398
0.088 0.089 0.128433
0.089 0.090 0.113377
0.090 0.091 0.101435
0.091 0.092 0.090398
0.092 0.093 0.080784
0.093 0.094 0.071404
0.094 0.095 0.061089
0.095 0.096 0.049634
0.096 0.097 0.041258
0.097 0.098 0.032500
0.098 0.099 0.023072
0.099 0.100 0.014749
0.100 0.101 0.012362
0.101 0.102 0.008170
0.102 0.103 0.002147
0.103 0.104 0.000000
0.104 0.105 0.000000
0.105 0.106 0.000000
0.106 0.107 0.000000
0.107 0.108 0.000000
0.108 0.109 0.000000
0.109 0.110 0.000000
0.110 0.111 0.000000
0.111 0.112 0.000000
0.112 0.113 0.000000
0.113 0.114 0.000000
0.114 0.115 0.000000
0.115 0.116 0.000000
0.116 0.117 0.000000
0.117 0.118 0.000000
0.118 0.119 0.000000
0.119 0.120 0.000000
0.120 0.121 0.000000
0.121 0.122 0.000000
0.122 0.123 0.000000
0.123 0.124 0.000000
0.124 0.125 0.000000
0.125 0.126 0.000000
0.126 0.127 0.000000
0.127 0.128 0.000000
0.128 0.129 0.000000
0.129 0.130 0.000000
0.130 0.131 0.000000
0.131 0.132 0.000000
0.132 0.133 0.000000
0.133 0.134 0.000000
0.134 0.135 0.000000
0.135 0.136 0.000000
0.136 0.137 0.000000
0.137 0.138 0.000000
0.138 0.139 0.000000
0.139 0.140 0.000000
0.140 0.141 0.000000
0.141 0.142 0.000000
0.142 0.143 0.000000
0.143 0.144 0.000000
0.144 0.145 0.000000
0.145 0.146 0.000000
0.146 0.147 0.000000
0.147 0.148 0.000000
0.148 0.149 0.000000
0.149 0.150 0.000000
