1
0.000 0.001 0.000000
0.001 0.002 0.000000
0.002 0.003 0.000000
0.003 0.004 0.000000
0.004 0.005 0.000000
0.005 0.006 0.000000
0.006 0.007 0.000000
0.007 0.008 0.000000
0.008 0.009 0.000000
0.009 0.010 0.000000
0.010 0.011 0.000000
0.011 0.012 0.000000
0.012 0.013 0.000000
0.013 0.014 0.000000
0.014 0.015 0.000000
0.015 0.016 0.000000
0.016 0.017 0.000001
0.017 0.018 0.000006
0.018 0.019 0.000034
0.019 0.020 0.000150
0.020 0.021 0.000518
0.021 0.022 0.001463
0.022 0.023 0.003504
0.023 0.024 0.007328
0.024 0.025 0.013725
0.025 0.026 0.023427
0.026 0.027 0.036985
0.027 0.028 0.054958
0.028 0.029 0.077495
0.029 0.030 0.104069
0.030 0.031 0.134149
0.031 0.032 0.167111
0.032 0.033 0.203718
0.033 0.034 0.240700
0.034 0.035 0.277324
0.035 0.036 0.315880
0.036 0.037 0.352746
0.037 0.038 0.385883
0.038 0.039 0.418938
0.039 0.040 0.452730
0.040 0.041 0.480571
0.041 0.042 0.505996
0.042 0.043 0.530321
0.043 0.044 0.551994
0.044 0.045 0.570831
0.045 0.046 0.584728
0.046 0.047 0.597133
0.047 0.048 0.607119
0.048 0.049 0.614717
0.049 0.050 0.616854
0.050 0.051 0.620345
0.051 0.052 0.625641
0.052 0.053 0.623116
0.053 0.054 0.617710
0.054 0.055 0.614165
0.055 0.056 0.610331
0.056 0.057 0.603539
0.057 0.058 0.737454
0.058 0.059 1.000000
0.059 0.060 0.849482
0.060 0.061 0.578165
0.061 0.062 0.564800
0.062 0.063 0.533866
0.063 0.064 0.518012
0.064 0.065 0.504444
0.065 0.066 0.492289
0.066 0.067 0.590598
0.067 0.068 0.579354
0.068 0.069 0.472247
0.069 0.070 0.427334
0.070 0.071 0.368477
0.071 0.072 0.357574
0.072 0.073 0.342513
0.073 0.074 0.330596
0.074 0.075 0.317646
0.075 0.076 0.301077
0.076 0.077 0.284741
0.077 0.078 0.270723
0.078 0.079 0.260829
0.079 0.080 0.248690
0.080 0.081 0.232115
0.081 0.082 0.214037
0.082 0.083 0.197434
0.083 0.084 0.181608
0.084 0.085 0.166358
0.085 0.086 0.152073
0.086 0.087 0.135470
0.087 0.088 0.119351
0.088 0.089 0.100256
0.089 0.090 0.083969
0.090 0.091 0.070783
0.091 0.092 0.055197
0.092 0.093 0.038562
0.093 0.094 0.023484
0.094 0.095 0.011521
0.095 0.096 0.001214
0.096 0.097 0.000000
0.097 0.098 0.000000
0.098 0.099 0.000000
0.099 0.100 0.000000
0.100 0.101 0.000000
0.101 0.102 0.000000
0.102 0.103 0.000000
0.103 0.104 0.000000
0.104 0.105 0.000000
0.105 0.106 0.000000
0.106 0.107 0.000000
0.107 0.108 0.000000
0.108 0.109 0.000000
0.109 0.110 0.000000
0.110 0.111 0.000000
0.111 0.112 0.000000
0.112 0.113 0.000000
0.113 0.114 0.000000
0.114 0.115 0.000000
0.115 0.116 0.000000
0.116 0.117 0.000000
0.117 0.118 0.000000
0.118 0.119 0.000000
0.119 0.120 0.000000
0.120 0.121 0.000000
0.121 0.122 0.000000
0.122 0.123 0.000000
0.123 0.124 0.000000
0.124 0.125 0.000000
0.125 0.126 0.000000
0.126 0.127 0.000000
0.127 0.128 0.000000
0.128 0.129 0.000000
0.129 0.130 0.000000
0.130 0.131 0.000000
0.131 0.132 0.000000
0.132 0.133 0.000000
0.133 0.134 0.000000
0.134 0.135 0.000000
0.135 0.136 0.000000
0.136 0.137 0.000000
0.137 0.138 0.000000
0.138 0.139 0.000000
0.139 0.140 0.000000
0.140 0.141 0.000000
0.141 0.142 0.000000
0.142 0.143 0.000000
0.143 0.144 0.000000
0.144 0.145 0.000000
0.145 0.146 0.000000
0.146 0.147 0.000000
0.147 0.148 0.000000
0.148 0.149 0.000000
0.149 0.150 0.000000
