1
0.000 0.001 0.000000
0.001 0.002 0.000000
0.002 0.003 0.000000
0.003 0.004 0.000000
0.004 0.005 0.000000
0.005 0.006 0.000000
0.006 0.007 0.000000
0.007 0.008 0.000000
0.008 0.009 0.000000
0.009 0.010 0.000000
0.010 0.011 0.000000
0.011 0.012 0.000000
0.012 0.013 0.000000
0.013 0.014 0.000000
0.014 0.015 0.000000
0.015 0.016 0.000000
0.016 0.017 0.000003
0.017 0.018 0.000027
0.018 0.019 0.000156
0.019 0.020 0.000641
0.020 0.021 0.002053
0.021 0.022 0.005364
0.022 0.023 0.011871
0.023 0.024 0.023074
0.024 0.025 0.040410
0.025 0.026 0.064707
0.026 0.027 0.096202
0.027 0.028 0.134992
0.028 0.029 0.180059
0.029 0.030 0.231505
0.030 0.031 0.286596
0.031 0.032 0.343735
0.032 0.033 0.402803
0.033 0.034 0.460594
0.034 0.035 0.514907
0.035 0.036 0.567004
0.036 0.037 0.613794
0.037 0.038 0.654800
0.038 0.039 0.692452
0.039 0.040 0.727383
0.040 0.041 0.753514
0.041 0.042 0.772137
0.042 0.043 0.793118
0.043 0.044 0.809675
0.044 0.045 0.822265
0.045 0.046 0.825743
0.046 0.047 0.827362
0.047 0.048 0.826741
0.048 0.049 0.820345
0.049 0.050 0.807616
0.050 0.051 0.797221
0.051 0.052 0.787874
0.052 0.053 0.766878
0.053 0.054 0.753295
0.054 0.055 0.739309
0.055 0.056 0.720514
0.056 0.057 0.699333
0.057 0.058 0.797326
0.058 0.059 1.000000
0.059 0.060 0.862388
0.060 0.061 0.624929
0.061 0.062 0.599981
0.062 0.063 0.562069
0.063 0.064 0.532349
0.064 0.065 0.511114
0.065 0.066 0.489245
0.066 0.067 0.557691
0.067 0.068 0.539237
0.068 0.069 0.441444
0.069 0.070 0.394827
0.070 0.071 0.340069
0.071 0.072 0.321828
0.072 0.073 0.296701
0.073 0.074 0.281577
0.074 0.075 0.265864
0.075 0.076 0.248325
0.076 0.077 0.231073
0.077 0.078 0.214137
0.078 0.079 0.199329
0.079 0.080 0.184520
0.080 0.081 0.165194
0.081 0.082 0.149866
0.082 0.083 0.136279
0.083 0.084 0.123797
0.084 0.085 0.111038
0.085 0.086 0.098678
0.086 0.087 0.084774
0.087 0.088 0.069317
0.088 0.089 0.058306
0.089 0.090 0.048826
0.090 0.091 0.041042
0.091 0.092 0.031944
0.092 0.093 0.021079
0.093 0.094 0.015648
0.094 0.095 0.010134
0.095 0.096 0.002820
0.096 0.097 0.000000
0.097 0.098 0.000000
0.098 0.099 0.000000
0.099 0.100 0.000000
0.100 0.101 0.000000
0.101 0.102 0.000000
0.102 0.103 0.000000
0.103 0.104 0.000000
0.104 0.105 0.000000
0.105 0.106 0.000000
0.106 0.107 0.000000
0.107 0.108 0.000000
0.108 0.109 0.000000
0.109 0.110 0.000000
0.110 0.111 0.000000
0.111 0.112 0.000000
0.112 0.113 0.000000
0.113 0.114 0.000000
0.114 0.115 0.000000
0.115 0.116 0.000000
0.116 0.117 0.000000
0.117 0.118 0.000000
0.118 0.119 0.000000
0.119 0.120 0.000000
0.120 0.121 0.000000
0.121 0.122 0.000000
0.122 0.123 0.000000
0.123 0.124 0.000000
0.124 0.125 0.000000
0.125 0.126 0.000000
0.126 0.127 0.000000
0.127 0.128 0.000000
0.128 0.129 0.000000
0.129 0.130 0.000000
0.130 0.131 0.000000
0.131 0.132 0.000000
0.132 0.133 0.000000
0.133 0.134 0.000000
0.134 0.135 0.000000
0.135 0.136 0.000000
0.136 0.137 0.000000
0.137 0.138 0.000000
0.138 0.139 0.000000
0.139 0.140 0.000000
0.140 0.141 0.000000
0.141 0.142 0.000000
0.142 0.143 0.000000
0.143 0.144 0.000000
0.144 0.145 0.000000
0.145 0.146 0.000000
0.146 0.147 0.000000
0.147 0.148 0.000000
0.148 0.149 0.000000
0.149 0.150 0.000000
