1
0.000 0.001 0.000000
0.001 0.002 0.000000
0.002 0.003 0.000000
0.003 0.004 0.000000
0.004 0.005 0.000000
0.005 0.006 0.000000
0.006 0.007 0.000000
0.007 0.008 0.000000
0.008 0.009 0.000000
0.009 0.010 0.000000
0.010 0.011 0.000000
0.011 0.012 0.000000
0.012 0.013 0.000000
0.013 0.014 0.000000
0.014 0.015 0.000000
0.015 0.016 0.000000
0.016 0.017 0.000000
0.017 0.018 0.000000
0.018 0.019 0.000000
0.019 0.020 0.000000
0.020 0.021 0.000000
0.021 0.022 0.000003
0.022 0.023 0.000017
0.023 0.024 0.000070
0.024 0.025 0.000237
0.025 0.026 0.000676
0.026 0.027 0.001655
0.027 0.028 0.003598
0.028 0.029 0.007077
0.029 0.030 0.012685
0.030 0.031 0.021099
0.031 0.032 0.032864
0.032 0.033 0.048575
0.033 0.034 0.068313
0.034 0.035 0.092115
0.035 0.036 0.120033
0.036 0.037 0.151183
0.037 0.038 0.184853
0.038 0.039 0.221799
0.039 0.040 0.261027
0.040 0.041 0.300218
0.041 0.042 0.339719
0.042 0.043 0.378889
0.043 0.044 0.416467
0.044 0.045 0.453032
0.045 0.046 0.485199
0.046 0.047 0.514182
0.047 0.048 0.543937
0.048 0.049 0.569300
0.049 0.050 0.590662
0.050 0.051 0.611039
0.051 0.052 0.628974
0.052 0.053 0.639989
0.053 0.054 0.648471
0.054 0.055 0.654705
0.055 0.056 0.653572
0.056 0.057 0.655029
0.057 0.058 0.772278
0.058 0.059 1.000000
0.059 0.060 0.881269
0.060 0.061 0.649348
0.061 0.062 0.637967
0.062 0.063 0.610701
0.063 0.064 0.592926
0.064 0.065 0.573519
0.065 0.066 0.558600
0.066 0.067 0.650003
0.067 0.068 0.638143
0.068 0.069 0.529133
0.069 0.070 0.479957
0.070 0.071 0.418272
0.071 0.072 0.401058
0.072 0.073 0.375092
0.073 0.074 0.360307
0.074 0.075 0.344134
0.075 0.076 0.324498
0.076 0.077 0.304513
0.077 0.078 0.284730
0.078 0.079 0.267686
0.079 0.080 0.248095
0.080 0.081 0.231017
0.081 0.082 0.210868
0.082 0.083 0.192664
0.083 0.084 0.175448
0.084 0.085 0.157808
0.085 0.086 0.138105
0.086 0.087 0.123397
0.087 0.088 0.108978
0.088 0.089 0.092250
0.089 0.090 0.077306
0.090 0.091 0.062164
0.091 0.092 0.051846
0.092 0.093 0.041822
0.093 0.094 0.031353
0.094 0.095 0.018416
0.095 0.096 0.012231
0.096 0.097 0.003277
0.097 0.098 0.000000
0.098 0.099 0.000000
0.099 0.100 0.000000
0.100 0.101 0.000000
0.101 0.102 0.000000
0.102 0.103 0.000000
0.103 0.104 0.000000
0.104 0.105 0.000000
0.105 0.106 0.000000
0.106 0.107 0.000000
0.107 0.108 0.000000
0.108 0.109 0.000000
0.109 0.110 0.000000
0.110 0.111 0.000000
0.111 0.112 0.000000
0.112 0.113 0.000000
0.113 0.114 0.000000
0.114 0.115 0.000000
0.115 0.116 0.000000
0.116 0.117 0.000000
0.117 0.118 0.000000
0.118 0.119 0.000000
0.119 0.120 0.000000
0.120 0.121 0.000000
0.121 0.122 0.000000
0.122 0.123 0.000000
0.123 0.124 0.000000
0.124 0.125 0.000000
0.125 0.126 0.000000
0.126 0.127 0.000000
0.127 0.128 0.000000
0.128 0.129 0.000000
0.129 0.130 0.000000
0.130 0.131 0.000000
0.131 0.132 0.000000
0.132 0.133 0.000000
0.133 0.134 0.000000
0.134 0.135 0.000000
0.135 0.136 0.000000
0.136 0.137 0.000000
0.137 0.138 0.000000
0.138 0.139 0.000000
0.139 0.140 0.000000
0.140 0.141 0.000000
0.141 0.142 0.000000
0.142 0.143 0.000000
0.143 0.144 0.000000
0.144 0.145 0.000000
0.145 0.146 0.000000
0.146 0.147 0.000000
0.147 0.148 0.000000
0.148 0.149 0.000000
0.149 0.150 0.000000
