1
0.000 0.001 0.000000
0.001 0.002 0.000000
0.002 0.003 0.000000
0.003 0.004 0.000000
0.004 0.005 0.000000
0.005 0.006 0.000000
0.006 0.007 0.000000
0.007 0.008 0.000000
0.008 0.009 0.000000
0.009 0.010 0.000000
0.010 0.011 0.000000
0.011 0.012 0.000000
0.012 0.013 0.000000
0.013 0.014 0.000000
0.014 0.015 0.000000
0.015 0.016 0.000000
0.016 0.017 0.000000
0.017 0.018 0.000000
0.018 0.019 0.000000
0.019 0.020 0.000003
0.020 0.021 0.000020
0.021 0.022 0.000097
0.022 0.023 0.000371
0.023 0.024 0.001150
0.024 0.025 0.003017
0.025 0.026 0.006858
0.026 0.027 0.013799
0.027 0.028 0.025275
0.028 0.029 0.042751
0.029 0.030 0.067124
0.030 0.031 0.099510
0.031 0.032 0.139867
0.032 0.033 0.187685
0.033 0.034 0.242473
0.034 0.035 0.303720
0.035 0.036 0.370112
0.036 0.037 0.438245
0.037 0.038 0.508834
0.038 0.039 0.578822
0.039 0.040 0.645748
0.040 0.041 0.710506
0.041 0.042 0.770952
0.042 0.043 0.826672
0.043 0.044 0.873812
0.044 0.045 0.915230
0.045 0.046 0.944859
0.046 0.047 0.966030
0.047 0.048 0.986952
0.048 0.049 0.997064
0.049 0.050 1.000000
0.050 0.051 0.997073
0.051 0.052 0.984089
0.052 0.053 0.976172
0.053 0.054 0.967973
0.054 0.055 0.947167
0.055 0.056 0.909912
0.056 0.057 0.873332
0.057 0.058 0.878531
0.058 0.059 0.924826
0.059 0.060 0.846038
0.060 0.061 0.725594
0.061 0.062 0.681708
0.062 0.063 0.646971
0.063 0.064 0.604114
0.064 0.065 0.559219
0.065 0.066 0.507591
0.066 0.067 0.487601
0.067 0.068 0.448972
0.068 0.069 0.370624
0.069 0.070 0.319599
0.070 0.071 0.269160
0.071 0.072 0.233006
0.072 0.073 0.188858
0.073 0.074 0.153594
0.074 0.075 0.129471
0.075 0.076 0.102456
0.076 0.077 0.069816
0.077 0.078 0.047328
0.078 0.079 0.021062
0.079 0.080 0.005585
0.080 0.081 0.000000
0.081 0.082 0.000000
0.082 0.083 0.000000
0.083 0.084 0.000000
0.084 0.085 0.000000
0.085 0.086 0.000000
0.086 0.087 0.000000
0.087 0.088 0.000000
0.088 0.089 0.000000
0.089 0.090 0.000000
0.090 0.091 0.000000
0.091 0.092 0.000000
0.092 0.093 0.000000
0.093 0.094 0.000000
0.094 0.095 0.000000
0.095 0.096 0.000000
0.096 0.097 0.000000
0.097 0.098 0.000000
0.098 0.099 0.000000
0.099 0.100 0.000000
0.100 0.101 0.000000
0.101 0.102 0.000000
0.102 0.103 0.000000
0.103 0.104 0.000000
0.104 0.105 0.000000
0.105 0.106 0.000000
0.106 0.107 0.000000
0.107 0.108 0.000000
0.108 0.109 0.000000
0.109 0.110 0.000000
0.110 0.111 0.000000
0.111 0.112 0.000000
0.112 0.113 0.000000
0.113 0.114 0.000000
0.114 0.115 0.000000
0.115 0.116 0.000000
0.116 0.117 0.000000
0.117 0.118 0.000000
0.118 0.119 0.000000
0.119 0.120 0.000000
0.120 0.121 0.000000
0.121 0.122 0.000000
0.122 0.123 0.000000
0.123 0.124 0.000000
0.124 0.125 0.000000
0.125 0.126 0.000000
0.126 0.127 0.000000
0.127 0.128 0.000000
0.128 0.129 0.000000
0.129 0.130 0.000000
0.130 0.131 0.000000
0.131 0.132 0.000000
0.132 0.133 0.000000
0.133 0.134 0.000000
0.134 0.135 0.000000
0.135 0.136 0.000000
0.136 0.137 0.000000
0.137 0.138 0.000000
0.138 0.139 0.000000
0.139 0.140 0.000000
0.140 0.141 0.000000
0.141 0.142 0.000000
0.142 0.143 0.000000
0.143 0.144 0.000000
0.144 0.145 0.000000
0.145 0.146 0.000000
0.146 0.147 0.000000
0.147 0.148 0.000000
0.148 0.149 0.000000
0.149 0.150 0.000000
