1
0.000 0.001 0.000000
0.001 0.002 0.000000
0.002 0.003 0.000000
0.003 0.004 0.000000
0.004 0.005 0.000000
0.005 0.006 0.000000
0.006 0.007 0.000000
0.007 0.008 0.000000
0.008 0.009 0.000000
0.009 0.010 0.000000
0.010 0.011 0.000000
0.011 0.012 0.000000
0.012 0.013 0.000000
0.013 0.014 0.000000
0.014 0.015 0.000000
0.015 0.016 0.000000
0.016 0.017 0.000001
0.017 0.018 0.000014
0.018 0.019 0.000083
0.019 0.020 0.000359
0.020 0.021 0.001201
0.021 0.022 0.003258
0.022 0.023 0.007464
0.023 0.024 0.014965
0.024 0.025 0.026909
0.025 0.026 0.044156
0.026 0.027 0.067171
0.027 0.028 0.096351
0.028 0.029 0.131394
0.029 0.030 0.170957
0.030 0.031 0.214044
0.031 0.032 0.259789
0.032 0.033 0.307503
0.033 0.034 0.355182
0.034 0.035 0.402054
0.035 0.036 0.448128
0.036 0.037 0.490161
0.037 0.038 0.527869
0.038 0.039 0.563596
0.039 0.040 0.596913
0.040 0.041 0.624525
0.041 0.042 0.648272
0.042 0.043 0.669908
0.043 0.044 0.686646
0.044 0.045 0.699787
0.045 0.046 0.707839
0.046 0.047 0.712012
0.047 0.048 0.715728
0.048 0.049 0.716180
0.049 0.050 0.709375
0.050 0.051 0.702959
0.051 0.052 0.698132
0.052 0.053 0.691191
0.053 0.054 0.680826
0.054 0.055 0.667195
0.055 0.056 0.653351
0.056 0.057 0.640431
0.057 0.058 0.761041
0.058 0.059 1.000000
0.059 0.060 0.844016
0.060 0.061 0.578905
0.061 0.062 0.562272
0.062 0.063 0.531620
0.063 0.064 0.510629
0.064 0.065 0.491435
0.065 0.066 0.473782
0.066 0.067 0.558240
0.067 0.068 0.539549
0.068 0.069 0.437240
0.069 0.070 0.393818
0.070 0.071 0.336639
0.071 0.072 0.321836
0.072 0.073 0.303106
0.073 0.074 0.291496
0.074 0.075 0.277294
0.075 0.076 0.262685
0.076 0.077 0.247117
0.077 0.078 0.233496
0.078 0.079 0.223242
0.079 0.080 0.212259
0.080 0.081 0.198800
0.081 0.082 0.182047
0.082 0.083 0.169691
0.083 0.084 0.157135
0.084 0.085 0.145839
0.085 0.086 0.135608
0.086 0.087 0.124125
0.087 0.088 0.112219
0.088 0.089 0.103192
0.089 0.090 0.093536
0.090 0.091 0.083079
0.091 0.092 0.073181
0.092 0.093 0.064449
0.093 0.094 0.054808
0.094 0.095 0.047783
0.095 0.096 0.041181
0.096 0.097 0.033200
0.097 0.098 0.023966
0.098 0.099 0.017351
0.099 0.100 0.012464
0.100 0.101 0.008339
0.101 0.102 0.005504
0.102 0.103 0.001444
0.103 0.104 0.000000
0.104 0.105 0.000000
0.105 0.106 0.000000
0.106 0.107 0.000000
0.107 0.108 0.000000
0.108 0.109 0.000000
0.109 0.110 0.000000
0.110 0.111 0.000000
0.111 0.112 0.000000
0.112 0.113 0.000000
0.113 0.114 0.000000
0.114 0.115 0.000000
0.115 0.116 0.000000
0.116 0.117 0.000000
0.117 0.118 0.000000
0.118 0.119 0.000000
0.119 0.120 0.000000
0.120 0.121 0.000000
0.121 0.122 0.000000
0.122 0.123 0.000000
0.123 0.124 0.000000
0.124 0.125 0.000000
0.125 0.126 0.000000
0.126 0.127 0.000000
0.127 0.128 0.000000
0.128 0.129 0.000000
0.129 0.130 0.000000
0.130 0.131 0.000000
0.131 0.132 0.000000
0.132 0.133 0.000000
0.133 0.134 0.000000
0.134 0.135 0.000000
0.135 0.136 0.000000
0.136 0.137 0.000000
0.137 0.138 0.000000
0.138 0.139 0.000000
0.139 0.140 0.000000
0.140 0.141 0.000000
0.141 0.142 0.000000
0.142 0.143 0.000000
0.143 0.144 0.000000
0.144 0.145 0.000000
0.145 0.146 0.000000
0.146 0.147 0.000000
0.147 0.148 0.000000
0.148 0.149 0.000000
0.149 0.150 0.000000
