1
0.000 0.001 0.000000
0.001 0.002 0.000000
0.002 0.003 0.000000
0.003 0.004 0.000000
0.004 0.005 0.000000
0.005 0.006 0.000000
0.006 0.007 0.000000
0.007 0.008 0.000000
0.008 0.009 0.000000
0.009 0.010 0.000000
0.010 0.011 0.000000
0.011 0.012 0.000000
0.012 0.013 0.000000
0.013 0.014 0.000004
0.014 0.015 0.000044
0.015 0.016 0.000271
0.016 0.017 0.001149
0.017 0.018 0.003638
0.018 0.019 0.009222
0.019 0.020 0.019741
0.020 0.021 0.036957
0.021 0.022 0.062136
0.022 0.023 0.095414
0.023 0.024 0.136429
0.024 0.025 0.184421
0.025 0.026 0.236914
0.026 0.027 0.291872
0.027 0.028 0.349319
0.028 0.029 0.406183
0.029 0.030 0.463251
0.030 0.031 0.516154
0.031 0.032 0.565394
0.032 0.033 0.610906
0.033 0.034 0.650459
0.034 0.035 0.685617
0.035 0.036 0.716745
0.036 0.037 0.742328
0.037 0.038 0.759232
0.038 0.039 0.771289
0.039 0.040 0.782149
0.040 0.041 0.786849
0.041 0.042 0.787793
0.042 0.043 0.787446
0.043 0.044 0.779849
0.044 0.045 0.776475
0.045 0.046 0.770410
0.046 0.047 0.759756
0.047 0.048 0.749783
0.048 0.049 0.739055
0.049 0.050 0.723347
0.050 0.051 0.707275
0.051 0.052 0.692870
0.052 0.053 0.678028
0.053 0.054 0.660517
0.054 0.055 0.640645
0.055 0.056 0.622106
0.056 0.057 0.603619
0.057 0.058 0.737605
0.058 0.059 1.000000
0.059 0.060 0.830513
0.060 0.061 0.542293
0.061 0.062 0.525075
0.062 0.063 0.494006
0.063 0.064 0.473487
0.064 0.065 0.454613
0.065 0.066 0.438212
0.066 0.067 0.527595
0.067 0.068 0.510971
0.068 0.069 0.406468
0.069 0.070 0.361681
0.070 0.071 0.304978
0.071 0.072 0.292627
0.072 0.073 0.277569
0.073 0.074 0.269373
0.074 0.075 0.259994
0.075 0.076 0.246728
0.076 0.077 0.232166
0.077 0.078 0.219625
0.078 0.079 0.210840
0.079 0.080 0.201087
0.080 0.081 0.187713
0.081 0.082 0.176735
0.082 0.083 0.166365
0.083 0.084 0.155722
0.084 0.085 0.146492
0.085 0.086 0.138401
0.086 0.087 0.128980
0.087 0.088 0.120758
0.088 0.089 0.112341
0.089 0.090 0.102571
0.090 0.091 0.090766
0.091 0.092 0.082496
0.092 0.093 0.076023
0.093 0.094 0.070456
0.094 0.095 0.063631
0.095 0.096 0.057241
0.096 0.097 0.049463
0.097 0.098 0.040213
0.098 0.099 0.033162
0.099 0.100 0.028473
0.100 0.101 0.026335
0.101 0.102 0.022014
0.102 0.103 0.016636
0.103 0.104 0.010990
0.104 0.105 0.008738
0.105 0.106 0.006088
0.106 0.107 0.002350
0.107 0.108 0.001374
0.108 0.109 0.000000
0.109 0.110 0.000000
0.110 0.111 0.000000
0.111 0.112 0.000000
0.112 0.113 0.000000
0.113 0.114 0.000000
0.114 0.115 0.000000
0.115 0.116 0.000000
0.116 0.117 0.000000
0.117 0.118 0.000000
0.118 0.119 0.000000
0.119 0.120 0.000000
0.120 0.121 0.000000
0.121 0.122 0.000000
0.122 0.123 0.000000
0.123 0.124 0.000000
0.124 0.125 0.000000
0.125 0.126 0.000000
0.126 0.127 0.000000
0.127 0.128 0.000000
0.128 0.129 0.000000
0.129 0.130 0.000000
0.130 0.131 0.000000
0.131 0.132 0.000000
0.132 0.133 0.000000
0.133 0.134 0.000000
0.134 0.135 0.000000
0.135 0.136 0.000000
0.136 0.137 0.000000
0.137 0.138 0.000000
0.138 0.139 0.000000
0.139 0.140 0.000000
0.140 0.141 0.000000
0.141 0.142 0.000000
0.142 0.143 0.000000
0.143 0.144 0.000000
0.144 0.145 0.000000
0.145 0.146 0.000000
0.146 0.147 0.000000
0.147 0.148 0.000000
0.148 0.149 0.000000
0.149 0.150 0.000000
