1
0.000 0.001 0.000000
0.001 0.002 0.000000
0.002 0.003 0.000000
0.003 0.004 0.000000
0.004 0.005 0.000000
0.005 0.006 0.000000
0.006 0.007 0.000000
0.007 0.008 0.000000
0.008 0.009 0.000000
0.009 0.010 0.000000
0.010 0.011 0.000000
0.011 0.012 0.000000
0.012 0.013 0.000000
0.013 0.014 0.000000
0.014 0.015 0.000000
0.015 0.016 0.000001
0.016 0.017 0.000012
0.017 0.018 0.000076
0.018 0.019 0.000335
0.019 0.020 0.001129
0.020 0.021 0.003079
0.021 0.022 0.007089
0.022 0.023 0.014211
0.023 0.024 0.025479
0.024 0.025 0.041796
0.025 0.026 0.063470
0.026 0.027 0.090574
0.027 0.028 0.123119
0.028 0.029 0.160158
0.029 0.030 0.200847
0.030 0.031 0.243405
0.031 0.032 0.286486
0.032 0.033 0.331215
0.033 0.034 0.374674
0.034 0.035 0.415602
0.035 0.036 0.455762
0.036 0.037 0.491906
0.037 0.038 0.522715
0.038 0.039 0.552643
0.039 0.040 0.581470
0.040 0.041 0.603536
0.041 0.042 0.622785
0.042 0.043 0.640122
0.043 0.044 0.653472
0.044 0.045 0.665110
0.045 0.046 0.671835
0.046 0.047 0.675989
0.047 0.048 0.678352
0.048 0.049 0.678381
0.049 0.050 0.673785
0.050 0.051 0.670359
0.051 0.052 0.668803
0.052 0.053 0.661176
0.053 0.054 0.651608
0.054 0.055 0.642188
0.055 0.056 0.631739
0.056 0.057 0.620303
0.057 0.058 0.747956
0.058 0.059 1.000000
0.059 0.060 0.846967
0.060 0.061 0.577196
0.061 0.062 0.560843
0.062 0.063 0.530269
0.063 0.064 0.512306
0.064 0.065 0.495781
0.065 0.066 0.480485
0.066 0.067 0.569409
0.067 0.068 0.555573
0.068 0.069 0.452598
0.069 0.070 0.407897
0.070 0.071 0.350164
0.071 0.072 0.336987
0.072 0.073 0.319643
0.073 0.074 0.307180
0.074 0.075 0.293797
0.075 0.076 0.276905
0.076 0.077 0.259748
0.077 0.078 0.244216
0.078 0.079 0.231855
0.079 0.080 0.218884
0.080 0.081 0.202670
0.081 0.082 0.185491
0.082 0.083 0.169677
0.083 0.084 0.153388
0.084 0.085 0.140401
0.085 0.086 0.128304
0.086 0.087 0.113920
0.087 0.088 0.102668
0.088 0.089 0.090224
0.089 0.090 0.077745
0.090 0.091 0.067760
0.091 0.092 0.057691
0.092 0.093 0.047497
0.093 0.094 0.039554
0.094 0.095 0.030522
0.095 0.096 0.024161
0.096 0.097 0.016096
0.097 0.098 0.009626
0.098 0.099 0.005511
0.099 0.100 0.000895
0.100 0.101 0.000000
0.101 0.102 0.000000
0.102 0.103 0.000000
0.103 0.104 0.000000
0.104 0.105 0.000000
0.105 0.106 0.000000
0.106 0.107 0.000000
0.107 0.108 0.000000
0.108 0.109 0.000000
0.109 0.110 0.000000
0.110 0.111 0.000000
0.111 0.112 0.000000
0.112 0.113 0.000000
0.113 0.114 0.000000
0.114 0.115 0.000000
0.115 0.116 0.000000
0.116 0.117 0.000000
0.117 0.118 0.000000
0.118 0.119 0.000000
0.119 0.120 0.000000
0.120 0.121 0.000000
0.121 0.122 0.000000
0.122 0.123 0.000000
0.123 0.124 0.000000
0.124 0.125 0.000000
0.125 0.126 0.000000
0.126 0.127 0.000000
0.127 0.128 0.000000
0.128 0.129 0.000000
0.129 0.130 0.000000
0.130 0.131 0.000000
0.131 0.132 0.000000
0.132 0.133 0.000000
0.133 0.134 0.000000
0.134 0.135 0.000000
0.135 0.136 0.000000
0.136 0.137 0.000000
0.137 0.138 0.000000
0.138 0.139 0.000000
0.139 0.140 0.000000
0.140 0.141 0.000000
0.141 0.142 0.000000
0.142 0.143 0.000000
0.143 0.144 0.000000
0.144 0.145 0.000000
0.145 0.146 0.000000
0.146 0.147 0.000000
0.147 0.148 0.000000
0.148 0.149 0.000000
0.149 0.150 0.000000
