1
0.000 0.001 0.000000
0.001 0.002 0.000000
0.002 0.003 0.000000
0.003 0.004 0.000000
0.004 0.005 0.000000
0.005 0.006 0.000000
0.006 0.007 0.000000
0.007 0.008 0.000000
0.008 0.009 0.000000
0.009 0.010 0.000000
0.010 0.011 0.000000
0.011 0.012 0.000000
0.012 0.013 0.000000
0.013 0.014 0.000000
0.014 0.015 0.000000
0.015 0.016 0.000000
0.016 0.017 0.000000
0.017 0.018 0.000000
0.018 0.019 0.000000
0.019 0.020 0.000000
0.020 0.021 0.000001
0.021 0.022 0.000004
0.022 0.023 0.000019
0.023 0.024 0.000075
0.024 0.025 0.000241
0.025 0.026 0.000658
0.026 0.027 0.001552
0.027 0.028 0.003273
0.028 0.029 0.006274
0.029 0.030 0.010986
0.030 0.031 0.017946
0.031 0.032 0.027567
0.032 0.033 0.040175
0.033 0.034 0.055932
0.034 0.035 0.074910
0.035 0.036 0.097113
0.036 0.037 0.121995
0.037 0.038 0.148818
0.038 0.039 0.177241
0.039 0.040 0.207522
0.040 0.041 0.238526
0.041 0.042 0.269455
0.042 0.043 0.300922
0.043 0.044 0.331171
0.044 0.045 0.360556
0.045 0.046 0.387826
0.046 0.047 0.412095
0.047 0.048 0.436489
0.048 0.049 0.459258
0.049 0.050 0.476147
0.050 0.051 0.492219
0.051 0.052 0.509174
0.052 0.053 0.524287
0.053 0.054 0.534709
0.054 0.055 0.541221
0.055 0.056 0.547516
0.056 0.057 0.553891
0.057 0.058 0.706565
0.058 0.059 1.000000
0.059 0.060 0.847433
0.060 0.061 0.556799
0.061 0.062 0.553979
0.062 0.063 0.534291
0.063 0.064 0.524874
0.064 0.065 0.515468
0.065 0.066 0.507852
0.066 0.067 0.631856
0.067 0.068 0.624219
0.068 0.069 0.501455
0.069 0.070 0.457423
0.070 0.071 0.389337
0.071 0.072 0.378942
0.072 0.073 0.364742
0.073 0.074 0.358843
0.074 0.075 0.350826
0.075 0.076 0.337560
0.076 0.077 0.321629
0.077 0.078 0.306548
0.078 0.079 0.300388
0.079 0.080 0.292236
0.080 0.081 0.280130
0.081 0.082 0.265884
0.082 0.083 0.252626
0.083 0.084 0.238873
0.084 0.085 0.226535
0.085 0.086 0.214159
0.086 0.087 0.203370
0.087 0.088 0.194686
0.088 0.089 0.185600
0.089 0.090 0.173555
0.090 0.091 0.159832
0.091 0.092 0.145805
0.092 0.093 0.133791
0.093 0.094 0.127476
0.094 0.095 0.118350
0.095 0.096 0.109719
0.096 0.097 0.098876
0.097 0.098 0.086769
0.098 0.099 0.073352
0.099 0.100 0.063010
0.100 0.101 0.059809
0.101 0.102 0.053219
0.102 0.103 0.044173
0.103 0.104 0.036535
0.104 0.105 0.029427
0.105 0.106 0.024531
0.106 0.107 0.019278
0.107 0.108 0.012314
0.108 0.109 0.009048
0.109 0.110 0.005716
0.110 0.111 0.001495
0.111 0.112 0.000000
0.112 0.113 0.000000
0.113 0.114 0.000000
0.114 0.115 0.000000
0.115 0.116 0.000000
0.116 0.117 0.000000
0.117 0.118 0.000000
0.118 0.119 0.000000
0.119 0.120 0.000000
0.120 0.121 0.000000
0.121 0.122 0.000000
0.122 0.123 0.000000
0.123 0.124 0.000000
0.124 0.125 0.000000
0.125 0.126 0.000000
0.126 0.127 0.000000
0.127 0.128 0.000000
0.128 0.129 0.000000
0.129 0.130 0.000000
0.130 0.131 0.000000
0.131 0.132 0.000000
0.132 0.133 0.000000
0.133 0.134 0.000000
0.134 0.135 0.000000
0.135 0.136 0.000000
0.136 0.137 0.000000
0.137 0.138 0.000000
0.138 0.139 0.000000
0.139 0.140 0.000000
0.140 0.141 0.000000
0.141 0.142 0.000000
0.142 0.143 0.000000
0.143 0.144 0.000000
0.144 0.145 0.000000
0.145 0.146 0.000000
0.146 0.147 0.000000
0.147 0.148 0.000000
0.148 0.149 0.000000
0.149 0.150 0.000000
