1
0.000 0.001 0.000000
0.001 0.002 0.000000
0.002 0.003 0.000000
0.003 0.004 0.000000
0.004 0.005 0.000000
0.005 0.006 0.000000
0.006 0.007 0.000000
0.007 0.008 0.000000
0.008 0.009 0.000000
0.009 0.010 0.000000
0.010 0.011 0.000000
0.011 0.012 0.000000
0.012 0.013 0.000000
0.013 0.014 0.000000
0.014 0.015 0.000000
0.015 0.016 0.000000
0.016 0.017 0.000000
0.017 0.018 0.000001
0.018 0.019 0.000010
0.019 0.020 0.000047
0.020 0.021 0.000177
0.021 0.022 0.000538
0.022 0.023 0.001374
0.023 0.024 0.003048
0.024 0.025 0.006025
0.025 0.026 0.010782
0.026 0.027 0.017792
0.027 0.028 0.027512
0.028 0.029 0.040175
0.029 0.030 0.055608
0.030 0.031 0.073960
0.031 0.032 0.094706
0.032 0.033 0.117683
0.033 0.034 0.142452
0.034 0.035 0.168303
0.035 0.036 0.194431
0.036 0.037 0.220943
0.037 0.038 0.247900
0.038 0.039 0.273127
0.039 0.040 0.297490
0.040 0.041 0.320767
0.041 0.042 0.342136
0.042 0.043 0.362349
0.043 0.044 0.380723
0.044 0.045 0.398281
0.045 0.046 0.412028
0.046 0.047 0.423545
0.047 0.048 0.436017
0.048 0.049 0.446047
0.049 0.050 0.452137
0.050 0.051 0.457723
0.051 0.052 0.463804
0.052 0.053 0.467026
0.053 0.054 0.467970
0.054 0.055 0.468239
0.055 0.056 0.468858
0.056 0.057 0.468683
0.057 0.058 0.650765
0.058 0.059 1.000000
0.059 0.060 0.811716
0.060 0.061 0.465303
0.061 0.062 0.459750
0.062 0.063 0.435085
0.063 0.064 0.427350
0.064 0.065 0.418368
0.065 0.066 0.409647
0.066 0.067 0.546863
0.067 0.068 0.540438
0.068 0.069 0.416550
0.069 0.070 0.374756
0.070 0.071 0.304490
0.071 0.072 0.297753
0.072 0.073 0.288823
0.073 0.074 0.282612
0.074 0.075 0.276241
0.075 0.076 0.268146
0.076 0.077 0.259976
0.077 0.078 0.253208
0.078 0.079 0.248492
0.079 0.080 0.242905
0.080 0.081 0.235667
0.081 0.082 0.227054
0.082 0.083 0.219000
0.083 0.084 0.211454
0.084 0.085 0.204618
0.085 0.086 0.197588
0.086 0.087 0.191123
0.087 0.088 0.186678
0.088 0.089 0.180575
0.089 0.090 0.172864
0.090 0.091 0.166082
0.091 0.092 0.156873
0.092 0.093 0.150240
0.093 0.094 0.146441
0.094 0.095 0.139311
0.095 0.096 0.133980
0.096 0.097 0.128451
0.097 0.098 0.121314
0.098 0.099 0.114866
0.099 0.100 0.109703
0.100 0.101 0.105206
0.101 0.102 0.100072
0.102 0.103 0.093770
0.103 0.104 0.088353
0.104 0.105 0.084398
0.105 0.106 0.079474
0.106 0.107 0.075070
0.107 0.108 0.069696
0.108 0.109 0.065227
0.109 0.110 0.060703
0.110 0.111 0.056174
0.111 0.112 0.051799
0.112 0.113 0.047425
0.113 0.114 0.043596
0.114 0.115 0.040286
0.115 0.116 0.036560
0.116 0.117 0.032852
0.117 0.118 0.029094
0.118 0.119 0.023853
0.119 0.120 0.021591
0.120 0.121 0.020527
0.121 0.122 0.018084
0.122 0.123 0.015587
0.123 0.124 0.012539
0.124 0.125 0.010355
0.125 0.126 0.008190
0.126 0.127 0.006454
0.127 0.128 0.004145
0.128 0.129 0.003034
0.129 0.130 0.001989
0.130 0.131 0.000501
0.131 0.132 0.000000
0.132 0.133 0.000000
0.133 0.134 0.000000
0.134 0.135 0.000000
0.135 0.136 0.000000
0.136 0.137 0.000000
0.137 0.138 0.000000
0.138 0.139 0.000000
0.139 0.140 0.000000
0.140 0.141 0.000000
0.141 0.142 0.000000
0.142 0.143 0.000000
0.143 0.144 0.000000
0.144 0.145 0.000000
0.145 0.146 0.000000
0.146 0.147 0.000000
0.147 0.148 0.000000
0.148 0.149 0.000000
0.149 0.150 0.000000
