1
0.000 0.001 0.000000
0.001 0.002 0.000000
0.002 0.003 0.000000
0.003 0.004 0.000000
0.004 0.005 0.000000
0.005 0.006 0.000000
0.006 0.007 0.000000
0.007 0.008 0.000000
0.008 0.009 0.000000
0.009 0.010 0.000000
0.010 0.011 0.000000
0.011 0.012 0.000000
0.012 0.013 0.000000
0.013 0.014 0.000000
0.014 0.015 0.000000
0.015 0.016 0.000000
0.016 0.017 0.000000
0.017 0.018 0.000000
0.018 0.019 0.000002
0.019 0.020 0.000011
0.020 0.021 0.000047
0.021 0.022 0.000163
0.022 0.023 0.000465
0.023 0.024 0.001135
0.024 0.025 0.002431
0.025 0.026 0.004663
0.026 0.027 0.008185
0.027 0.028 0.013333
0.028 0.029 0.020352
0.029 0.030 0.029322
0.030 0.031 0.040391
0.031 0.032 0.053437
0.032 0.033 0.068400
0.033 0.034 0.084969
0.034 0.035 0.102580
0.035 0.036 0.121204
0.036 0.037 0.140563
0.037 0.038 0.160915
0.038 0.039 0.180800
0.039 0.040 0.199771
0.040 0.041 0.218323
0.041 0.042 0.236496
0.042 0.043 0.253824
0.043 0.044 0.269726
0.044 0.045 0.285478
0.045 0.046 0.298127
0.046 0.047 0.310638
0.047 0.048 0.323823
0.048 0.049 0.333641
0.049 0.050 0.341558
0.050 0.051 0.350453
0.051 0.052 0.358738
0.052 0.053 0.362801
0.053 0.054 0.366682
0.054 0.055 0.370933
0.055 0.056 0.374551
0.056 0.057 0.378361
0.057 0.058 0.592485
0.058 0.059 1.000000
0.059 0.060 0.789506
0.060 0.061 0.396146
0.061 0.062 0.395696
0.062 0.063 0.371853
0.063 0.064 0.370649
0.064 0.065 0.368233
0.065 0.066 0.363356
0.066 0.067 0.528314
0.067 0.068 0.525997
0.068 0.069 0.388230
0.069 0.070 0.348316
0.070 0.071 0.270799
0.071 0.072 0.269120
0.072 0.073 0.265345
0.073 0.074 0.261171
0.074 0.075 0.258965
0.075 0.076 0.256518
0.076 0.077 0.252269
0.077 0.078 0.249727
0.078 0.079 0.246310
0.079 0.080 0.243441
0.080 0.081 0.241552
0.081 0.082 0.237637
0.082 0.083 0.232368
0.083 0.084 0.227430
0.084 0.085 0.223589
0.085 0.086 0.219758
0.086 0.087 0.216925
0.087 0.088 0.213928
0.088 0.089 0.208652
0.089 0.090 0.203490
0.090 0.091 0.199272
0.091 0.092 0.193419
0.092 0.093 0.188139
0.093 0.094 0.184608
0.094 0.095 0.179796
0.095 0.096 0.175675
0.096 0.097 0.172110
0.097 0.098 0.166868
0.098 0.099 0.161784
0.099 0.100 0.158220
0.100 0.101 0.154125
0.101 0.102 0.149242
0.102 0.103 0.145236
0.103 0.104 0.141785
0.104 0.105 0.136547
0.105 0.106 0.130602
0.106 0.107 0.125995
0.107 0.108 0.120740
0.108 0.109 0.116874
0.109 0.110 0.113878
0.110 0.111 0.109748
0.111 0.112 0.105353
0.112 0.113 0.099385
0.113 0.114 0.093503
0.114 0.115 0.089583
0.115 0.116 0.085796
0.116 0.117 0.080669
0.117 0.118 0.076861
0.118 0.119 0.072153
0.119 0.120 0.067567
0.120 0.121 0.064477
0.121 0.122 0.060656
0.122 0.123 0.056934
0.123 0.124 0.053017
0.124 0.125 0.048062
0.125 0.126 0.043038
0.126 0.127 0.039101
0.127 0.128 0.034140
0.128 0.129 0.029905
0.129 0.130 0.025570
0.130 0.131 0.020875
0.131 0.132 0.018470
0.132 0.133 0.014917
0.133 0.134 0.011224
0.134 0.135 0.008198
0.135 0.136 0.005985
0.136 0.137 0.003683
0.137 0.138 0.001483
0.138 0.139 0.000221
0.139 0.140 0.000000
0.140 0.141 0.000000
0.141 0.142 0.000000
0.142 0.143 0.000000
0.143 0.144 0.000000
0.144 0.145 0.000000
0.145 0.146 0.000000
0.146 0.147 0.000000
0.147 0.148 0.000000
0.148 0.149 0.000000
0.149 0.150 0.000000
