1
0.000 0.001 0.000000
0.001 0.002 0.000000
0.002 0.003 0.000000
0.003 0.004 0.000000
0.004 0.005 0.000000
0.005 0.006 0.000000
0.006 0.007 0.000000
0.007 0.008 0.000000
0.008 0.009 0.000000
0.009 0.010 0.000000
0.010 0.011 0.000000
0.011 0.012 0.000000
0.012 0.013 0.000002
0.013 0.014 0.000028
0.014 0.015 0.000210
0.015 0.016 0.001006
0.016 0.017 0.003479
0.017 0.018 0.009369
0.018 0.019 0.020840
0.019 0.020 0.040140
0.020 0.021 0.068611
0.021 0.022 0.106937
0.022 0.023 0.154674
0.023 0.024 0.210094
0.024 0.025 0.271408
0.025 0.026 0.335607
0.026 0.027 0.400681
0.027 0.028 0.465761
0.028 0.029 0.528205
0.029 0.030 0.586299
0.030 0.031 0.638071
0.031 0.032 0.684432
0.032 0.033 0.724339
0.033 0.034 0.760989
0.034 0.035 0.791077
0.035 0.036 0.819244
0.036 0.037 0.840671
0.037 0.038 0.852012
0.038 0.039 0.859779
0.039 0.040 0.867306
0.040 0.041 0.868083
0.041 0.042 0.863800
0.042 0.043 0.859893
0.043 0.044 0.850875
0.044 0.045 0.840769
0.045 0.046 0.827438
0.046 0.047 0.808778
0.047 0.048 0.791242
0.048 0.049 0.772210
0.049 0.050 0.754225
0.050 0.051 0.736672
0.051 0.052 0.721092
0.052 0.053 0.703766
0.053 0.054 0.685484
0.054 0.055 0.665351
0.055 0.056 0.644743
0.056 0.057 0.625350
0.057 0.058 0.750465
0.058 0.059 1.000000
0.059 0.060 0.831463
0.060 0.061 0.547827
0.061 0.062 0.526609
0.062 0.063 0.491000
0.063 0.064 0.471064
0.064 0.065 0.452580
0.065 0.066 0.436049
0.066 0.067 0.521081
0.067 0.068 0.504787
0.068 0.069 0.403813
0.069 0.070 0.361616
0.070 0.071 0.305667
0.071 0.072 0.290938
0.072 0.073 0.273259
0.073 0.074 0.262720
0.074 0.075 0.249441
0.075 0.076 0.236842
0.076 0.077 0.223246
0.077 0.078 0.211774
0.078 0.079 0.203758
0.079 0.080 0.194884
0.080 0.081 0.183697
0.081 0.082 0.170981
0.082 0.083 0.159056
0.083 0.084 0.146971
0.084 0.085 0.136127
0.085 0.086 0.124898
0.086 0.087 0.116808
0.087 0.088 0.109628
0.088 0.089 0.102120
0.089 0.090 0.093553
0.090 0.091 0.084000
0.091 0.092 0.075015
0.092 0.093 0.067487
0.093 0.094 0.060532
0.094 0.095 0.051441
0.095 0.096 0.046354
0.096 0.097 0.039988
0.097 0.098 0.033239
0.098 0.099 0.025736
0.099 0.100 0.020401
0.100 0.101 0.016244
0.101 0.102 0.013302
0.102 0.103 0.009698
0.103 0.104 0.006454
0.104 0.105 0.002604
0.105 0.106 0.001593
0.106 0.107 0.000000
0.107 0.108 0.000000
0.108 0.109 0.000000
0.109 0.110 0.000000
0.110 0.111 0.000000
0.111 0.112 0.000000
0.112 0.113 0.000000
0.113 0.114 0.000000
0.114 0.115 0.000000
0.115 0.116 0.000000
0.116 0.117 0.000000
0.117 0.118 0.000000
0.118 0.119 0.000000
0.119 0.120 0.000000
0.120 0.121 0.000000
0.121 0.122 0.000000
0.122 0.123 0.000000
0.123 0.124 0.000000
0.124 0.125 0.000000
0.125 0.126 0.000000
0.126 0.127 0.000000
0.127 0.128 0.000000
0.128 0.129 0.000000
0.129 0.130 0.000000
0.130 0.131 0.000000
0.131 0.132 0.000000
0.132 0.133 0.000000
0.133 0.134 0.000000
0.134 0.135 0.000000
0.135 0.136 0.000000
0.136 0.137 0.000000
0.137 0.138 0.000000
0.138 0.139 0.000000
0.139 0.140 0.000000
0.140 0.141 0.000000
0.141 0.142 0.000000
0.142 0.143 0.000000
0.143 0.144 0.000000
0.144 0.145 0.000000
0.145 0.146 0.000000
0.146 0.147 0.000000
0.147 0.148 0.000000
0.148 0.149 0.000000
0.149 0.150 0.000000
