1
0.000 0.001 0.000000
0.001 0.002 0.000000
0.002 0.003 0.000000
0.003 0.004 0.000000
0.004 0.005 0.000000
0.005 0.006 0.000000
0.006 0.007 0.000000
0.007 0.008 0.000000
0.008 0.009 0.000000
0.009 0.010 0.000000
0.010 0.011 0.000000
0.011 0.012 0.000000
0.012 0.013 0.000000
0.013 0.014 0.000003
0.014 0.015 0.000027
0.015 0.016 0.000173
0.016 0.017 0.000752
0.017 0.018 0.002447
0.018 0.019 0.006384
0.019 0.020 0.014105
0.020 0.021 0.027149
0.021 0.022 0.046902
0.022 0.023 0.073994
0.023 0.024 0.108555
0.024 0.025 0.150438
0.025 0.026 0.197513
0.026 0.027 0.248680
0.027 0.028 0.303455
0.028 0.029 0.359603
0.029 0.030 0.415257
0.030 0.031 0.468424
0.031 0.032 0.518601
0.032 0.033 0.566838
0.033 0.034 0.609861
0.034 0.035 0.647845
0.035 0.036 0.683564
0.036 0.037 0.712560
0.037 0.038 0.733990
0.038 0.039 0.753119
0.039 0.040 0.770842
0.040 0.041 0.781702
0.041 0.042 0.788953
0.042 0.043 0.795175
0.043 0.044 0.796034
0.044 0.045 0.795527
0.045 0.046 0.790985
0.046 0.047 0.782859
0.047 0.048 0.775041
0.048 0.049 0.765524
0.049 0.050 0.750836
0.050 0.051 0.737230
0.051 0.052 0.725597
0.052 0.053 0.710903
0.053 0.054 0.694416
0.054 0.055 0.676313
0.055 0.056 0.657945
0.056 0.057 0.640480
0.057 0.058 0.760865
0.058 0.059 1.000000
0.059 0.060 0.839563
0.060 0.061 0.568785
0.061 0.062 0.548204
0.062 0.063 0.513860
0.063 0.064 0.491541
0.064 0.065 0.471077
0.065 0.066 0.452297
0.066 0.067 0.532652
0.067 0.068 0.514486
0.068 0.069 0.411793
0.069 0.070 0.369379
0.070 0.071 0.314105
0.071 0.072 0.299528
0.072 0.073 0.281542
0.073 0.074 0.270217
0.074 0.075 0.256772
0.075 0.076 0.242633
0.076 0.077 0.227731
0.077 0.078 0.214669
0.078 0.079 0.204852
0.079 0.080 0.194433
0.080 0.081 0.181782
0.081 0.082 0.166442
0.082 0.083 0.154718
0.083 0.084 0.142926
0.084 0.085 0.132301
0.085 0.086 0.122649
0.086 0.087 0.111003
0.087 0.088 0.102885
0.088 0.089 0.094257
0.089 0.090 0.085048
0.090 0.091 0.075191
0.091 0.092 0.064931
0.092 0.093 0.058340
0.093 0.094 0.052073
0.094 0.095 0.045131
0.095 0.096 0.037758
0.096 0.097 0.031646
0.097 0.098 0.025271
0.098 0.099 0.018368
0.099 0.100 0.012659
0.100 0.101 0.010592
0.101 0.102 0.006295
0.102 0.103 0.003922
0.103 0.104 0.001024
0.104 0.105 0.000000
0.105 0.106 0.000000
0.106 0.107 0.000000
0.107 0.108 0.000000
0.108 0.109 0.000000
0.109 0.110 0.000000
0.110 0.111 0.000000
0.111 0.112 0.000000
0.112 0.113 0.000000
0.113 0.114 0.000000
0.114 0.115 0.000000
0.115 0.116 0.000000
0.116 0.117 0.000000
0.117 0.118 0.000000
0.118 0.119 0.000000
0.119 0.120 0.000000
0.120 0.121 0.000000
0.121 0.122 0.000000
0.122 0.123 0.000000
0.123 0.124 0.000000
0.124 0.125 0.000000
0.125 0.126 0.000000
0.126 0.127 0.000000
0.127 0.128 0.000000
0.128 0.129 0.000000
0.129 0.130 0.000000
0.130 0.131 0.000000
0.131 0.132 0.000000
0.132 0.133 0.000000
0.133 0.134 0.000000
0.134 0.135 0.000000
0.135 0.136 0.000000
0.136 0.137 0.000000
0.137 0.138 0.000000
0.138 0.139 0.000000
0.139 0.140 0.000000
0.140 0.141 0.000000
0.141 0.142 0.000000
0.142 0.143 0.000000
0.143 0.144 0.000000
0.144 0.145 0.000000
0.145 0.146 0.000000
0.146 0.147 0.000000
0.147 0.148 0.000000
0.148 0.149 0.000000
0.149 0.150 0.000000
