1
0.000 0.001 0.000000
0.001 0.002 0.000000
0.002 0.003 0.000000
0.003 0.004 0.000000
0.004 0.005 0.000000
0.005 0.006 0.000000
0.006 0.007 0.000000
0.007 0.008 0.000000
0.008 0.009 0.000000
0.009 0.010 0.000000
0.010 0.011 0.000000
0.011 0.012 0.000000
0.012 0.013 0.000000
0.013 0.014 0.000000
0.014 0.015 0.000000
0.015 0.016 0.000001
0.016 0.017 0.000012
0.017 0.018 0.000084
0.018 0.019 0.000394
0.019 0.020 0.001386
0.020 0.021 0.003890
0.021 0.022 0.009115
0.022 0.023 0.018463
0.023 0.024 0.033365
0.024 0.025 0.054893
0.025 0.026 0.083431
0.026 0.027 0.118877
0.027 0.028 0.160966
0.028 0.029 0.208760
0.029 0.030 0.260383
0.030 0.031 0.313686
0.031 0.032 0.367705
0.032 0.033 0.422266
0.033 0.034 0.474346
0.034 0.035 0.523764
0.035 0.036 0.570963
0.036 0.037 0.612549
0.037 0.038 0.648445
0.038 0.039 0.680816
0.039 0.040 0.710205
0.040 0.041 0.733199
0.041 0.042 0.752017
0.042 0.043 0.767495
0.043 0.044 0.777667
0.044 0.045 0.784695
0.045 0.046 0.786499
0.046 0.047 0.785112
0.047 0.048 0.781616
0.048 0.049 0.774021
0.049 0.050 0.763923
0.050 0.051 0.754234
0.051 0.052 0.744785
0.052 0.053 0.731378
0.053 0.054 0.715976
0.054 0.055 0.697882
0.055 0.056 0.678921
0.056 0.057 0.661052
0.057 0.058 0.771008
0.058 0.059 1.000000
0.059 0.060 0.849300
0.060 0.061 0.590723
0.061 0.062 0.570535
0.062 0.063 0.536696
0.063 0.064 0.512721
0.064 0.065 0.490781
0.065 0.066 0.468643
0.066 0.067 0.548179
0.067 0.068 0.531587
0.068 0.069 0.431116
0.069 0.070 0.386787
0.070 0.071 0.330742
0.071 0.072 0.314550
0.072 0.073 0.293056
0.073 0.074 0.281747
0.074 0.075 0.269508
0.075 0.076 0.253548
0.076 0.077 0.237022
0.077 0.078 0.222086
0.078 0.079 0.210314
0.079 0.080 0.196839
0.080 0.081 0.184401
0.081 0.082 0.170185
0.082 0.083 0.156953
0.083 0.084 0.143849
0.084 0.085 0.131621
0.085 0.086 0.118961
0.086 0.087 0.108989
0.087 0.088 0.099519
0.088 0.089 0.089073
0.089 0.090 0.078800
0.090 0.091 0.068557
0.091 0.092 0.057168
0.092 0.093 0.050034
0.093 0.094 0.042890
0.094 0.095 0.035344
0.095 0.096 0.026994
0.096 0.097 0.021034
0.097 0.098 0.014963
0.098 0.099 0.007900
0.099 0.100 0.004825
0.100 0.101 0.001545
0.101 0.102 0.000000
0.102 0.103 0.000000
0.103 0.104 0.000000
0.104 0.105 0.000000
0.105 0.106 0.000000
0.106 0.107 0.000000
0.107 0.108 0.000000
0.108 0.109 0.000000
0.109 0.110 0.000000
0.110 0.111 0.000000
0.111 0.112 0.000000
0.112 0.113 0.000000
0.113 0.114 0.000000
0.114 0.115 0.000000
0.115 0.116 0.000000
0.116 0.117 0.000000
0.117 0.118 0.000000
0.118 0.119 0.000000
0.119 0.120 0.000000
0.120 0.121 0.000000
0.121 0.122 0.000000
0.122 0.123 0.000000
0.123 0.124 0.000000
0.124 0.125 0.000000
0.125 0.126 0.000000
0.126 0.127 0.000000
0.127 0.128 0.000000
0.128 0.129 0.000000
0.129 0.130 0.000000
0.130 0.131 0.000000
0.131 0.132 0.000000
0.132 0.133 0.000000
0.133 0.134 0.000000
0.134 0.135 0.000000
0.135 0.136 0.000000
0.136 0.137 0.000000
0.137 0.138 0.000000
0.138 0.139 0.000000
0.139 0.140 0.000000
0.140 0.141 0.000000
0.141 0.142 0.000000
0.142 0.143 0.000000
0.143 0.144 0.000000
0.144 0.145 0.000000
0.145 0.146 0.000000
0.146 0.147 0.000000
0.147 0.148 0.000000
0.148 0.149 0.000000
0.149 0.150 0.000000
