1
0.000 0.001 0.000000
0.001 0.002 0.000000
0.002 0.003 0.000000
0.003 0.004 0.000000
0.004 0.005 0.000000
0.005 0.006 0.000000
0.006 0.007 0.000000
0.007 0.008 0.000000
0.008 0.009 0.000000
0.009 0.010 0.000000
0.010 0.011 0.000000
0.011 0.012 0.000000
0.012 0.013 0.000000
0.013 0.014 0.000000
0.014 0.015 0.000005
0.015 0.016 0.000038
0.016 0.017 0.000201
0.017 0.018 0.000762
0.018 0.019 0.002234
0.019 0.020 0.005380
0.020 0.021 0.011125
0.021 0.022 0.020272
0.022 0.023 0.033396
0.023 0.024 0.050869
0.024 0.025 0.072554
0.025 0.026 0.097844
0.026 0.027 0.126229
0.027 0.028 0.157197
0.028 0.029 0.189529
0.029 0.030 0.222005
0.030 0.031 0.254150
0.031 0.032 0.285185
0.032 0.033 0.315134
0.033 0.034 0.343206
0.034 0.035 0.368797
0.035 0.036 0.391543
0.036 0.037 0.412335
0.037 0.038 0.431736
0.038 0.039 0.447150
0.039 0.040 0.460107
0.040 0.041 0.470814
0.041 0.042 0.479410
0.042 0.043 0.487031
0.043 0.044 0.491923
0.044 0.045 0.496061
0.045 0.046 0.497097
0.046 0.047 0.496602
0.047 0.048 0.497849
0.048 0.049 0.496364
0.049 0.050 0.491336
0.050 0.051 0.487467
0.051 0.052 0.484759
0.052 0.053 0.478964
0.053 0.054 0.472211
0.054 0.055 0.465672
0.055 0.056 0.460069
0.056 0.057 0.454375
0.057 0.058 0.641787
0.058 0.059 1.000000
0.059 0.060 0.795912
0.060 0.061 0.435377
0.061 0.062 0.427016
0.062 0.063 0.399731
0.063 0.064 0.390769
0.064 0.065 0.381036
0.065 0.066 0.371609
0.066 0.067 0.502238
0.067 0.068 0.493768
0.068 0.069 0.374277
0.069 0.070 0.334451
0.070 0.071 0.267562
0.071 0.072 0.261336
0.072 0.073 0.253309
0.073 0.074 0.247177
0.074 0.075 0.241518
0.075 0.076 0.235092
0.076 0.077 0.227086
0.077 0.078 0.220341
0.078 0.079 0.215557
0.079 0.080 0.210391
0.080 0.081 0.204447
0.081 0.082 0.197218
0.082 0.083 0.190109
0.083 0.084 0.183422
0.084 0.085 0.177543
0.085 0.086 0.172020
0.086 0.087 0.165628
0.087 0.088 0.161676
0.088 0.089 0.156293
0.089 0.090 0.149968
0.090 0.091 0.144334
0.091 0.092 0.137066
0.092 0.093 0.131513
0.093 0.094 0.128006
0.094 0.095 0.122609
0.095 0.096 0.117178
0.096 0.097 0.112803
0.097 0.098 0.107155
0.098 0.099 0.101884
0.099 0.100 0.097833
0.100 0.101 0.094192
0.101 0.102 0.089905
0.102 0.103 0.085137
0.103 0.104 0.080972
0.104 0.105 0.077443
0.105 0.106 0.073211
0.106 0.107 0.069575
0.107 0.108 0.065267
0.108 0.109 0.061778
0.109 0.110 0.058468
0.110 0.111 0.054910
0.111 0.112 0.051330
0.112 0.113 0.047587
0.113 0.114 0.044148
0.114 0.115 0.041445
0.115 0.116 0.038579
0.116 0.117 0.035403
0.117 0.118 0.032534
0.118 0.119 0.028687
0.119 0.120 0.026509
0.120 0.121 0.025263
0.121 0.122 0.023200
0.122 0.123 0.021138
0.123 0.124 0.018966
0.124 0.125 0.016093
0.125 0.126 0.014033
0.126 0.127 0.012448
0.127 0.128 0.010504
0.128 0.129 0.008788
0.129 0.130 0.006847
0.130 0.131 0.005474
0.131 0.132 0.004620
0.132 0.133 0.003483
0.133 0.134 0.001954
0.134 0.135 0.001223
0.135 0.136 0.000326
0.136 0.137 0.000000
0.137 0.138 0.000000
0.138 0.139 0.000000
0.139 0.140 0.000000
0.140 0.141 0.000000
0.141 0.142 0.000000
0.142 0.143 0.000000
0.143 0.144 0.000000
0.144 0.145 0.000000
0.145 0.146 0.000000
0.146 0.147 0.000000
0.147 0.148 0.000000
0.148 0.149 0.000000
0.149 0.150 0.000000
