1
0.000 0.001 0.000000
0.001 0.002 0.000000
0.002 0.003 0.000000
0.003 0.004 0.000000
0.004 0.005 0.000000
0.005 0.006 0.000000
0.006 0.007 0.000000
0.007 0.008 0.000000
0.008 0.009 0.000000
0.009 0.010 0.000000
0.010 0.011 0.000000
0.011 0.012 0.000000
0.012 0.013 0.000000
0.013 0.014 0.000000
0.014 0.015 0.000000
0.015 0.016 0.000000
0.016 0.017 0.000001
0.017 0.018 0.000009
0.018 0.019 0.000054
0.019 0.020 0.000233
0.020 0.021 0.000778
0.021 0.022 0.002126
0.022 0.023 0.004979
0.023 0.024 0.010201
0.024 0.025 0.018772
0.025 0.026 0.031513
0.026 0.027 0.049051
0.027 0.028 0.071888
0.028 0.029 0.099836
0.029 0.030 0.132058
0.030 0.031 0.168227
0.031 0.032 0.207372
0.032 0.033 0.248815
0.033 0.034 0.290629
0.034 0.035 0.332470
0.035 0.036 0.374254
0.036 0.037 0.411633
0.037 0.038 0.448421
0.038 0.039 0.483609
0.039 0.040 0.517487
0.040 0.041 0.546747
0.041 0.042 0.571786
0.042 0.043 0.595100
0.043 0.044 0.614014
0.044 0.045 0.630188
0.045 0.046 0.641343
0.046 0.047 0.648112
0.047 0.048 0.654840
0.048 0.049 0.658067
0.049 0.050 0.653454
0.050 0.051 0.650095
0.051 0.052 0.647429
0.052 0.053 0.644985
0.053 0.054 0.639781
0.054 0.055 0.631177
0.055 0.056 0.622084
0.056 0.057 0.614234
0.057 0.058 0.744726
0.058 0.059 1.000000
0.059 0.060 0.843718
0.060 0.061 0.567446
0.061 0.062 0.551948
0.062 0.063 0.522272
0.063 0.064 0.502168
0.064 0.065 0.482021
0.065 0.066 0.468521
0.066 0.067 0.563255
0.067 0.068 0.550126
0.068 0.069 0.444679
0.069 0.070 0.401328
0.070 0.071 0.342327
0.071 0.072 0.328304
0.072 0.073 0.310482
0.073 0.074 0.300461
0.074 0.075 0.289038
0.075 0.076 0.272680
0.076 0.077 0.253271
0.077 0.078 0.241426
0.078 0.079 0.233408
0.079 0.080 0.224164
0.080 0.081 0.212026
0.081 0.082 0.198046
0.082 0.083 0.184837
0.083 0.084 0.171371
0.084 0.085 0.159236
0.085 0.086 0.148188
0.086 0.087 0.134275
0.087 0.088 0.126083
0.088 0.089 0.117412
0.089 0.090 0.107551
0.090 0.091 0.096457
0.091 0.092 0.086082
0.092 0.093 0.077257
0.093 0.094 0.068931
0.094 0.095 0.058140
0.095 0.096 0.052120
0.096 0.097 0.044533
0.097 0.098 0.036511
0.098 0.099 0.027595
0.099 0.100 0.021168
0.100 0.101 0.016010
0.101 0.102 0.012384
0.102 0.103 0.008156
0.103 0.104 0.003031
0.104 0.105 0.001921
0.105 0.106 0.000000
0.106 0.107 0.000000
0.107 0.108 0.000000
0.108 0.109 0.000000
0.109 0.110 0.000000
0.110 0.111 0.000000
0.111 0.112 0.000000
0.112 0.113 0.000000
0.113 0.114 0.000000
0.114 0.115 0.000000
0.115 0.116 0.000000
0.116 0.117 0.000000
0.117 0.118 0.000000
0.118 0.119 0.000000
0.119 0.120 0.000000
0.120 0.121 0.000000
0.121 0.122 0.000000
0.122 0.123 0.000000
0.123 0.124 0.000000
0.124 0.125 0.000000
0.125 0.126 0.000000
0.126 0.127 0.000000
0.127 0.128 0.000000
0.128 0.129 0.000000
0.129 0.130 0.000000
0.130 0.131 0.000000
0.131 0.132 0.000000
0.132 0.133 0.000000
0.133 0.134 0.000000
0.134 0.135 0.000000
0.135 0.136 0.000000
0.136 0.137 0.000000
0.137 0.138 0.000000
0.138 0.139 0.000000
0.139 0.140 0.000000
0.140 0.141 0.000000
0.141 0.142 0.000000
0.142 0.143 0.000000
0.143 0.144 0.000000
0.144 0.145 0.000000
0.145 0.146 0.000000
0.146 0.147 0.000000
0.147 0.148 0.000000
0.148 0.149 0.000000
0.149 0.150 0.000000
