1
0.000 0.001 0.000000
0.001 0.002 0.000000
0.002 0.003 0.000000
0.003 0.004 0.000000
0.004 0.005 0.000000
0.005 0.006 0.000000
0.006 0.007 0.000000
0.007 0.008 0.000000
0.008 0.009 0.000000
0.009 0.010 0.000000
0.010 0.011 0.000000
0.011 0.012 0.000000
0.012 0.013 0.000000
0.013 0.014 0.000000
0.014 0.015 0.000000
0.015 0.016 0.000000
0.016 0.017 0.000004
0.017 0.018 0.000028
0.018 0.019 0.000134
0.019 0.020 0.000479
0.020 0.021 0.001376
0.021 0.022 0.003305
0.022 0.023 0.006857
0.023 0.024 0.012740
0.024 0.025 0.021546
0.025 0.026 0.033646
0.026 0.027 0.049218
0.027 0.028 0.068270
0.028 0.029 0.090542
0.029 0.030 0.115233
0.030 0.031 0.141778
0.031 0.032 0.169572
0.032 0.033 0.198360
0.033 0.034 0.226802
0.034 0.035 0.254406
0.035 0.036 0.281219
0.036 0.037 0.306595
0.037 0.038 0.330584
0.038 0.039 0.351794
0.039 0.040 0.370672
0.040 0.041 0.386999
0.041 0.042 0.403236
0.042 0.043 0.417397
0.043 0.044 0.429388
0.044 0.045 0.440270
0.045 0.046 0.447465
0.046 0.047 0.453207
0.047 0.048 0.459507
0.048 0.049 0.463071
0.049 0.050 0.463382
0.050 0.051 0.463625
0.051 0.052 0.464393
0.052 0.053 0.462111
0.053 0.054 0.458420
0.054 0.055 0.454335
0.055 0.056 0.450529
0.056 0.057 0.446811
0.057 0.058 0.636923
0.058 0.059 1.000000
0.059 0.060 0.798527
0.060 0.061 0.435154
0.061 0.062 0.429048
0.062 0.063 0.402934
0.063 0.064 0.395667
0.064 0.065 0.387568
0.065 0.066 0.378965
0.066 0.067 0.517154
0.067 0.068 0.509965
0.068 0.069 0.385439
0.069 0.070 0.345015
0.070 0.071 0.275181
0.071 0.072 0.269235
0.072 0.073 0.261304
0.073 0.074 0.255140
0.074 0.075 0.249659
0.075 0.076 0.242596
0.076 0.077 0.235869
0.077 0.078 0.230749
0.078 0.079 0.226586
0.079 0.080 0.222088
0.080 0.081 0.216999
0.081 0.082 0.210504
0.082 0.083 0.203811
0.083 0.084 0.197503
0.084 0.085 0.192056
0.085 0.086 0.186951
0.086 0.087 0.181562
0.087 0.088 0.177041
0.088 0.089 0.170962
0.089 0.090 0.164250
0.090 0.091 0.158308
0.091 0.092 0.150073
0.092 0.093 0.144946
0.093 0.094 0.141789
0.094 0.095 0.136858
0.095 0.096 0.132374
0.096 0.097 0.127910
0.097 0.098 0.122081
0.098 0.099 0.116423
0.099 0.100 0.112233
0.100 0.101 0.108463
0.101 0.102 0.103804
0.102 0.103 0.098912
0.103 0.104 0.094847
0.104 0.105 0.089754
0.105 0.106 0.085348
0.106 0.107 0.081669
0.107 0.108 0.077342
0.108 0.109 0.073966
0.109 0.110 0.070894
0.110 0.111 0.067370
0.111 0.112 0.063998
0.112 0.113 0.059488
0.113 0.114 0.055254
0.114 0.115 0.051988
0.115 0.116 0.048611
0.116 0.117 0.044281
0.117 0.118 0.041800
0.118 0.119 0.038630
0.119 0.120 0.035968
0.120 0.121 0.034275
0.121 0.122 0.031911
0.122 0.123 0.029580
0.123 0.124 0.027132
0.124 0.125 0.024147
0.125 0.126 0.021153
0.126 0.127 0.018330
0.127 0.128 0.016168
0.128 0.129 0.014358
0.129 0.130 0.012532
0.130 0.131 0.010488
0.131 0.132 0.009266
0.132 0.133 0.007582
0.133 0.134 0.005255
0.134 0.135 0.004124
0.135 0.136 0.003089
0.136 0.137 0.002101
0.137 0.138 0.000742
0.138 0.139 0.000379
0.139 0.140 0.000000
0.140 0.141 0.000000
0.141 0.142 0.000000
0.142 0.143 0.000000
0.143 0.144 0.000000
0.144 0.145 0.000000
0.145 0.146 0.000000
0.146 0.147 0.000000
0.147 0.148 0.000000
0.148 0.149 0.000000
0.149 0.150 0.000000
