1
0.000 0.001 0.000000
0.001 0.002 0.000000
0.002 0.003 0.000000
0.003 0.004 0.000000
0.004 0.005 0.000000
0.005 0.006 0.000000
0.006 0.007 0.000000
0.007 0.008 0.000000
0.008 0.009 0.000000
0.009 0.010 0.000000
0.010 0.011 0.000000
0.011 0.012 0.000000
0.012 0.013 0.000000
0.013 0.014 0.000000
0.014 0.015 0.000000
0.015 0.016 0.000000
0.016 0.017 0.000000
0.017 0.018 0.000000
0.018 0.019 0.000004
0.019 0.020 0.000028
0.020 0.021 0.000142
0.021 0.022 0.000547
0.022 0.023 0.001678
0.023 0.024 0.004308
0.024 0.025 0.009566
0.025 0.026 0.018786
0.026 0.027 0.033422
0.027 0.028 0.054820
0.028 0.029 0.084043
0.029 0.030 0.121032
0.030 0.031 0.165704
0.031 0.032 0.216696
0.032 0.033 0.273229
0.033 0.034 0.333434
0.034 0.035 0.394969
0.035 0.036 0.460161
0.036 0.037 0.523251
0.037 0.038 0.585837
0.038 0.039 0.646766
0.039 0.040 0.702600
0.040 0.041 0.751358
0.041 0.042 0.795422
0.042 0.043 0.833777
0.043 0.044 0.862801
0.044 0.045 0.894459
0.045 0.046 0.912883
0.046 0.047 0.928668
0.047 0.048 0.941068
0.048 0.049 0.943246
0.049 0.050 0.938761
0.050 0.051 0.932814
0.051 0.052 0.926019
0.052 0.053 0.906053
0.053 0.054 0.896341
0.054 0.055 0.881500
0.055 0.056 0.854054
0.056 0.057 0.824168
0.057 0.058 0.877388
0.058 0.059 1.000000
0.059 0.060 0.895450
0.060 0.061 0.713232
0.061 0.062 0.684779
0.062 0.063 0.650112
0.063 0.064 0.618540
0.064 0.065 0.584690
0.065 0.066 0.546114
0.066 0.067 0.572565
0.067 0.068 0.541263
0.068 0.069 0.446045
0.069 0.070 0.397069
0.070 0.071 0.347158
0.071 0.072 0.320373
0.072 0.073 0.285840
0.073 0.074 0.256759
0.074 0.075 0.223180
0.075 0.076 0.201224
0.076 0.077 0.179406
0.077 0.078 0.153732
0.078 0.079 0.126407
0.079 0.080 0.100671
0.080 0.081 0.085703
0.081 0.082 0.065952
0.082 0.083 0.049118
0.083 0.084 0.030254
0.084 0.085 0.020019
0.085 0.086 0.005444
0.086 0.087 0.000000
0.087 0.088 0.000000
0.088 0.089 0.000000
0.089 0.090 0.000000
0.090 0.091 0.000000
0.091 0.092 0.000000
0.092 0.093 0.000000
0.093 0.094 0.000000
0.094 0.095 0.000000
0.095 0.096 0.000000
0.096 0.097 0.000000
0.097 0.098 0.000000
0.098 0.099 0.000000
0.099 0.100 0.000000
0.100 0.101 0.000000
0.101 0.102 0.000000
0.102 0.103 0.000000
0.103 0.104 0.000000
0.104 0.105 0.000000
0.105 0.106 0.000000
0.106 0.107 0.000000
0.107 0.108 0.000000
0.108 0.109 0.000000
0.109 0.110 0.000000
0.110 0.111 0.000000
0.111 0.112 0.000000
0.112 0.113 0.000000
0.113 0.114 0.000000
0.114 0.115 0.000000
0.115 0.116 0.000000
0.116 0.117 0.000000
0.117 0.118 0.000000
0.118 0.119 0.000000
0.119 0.120 0.000000
0.120 0.121 0.000000
0.121 0.122 0.000000
0.122 0.123 0.000000
0.123 0.124 0.000000
0.124 0.125 0.000000
0.125 0.126 0.000000
0.126 0.127 0.000000
0.127 0.128 0.000000
0.128 0.129 0.000000
0.129 0.130 0.000000
0.130 0.131 0.000000
0.131 0.132 0.000000
0.132 0.133 0.000000
0.133 0.134 0.000000
0.134 0.135 0.000000
0.135 0.136 0.000000
0.136 0.137 0.000000
0.137 0.138 0.000000
0.138 0.139 0.000000
0.139 0.140 0.000000
0.140 0.141 0.000000
0.141 0.142 0.000000
0.142 0.143 0.000000
0.143 0.144 0.000000
0.144 0.145 0.000000
0.145 0.146 0.000000
0.146 0.147 0.000000
0.147 0.148 0.000000
0.148 0.149 0.000000
0.149 0.150 0.000000
