1
0.000 0.001 0.000000
0.001 0.002 0.000000
0.002 0.003 0.000000
0.003 0.004 0.000000
0.004 0.005 0.000000
0.005 0.006 0.000000
0.006 0.007 0.000000
0.007 0.008 0.000000
0.008 0.009 0.000000
0.009 0.010 0.000000
0.010 0.011 0.000000
0.011 0.012 0.000000
0.012 0.013 0.000009
0.013 0.014 0.000094
0.014 0.015 0.000555
0.015 0.016 0.002192
0.016 0.017 0.006450
0.017 0.018 0.015197
0.018 0.019 0.030167
0.019 0.020 0.052679
0.020 0.021 0.083084
0.021 0.022 0.120293
0.022 0.023 0.164619
0.023 0.024 0.213832
0.024 0.025 0.265773
0.025 0.026 0.318600
0.026 0.027 0.370374
0.027 0.028 0.420129
0.028 0.029 0.467609
0.029 0.030 0.510663
0.030 0.031 0.548491
0.031 0.032 0.581070
0.032 0.033 0.609414
0.033 0.034 0.633451
0.034 0.035 0.653661
0.035 0.036 0.667938
0.036 0.037 0.678641
0.037 0.038 0.686261
0.038 0.039 0.687674
0.039 0.040 0.687994
0.040 0.041 0.684591
0.041 0.042 0.681601
0.042 0.043 0.678404
0.043 0.044 0.672811
0.044 0.045 0.666107
0.045 0.046 0.656920
0.046 0.047 0.645175
0.047 0.048 0.635511
0.048 0.049 0.625201
0.049 0.050 0.611361
0.050 0.051 0.596599
0.051 0.052 0.584008
0.052 0.053 0.571336
0.053 0.054 0.556372
0.054 0.055 0.541068
0.055 0.056 0.527831
0.056 0.057 0.514488
0.057 0.058 0.677789
0.058 0.059 1.000000
0.059 0.060 0.805726
0.060 0.061 0.470646
0.061 0.062 0.457932
0.062 0.063 0.428867
0.063 0.064 0.415020
0.064 0.065 0.400667
0.065 0.066 0.388382
0.066 0.067 0.501112
0.067 0.068 0.489220
0.068 0.069 0.377638
0.069 0.070 0.336896
0.070 0.071 0.274410
0.071 0.072 0.264729
0.072 0.073 0.253556
0.073 0.074 0.245938
0.074 0.075 0.236781
0.075 0.076 0.229284
0.076 0.077 0.220183
0.077 0.078 0.212425
0.078 0.079 0.207450
0.079 0.080 0.201372
0.080 0.081 0.193232
0.081 0.082 0.184334
0.082 0.083 0.176517
0.083 0.084 0.169239
0.084 0.085 0.162499
0.085 0.086 0.156363
0.086 0.087 0.148687
0.087 0.088 0.143143
0.088 0.089 0.136314
0.089 0.090 0.129768
0.090 0.091 0.123559
0.091 0.092 0.115595
0.092 0.093 0.110226
0.093 0.094 0.107309
0.094 0.095 0.101889
0.095 0.096 0.096652
0.096 0.097 0.091002
0.097 0.098 0.084202
0.098 0.099 0.077947
0.099 0.100 0.072822
0.100 0.101 0.068096
0.101 0.102 0.064572
0.102 0.103 0.059684
0.103 0.104 0.055995
0.104 0.105 0.052972
0.105 0.106 0.049145
0.106 0.107 0.045435
0.107 0.108 0.040923
0.108 0.109 0.037041
0.109 0.110 0.032923
0.110 0.111 0.028524
0.111 0.112 0.026333
0.112 0.113 0.023365
0.113 0.114 0.020911
0.114 0.115 0.018477
0.115 0.116 0.015608
0.116 0.117 0.013053
0.117 0.118 0.010308
0.118 0.119 0.006547
0.119 0.120 0.005363
0.120 0.121 0.004681
0.121 0.122 0.003253
0.122 0.123 0.001261
0.123 0.124 0.000764
0.124 0.125 0.000000
0.125 0.126 0.000000
0.126 0.127 0.000000
0.127 0.128 0.000000
0.128 0.129 0.000000
0.129 0.130 0.000000
0.130 0.131 0.000000
0.131 0.132 0.000000
0.132 0.133 0.000000
0.133 0.134 0.000000
0.134 0.135 0.000000
0.135 0.136 0.000000
0.136 0.137 0.000000
0.137 0.138 0.000000
0.138 0.139 0.000000
0.139 0.140 0.000000
0.140 0.141 0.000000
0.141 0.142 0.000000
0.142 0.143 0.000000
0.143 0.144 0.000000
0.144 0.145 0.000000
0.145 0.146 0.000000
0.146 0.147 0.000000
0.147 0.148 0.000000
0.148 0.149 0.000000
0.149 0.150 0.000000
