1
0.000 0.001 0.000000
0.001 0.002 0.000000
0.002 0.003 0.000000
0.003 0.004 0.000000
0.004 0.005 0.000000
0.005 0.006 0.000000
0.006 0.007 0.000000
0.007 0.008 0.000000
0.008 0.009 0.000000
0.009 0.010 0.000000
0.010 0.011 0.000000
0.011 0.012 0.000000
0.012 0.013 0.000000
0.013 0.014 0.000000
0.014 0.015 0.000000
0.015 0.016 0.000000
0.016 0.017 0.000001
0.017 0.018 0.000006
0.018 0.019 0.000038
0.019 0.020 0.000162
0.020 0.021 0.000537
0.021 0.022 0.001446
0.022 0.023 0.003306
0.023 0.024 0.006640
0.024 0.025 0.011981
0.025 0.026 0.019786
0.026 0.027 0.030358
0.027 0.028 0.043923
0.028 0.029 0.060430
0.029 0.030 0.079269
0.030 0.031 0.100318
0.031 0.032 0.123188
0.032 0.033 0.147140
0.033 0.034 0.171886
0.034 0.035 0.196645
0.035 0.036 0.220751
0.036 0.037 0.244614
0.037 0.038 0.268231
0.038 0.039 0.289155
0.039 0.040 0.308392
0.040 0.041 0.326679
0.041 0.042 0.343016
0.042 0.043 0.358311
0.043 0.044 0.371370
0.044 0.045 0.383630
0.045 0.046 0.393124
0.046 0.047 0.400430
0.047 0.048 0.409231
0.048 0.049 0.415815
0.049 0.050 0.418541
0.050 0.051 0.421459
0.051 0.052 0.425034
0.052 0.053 0.426040
0.053 0.054 0.425391
0.054 0.055 0.424426
0.055 0.056 0.424799
0.056 0.057 0.424737
0.057 0.058 0.622398
0.058 0.059 1.000000
0.059 0.060 0.795657
0.060 0.061 0.423750
0.061 0.062 0.419590
0.062 0.063 0.395116
0.063 0.064 0.389577
0.064 0.065 0.382733
0.065 0.066 0.376469
0.066 0.067 0.521830
0.067 0.068 0.516475
0.068 0.069 0.390246
0.069 0.070 0.350193
0.070 0.071 0.278831
0.071 0.072 0.274388
0.072 0.073 0.268404
0.073 0.074 0.264154
0.074 0.075 0.260281
0.075 0.076 0.255816
0.076 0.077 0.249215
0.077 0.078 0.244268
0.078 0.079 0.240801
0.079 0.080 0.236612
0.080 0.081 0.231462
0.081 0.082 0.225088
0.082 0.083 0.218798
0.083 0.084 0.212887
0.084 0.085 0.207905
0.085 0.086 0.203317
0.086 0.087 0.197962
0.087 0.088 0.194398
0.088 0.089 0.189157
0.089 0.090 0.182314
0.090 0.091 0.176359
0.091 0.092 0.168062
0.092 0.093 0.162199
0.093 0.094 0.159220
0.094 0.095 0.153532
0.095 0.096 0.148129
0.096 0.097 0.142685
0.097 0.098 0.135540
0.098 0.099 0.129064
0.099 0.100 0.123963
0.100 0.101 0.119338
0.101 0.102 0.114057
0.102 0.103 0.107693
0.103 0.104 0.103115
0.104 0.105 0.098393
0.105 0.106 0.092609
0.106 0.107 0.087516
0.107 0.108 0.081135
0.108 0.109 0.076717
0.109 0.110 0.072383
0.110 0.111 0.067870
0.111 0.112 0.063840
0.112 0.113 0.058096
0.113 0.114 0.053702
0.114 0.115 0.050093
0.115 0.116 0.046164
0.116 0.117 0.042011
0.117 0.118 0.037764
0.118 0.119 0.033142
0.119 0.120 0.030222
0.120 0.121 0.028644
0.121 0.122 0.025381
0.122 0.123 0.022895
0.123 0.124 0.020261
0.124 0.125 0.016839
0.125 0.126 0.014226
0.126 0.127 0.012212
0.127 0.128 0.009821
0.128 0.129 0.007389
0.129 0.130 0.005738
0.130 0.131 0.003666
0.131 0.132 0.002732
0.132 0.133 0.001332
0.133 0.134 0.000346
0.134 0.135 0.000000
0.135 0.136 0.000000
0.136 0.137 0.000000
0.137 0.138 0.000000
0.138 0.139 0.000000
0.139 0.140 0.000000
0.140 0.141 0.000000
0.141 0.142 0.000000
0.142 0.143 0.000000
0.143 0.144 0.000000
0.144 0.145 0.000000
0.145 0.146 0.000000
0.146 0.147 0.000000
0.147 0.148 0.000000
0.148 0.149 0.000000
0.149 0.150 0.000000
