1
0.000 0.001 0.000000
0.001 0.002 0.000000
0.002 0.003 0.000000
0.003 0.004 0.000000
0.004 0.005 0.000000
0.005 0.006 0.000000
0.006 0.007 0.000000
0.007 0.008 0.000000
0.008 0.009 0.000000
0.009 0.010 0.000000
0.010 0.011 0.000000
0.011 0.012 0.000000
0.012 0.013 0.000000
0.013 0.014 0.000000
0.014 0.015 0.000000
0.015 0.016 0.000000
0.016 0.017 0.000000
0.017 0.018 0.000002
0.018 0.019 0.000014
0.019 0.020 0.000069
0.020 0.021 0.000264
0.021 0.022 0.000809
0.022 0.023 0.002069
0.023 0.024 0.004575
0.024 0.025 0.008998
0.025 0.026 0.015967
0.026 0.027 0.026062
0.027 0.028 0.039941
0.028 0.029 0.057835
0.029 0.030 0.079519
0.030 0.031 0.104595
0.031 0.032 0.132675
0.032 0.033 0.163566
0.033 0.034 0.196089
0.034 0.035 0.229702
0.035 0.036 0.264950
0.036 0.037 0.299391
0.037 0.038 0.329924
0.038 0.039 0.360490
0.039 0.040 0.392024
0.040 0.041 0.419142
0.041 0.042 0.443813
0.042 0.043 0.468511
0.043 0.044 0.489123
0.044 0.045 0.507928
0.045 0.046 0.524648
0.046 0.047 0.536579
0.047 0.048 0.548388
0.048 0.049 0.559355
0.049 0.050 0.563130
0.050 0.051 0.567296
0.051 0.052 0.573842
0.052 0.053 0.576739
0.053 0.054 0.575511
0.054 0.055 0.572337
0.055 0.056 0.570738
0.056 0.057 0.569870
0.057 0.058 0.717353
0.058 0.059 1.000000
0.059 0.060 0.838663
0.060 0.061 0.548271
0.061 0.062 0.538925
0.062 0.063 0.513127
0.063 0.064 0.499124
0.064 0.065 0.487611
0.065 0.066 0.478681
0.066 0.067 0.586943
0.067 0.068 0.576623
0.068 0.069 0.465679
0.069 0.070 0.422644
0.070 0.071 0.361454
0.071 0.072 0.350483
0.072 0.073 0.335940
0.073 0.074 0.329371
0.074 0.075 0.321261
0.075 0.076 0.306674
0.076 0.077 0.290820
0.077 0.078 0.278662
0.078 0.079 0.271525
0.079 0.080 0.262073
0.080 0.081 0.248821
0.081 0.082 0.233989
0.082 0.083 0.219289
0.083 0.084 0.203751
0.084 0.085 0.190533
0.085 0.086 0.178927
0.086 0.087 0.165787
0.087 0.088 0.153260
0.088 0.089 0.139323
0.089 0.090 0.125234
0.090 0.091 0.110456
0.091 0.092 0.096391
0.092 0.093 0.083533
0.093 0.094 0.070462
0.094 0.095 0.056460
0.095 0.096 0.043380
0.096 0.097 0.030026
0.097 0.098 0.017427
0.098 0.099 0.008681
0.099 0.100 0.000826
0.100 0.101 0.000000
0.101 0.102 0.000000
0.102 0.103 0.000000
0.103 0.104 0.000000
0.104 0.105 0.000000
0.105 0.106 0.000000
0.106 0.107 0.000000
0.107 0.108 0.000000
0.108 0.109 0.000000
0.109 0.110 0.000000
0.110 0.111 0.000000
0.111 0.112 0.000000
0.112 0.113 0.000000
0.113 0.114 0.000000
0.114 0.115 0.000000
0.115 0.116 0.000000
0.116 0.117 0.000000
0.117 0.118 0.000000
0.118 0.119 0.000000
0.119 0.120 0.000000
0.120 0.121 0.000000
0.121 0.122 0.000000
0.122 0.123 0.000000
0.123 0.124 0.000000
0.124 0.125 0.000000
0.125 0.126 0.000000
0.126 0.127 0.000000
0.127 0.128 0.000000
0.128 0.129 0.000000
0.129 0.130 0.000000
0.130 0.131 0.000000
0.131 0.132 0.000000
0.132 0.133 0.000000
0.133 0.134 0.000000
0.134 0.135 0.000000
0.135 0.136 0.000000
0.136 0.137 0.000000
0.137 0.138 0.000000
0.138 0.139 0.000000
0.139 0.140 0.000000
0.140 0.141 0.000000
0.141 0.142 0.000000
0.142 0.143 0.000000
0.143 0.144 0.000000
0.144 0.145 0.000000
0.145 0.146 0.000000
0.146 0.147 0.000000
0.147 0.148 0.000000
0.148 0.149 0.000000
0.149 0.150 0.000000
