1
0.000 0.001 0.000000
0.001 0.002 0.000000
0.002 0.003 0.000000
0.003 0.004 0.000000
0.004 0.005 0.000000
0.005 0.006 0.000000
0.006 0.007 0.000000
0.007 0.008 0.000000
0.008 0.009 0.000000
0.009 0.010 0.000000
0.010 0.011 0.000000
0.011 0.012 0.000000
0.012 0.013 0.000000
0.013 0.014 0.000001
0.014 0.015 0.000010
0.015 0.016 0.000072
0.016 0.017 0.000349
0.017 0.018 0.001226
0.018 0.019 0.003374
0.019 0.020 0.007722
0.020 0.021 0.015268
0.021 0.022 0.026777
0.022 0.023 0.042747
0.023 0.024 0.063281
0.024 0.025 0.087809
0.025 0.026 0.116279
0.026 0.027 0.147923
0.027 0.028 0.182030
0.028 0.029 0.216670
0.029 0.030 0.251220
0.030 0.031 0.285316
0.031 0.032 0.317575
0.032 0.033 0.348007
0.033 0.034 0.376162
0.034 0.035 0.401446
0.035 0.036 0.423682
0.036 0.037 0.443147
0.037 0.038 0.460902
0.038 0.039 0.475243
0.039 0.040 0.486469
0.040 0.041 0.495109
0.041 0.042 0.501309
0.042 0.043 0.505891
0.043 0.044 0.508065
0.044 0.045 0.509560
0.045 0.046 0.506767
0.046 0.047 0.505693
0.047 0.048 0.505529
0.048 0.049 0.502517
0.049 0.050 0.496717
0.050 0.051 0.492169
0.051 0.052 0.488212
0.052 0.053 0.481053
0.053 0.054 0.473537
0.054 0.055 0.465656
0.055 0.056 0.458495
0.056 0.057 0.452132
0.057 0.058 0.640486
0.058 0.059 1.000000
0.059 0.060 0.792614
0.060 0.061 0.428441
0.061 0.062 0.419227
0.062 0.063 0.390722
0.063 0.064 0.380708
0.064 0.065 0.369593
0.065 0.066 0.360389
0.066 0.067 0.492128
0.067 0.068 0.484049
0.068 0.069 0.364688
0.069 0.070 0.325570
0.070 0.071 0.258629
0.071 0.072 0.252898
0.072 0.073 0.245385
0.073 0.074 0.239487
0.074 0.075 0.234332
0.075 0.076 0.228495
0.076 0.077 0.221100
0.077 0.078 0.215097
0.078 0.079 0.209864
0.079 0.080 0.204703
0.080 0.081 0.199289
0.081 0.082 0.192364
0.082 0.083 0.185303
0.083 0.084 0.177960
0.084 0.085 0.173239
0.085 0.086 0.168881
0.086 0.087 0.164395
0.087 0.088 0.160700
0.088 0.089 0.155671
0.089 0.090 0.149956
0.090 0.091 0.144769
0.091 0.092 0.138201
0.092 0.093 0.133005
0.093 0.094 0.129592
0.094 0.095 0.124591
0.095 0.096 0.120021
0.096 0.097 0.115476
0.097 0.098 0.109727
0.098 0.099 0.104307
0.099 0.100 0.099715
0.100 0.101 0.096513
0.101 0.102 0.092802
0.102 0.103 0.088928
0.103 0.104 0.085798
0.104 0.105 0.082172
0.105 0.106 0.077918
0.106 0.107 0.074299
0.107 0.108 0.070070
0.108 0.109 0.066723
0.109 0.110 0.063654
0.110 0.111 0.060191
0.111 0.112 0.056892
0.112 0.113 0.052577
0.113 0.114 0.048066
0.114 0.115 0.045687
0.115 0.116 0.043249
0.116 0.117 0.040307
0.117 0.118 0.037870
0.118 0.119 0.034761
0.119 0.120 0.032230
0.120 0.121 0.030603
0.121 0.122 0.028305
0.122 0.123 0.026030
0.123 0.124 0.023652
0.124 0.125 0.020438
0.125 0.126 0.018378
0.126 0.127 0.016759
0.127 0.128 0.014711
0.128 0.129 0.012980
0.129 0.130 0.011248
0.130 0.131 0.009313
0.131 0.132 0.008108
0.132 0.133 0.006136
0.133 0.134 0.004981
0.134 0.135 0.003908
0.135 0.136 0.002925
0.136 0.137 0.001989
0.137 0.138 0.000703
0.138 0.139 0.000359
0.139 0.140 0.000000
0.140 0.141 0.000000
0.141 0.142 0.000000
0.142 0.143 0.000000
0.143 0.144 0.000000
0.144 0.145 0.000000
0.145 0.146 0.000000
0.146 0.147 0.000000
0.147 0.148 0.000000
0.148 0.149 0.000000
0.149 0.150 0.000000
