1
0.000 0.001 0.000000
0.001 0.002 0.000000
0.002 0.003 0.000000
0.003 0.004 0.000000
0.004 0.005 0.000000
0.005 0.006 0.000000
0.006 0.007 0.000000
0.007 0.008 0.000000
0.008 0.009 0.000000
0.009 0.010 0.000000
0.010 0.011 0.000000
0.011 0.012 0.000000
0.012 0.013 0.000000
0.013 0.014 0.000000
0.014 0.015 0.000000
0.015 0.016 0.000000
0.016 0.017 0.000000
0.017 0.018 0.000000
0.018 0.019 0.000000
0.019 0.020 0.000001
0.020 0.021 0.000007
0.021 0.022 0.000037
0.022 0.023 0.000142
0.023 0.024 0.000442
0.024 0.025 0.001166
0.025 0.026 0.002666
0.026 0.027 0.005403
0.027 0.028 0.009988
0.028 0.029 0.017039
0.029 0.030 0.026940
0.030 0.031 0.040187
0.031 0.032 0.056949
0.032 0.033 0.077239
0.033 0.034 0.100467
0.034 0.035 0.127239
0.035 0.036 0.157171
0.036 0.037 0.189016
0.037 0.038 0.221197
0.038 0.039 0.254013
0.039 0.040 0.287909
0.040 0.041 0.320676
0.041 0.042 0.351856
0.042 0.043 0.382998
0.043 0.044 0.411276
0.044 0.045 0.437894
0.045 0.046 0.461596
0.046 0.047 0.480612
0.047 0.048 0.498079
0.048 0.049 0.517469
0.049 0.050 0.530931
0.050 0.051 0.542092
0.051 0.052 0.554097
0.052 0.053 0.563954
0.053 0.054 0.569622
0.054 0.055 0.571736
0.055 0.056 0.572697
0.056 0.057 0.573410
0.057 0.058 0.718728
0.058 0.059 1.000000
0.059 0.060 0.846447
0.060 0.061 0.556701
0.061 0.062 0.550737
0.062 0.063 0.529153
0.063 0.064 0.517624
0.064 0.065 0.506349
0.065 0.066 0.496571
0.066 0.067 0.610227
0.067 0.068 0.600434
0.068 0.069 0.484138
0.069 0.070 0.438927
0.070 0.071 0.372937
0.071 0.072 0.359440
0.072 0.073 0.340728
0.073 0.074 0.334815
0.074 0.075 0.327066
0.075 0.076 0.314235
0.076 0.077 0.299202
0.077 0.078 0.286401
0.078 0.079 0.278034
0.079 0.080 0.268261
0.080 0.081 0.255170
0.081 0.082 0.239813
0.082 0.083 0.223763
0.083 0.084 0.211473
0.084 0.085 0.200966
0.085 0.086 0.191860
0.086 0.087 0.180760
0.087 0.088 0.171298
0.088 0.089 0.161478
0.089 0.090 0.149340
0.090 0.091 0.135600
0.091 0.092 0.120580
0.092 0.093 0.112518
0.093 0.094 0.105909
0.094 0.095 0.097206
0.095 0.096 0.089033
0.096 0.097 0.078736
0.097 0.098 0.067507
0.098 0.099 0.055022
0.099 0.100 0.045129
0.100 0.101 0.042442
0.101 0.102 0.036700
0.102 0.103 0.029158
0.103 0.104 0.022603
0.104 0.105 0.015948
0.105 0.106 0.012376
0.106 0.107 0.008581
0.107 0.108 0.003189
0.108 0.109 0.001896
0.109 0.110 0.000000
0.110 0.111 0.000000
0.111 0.112 0.000000
0.112 0.113 0.000000
0.113 0.114 0.000000
0.114 0.115 0.000000
0.115 0.116 0.000000
0.116 0.117 0.000000
0.117 0.118 0.000000
0.118 0.119 0.000000
0.119 0.120 0.000000
0.120 0.121 0.000000
0.121 0.122 0.000000
0.122 0.123 0.000000
0.123 0.124 0.000000
0.124 0.125 0.000000
0.125 0.126 0.000000
0.126 0.127 0.000000
0.127 0.128 0.000000
0.128 0.129 0.000000
0.129 0.130 0.000000
0.130 0.131 0.000000
0.131 0.132 0.000000
0.132 0.133 0.000000
0.133 0.134 0.000000
0.134 0.135 0.000000
0.135 0.136 0.000000
0.136 0.137 0.000000
0.137 0.138 0.000000
0.138 0.139 0.000000
0.139 0.140 0.000000
0.140 0.141 0.000000
0.141 0.142 0.000000
0.142 0.143 0.000000
0.143 0.144 0.000000
0.144 0.145 0.000000
0.145 0.146 0.000000
0.146 0.147 0.000000
0.147 0.148 0.000000
0.148 0.149 0.000000
0.149 0.150 0.000000
