1
0.000 0.001 0.000000
0.001 0.002 0.000000
0.002 0.003 0.000000
0.003 0.004 0.000000
0.004 0.005 0.000000
0.005 0.006 0.000000
0.006 0.007 0.000000
0.007 0.008 0.000000
0.008 0.009 0.000000
0.009 0.010 0.000000
0.010 0.011 0.000000
0.011 0.012 0.000000
0.012 0.013 0.000000
0.013 0.014 0.000000
0.014 0.015 0.000000
0.015 0.016 0.000000
0.016 0.017 0.000000
0.017 0.018 0.000001
0.018 0.019 0.000008
0.019 0.020 0.000048
0.020 0.021 0.000207
0.021 0.022 0.000705
0.022 0.023 0.001960
0.023 0.024 0.004644
0.024 0.025 0.009659
0.025 0.026 0.017977
0.026 0.027 0.030466
0.027 0.028 0.048053
0.028 0.029 0.071310
0.029 0.030 0.099716
0.030 0.031 0.134016
0.031 0.032 0.172833
0.032 0.033 0.216203
0.033 0.034 0.261834
0.034 0.035 0.309149
0.035 0.036 0.357815
0.036 0.037 0.405198
0.037 0.038 0.450363
0.038 0.039 0.494165
0.039 0.040 0.536232
0.040 0.041 0.572453
0.041 0.042 0.605899
0.042 0.043 0.635443
0.043 0.044 0.660126
0.044 0.045 0.679471
0.045 0.046 0.697370
0.046 0.047 0.713792
0.047 0.048 0.725852
0.048 0.049 0.732676
0.049 0.050 0.735687
0.050 0.051 0.737627
0.051 0.052 0.737995
0.052 0.053 0.731884
0.053 0.054 0.723188
0.054 0.055 0.712717
0.055 0.056 0.698644
0.056 0.057 0.683083
0.057 0.058 0.783432
0.058 0.059 1.000000
0.059 0.060 0.867813
0.060 0.061 0.630697
0.061 0.062 0.612130
0.062 0.063 0.578846
0.063 0.064 0.556262
0.064 0.065 0.534970
0.065 0.066 0.513389
0.066 0.067 0.587831
0.067 0.068 0.568841
0.068 0.069 0.462415
0.069 0.070 0.417324
0.070 0.071 0.361847
0.071 0.072 0.347048
0.072 0.073 0.326945
0.073 0.074 0.310823
0.074 0.075 0.293818
0.075 0.076 0.274144
0.076 0.077 0.254556
0.077 0.078 0.235362
0.078 0.079 0.216648
0.079 0.080 0.204632
0.080 0.081 0.189440
0.081 0.082 0.171983
0.082 0.083 0.156395
0.083 0.084 0.141911
0.084 0.085 0.127122
0.085 0.086 0.112718
0.086 0.087 0.094235
0.087 0.088 0.083412
0.088 0.089 0.070709
0.089 0.090 0.059646
0.090 0.091 0.050379
0.091 0.092 0.039683
0.092 0.093 0.026922
0.093 0.094 0.020577
0.094 0.095 0.014103
0.095 0.096 0.005510
0.096 0.097 0.003258
0.097 0.098 0.000000
0.098 0.099 0.000000
0.099 0.100 0.000000
0.100 0.101 0.000000
0.101 0.102 0.000000
0.102 0.103 0.000000
0.103 0.104 0.000000
0.104 0.105 0.000000
0.105 0.106 0.000000
0.106 0.107 0.000000
0.107 0.108 0.000000
0.108 0.109 0.000000
0.109 0.110 0.000000
0.110 0.111 0.000000
0.111 0.112 0.000000
0.112 0.113 0.000000
0.113 0.114 0.000000
0.114 0.115 0.000000
0.115 0.116 0.000000
0.116 0.117 0.000000
0.117 0.118 0.000000
0.118 0.119 0.000000
0.119 0.120 0.000000
0.120 0.121 0.000000
0.121 0.122 0.000000
0.122 0.123 0.000000
0.123 0.124 0.000000
0.124 0.125 0.000000
0.125 0.126 0.000000
0.126 0.127 0.000000
0.127 0.128 0.000000
0.128 0.129 0.000000
0.129 0.130 0.000000
0.130 0.131 0.000000
0.131 0.132 0.000000
0.132 0.133 0.000000
0.133 0.134 0.000000
0.134 0.135 0.000000
0.135 0.136 0.000000
0.136 0.137 0.000000
0.137 0.138 0.000000
0.138 0.139 0.000000
0.139 0.140 0.000000
0.140 0.141 0.000000
0.141 0.142 0.000000
0.142 0.143 0.000000
0.143 0.144 0.000000
0.144 0.145 0.000000
0.145 0.146 0.000000
0.146 0.147 0.000000
0.147 0.148 0.000000
0.148 0.149 0.000000
0.149 0.150 0.000000
