1
0.000 0.001 0.000000
0.001 0.002 0.000000
0.002 0.003 0.000000
0.003 0.004 0.000000
0.004 0.005 0.000000
0.005 0.006 0.000000
0.006 0.007 0.000000
0.007 0.008 0.000000
0.008 0.009 0.000000
0.009 0.010 0.000000
0.010 0.011 0.000000
0.011 0.012 0.000000
0.012 0.013 0.000000
0.013 0.014 0.000000
0.014 0.015 0.000000
0.015 0.016 0.000000
0.016 0.017 0.000000
0.017 0.018 0.000000
0.018 0.019 0.000000
0.019 0.020 0.000002
0.020 0.021 0.000010
0.021 0.022 0.000046
0.022 0.023 0.000163
0.023 0.024 0.000477
0.024 0.025 0.001188
0.025 0.026 0.002592
0.026 0.027 0.005053
0.027 0.028 0.009014
0.028 0.029 0.014910
0.029 0.030 0.022993
0.030 0.031 0.033531
0.031 0.032 0.046579
0.032 0.033 0.062183
0.033 0.034 0.080012
0.034 0.035 0.099686
0.035 0.036 0.120960
0.036 0.037 0.143679
0.037 0.038 0.167259
0.038 0.039 0.190663
0.039 0.040 0.214276
0.040 0.041 0.237058
0.041 0.042 0.258450
0.042 0.043 0.280921
0.043 0.044 0.301759
0.044 0.045 0.322278
0.045 0.046 0.339988
0.046 0.047 0.355524
0.047 0.048 0.371824
0.048 0.049 0.385930
0.049 0.050 0.396692
0.050 0.051 0.406908
0.051 0.052 0.416881
0.052 0.053 0.423515
0.053 0.054 0.428951
0.054 0.055 0.433412
0.055 0.056 0.436927
0.056 0.057 0.439938
0.057 0.058 0.631284
0.058 0.059 1.000000
0.059 0.060 0.810171
0.060 0.061 0.449506
0.061 0.062 0.445915
0.062 0.063 0.424239
0.063 0.064 0.421038
0.064 0.065 0.416379
0.065 0.066 0.411122
0.066 0.067 0.563884
0.067 0.068 0.560792
0.068 0.069 0.428896
0.069 0.070 0.387143
0.070 0.071 0.312058
0.071 0.072 0.307492
0.072 0.073 0.300447
0.073 0.074 0.295531
0.074 0.075 0.291113
0.075 0.076 0.285527
0.076 0.077 0.277708
0.077 0.078 0.271446
0.078 0.079 0.266334
0.079 0.080 0.260855
0.080 0.081 0.253799
0.081 0.082 0.247358
0.082 0.083 0.240629
0.083 0.084 0.234169
0.084 0.085 0.228766
0.085 0.086 0.223752
0.086 0.087 0.218175
0.087 0.088 0.213876
0.088 0.089 0.207551
0.089 0.090 0.200112
0.090 0.091 0.193579
0.091 0.092 0.184774
0.092 0.093 0.177986
0.093 0.094 0.173741
0.094 0.095 0.167050
0.095 0.096 0.160768
0.096 0.097 0.153708
0.097 0.098 0.147181
0.098 0.099 0.141086
0.099 0.100 0.136495
0.100 0.101 0.132222
0.101 0.102 0.127133
0.102 0.103 0.121466
0.103 0.104 0.116971
0.104 0.105 0.111975
0.105 0.106 0.105941
0.106 0.107 0.100721
0.107 0.108 0.094546
0.108 0.109 0.089539
0.109 0.110 0.084858
0.110 0.111 0.079097
0.111 0.112 0.075448
0.112 0.113 0.070374
0.113 0.114 0.065655
0.114 0.115 0.062061
0.115 0.116 0.058271
0.116 0.117 0.053920
0.117 0.118 0.050079
0.118 0.119 0.045144
0.119 0.120 0.041424
0.120 0.121 0.039044
0.121 0.122 0.034848
0.122 0.123 0.032472
0.123 0.124 0.029954
0.124 0.125 0.026776
0.125 0.126 0.023563
0.126 0.127 0.021080
0.127 0.128 0.018000
0.128 0.129 0.015302
0.129 0.130 0.012643
0.130 0.131 0.009172
0.131 0.132 0.008120
0.132 0.133 0.006629
0.133 0.134 0.004861
0.134 0.135 0.003224
0.135 0.136 0.001213
0.136 0.137 0.000727
0.137 0.138 0.000000
0.138 0.139 0.000000
0.139 0.140 0.000000
0.140 0.141 0.000000
0.141 0.142 0.000000
0.142 0.143 0.000000
0.143 0.144 0.000000
0.144 0.145 0.000000
0.145 0.146 0.000000
0.146 0.147 0.000000
0.147 0.148 0.000000
0.148 0.149 0.000000
0.149 0.150 0.000000
