1
0.000 0.001 0.000000
0.001 0.002 0.000000
0.002 0.003 0.000000
0.003 0.004 0.000000
0.004 0.005 0.000000
0.005 0.006 0.000000
0.006 0.007 0.000000
0.007 0.008 0.000000
0.008 0.009 0.000000
0.009 0.010 0.000000
0.010 0.011 0.000000
0.011 0.012 0.000000
0.012 0.013 0.000000
0.013 0.014 0.000000
0.014 0.015 0.000000
0.015 0.016 0.000000
0.016 0.017 0.000001
0.017 0.018 0.000009
0.018 0.019 0.000050
0.019 0.020 0.000202
0.020 0.021 0.000644
0.021 0.022 0.001693
0.022 0.023 0.003810
0.023 0.024 0.007566
0.024 0.025 0.013561
0.025 0.026 0.022263
0.026 0.027 0.034004
0.027 0.028 0.049202
0.028 0.029 0.067718
0.029 0.030 0.088824
0.030 0.031 0.112576
0.031 0.032 0.138471
0.032 0.033 0.165365
0.033 0.034 0.193236
0.034 0.035 0.221974
0.035 0.036 0.250152
0.036 0.037 0.278137
0.037 0.038 0.304470
0.038 0.039 0.327031
0.039 0.040 0.348708
0.040 0.041 0.370189
0.041 0.042 0.388748
0.042 0.043 0.406481
0.043 0.044 0.421215
0.044 0.045 0.434994
0.045 0.046 0.447026
0.046 0.047 0.453697
0.047 0.048 0.462645
0.048 0.049 0.471752
0.049 0.050 0.474775
0.050 0.051 0.475314
0.051 0.052 0.478265
0.052 0.053 0.482527
0.053 0.054 0.482101
0.054 0.055 0.478962
0.055 0.056 0.479118
0.056 0.057 0.479692
0.057 0.058 0.658664
0.058 0.059 1.000000
0.059 0.060 0.809971
0.060 0.061 0.467422
0.061 0.062 0.461930
0.062 0.063 0.439438
0.063 0.064 0.430213
0.064 0.065 0.420418
0.065 0.066 0.414418
0.066 0.067 0.545723
0.067 0.068 0.538475
0.068 0.069 0.419736
0.069 0.070 0.378690
0.070 0.071 0.310925
0.071 0.072 0.302888
0.072 0.073 0.293801
0.073 0.074 0.291060
0.074 0.075 0.286575
0.075 0.076 0.279259
0.076 0.077 0.269072
0.077 0.078 0.261019
0.078 0.079 0.257769
0.079 0.080 0.252408
0.080 0.081 0.243743
0.081 0.082 0.234448
0.082 0.083 0.226240
0.083 0.084 0.217867
0.084 0.085 0.210768
0.085 0.086 0.204906
0.086 0.087 0.196619
0.087 0.088 0.191445
0.088 0.089 0.186295
0.089 0.090 0.177387
0.090 0.091 0.167431
0.091 0.092 0.155969
0.092 0.093 0.148677
0.093 0.094 0.144797
0.094 0.095 0.137108
0.095 0.096 0.129752
0.096 0.097 0.120996
0.097 0.098 0.110618
0.098 0.099 0.099573
0.099 0.100 0.091832
0.100 0.101 0.087882
0.101 0.102 0.081168
0.102 0.103 0.071237
0.103 0.104 0.063435
0.104 0.105 0.057843
0.105 0.106 0.050841
0.106 0.107 0.043357
0.107 0.108 0.034500
0.108 0.109 0.026638
0.109 0.110 0.019254
0.110 0.111 0.013046
0.111 0.112 0.007931
0.112 0.113 0.004181
0.113 0.114 0.000554
0.114 0.115 0.000000
0.115 0.116 0.000000
0.116 0.117 0.000000
0.117 0.118 0.000000
0.118 0.119 0.000000
0.119 0.120 0.000000
0.120 0.121 0.000000
0.121 0.122 0.000000
0.122 0.123 0.000000
0.123 0.124 0.000000
0.124 0.125 0.000000
0.125 0.126 0.000000
0.126 0.127 0.000000
0.127 0.128 0.000000
0.128 0.129 0.000000
0.129 0.130 0.000000
0.130 0.131 0.000000
0.131 0.132 0.000000
0.132 0.133 0.000000
0.133 0.134 0.000000
0.134 0.135 0.000000
0.135 0.136 0.000000
0.136 0.137 0.000000
0.137 0.138 0.000000
0.138 0.139 0.000000
0.139 0.140 0.000000
0.140 0.141 0.000000
0.141 0.142 0.000000
0.142 0.143 0.000000
0.143 0.144 0.000000
0.144 0.145 0.000000
0.145 0.146 0.000000
0.146 0.147 0.000000
0.147 0.148 0.000000
0.148 0.149 0.000000
0.149 0.150 0.000000
