1
0.000 0.001 0.000000
0.001 0.002 0.000000
0.002 0.003 0.000000
0.003 0.004 0.000000
0.004 0.005 0.000000
0.005 0.006 0.000000
0.006 0.007 0.000000
0.007 0.008 0.000000
0.008 0.009 0.000000
0.009 0.010 0.000000
0.010 0.011 0.000000
0.011 0.012 0.000000
0.012 0.013 0.000000
0.013 0.014 0.000000
0.014 0.015 0.000000
0.015 0.016 0.000000
0.016 0.017 0.000000
0.017 0.018 0.000002
0.018 0.019 0.000011
0.019 0.020 0.000058
0.020 0.021 0.000225
0.021 0.022 0.000698
0.022 0.023 0.001801
0.023 0.024 0.004025
0.024 0.025 0.008001
0.025 0.026 0.014310
0.026 0.027 0.023525
0.027 0.028 0.036285
0.028 0.029 0.052867
0.029 0.030 0.073208
0.030 0.031 0.096884
0.031 0.032 0.123469
0.032 0.033 0.152693
0.033 0.034 0.183900
0.034 0.035 0.216541
0.035 0.036 0.250755
0.036 0.037 0.284375
0.037 0.038 0.314231
0.038 0.039 0.344125
0.039 0.040 0.375046
0.040 0.041 0.401991
0.041 0.042 0.426504
0.042 0.043 0.451310
0.043 0.044 0.471749
0.044 0.045 0.490673
0.045 0.046 0.508138
0.046 0.047 0.520090
0.047 0.048 0.532475
0.048 0.049 0.544368
0.049 0.050 0.548722
0.050 0.051 0.553169
0.051 0.052 0.560131
0.052 0.053 0.564493
0.053 0.054 0.564402
0.054 0.055 0.561460
0.055 0.056 0.560484
0.056 0.057 0.561134
0.057 0.058 0.712104
0.058 0.059 1.000000
0.059 0.060 0.836073
0.060 0.061 0.540841
0.061 0.062 0.532534
0.062 0.063 0.508085
0.063 0.064 0.494620
0.064 0.065 0.483619
0.065 0.066 0.475460
0.066 0.067 0.586422
0.067 0.068 0.576354
0.068 0.069 0.464350
0.069 0.070 0.421730
0.070 0.071 0.359840
0.071 0.072 0.348846
0.072 0.073 0.334423
0.073 0.074 0.329162
0.074 0.075 0.322230
0.075 0.076 0.308158
0.076 0.077 0.292434
0.077 0.078 0.280697
0.078 0.079 0.274192
0.079 0.080 0.265389
0.080 0.081 0.252955
0.081 0.082 0.238913
0.082 0.083 0.224690
0.083 0.084 0.209248
0.084 0.085 0.196534
0.085 0.086 0.185576
0.086 0.087 0.173282
0.087 0.088 0.161665
0.088 0.089 0.149134
0.089 0.090 0.135591
0.090 0.091 0.120305
0.091 0.092 0.106556
0.092 0.093 0.094316
0.093 0.094 0.082007
0.094 0.095 0.068982
0.095 0.096 0.056663
0.096 0.097 0.042144
0.097 0.098 0.027151
0.098 0.099 0.011919
0.099 0.100 0.000801
0.100 0.101 0.000000
0.101 0.102 0.000000
0.102 0.103 0.000000
0.103 0.104 0.000000
0.104 0.105 0.000000
0.105 0.106 0.000000
0.106 0.107 0.000000
0.107 0.108 0.000000
0.108 0.109 0.000000
0.109 0.110 0.000000
0.110 0.111 0.000000
0.111 0.112 0.000000
0.112 0.113 0.000000
0.113 0.114 0.000000
0.114 0.115 0.000000
0.115 0.116 0.000000
0.116 0.117 0.000000
0.117 0.118 0.000000
0.118 0.119 0.000000
0.119 0.120 0.000000
0.120 0.121 0.000000
0.121 0.122 0.000000
0.122 0.123 0.000000
0.123 0.124 0.000000
0.124 0.125 0.000000
0.125 0.126 0.000000
0.126 0.127 0.000000
0.127 0.128 0.000000
0.128 0.129 0.000000
0.129 0.130 0.000000
0.130 0.131 0.000000
0.131 0.132 0.000000
0.132 0.133 0.000000
0.133 0.134 0.000000
0.134 0.135 0.000000
0.135 0.136 0.000000
0.136 0.137 0.000000
0.137 0.138 0.000000
0.138 0.139 0.000000
0.139 0.140 0.000000
0.140 0.141 0.000000
0.141 0.142 0.000000
0.142 0.143 0.000000
0.143 0.144 0.000000
0.144 0.145 0.000000
0.145 0.146 0.000000
0.146 0.147 0.000000
0.147 0.148 0.000000
0.148 0.149 0.000000
0.149 0.150 0.000000
