1
0.000 0.001 0.000000
0.001 0.002 0.000000
0.002 0.003 0.000000
0.003 0.004 0.000000
0.004 0.005 0.000000
0.005 0.006 0.000000
0.006 0.007 0.000000
0.007 0.008 0.000000
0.008 0.009 0.000000
0.009 0.010 0.000000
0.010 0.011 0.000000
0.011 0.012 0.000000
0.012 0.013 0.000000
0.013 0.014 0.000007
0.014 0.015 0.000060
0.015 0.016 0.000315
0.016 0.017 0.001173
0.017 0.018 0.003370
0.018 0.019 0.007872
0.019 0.020 0.015800
0.020 0.021 0.028139
0.021 0.022 0.045272
0.022 0.023 0.067289
0.023 0.024 0.093874
0.024 0.025 0.124132
0.025 0.026 0.157063
0.026 0.027 0.191769
0.027 0.028 0.227804
0.028 0.029 0.263784
0.029 0.030 0.297667
0.030 0.031 0.330266
0.031 0.032 0.360869
0.032 0.033 0.388585
0.033 0.034 0.414307
0.034 0.035 0.437491
0.035 0.036 0.456082
0.036 0.037 0.473424
0.037 0.038 0.489211
0.038 0.039 0.498879
0.039 0.040 0.507353
0.040 0.041 0.514701
0.041 0.042 0.518239
0.042 0.043 0.521943
0.043 0.044 0.523341
0.044 0.045 0.523989
0.045 0.046 0.522713
0.046 0.047 0.517971
0.047 0.048 0.516307
0.048 0.049 0.513988
0.049 0.050 0.507137
0.050 0.051 0.499306
0.051 0.052 0.493962
0.052 0.053 0.488787
0.053 0.054 0.480643
0.054 0.055 0.471991
0.055 0.056 0.466511
0.056 0.057 0.460573
0.057 0.058 0.645986
0.058 0.059 1.000000
0.059 0.060 0.794687
0.060 0.061 0.436237
0.061 0.062 0.427620
0.062 0.063 0.401281
0.063 0.064 0.391280
0.064 0.065 0.380221
0.065 0.066 0.371843
0.066 0.067 0.499632
0.067 0.068 0.490930
0.068 0.069 0.374680
0.069 0.070 0.335084
0.070 0.071 0.269461
0.071 0.072 0.262630
0.072 0.073 0.254958
0.073 0.074 0.250406
0.074 0.075 0.245184
0.075 0.076 0.239258
0.076 0.077 0.231177
0.077 0.078 0.224518
0.078 0.079 0.220895
0.079 0.080 0.215899
0.080 0.081 0.208759
0.081 0.082 0.201109
0.082 0.083 0.194461
0.083 0.084 0.188266
0.084 0.085 0.182739
0.085 0.086 0.177874
0.086 0.087 0.171235
0.087 0.088 0.167260
0.088 0.089 0.162451
0.089 0.090 0.155291
0.090 0.091 0.148714
0.091 0.092 0.139669
0.092 0.093 0.133879
0.093 0.094 0.131283
0.094 0.095 0.125461
0.095 0.096 0.119797
0.096 0.097 0.113779
0.097 0.098 0.106273
0.098 0.099 0.099405
0.099 0.100 0.093875
0.100 0.101 0.089602
0.101 0.102 0.084607
0.102 0.103 0.077710
0.103 0.104 0.072424
0.104 0.105 0.067958
0.105 0.106 0.062843
0.106 0.107 0.057846
0.107 0.108 0.051516
0.108 0.109 0.046875
0.109 0.110 0.041880
0.110 0.111 0.036958
0.111 0.112 0.033649
0.112 0.113 0.029304
0.113 0.114 0.025346
0.114 0.115 0.022196
0.115 0.116 0.018260
0.116 0.117 0.015485
0.117 0.118 0.012461
0.118 0.119 0.008458
0.119 0.120 0.006660
0.120 0.121 0.005252
0.121 0.122 0.003345
0.122 0.123 0.002138
0.123 0.124 0.000378
0.124 0.125 0.000000
0.125 0.126 0.000000
0.126 0.127 0.000000
0.127 0.128 0.000000
0.128 0.129 0.000000
0.129 0.130 0.000000
0.130 0.131 0.000000
0.131 0.132 0.000000
0.132 0.133 0.000000
0.133 0.134 0.000000
0.134 0.135 0.000000
0.135 0.136 0.000000
0.136 0.137 0.000000
0.137 0.138 0.000000
0.138 0.139 0.000000
0.139 0.140 0.000000
0.140 0.141 0.000000
0.141 0.142 0.000000
0.142 0.143 0.000000
0.143 0.144 0.000000
0.144 0.145 0.000000
0.145 0.146 0.000000
0.146 0.147 0.000000
0.147 0.148 0.000000
0.148 0.149 0.000000
0.149 0.150 0.000000
