1
0.000 0.001 0.000000
0.001 0.002 0.000000
0.002 0.003 0.000000
0.003 0.004 0.000000
0.004 0.005 0.000000
0.005 0.006 0.000000
0.006 0.007 0.000000
0.007 0.008 0.000000
0.008 0.009 0.000000
0.009 0.010 0.000000
0.010 0.011 0.000000
0.011 0.012 0.000000
0.012 0.013 0.000000
0.013 0.014 0.000000
0.014 0.015 0.000000
0.015 0.016 0.000000
0.016 0.017 0.000000
0.017 0.018 0.000000
0.018 0.019 0.000003
0.019 0.020 0.000015
0.020 0.021 0.000067
0.021 0.022 0.000230
0.022 0.023 0.000655
0.023 0.024 0.001593
0.024 0.025 0.003408
0.025 0.026 0.006524
0.026 0.027 0.011384
0.027 0.028 0.018493
0.028 0.029 0.028227
0.029 0.030 0.040611
0.030 0.031 0.055833
0.031 0.032 0.073619
0.032 0.033 0.093906
0.033 0.034 0.116375
0.034 0.035 0.140376
0.035 0.036 0.165378
0.036 0.037 0.191135
0.037 0.038 0.217413
0.038 0.039 0.242702
0.039 0.040 0.267576
0.040 0.041 0.291734
0.041 0.042 0.314338
0.042 0.043 0.336080
0.043 0.044 0.356116
0.044 0.045 0.375490
0.045 0.046 0.391399
0.046 0.047 0.405290
0.047 0.048 0.419890
0.048 0.049 0.431894
0.049 0.050 0.440144
0.050 0.051 0.447543
0.051 0.052 0.455579
0.052 0.053 0.461086
0.053 0.054 0.463963
0.054 0.055 0.466033
0.055 0.056 0.468477
0.056 0.057 0.469931
0.057 0.058 0.651231
0.058 0.059 1.000000
0.059 0.060 0.815774
0.060 0.061 0.472035
0.061 0.062 0.467661
0.062 0.063 0.444322
0.063 0.064 0.437515
0.064 0.065 0.429321
0.065 0.066 0.421964
0.066 0.067 0.560802
0.067 0.068 0.554740
0.068 0.069 0.429562
0.069 0.070 0.386989
0.070 0.071 0.315199
0.071 0.072 0.308825
0.072 0.073 0.300246
0.073 0.074 0.294714
0.074 0.075 0.288770
0.075 0.076 0.281596
0.076 0.077 0.272244
0.077 0.078 0.264259
0.078 0.079 0.258809
0.079 0.080 0.251762
0.080 0.081 0.244317
0.081 0.082 0.235639
0.082 0.083 0.227634
0.083 0.084 0.220099
0.084 0.085 0.213326
0.085 0.086 0.207062
0.086 0.087 0.199257
0.087 0.088 0.193741
0.088 0.089 0.186265
0.089 0.090 0.178427
0.090 0.091 0.171290
0.091 0.092 0.161717
0.092 0.093 0.155060
0.093 0.094 0.151448
0.094 0.095 0.144746
0.095 0.096 0.138268
0.096 0.097 0.131426
0.097 0.098 0.122419
0.098 0.099 0.115731
0.099 0.100 0.110357
0.100 0.101 0.105805
0.101 0.102 0.100587
0.102 0.103 0.093908
0.103 0.104 0.088694
0.104 0.105 0.083358
0.105 0.106 0.078364
0.106 0.107 0.073816
0.107 0.108 0.068221
0.108 0.109 0.063531
0.109 0.110 0.058684
0.110 0.111 0.053931
0.111 0.112 0.049421
0.112 0.113 0.044938
0.113 0.114 0.041073
0.114 0.115 0.037597
0.115 0.116 0.033626
0.116 0.117 0.029797
0.117 0.118 0.025398
0.118 0.119 0.021058
0.119 0.120 0.018759
0.120 0.121 0.017677
0.121 0.122 0.015078
0.122 0.123 0.011977
0.123 0.124 0.010028
0.124 0.125 0.007774
0.125 0.126 0.005559
0.126 0.127 0.003301
0.127 0.128 0.002117
0.128 0.129 0.000559
0.129 0.130 0.000000
0.130 0.131 0.000000
0.131 0.132 0.000000
0.132 0.133 0.000000
0.133 0.134 0.000000
0.134 0.135 0.000000
0.135 0.136 0.000000
0.136 0.137 0.000000
0.137 0.138 0.000000
0.138 0.139 0.000000
0.139 0.140 0.000000
0.140 0.141 0.000000
0.141 0.142 0.000000
0.142 0.143 0.000000
0.143 0.144 0.000000
0.144 0.145 0.000000
0.145 0.146 0.000000
0.146 0.147 0.000000
0.147 0.148 0.000000
0.148 0.149 0.000000
0.149 0.150 0.000000
