1
0.000 0.001 0.000000
0.001 0.002 0.000000
0.002 0.003 0.000000
0.003 0.004 0.000000
0.004 0.005 0.000000
0.005 0.006 0.000000
0.006 0.007 0.000000
0.007 0.008 0.000000
0.008 0.009 0.000000
0.009 0.010 0.000000
0.010 0.011 0.000000
0.011 0.012 0.000000
0.012 0.013 0.000000
0.013 0.014 0.000000
0.014 0.015 0.000000
0.015 0.016 0.000000
0.016 0.017 0.000000
0.017 0.018 0.000000
0.018 0.019 0.000000
0.019 0.020 0.000000
0.020 0.021 0.000001
0.021 0.022 0.000008
0.022 0.023 0.000036
0.023 0.024 0.000133
0.024 0.025 0.000402
0.025 0.026 0.001037
0.026 0.027 0.002337
0.027 0.028 0.004738
0.028 0.029 0.008763
0.029 0.030 0.014940
0.030 0.031 0.023790
0.031 0.032 0.035634
0.032 0.033 0.051037
0.033 0.034 0.069892
0.034 0.035 0.092000
0.035 0.036 0.117559
0.036 0.037 0.145589
0.037 0.038 0.175581
0.038 0.039 0.208049
0.039 0.040 0.242451
0.040 0.041 0.276266
0.041 0.042 0.310458
0.042 0.043 0.344712
0.043 0.044 0.377656
0.044 0.045 0.410361
0.045 0.046 0.439528
0.046 0.047 0.467258
0.047 0.048 0.492973
0.048 0.049 0.515867
0.049 0.050 0.535095
0.050 0.051 0.553944
0.051 0.052 0.573008
0.052 0.053 0.585517
0.053 0.054 0.595455
0.054 0.055 0.604597
0.055 0.056 0.609877
0.056 0.057 0.612767
0.057 0.058 0.744687
0.058 0.059 1.000000
0.059 0.060 0.871702
0.060 0.061 0.619626
0.061 0.062 0.611967
0.062 0.063 0.589180
0.063 0.064 0.577965
0.064 0.065 0.566669
0.065 0.066 0.554696
0.066 0.067 0.656800
0.067 0.068 0.647555
0.068 0.069 0.536570
0.069 0.070 0.488406
0.070 0.071 0.425188
0.071 0.072 0.411623
0.072 0.073 0.391821
0.073 0.074 0.377189
0.074 0.075 0.361080
0.075 0.076 0.340756
0.076 0.077 0.319863
0.077 0.078 0.299066
0.078 0.079 0.283357
0.079 0.080 0.267078
0.080 0.081 0.245901
0.081 0.082 0.225000
0.082 0.083 0.205809
0.083 0.084 0.185913
0.084 0.085 0.170023
0.085 0.086 0.154866
0.086 0.087 0.136318
0.087 0.088 0.122056
0.088 0.089 0.105855
0.089 0.090 0.089854
0.090 0.091 0.078035
0.091 0.092 0.065513
0.092 0.093 0.052305
0.093 0.094 0.042357
0.094 0.095 0.030859
0.095 0.096 0.023230
0.096 0.097 0.013426
0.097 0.098 0.006110
0.098 0.099 0.001518
0.099 0.100 0.000000
0.100 0.101 0.000000
0.101 0.102 0.000000
0.102 0.103 0.000000
0.103 0.104 0.000000
0.104 0.105 0.000000
0.105 0.106 0.000000
0.106 0.107 0.000000
0.107 0.108 0.000000
0.108 0.109 0.000000
0.109 0.110 0.000000
0.110 0.111 0.000000
0.111 0.112 0.000000
0.112 0.113 0.000000
0.113 0.114 0.000000
0.114 0.115 0.000000
0.115 0.116 0.000000
0.116 0.117 0.000000
0.117 0.118 0.000000
0.118 0.119 0.000000
0.119 0.120 0.000000
0.120 0.121 0.000000
0.121 0.122 0.000000
0.122 0.123 0.000000
0.123 0.124 0.000000
0.124 0.125 0.000000
0.125 0.126 0.000000
0.126 0.127 0.000000
0.127 0.128 0.000000
0.128 0.129 0.000000
0.129 0.130 0.000000
0.130 0.131 0.000000
0.131 0.132 0.000000
0.132 0.133 0.000000
0.133 0.134 0.000000
0.134 0.135 0.000000
0.135 0.136 0.000000
0.136 0.137 0.000000
0.137 0.138 0.000000
0.138 0.139 0.000000
0.139 0.140 0.000000
0.140 0.141 0.000000
0.141 0.142 0.000000
0.142 0.143 0.000000
0.143 0.144 0.000000
0.144 0.145 0.000000
0.145 0.146 0.000000
0.146 0.147 0.000000
0.147 0.148 0.000000
0.148 0.149 0.000000
0.149 0.150 0.000000
