1
0.000 0.001 0.000000
0.001 0.002 0.000000
0.002 0.003 0.000000
0.003 0.004 0.000000
0.004 0.005 0.000000
0.005 0.006 0.000000
0.006 0.007 0.000000
0.007 0.008 0.000000
0.008 0.009 0.000000
0.009 0.010 0.000000
0.010 0.011 0.000000
0.011 0.012 0.000000
0.012 0.013 0.000000
0.013 0.014 0.000000
0.014 0.015 0.000000
0.015 0.016 0.000000
0.016 0.017 0.000000
0.017 0.018 0.000000
0.018 0.019 0.000000
0.019 0.020 0.000000
0.020 0.021 0.000000
0.021 0.022 0.000001
0.022 0.023 0.000004
0.023 0.024 0.000017
0.024 0.025 0.000059
0.025 0.026 0.000174
0.026 0.027 0.000445
0.027 0.028 0.001002
0.028 0.029 0.002038
0.029 0.030 0.003766
0.030 0.031 0.006470
0.031 0.032 0.010386
0.032 0.033 0.015786
0.033 0.034 0.022894
0.034 0.035 0.031729
0.035 0.036 0.042266
0.036 0.037 0.054725
0.037 0.038 0.069291
0.038 0.039 0.085015
0.039 0.040 0.101872
0.040 0.041 0.119978
0.041 0.042 0.138874
0.042 0.043 0.158238
0.043 0.044 0.178014
0.044 0.045 0.198607
0.045 0.046 0.217291
0.046 0.047 0.235831
0.047 0.048 0.255794
0.048 0.049 0.273826
0.049 0.050 0.289757
0.050 0.051 0.306210
0.051 0.052 0.322630
0.052 0.053 0.335566
0.053 0.054 0.347353
0.054 0.055 0.359421
0.055 0.056 0.371465
0.056 0.057 0.382499
0.057 0.058 0.593212
0.058 0.059 1.000000
0.059 0.060 0.809350
0.060 0.061 0.426655
0.061 0.062 0.431905
0.062 0.063 0.413312
0.063 0.064 0.416607
0.064 0.065 0.417492
0.065 0.066 0.417029
0.066 0.067 0.600007
0.067 0.068 0.603289
0.068 0.069 0.456633
0.069 0.070 0.414319
0.070 0.071 0.329804
0.071 0.072 0.329835
0.072 0.073 0.327469
0.073 0.074 0.324884
0.074 0.075 0.323465
0.075 0.076 0.322199
0.076 0.077 0.318255
0.077 0.078 0.315951
0.078 0.079 0.313874
0.079 0.080 0.311281
0.080 0.081 0.308310
0.081 0.082 0.303283
0.082 0.083 0.297704
0.083 0.084 0.292772
0.084 0.085 0.288816
0.085 0.086 0.284779
0.086 0.087 0.280329
0.087 0.088 0.277835
0.088 0.089 0.271884
0.089 0.090 0.264461
0.090 0.091 0.259260
0.091 0.092 0.250021
0.092 0.093 0.243424
0.093 0.094 0.240855
0.094 0.095 0.234665
0.095 0.096 0.228738
0.096 0.097 0.223394
0.097 0.098 0.215325
0.098 0.099 0.208961
0.099 0.100 0.203550
0.100 0.101 0.197067
0.101 0.102 0.190723
0.102 0.103 0.183906
0.103 0.104 0.178727
0.104 0.105 0.172189
0.105 0.106 0.164089
0.106 0.107 0.157581
0.107 0.108 0.149548
0.108 0.109 0.143202
0.109 0.110 0.137222
0.110 0.111 0.130656
0.111 0.112 0.124648
0.112 0.113 0.115924
0.113 0.114 0.108018
0.114 0.115 0.101817
0.115 0.116 0.095040
0.116 0.117 0.087691
0.117 0.118 0.080477
0.118 0.119 0.070339
0.119 0.120 0.064515
0.120 0.121 0.061919
0.121 0.122 0.055805
0.122 0.123 0.049573
0.123 0.124 0.042934
0.124 0.125 0.034884
0.125 0.126 0.027101
0.126 0.127 0.021408
0.127 0.128 0.015709
0.128 0.129 0.010969
0.129 0.130 0.007087
0.130 0.131 0.003540
0.131 0.132 0.000496
0.132 0.133 0.000000
0.133 0.134 0.000000
0.134 0.135 0.000000
0.135 0.136 0.000000
0.136 0.137 0.000000
0.137 0.138 0.000000
0.138 0.139 0.000000
0.139 0.140 0.000000
0.140 0.141 0.000000
0.141 0.142 0.000000
0.142 0.143 0.000000
0.143 0.144 0.000000
0.144 0.145 0.000000
0.145 0.146 0.000000
0.146 0.147 0.000000
0.147 0.148 0.000000
0.148 0.149 0.000000
0.149 0.150 0.000000
