1
0.000 0.001 0.000000
0.001 0.002 0.000000
0.002 0.003 0.000000
0.003 0.004 0.000000
0.004 0.005 0.000000
0.005 0.006 0.000000
0.006 0.007 0.000000
0.007 0.008 0.000000
0.008 0.009 0.000000
0.009 0.010 0.000000
0.010 0.011 0.000000
0.011 0.012 0.000000
0.012 0.013 0.000000
0.013 0.014 0.000000
0.014 0.015 0.000000
0.015 0.016 0.000000
0.016 0.017 0.000000
0.017 0.018 0.000000
0.018 0.019 0.000001
0.019 0.020 0.000007
0.020 0.021 0.000037
0.021 0.022 0.000138
0.022 0.023 0.000424
0.023 0.024 0.001095
0.024 0.025 0.002466
0.025 0.026 0.004939
0.026 0.027 0.008959
0.027 0.028 0.015026
0.028 0.029 0.023546
0.029 0.030 0.034639
0.030 0.031 0.048627
0.031 0.032 0.065294
0.032 0.033 0.084502
0.033 0.034 0.105959
0.034 0.035 0.129238
0.035 0.036 0.153765
0.036 0.037 0.179277
0.037 0.038 0.205401
0.038 0.039 0.230677
0.039 0.040 0.255812
0.040 0.041 0.279870
0.041 0.042 0.303106
0.042 0.043 0.325339
0.043 0.044 0.345986
0.044 0.045 0.365835
0.045 0.046 0.382070
0.046 0.047 0.396216
0.047 0.048 0.411361
0.048 0.049 0.423777
0.049 0.050 0.431788
0.050 0.051 0.439368
0.051 0.052 0.447226
0.052 0.053 0.452161
0.053 0.054 0.454493
0.054 0.055 0.455229
0.055 0.056 0.458426
0.056 0.057 0.460900
0.057 0.058 0.645764
0.058 0.059 1.000000
0.059 0.060 0.813690
0.060 0.061 0.465611
0.061 0.062 0.461904
0.062 0.063 0.438284
0.063 0.064 0.431778
0.064 0.065 0.424036
0.065 0.066 0.416785
0.066 0.067 0.559305
0.067 0.068 0.553459
0.068 0.069 0.424958
0.069 0.070 0.383475
0.070 0.071 0.311425
0.071 0.072 0.306055
0.072 0.073 0.298437
0.073 0.074 0.293369
0.074 0.075 0.288217
0.075 0.076 0.281982
0.076 0.077 0.273535
0.077 0.078 0.266495
0.078 0.079 0.261418
0.079 0.080 0.255548
0.080 0.081 0.248169
0.081 0.082 0.238537
0.082 0.083 0.231374
0.083 0.084 0.224588
0.084 0.085 0.218714
0.085 0.086 0.213300
0.086 0.087 0.206644
0.087 0.088 0.202044
0.088 0.089 0.195577
0.089 0.090 0.187464
0.090 0.091 0.180394
0.091 0.092 0.170675
0.092 0.093 0.163624
0.093 0.094 0.159569
0.094 0.095 0.151882
0.095 0.096 0.146396
0.096 0.097 0.140732
0.097 0.098 0.133311
0.098 0.099 0.126583
0.099 0.100 0.121255
0.100 0.101 0.116597
0.101 0.102 0.111230
0.102 0.103 0.104633
0.103 0.104 0.099455
0.104 0.105 0.094362
0.105 0.106 0.087512
0.106 0.107 0.083054
0.107 0.108 0.077576
0.108 0.109 0.073076
0.109 0.110 0.068537
0.110 0.111 0.063944
0.111 0.112 0.059949
0.112 0.113 0.054502
0.113 0.114 0.049625
0.114 0.115 0.044809
0.115 0.116 0.041262
0.116 0.117 0.037611
0.117 0.118 0.033947
0.118 0.119 0.028978
0.119 0.120 0.026060
0.120 0.121 0.024518
0.121 0.122 0.020857
0.122 0.123 0.018692
0.123 0.124 0.016387
0.124 0.125 0.013616
0.125 0.126 0.010865
0.126 0.127 0.008662
0.127 0.128 0.005715
0.128 0.129 0.004307
0.129 0.130 0.002971
0.130 0.131 0.001066
0.131 0.132 0.000686
0.132 0.133 0.000000
0.133 0.134 0.000000
0.134 0.135 0.000000
0.135 0.136 0.000000
0.136 0.137 0.000000
0.137 0.138 0.000000
0.138 0.139 0.000000
0.139 0.140 0.000000
0.140 0.141 0.000000
0.141 0.142 0.000000
0.142 0.143 0.000000
0.143 0.144 0.000000
0.144 0.145 0.000000
0.145 0.146 0.000000
0.146 0.147 0.000000
0.147 0.148 0.000000
0.148 0.149 0.000000
0.149 0.150 0.000000
