1
0.000 0.001 0.000000
0.001 0.002 0.000000
0.002 0.003 0.000000
0.003 0.004 0.000000
0.004 0.005 0.000000
0.005 0.006 0.000000
0.006 0.007 0.000000
0.007 0.008 0.000000
0.008 0.009 0.000000
0.009 0.010 0.000000
0.010 0.011 0.000000
0.011 0.012 0.000000
0.012 0.013 0.000000
0.013 0.014 0.000000
0.014 0.015 0.000000
0.015 0.016 0.000000
0.016 0.017 0.000002
0.017 0.018 0.000016
0.018 0.019 0.000083
0.019 0.020 0.000327
0.020 0.021 0.001018
0.021 0.022 0.002625
0.022 0.023 0.005795
0.023 0.024 0.011315
0.024 0.025 0.019991
0.025 0.026 0.032354
0.026 0.027 0.048780
0.027 0.028 0.069532
0.028 0.029 0.094681
0.029 0.030 0.123265
0.030 0.031 0.154775
0.031 0.032 0.188353
0.032 0.033 0.223331
0.033 0.034 0.258716
0.034 0.035 0.294319
0.035 0.036 0.328651
0.036 0.037 0.361276
0.037 0.038 0.391715
0.038 0.039 0.418316
0.039 0.040 0.443408
0.040 0.041 0.465938
0.041 0.042 0.483814
0.042 0.043 0.502774
0.043 0.044 0.518502
0.044 0.045 0.532350
0.045 0.046 0.542546
0.046 0.047 0.548736
0.047 0.048 0.555635
0.048 0.049 0.560680
0.049 0.050 0.560377
0.050 0.051 0.558365
0.051 0.052 0.557315
0.052 0.053 0.555549
0.053 0.054 0.550087
0.054 0.055 0.542512
0.055 0.056 0.535208
0.056 0.057 0.531050
0.057 0.058 0.691099
0.058 0.059 1.000000
0.059 0.060 0.822692
0.060 0.061 0.505214
0.061 0.062 0.495311
0.062 0.063 0.468936
0.063 0.064 0.455385
0.064 0.065 0.441706
0.065 0.066 0.430629
0.066 0.067 0.546033
0.067 0.068 0.534921
0.068 0.069 0.418982
0.069 0.070 0.377507
0.070 0.071 0.313263
0.071 0.072 0.303831
0.072 0.073 0.292379
0.073 0.074 0.286227
0.074 0.075 0.278758
0.075 0.076 0.268950
0.076 0.077 0.257046
0.077 0.078 0.246639
0.078 0.079 0.240105
0.079 0.080 0.232148
0.080 0.081 0.220395
0.081 0.082 0.210492
0.082 0.083 0.201709
0.083 0.084 0.193094
0.084 0.085 0.185365
0.085 0.086 0.178599
0.086 0.087 0.169691
0.087 0.088 0.163207
0.088 0.089 0.156170
0.089 0.090 0.146856
0.090 0.091 0.137496
0.091 0.092 0.125516
0.092 0.093 0.119245
0.093 0.094 0.115574
0.094 0.095 0.109004
0.095 0.096 0.102694
0.096 0.097 0.095393
0.097 0.098 0.086847
0.098 0.099 0.078253
0.099 0.100 0.071724
0.100 0.101 0.066697
0.101 0.102 0.062347
0.102 0.103 0.055936
0.103 0.104 0.050992
0.104 0.105 0.047356
0.105 0.106 0.042750
0.106 0.107 0.037944
0.107 0.108 0.032250
0.108 0.109 0.026437
0.109 0.110 0.022480
0.110 0.111 0.018857
0.111 0.112 0.015912
0.112 0.113 0.012336
0.113 0.114 0.008443
0.114 0.115 0.006492
0.115 0.116 0.004292
0.116 0.117 0.001631
0.117 0.118 0.000959
0.118 0.119 0.000000
0.119 0.120 0.000000
0.120 0.121 0.000000
0.121 0.122 0.000000
0.122 0.123 0.000000
0.123 0.124 0.000000
0.124 0.125 0.000000
0.125 0.126 0.000000
0.126 0.127 0.000000
0.127 0.128 0.000000
0.128 0.129 0.000000
0.129 0.130 0.000000
0.130 0.131 0.000000
0.131 0.132 0.000000
0.132 0.133 0.000000
0.133 0.134 0.000000
0.134 0.135 0.000000
0.135 0.136 0.000000
0.136 0.137 0.000000
0.137 0.138 0.000000
0.138 0.139 0.000000
0.139 0.140 0.000000
0.140 0.141 0.000000
0.141 0.142 0.000000
0.142 0.143 0.000000
0.143 0.144 0.000000
0.144 0.145 0.000000
0.145 0.146 0.000000
0.146 0.147 0.000000
0.147 0.148 0.000000
0.148 0.149 0.000000
0.149 0.150 0.000000
