1
0.000 0.001 0.000000
0.001 0.002 0.000000
0.002 0.003 0.000000
0.003 0.004 0.000000
0.004 0.005 0.000000
0.005 0.006 0.000000
0.006 0.007 0.000000
0.007 0.008 0.000000
0.008 0.009 0.000000
0.009 0.010 0.000000
0.010 0.011 0.000000
0.011 0.012 0.000000
0.012 0.013 0.000000
0.013 0.014 0.000000
0.014 0.015 0.000000
0.015 0.016 0.000000
0.016 0.017 0.000000
0.017 0.018 0.000000
0.018 0.019 0.000000
0.019 0.020 0.000000
0.020 0.021 0.000003
0.021 0.022 0.000017
0.022 0.023 0.000070
0.023 0.024 0.000235
0.024 0.025 0.000663
0.025 0.026 0.001606
0.026 0.027 0.003421
0.027 0.028 0.006595
0.028 0.029 0.011667
0.029 0.030 0.019077
0.030 0.031 0.029276
0.031 0.032 0.042553
0.032 0.033 0.059120
0.033 0.034 0.078880
0.034 0.035 0.101641
0.035 0.036 0.127295
0.036 0.037 0.155105
0.037 0.038 0.183967
0.038 0.039 0.213786
0.039 0.040 0.244945
0.040 0.041 0.275916
0.041 0.042 0.306292
0.042 0.043 0.336714
0.043 0.044 0.364900
0.044 0.045 0.392460
0.045 0.046 0.417901
0.046 0.047 0.439730
0.047 0.048 0.461525
0.048 0.049 0.481847
0.049 0.050 0.496885
0.050 0.051 0.510397
0.051 0.052 0.524681
0.052 0.053 0.536849
0.053 0.054 0.545187
0.054 0.055 0.550221
0.055 0.056 0.554776
0.056 0.057 0.559294
0.057 0.058 0.710152
0.058 0.059 1.000000
0.059 0.060 0.848284
0.060 0.061 0.558858
0.061 0.062 0.553525
0.062 0.063 0.532295
0.063 0.064 0.521260
0.064 0.065 0.510352
0.065 0.066 0.501166
0.066 0.067 0.618286
0.067 0.068 0.608595
0.068 0.069 0.491587
0.069 0.070 0.446789
0.070 0.071 0.380179
0.071 0.072 0.367932
0.072 0.073 0.351849
0.073 0.074 0.344131
0.074 0.075 0.333318
0.075 0.076 0.320584
0.076 0.077 0.305522
0.077 0.078 0.292660
0.078 0.079 0.284371
0.079 0.080 0.274489
0.080 0.081 0.260065
0.081 0.082 0.246569
0.082 0.083 0.233904
0.083 0.084 0.220738
0.084 0.085 0.209079
0.085 0.086 0.198729
0.086 0.087 0.185241
0.087 0.088 0.176660
0.088 0.089 0.167691
0.089 0.090 0.156198
0.090 0.091 0.143100
0.091 0.092 0.130023
0.092 0.093 0.118779
0.093 0.094 0.112047
0.094 0.095 0.102992
0.095 0.096 0.094429
0.096 0.097 0.083805
0.097 0.098 0.071273
0.098 0.099 0.060206
0.099 0.100 0.052704
0.100 0.101 0.049132
0.101 0.102 0.041278
0.102 0.103 0.034097
0.103 0.104 0.028048
0.104 0.105 0.023350
0.105 0.106 0.016839
0.106 0.107 0.012668
0.107 0.108 0.007216
0.108 0.109 0.004631
0.109 0.110 0.001230
0.110 0.111 0.000000
0.111 0.112 0.000000
0.112 0.113 0.000000
0.113 0.114 0.000000
0.114 0.115 0.000000
0.115 0.116 0.000000
0.116 0.117 0.000000
0.117 0.118 0.000000
0.118 0.119 0.000000
0.119 0.120 0.000000
0.120 0.121 0.000000
0.121 0.122 0.000000
0.122 0.123 0.000000
0.123 0.124 0.000000
0.124 0.125 0.000000
0.125 0.126 0.000000
0.126 0.127 0.000000
0.127 0.128 0.000000
0.128 0.129 0.000000
0.129 0.130 0.000000
0.130 0.131 0.000000
0.131 0.132 0.000000
0.132 0.133 0.000000
0.133 0.134 0.000000
0.134 0.135 0.000000
0.135 0.136 0.000000
0.136 0.137 0.000000
0.137 0.138 0.000000
0.138 0.139 0.000000
0.139 0.140 0.000000
0.140 0.141 0.000000
0.141 0.142 0.000000
0.142 0.143 0.000000
0.143 0.144 0.000000
0.144 0.145 0.000000
0.145 0.146 0.000000
0.146 0.147 0.000000
0.147 0.148 0.000000
0.148 0.149 0.000000
0.149 0.150 0.000000
