1
0.000 0.001 0.000000
0.001 0.002 0.000000
0.002 0.003 0.000000
0.003 0.004 0.000000
0.004 0.005 0.000000
0.005 0.006 0.000000
0.006 0.007 0.000000
0.007 0.008 0.000000
0.008 0.009 0.000000
0.009 0.010 0.000000
0.010 0.011 0.000000
0.011 0.012 0.000000
0.012 0.013 0.000000
0.013 0.014 0.000000
0.014 0.015 0.000000
0.015 0.016 0.000000
0.016 0.017 0.000000
0.017 0.018 0.000000
0.018 0.019 0.000000
0.019 0.020 0.000000
0.020 0.021 0.000000
0.021 0.022 0.000003
0.022 0.023 0.000015
0.023 0.024 0.000062
0.024 0.025 0.000214
0.025 0.026 0.000619
0.026 0.027 0.001534
0.027 0.028 0.003369
0.028 0.029 0.006683
0.029 0.030 0.012108
0.030 0.031 0.020327
0.031 0.032 0.031842
0.032 0.033 0.047399
0.033 0.034 0.067198
0.034 0.035 0.091193
0.035 0.036 0.119440
0.036 0.037 0.151057
0.037 0.038 0.186514
0.038 0.039 0.225336
0.039 0.040 0.266289
0.040 0.041 0.307933
0.041 0.042 0.350923
0.042 0.043 0.393607
0.043 0.044 0.435442
0.044 0.045 0.476913
0.045 0.046 0.512709
0.046 0.047 0.548979
0.047 0.048 0.581809
0.048 0.049 0.609192
0.049 0.050 0.634639
0.050 0.051 0.658933
0.051 0.052 0.680793
0.052 0.053 0.693897
0.053 0.054 0.705790
0.054 0.055 0.716958
0.055 0.056 0.718816
0.056 0.057 0.714923
0.057 0.058 0.810700
0.058 0.059 1.000000
0.059 0.060 0.902364
0.060 0.061 0.707036
0.061 0.062 0.691934
0.062 0.063 0.663927
0.063 0.064 0.644495
0.064 0.065 0.622950
0.065 0.066 0.596766
0.066 0.067 0.660708
0.067 0.068 0.639465
0.068 0.069 0.536436
0.069 0.070 0.482070
0.070 0.071 0.419481
0.071 0.072 0.399363
0.072 0.073 0.370963
0.073 0.074 0.344381
0.074 0.075 0.314517
0.075 0.076 0.290654
0.076 0.077 0.267380
0.077 0.078 0.238949
0.078 0.079 0.216540
0.079 0.080 0.196206
0.080 0.081 0.173803
0.081 0.082 0.144239
0.082 0.083 0.124361
0.083 0.084 0.104996
0.084 0.085 0.088969
0.085 0.086 0.072282
0.086 0.087 0.051546
0.087 0.088 0.037212
0.088 0.089 0.020512
0.089 0.090 0.009316
0.090 0.091 0.002869
0.091 0.092 0.000000
0.092 0.093 0.000000
0.093 0.094 0.000000
0.094 0.095 0.000000
0.095 0.096 0.000000
0.096 0.097 0.000000
0.097 0.098 0.000000
0.098 0.099 0.000000
0.099 0.100 0.000000
0.100 0.101 0.000000
0.101 0.102 0.000000
0.102 0.103 0.000000
0.103 0.104 0.000000
0.104 0.105 0.000000
0.105 0.106 0.000000
0.106 0.107 0.000000
0.107 0.108 0.000000
0.108 0.109 0.000000
0.109 0.110 0.000000
0.110 0.111 0.000000
0.111 0.112 0.000000
0.112 0.113 0.000000
0.113 0.114 0.000000
0.114 0.115 0.000000
0.115 0.116 0.000000
0.116 0.117 0.000000
0.117 0.118 0.000000
0.118 0.119 0.000000
0.119 0.120 0.000000
0.120 0.121 0.000000
0.121 0.122 0.000000
0.122 0.123 0.000000
0.123 0.124 0.000000
0.124 0.125 0.000000
0.125 0.126 0.000000
0.126 0.127 0.000000
0.127 0.128 0.000000
0.128 0.129 0.000000
0.129 0.130 0.000000
0.130 0.131 0.000000
0.131 0.132 0.000000
0.132 0.133 0.000000
0.133 0.134 0.000000
0.134 0.135 0.000000
0.135 0.136 0.000000
0.136 0.137 0.000000
0.137 0.138 0.000000
0.138 0.139 0.000000
0.139 0.140 0.000000
0.140 0.141 0.000000
0.141 0.142 0.000000
0.142 0.143 0.000000
0.143 0.144 0.000000
0.144 0.145 0.000000
0.145 0.146 0.000000
0.146 0.147 0.000000
0.147 0.148 0.000000
0.148 0.149 0.000000
0.149 0.150 0.000000
