1
0.000 0.001 0.000000
0.001 0.002 0.000000
0.002 0.003 0.000000
0.003 0.004 0.000000
0.004 0.005 0.000000
0.005 0.006 0.000000
0.006 0.007 0.000000
0.007 0.008 0.000000
0.008 0.009 0.000000
0.009 0.010 0.000000
0.010 0.011 0.000000
0.011 0.012 0.000000
0.012 0.013 0.000000
0.013 0.014 0.000000
0.014 0.015 0.000000
0.015 0.016 0.000002
0.016 0.017 0.000017
0.017 0.018 0.000102
0.018 0.019 0.000428
0.019 0.020 0.001383
0.020 0.021 0.003634
0.021 0.022 0.008097
0.022 0.023 0.015725
0.023 0.024 0.027686
0.024 0.025 0.044666
0.025 0.026 0.066928
0.026 0.027 0.094192
0.027 0.028 0.126387
0.028 0.029 0.162666
0.029 0.030 0.201272
0.030 0.031 0.241600
0.031 0.032 0.282487
0.032 0.033 0.323076
0.033 0.034 0.362465
0.034 0.035 0.400261
0.035 0.036 0.435520
0.036 0.037 0.466838
0.037 0.038 0.494332
0.038 0.039 0.516495
0.039 0.040 0.539550
0.040 0.041 0.559460
0.041 0.042 0.575830
0.042 0.043 0.590289
0.043 0.044 0.600569
0.044 0.045 0.609083
0.045 0.046 0.613789
0.046 0.047 0.614053
0.047 0.048 0.615942
0.048 0.049 0.616097
0.049 0.050 0.609674
0.050 0.051 0.602363
0.051 0.052 0.597111
0.052 0.053 0.591091
0.053 0.054 0.581196
0.054 0.055 0.567951
0.055 0.056 0.560442
0.056 0.057 0.553127
0.057 0.058 0.705237
0.058 0.059 1.000000
0.059 0.060 0.824376
0.060 0.061 0.515471
0.061 0.062 0.503245
0.062 0.063 0.475390
0.063 0.064 0.459570
0.064 0.065 0.444186
0.065 0.066 0.431530
0.066 0.067 0.538585
0.067 0.068 0.525666
0.068 0.069 0.414179
0.069 0.070 0.369708
0.070 0.071 0.308095
0.071 0.072 0.297972
0.072 0.073 0.285755
0.073 0.074 0.279321
0.074 0.075 0.271562
0.075 0.076 0.261005
0.076 0.077 0.248544
0.077 0.078 0.237760
0.078 0.079 0.230765
0.079 0.080 0.222613
0.080 0.081 0.211842
0.081 0.082 0.199764
0.082 0.083 0.187744
0.083 0.084 0.178867
0.084 0.085 0.171134
0.085 0.086 0.164479
0.086 0.087 0.155934
0.087 0.088 0.149465
0.088 0.089 0.142601
0.089 0.090 0.133638
0.090 0.091 0.124237
0.091 0.092 0.113788
0.092 0.093 0.106104
0.093 0.094 0.099496
0.094 0.095 0.093462
0.095 0.096 0.087726
0.096 0.097 0.080862
0.097 0.098 0.072964
0.098 0.099 0.064560
0.099 0.100 0.058558
0.100 0.101 0.055228
0.101 0.102 0.049837
0.102 0.103 0.041680
0.103 0.104 0.037459
0.104 0.105 0.034431
0.105 0.106 0.030617
0.106 0.107 0.026564
0.107 0.108 0.021827
0.108 0.109 0.017553
0.109 0.110 0.012246
0.110 0.111 0.009696
0.111 0.112 0.007580
0.112 0.113 0.005113
0.113 0.114 0.001997
0.114 0.115 0.001223
0.115 0.116 0.000000
0.116 0.117 0.000000
0.117 0.118 0.000000
0.118 0.119 0.000000
0.119 0.120 0.000000
0.120 0.121 0.000000
0.121 0.122 0.000000
0.122 0.123 0.000000
0.123 0.124 0.000000
0.124 0.125 0.000000
0.125 0.126 0.000000
0.126 0.127 0.000000
0.127 0.128 0.000000
0.128 0.129 0.000000
0.129 0.130 0.000000
0.130 0.131 0.000000
0.131 0.132 0.000000
0.132 0.133 0.000000
0.133 0.134 0.000000
0.134 0.135 0.000000
0.135 0.136 0.000000
0.136 0.137 0.000000
0.137 0.138 0.000000
0.138 0.139 0.000000
0.139 0.140 0.000000
0.140 0.141 0.000000
0.141 0.142 0.000000
0.142 0.143 0.000000
0.143 0.144 0.000000
0.144 0.145 0.000000
0.145 0.146 0.000000
0.146 0.147 0.000000
0.147 0.148 0.000000
0.148 0.149 0.000000
0.149 0.150 0.000000
