1
0.000 0.001 0.000000
0.001 0.002 0.000000
0.002 0.003 0.000000
0.003 0.004 0.000000
0.004 0.005 0.000000
0.005 0.006 0.000000
0.006 0.007 0.000000
0.007 0.008 0.000000
0.008 0.009 0.000000
0.009 0.010 0.000000
0.010 0.011 0.000000
0.011 0.012 0.000000
0.012 0.013 0.000000
0.013 0.014 0.000000
0.014 0.015 0.000000
0.015 0.016 0.000000
0.016 0.017 0.000000
0.017 0.018 0.000000
0.018 0.019 0.000002
0.019 0.020 0.000013
0.020 0.021 0.000063
0.021 0.022 0.000234
0.022 0.023 0.000707
0.023 0.024 0.001807
0.024 0.025 0.004017
0.025 0.026 0.007983
0.026 0.027 0.014359
0.027 0.028 0.023861
0.028 0.029 0.037194
0.029 0.030 0.054616
0.030 0.031 0.076250
0.031 0.032 0.101570
0.032 0.033 0.131591
0.033 0.034 0.164827
0.034 0.035 0.199668
0.035 0.036 0.236319
0.036 0.037 0.273377
0.037 0.038 0.310821
0.038 0.039 0.349557
0.039 0.040 0.388882
0.040 0.041 0.423907
0.041 0.042 0.457789
0.042 0.043 0.489285
0.043 0.044 0.520294
0.044 0.045 0.548801
0.045 0.046 0.569252
0.046 0.047 0.591815
0.047 0.048 0.609207
0.048 0.049 0.621707
0.049 0.050 0.632014
0.050 0.051 0.643364
0.051 0.052 0.654725
0.052 0.053 0.653922
0.053 0.054 0.651803
0.054 0.055 0.654725
0.055 0.056 0.652957
0.056 0.057 0.643720
0.057 0.058 0.761729
0.058 0.059 1.000000
0.059 0.060 0.872883
0.060 0.061 0.631565
0.061 0.062 0.616064
0.062 0.063 0.582966
0.063 0.064 0.567678
0.064 0.065 0.552641
0.065 0.066 0.536541
0.066 0.067 0.625718
0.067 0.068 0.614807
0.068 0.069 0.510659
0.069 0.070 0.461590
0.070 0.071 0.402771
0.071 0.072 0.391263
0.072 0.073 0.374051
0.073 0.074 0.353789
0.074 0.075 0.332940
0.075 0.076 0.312905
0.076 0.077 0.294612
0.077 0.078 0.275485
0.078 0.079 0.258224
0.079 0.080 0.240393
0.080 0.081 0.218061
0.081 0.082 0.192643
0.082 0.083 0.171308
0.083 0.084 0.153335
0.084 0.085 0.132676
0.085 0.086 0.111598
0.086 0.087 0.087539
0.087 0.088 0.063987
0.088 0.089 0.037842
0.089 0.090 0.016555
0.090 0.091 0.001614
0.091 0.092 0.000000
0.092 0.093 0.000000
0.093 0.094 0.000000
0.094 0.095 0.000000
0.095 0.096 0.000000
0.096 0.097 0.000000
0.097 0.098 0.000000
0.098 0.099 0.000000
0.099 0.100 0.000000
0.100 0.101 0.000000
0.101 0.102 0.000000
0.102 0.103 0.000000
0.103 0.104 0.000000
0.104 0.105 0.000000
0.105 0.106 0.000000
0.106 0.107 0.000000
0.107 0.108 0.000000
0.108 0.109 0.000000
0.109 0.110 0.000000
0.110 0.111 0.000000
0.111 0.112 0.000000
0.112 0.113 0.000000
0.113 0.114 0.000000
0.114 0.115 0.000000
0.115 0.116 0.000000
0.116 0.117 0.000000
0.117 0.118 0.000000
0.118 0.119 0.000000
0.119 0.120 0.000000
0.120 0.121 0.000000
0.121 0.122 0.000000
0.122 0.123 0.000000
0.123 0.124 0.000000
0.124 0.125 0.000000
0.125 0.126 0.000000
0.126 0.127 0.000000
0.127 0.128 0.000000
0.128 0.129 0.000000
0.129 0.130 0.000000
0.130 0.131 0.000000
0.131 0.132 0.000000
0.132 0.133 0.000000
0.133 0.134 0.000000
0.134 0.135 0.000000
0.135 0.136 0.000000
0.136 0.137 0.000000
0.137 0.138 0.000000
0.138 0.139 0.000000
0.139 0.140 0.000000
0.140 0.141 0.000000
0.141 0.142 0.000000
0.142 0.143 0.000000
0.143 0.144 0.000000
0.144 0.145 0.000000
0.145 0.146 0.000000
0.146 0.147 0.000000
0.147 0.148 0.000000
0.148 0.149 0.000000
0.149 0.150 0.000000
