1
0.000 0.001 0.000000
0.001 0.002 0.000000
0.002 0.003 0.000000
0.003 0.004 0.000000
0.004 0.005 0.000000
0.005 0.006 0.000000
0.006 0.007 0.000000
0.007 0.008 0.000000
0.008 0.009 0.000000
0.009 0.010 0.000000
0.010 0.011 0.000000
0.011 0.012 0.000000
0.012 0.013 0.000000
0.013 0.014 0.000000
0.014 0.015 0.000000
0.015 0.016 0.000002
0.016 0.017 0.000016
0.017 0.018 0.000101
0.018 0.019 0.000456
0.019 0.020 0.001575
0.020 0.021 0.004391
0.021 0.022 0.010329
0.022 0.023 0.021075
0.023 0.024 0.038391
0.024 0.025 0.063977
0.025 0.026 0.098377
0.026 0.027 0.141748
0.027 0.028 0.193990
0.028 0.029 0.253676
0.029 0.030 0.319388
0.030 0.031 0.389518
0.031 0.032 0.459890
0.032 0.033 0.529965
0.033 0.034 0.598256
0.034 0.035 0.664120
0.035 0.036 0.725972
0.036 0.037 0.779792
0.037 0.038 0.830896
0.038 0.039 0.875659
0.039 0.040 0.911465
0.040 0.041 0.941765
0.041 0.042 0.966854
0.042 0.043 0.984497
0.043 0.044 0.993745
0.044 0.045 1.000000
0.045 0.046 0.995386
0.046 0.047 0.987983
0.047 0.048 0.977128
0.048 0.049 0.957755
0.049 0.050 0.937095
0.050 0.051 0.913978
0.051 0.052 0.885395
0.052 0.053 0.858234
0.053 0.054 0.832960
0.054 0.055 0.800266
0.055 0.056 0.757016
0.056 0.057 0.713520
0.057 0.058 0.730733
0.058 0.059 0.786585
0.059 0.060 0.703801
0.060 0.061 0.575628
0.061 0.062 0.544063
0.062 0.063 0.510908
0.063 0.064 0.475734
0.064 0.065 0.439510
0.065 0.066 0.397142
0.066 0.067 0.400534
0.067 0.068 0.371838
0.068 0.069 0.307614
0.069 0.070 0.264121
0.070 0.071 0.229411
0.071 0.072 0.204409
0.072 0.073 0.173807
0.073 0.074 0.148384
0.074 0.075 0.129658
0.075 0.076 0.110212
0.076 0.077 0.087938
0.077 0.078 0.070463
0.078 0.079 0.051897
0.079 0.080 0.034947
0.080 0.081 0.025795
0.081 0.082 0.011760
0.082 0.083 0.003174
0.083 0.084 0.000000
0.084 0.085 0.000000
0.085 0.086 0.000000
0.086 0.087 0.000000
0.087 0.088 0.000000
0.088 0.089 0.000000
0.089 0.090 0.000000
0.090 0.091 0.000000
0.091 0.092 0.000000
0.092 0.093 0.000000
0.093 0.094 0.000000
0.094 0.095 0.000000
0.095 0.096 0.000000
0.096 0.097 0.000000
0.097 0.098 0.000000
0.098 0.099 0.000000
0.099 0.100 0.000000
0.100 0.101 0.000000
0.101 0.102 0.000000
0.102 0.103 0.000000
0.103 0.104 0.000000
0.104 0.105 0.000000
0.105 0.106 0.000000
0.106 0.107 0.000000
0.107 0.108 0.000000
0.108 0.109 0.000000
0.109 0.110 0.000000
0.110 0.111 0.000000
0.111 0.112 0.000000
0.112 0.113 0.000000
0.113 0.114 0.000000
0.114 0.115 0.000000
0.115 0.116 0.000000
0.116 0.117 0.000000
0.117 0.118 0.000000
0.118 0.119 0.000000
0.119 0.120 0.000000
0.120 0.121 0.000000
0.121 0.122 0.000000
0.122 0.123 0.000000
0.123 0.124 0.000000
0.124 0.125 0.000000
0.125 0.126 0.000000
0.126 0.127 0.000000
0.127 0.128 0.000000
0.128 0.129 0.000000
0.129 0.130 0.000000
0.130 0.131 0.000000
0.131 0.132 0.000000
0.132 0.133 0.000000
0.133 0.134 0.000000
0.134 0.135 0.000000
0.135 0.136 0.000000
0.136 0.137 0.000000
0.137 0.138 0.000000
0.138 0.139 0.000000
0.139 0.140 0.000000
0.140 0.141 0.000000
0.141 0.142 0.000000
0.142 0.143 0.000000
0.143 0.144 0.000000
0.144 0.145 0.000000
0.145 0.146 0.000000
0.146 0.147 0.000000
0.147 0.148 0.000000
0.148 0.149 0.000000
0.149 0.150 0.000000
