1
0.000 0.001 0.000000
0.001 0.002 0.000000
0.002 0.003 0.000000
0.003 0.004 0.000000
0.004 0.005 0.000000
0.005 0.006 0.000000
0.006 0.007 0.000000
0.007 0.008 0.000000
0.008 0.009 0.000000
0.009 0.010 0.000000
0.010 0.011 0.000000
0.011 0.012 0.000000
0.012 0.013 0.000000
0.013 0.014 0.000000
0.014 0.015 0.000000
0.015 0.016 0.000000
0.016 0.017 0.000000
0.017 0.018 0.000000
0.018 0.019 0.000000
0.019 0.020 0.000002
0.020 0.021 0.000015
0.021 0.022 0.000072
0.022 0.023 0.000266
0.023 0.024 0.000804
0.024 0.025 0.002060
0.025 0.026 0.004597
0.026 0.027 0.009127
0.027 0.028 0.016491
0.028 0.029 0.027560
0.029 0.030 0.042980
0.030 0.031 0.063127
0.031 0.032 0.087988
0.032 0.033 0.118062
0.033 0.034 0.152360
0.034 0.035 0.190052
0.035 0.036 0.231200
0.036 0.037 0.273832
0.037 0.038 0.317496
0.038 0.039 0.362366
0.039 0.040 0.407555
0.040 0.041 0.450024
0.041 0.042 0.491135
0.042 0.043 0.530038
0.043 0.044 0.565809
0.044 0.045 0.599553
0.045 0.046 0.626505
0.046 0.047 0.651762
0.047 0.048 0.672630
0.048 0.049 0.688274
0.049 0.050 0.700798
0.050 0.051 0.712134
0.051 0.052 0.720523
0.052 0.053 0.720745
0.053 0.054 0.720196
0.054 0.055 0.718426
0.055 0.056 0.709505
0.056 0.057 0.695754
0.057 0.058 0.796589
0.058 0.059 1.000000
0.059 0.060 0.878682
0.060 0.061 0.654697
0.061 0.062 0.634686
0.062 0.063 0.598919
0.063 0.064 0.578683
0.064 0.065 0.558471
0.065 0.066 0.536462
0.066 0.067 0.608274
0.067 0.068 0.590178
0.068 0.069 0.485447
0.069 0.070 0.438046
0.070 0.071 0.381844
0.071 0.072 0.364674
0.072 0.073 0.341248
0.073 0.074 0.320976
0.074 0.075 0.297776
0.075 0.076 0.278407
0.076 0.077 0.259370
0.077 0.078 0.239737
0.078 0.079 0.221812
0.079 0.080 0.202682
0.080 0.081 0.185551
0.081 0.082 0.165419
0.082 0.083 0.147721
0.083 0.084 0.129734
0.084 0.085 0.116043
0.085 0.086 0.102541
0.086 0.087 0.087082
0.087 0.088 0.070261
0.088 0.089 0.056763
0.089 0.090 0.045250
0.090 0.091 0.034473
0.091 0.092 0.026621
0.092 0.093 0.018788
0.093 0.094 0.008999
0.094 0.095 0.002447
0.095 0.096 0.000000
0.096 0.097 0.000000
0.097 0.098 0.000000
0.098 0.099 0.000000
0.099 0.100 0.000000
0.100 0.101 0.000000
0.101 0.102 0.000000
0.102 0.103 0.000000
0.103 0.104 0.000000
0.104 0.105 0.000000
0.105 0.106 0.000000
0.106 0.107 0.000000
0.107 0.108 0.000000
0.108 0.109 0.000000
0.109 0.110 0.000000
0.110 0.111 0.000000
0.111 0.112 0.000000
0.112 0.113 0.000000
0.113 0.114 0.000000
0.114 0.115 0.000000
0.115 0.116 0.000000
0.116 0.117 0.000000
0.117 0.118 0.000000
0.118 0.119 0.000000
0.119 0.120 0.000000
0.120 0.121 0.000000
0.121 0.122 0.000000
0.122 0.123 0.000000
0.123 0.124 0.000000
0.124 0.125 0.000000
0.125 0.126 0.000000
0.126 0.127 0.000000
0.127 0.128 0.000000
0.128 0.129 0.000000
0.129 0.130 0.000000
0.130 0.131 0.000000
0.131 0.132 0.000000
0.132 0.133 0.000000
0.133 0.134 0.000000
0.134 0.135 0.000000
0.135 0.136 0.000000
0.136 0.137 0.000000
0.137 0.138 0.000000
0.138 0.139 0.000000
0.139 0.140 0.000000
0.140 0.141 0.000000
0.141 0.142 0.000000
0.142 0.143 0.000000
0.143 0.144 0.000000
0.144 0.145 0.000000
0.145 0.146 0.000000
0.146 0.147 0.000000
0.147 0.148 0.000000
0.148 0.149 0.000000
0.149 0.150 0.000000
