1
0.000 0.001 0.000000
0.001 0.002 0.000000
0.002 0.003 0.000000
0.003 0.004 0.000000
0.004 0.005 0.000000
0.005 0.006 0.000000
0.006 0.007 0.000000
0.007 0.008 0.000000
0.008 0.009 0.000000
0.009 0.010 0.000000
0.010 0.011 0.000000
0.011 0.012 0.000000
0.012 0.013 0.000000
0.013 0.014 0.000000
0.014 0.015 0.000000
0.015 0.016 0.000000
0.016 0.017 0.000000
0.017 0.018 0.000000
0.018 0.019 0.000001
0.019 0.020 0.000007
0.020 0.021 0.000033
0.021 0.022 0.000128
0.022 0.023 0.000404
0.023 0.024 0.001066
0.024 0.025 0.002446
0.025 0.026 0.004967
0.026 0.027 0.009107
0.027 0.028 0.015445
0.028 0.029 0.024477
0.029 0.030 0.036370
0.030 0.031 0.051258
0.031 0.032 0.069354
0.032 0.033 0.090589
0.033 0.034 0.114163
0.034 0.035 0.139920
0.035 0.036 0.168191
0.036 0.037 0.197501
0.037 0.038 0.225242
0.038 0.039 0.253383
0.039 0.040 0.283047
0.040 0.041 0.310671
0.041 0.042 0.336551
0.042 0.043 0.363013
0.043 0.044 0.386079
0.044 0.045 0.408232
0.045 0.046 0.429467
0.046 0.047 0.445262
0.047 0.048 0.462030
0.048 0.049 0.478657
0.049 0.050 0.488174
0.050 0.051 0.496693
0.051 0.052 0.507472
0.052 0.053 0.517217
0.053 0.054 0.522093
0.054 0.055 0.523314
0.055 0.056 0.526721
0.056 0.057 0.531937
0.057 0.058 0.693403
0.058 0.059 1.000000
0.059 0.060 0.833511
0.060 0.061 0.526046
0.061 0.062 0.521471
0.062 0.063 0.500413
0.063 0.064 0.490018
0.064 0.065 0.481212
0.065 0.066 0.475630
0.066 0.067 0.598770
0.067 0.068 0.591105
0.068 0.069 0.473946
0.069 0.070 0.431403
0.070 0.071 0.365791
0.071 0.072 0.355751
0.072 0.073 0.342718
0.073 0.074 0.339611
0.074 0.075 0.334471
0.075 0.076 0.322219
0.076 0.077 0.307493
0.077 0.078 0.296661
0.078 0.079 0.291502
0.079 0.080 0.283890
0.080 0.081 0.272482
0.081 0.082 0.259498
0.082 0.083 0.246406
0.083 0.084 0.231918
0.084 0.085 0.220239
0.085 0.086 0.210411
0.086 0.087 0.198918
0.087 0.088 0.188842
0.088 0.089 0.178516
0.089 0.090 0.165531
0.090 0.091 0.149831
0.091 0.092 0.135689
0.092 0.093 0.124151
0.093 0.094 0.113589
0.094 0.095 0.101222
0.095 0.096 0.089238
0.096 0.097 0.074964
0.097 0.098 0.061983
0.098 0.099 0.046941
0.099 0.100 0.037784
0.100 0.101 0.032203
0.101 0.102 0.024005
0.102 0.103 0.015862
0.103 0.104 0.009621
0.104 0.105 0.005232
0.105 0.106 0.000938
0.106 0.107 0.000000
0.107 0.108 0.000000
0.108 0.109 0.000000
0.109 0.110 0.000000
0.110 0.111 0.000000
0.111 0.112 0.000000
0.112 0.113 0.000000
0.113 0.114 0.000000
0.114 0.115 0.000000
0.115 0.116 0.000000
0.116 0.117 0.000000
0.117 0.118 0.000000
0.118 0.119 0.000000
0.119 0.120 0.000000
0.120 0.121 0.000000
0.121 0.122 0.000000
0.122 0.123 0.000000
0.123 0.124 0.000000
0.124 0.125 0.000000
0.125 0.126 0.000000
0.126 0.127 0.000000
0.127 0.128 0.000000
0.128 0.129 0.000000
0.129 0.130 0.000000
0.130 0.131 0.000000
0.131 0.132 0.000000
0.132 0.133 0.000000
0.133 0.134 0.000000
0.134 0.135 0.000000
0.135 0.136 0.000000
0.136 0.137 0.000000
0.137 0.138 0.000000
0.138 0.139 0.000000
0.139 0.140 0.000000
0.140 0.141 0.000000
0.141 0.142 0.000000
0.142 0.143 0.000000
0.143 0.144 0.000000
0.144 0.145 0.000000
0.145 0.146 0.000000
0.146 0.147 0.000000
0.147 0.148 0.000000
0.148 0.149 0.000000
0.149 0.150 0.000000
