1
0.000 0.001 0.000000
0.001 0.002 0.000000
0.002 0.003 0.000000
0.003 0.004 0.000000
0.004 0.005 0.000000
0.005 0.006 0.000000
0.006 0.007 0.000000
0.007 0.008 0.000000
0.008 0.009 0.000000
0.009 0.010 0.000000
0.010 0.011 0.000000
0.011 0.012 0.000000
0.012 0.013 0.000000
0.013 0.014 0.000000
0.014 0.015 0.000000
0.015 0.016 0.000001
0.016 0.017 0.000009
0.017 0.018 0.000054
0.018 0.019 0.000223
0.019 0.020 0.000724
0.020 0.021 0.001923
0.021 0.022 0.004348
0.022 0.023 0.008643
0.023 0.024 0.015442
0.024 0.025 0.025316
0.025 0.026 0.038571
0.026 0.027 0.055304
0.027 0.028 0.075573
0.028 0.029 0.098857
0.029 0.030 0.124394
0.030 0.031 0.152006
0.031 0.032 0.180638
0.032 0.033 0.209840
0.033 0.034 0.239111
0.034 0.035 0.267655
0.035 0.036 0.294977
0.036 0.037 0.321201
0.037 0.038 0.346154
0.038 0.039 0.368229
0.039 0.040 0.388438
0.040 0.041 0.406644
0.041 0.042 0.422605
0.042 0.043 0.437066
0.043 0.044 0.448847
0.044 0.045 0.459599
0.045 0.046 0.466936
0.046 0.047 0.472331
0.047 0.048 0.478656
0.048 0.049 0.482312
0.049 0.050 0.482239
0.050 0.051 0.482432
0.051 0.052 0.483410
0.052 0.053 0.481519
0.053 0.054 0.477899
0.054 0.055 0.473918
0.055 0.056 0.470654
0.056 0.057 0.467008
0.057 0.058 0.649890
0.058 0.059 1.000000
0.059 0.060 0.804056
0.060 0.061 0.452675
0.061 0.062 0.445087
0.062 0.063 0.418727
0.063 0.064 0.409683
0.064 0.065 0.399675
0.065 0.066 0.390225
0.066 0.067 0.521331
0.067 0.068 0.512637
0.068 0.069 0.392358
0.069 0.070 0.351708
0.070 0.071 0.283791
0.071 0.072 0.277111
0.072 0.073 0.268441
0.073 0.074 0.262221
0.074 0.075 0.256136
0.075 0.076 0.249113
0.076 0.077 0.240320
0.077 0.078 0.232407
0.078 0.079 0.227876
0.079 0.080 0.222653
0.080 0.081 0.216186
0.081 0.082 0.208490
0.082 0.083 0.201127
0.083 0.084 0.194218
0.084 0.085 0.188092
0.085 0.086 0.182355
0.086 0.087 0.175777
0.087 0.088 0.170388
0.088 0.089 0.164984
0.089 0.090 0.158215
0.090 0.091 0.152159
0.091 0.092 0.144184
0.092 0.093 0.138371
0.093 0.094 0.134995
0.094 0.095 0.129285
0.095 0.096 0.123853
0.096 0.097 0.118268
0.097 0.098 0.110869
0.098 0.099 0.105367
0.099 0.100 0.101014
0.100 0.101 0.097121
0.101 0.102 0.092692
0.102 0.103 0.087413
0.103 0.104 0.083251
0.104 0.105 0.079050
0.105 0.106 0.073554
0.106 0.107 0.069812
0.107 0.108 0.065275
0.108 0.109 0.061561
0.109 0.110 0.057889
0.110 0.111 0.054118
0.111 0.112 0.050784
0.112 0.113 0.046281
0.113 0.114 0.041844
0.114 0.115 0.039090
0.115 0.116 0.036068
0.116 0.117 0.032907
0.117 0.118 0.029814
0.118 0.119 0.025701
0.119 0.120 0.023145
0.120 0.121 0.021359
0.121 0.122 0.019358
0.122 0.123 0.017335
0.123 0.124 0.015193
0.124 0.125 0.012651
0.125 0.126 0.009818
0.126 0.127 0.008405
0.127 0.128 0.006728
0.128 0.129 0.005184
0.129 0.130 0.003389
0.130 0.131 0.002379
0.131 0.132 0.001648
0.132 0.133 0.000459
0.133 0.134 0.000000
0.134 0.135 0.000000
0.135 0.136 0.000000
0.136 0.137 0.000000
0.137 0.138 0.000000
0.138 0.139 0.000000
0.139 0.140 0.000000
0.140 0.141 0.000000
0.141 0.142 0.000000
0.142 0.143 0.000000
0.143 0.144 0.000000
0.144 0.145 0.000000
0.145 0.146 0.000000
0.146 0.147 0.000000
0.147 0.148 0.000000
0.148 0.149 0.000000
0.149 0.150 0.000000
