1
0.000 0.001 0.000000
0.001 0.002 0.000000
0.002 0.003 0.000000
0.003 0.004 0.000000
0.004 0.005 0.000000
0.005 0.006 0.000000
0.006 0.007 0.000000
0.007 0.008 0.000000
0.008 0.009 0.000000
0.009 0.010 0.000000
0.010 0.011 0.000000
0.011 0.012 0.000000
0.012 0.013 0.000000
0.013 0.014 0.000000
0.014 0.015 0.000000
0.015 0.016 0.000000
0.016 0.017 0.000000
0.017 0.018 0.000000
0.018 0.019 0.000000
0.019 0.020 0.000000
0.020 0.021 0.000000
0.021 0.022 0.000003
0.022 0.023 0.000015
0.023 0.024 0.000058
0.024 0.025 0.000186
0.025 0.026 0.000503
0.026 0.027 0.001182
0.027 0.028 0.002486
0.028 0.029 0.004752
0.029 0.030 0.008304
0.030 0.031 0.013549
0.031 0.032 0.020794
0.032 0.033 0.030322
0.033 0.034 0.042299
0.034 0.035 0.056718
0.035 0.036 0.073408
0.036 0.037 0.092347
0.037 0.038 0.113478
0.038 0.039 0.135739
0.039 0.040 0.159166
0.040 0.041 0.183596
0.041 0.042 0.208245
0.042 0.043 0.233333
0.043 0.044 0.257899
0.044 0.045 0.282389
0.045 0.046 0.305138
0.046 0.047 0.326291
0.047 0.048 0.348137
0.048 0.049 0.368388
0.049 0.050 0.385127
0.050 0.051 0.400666
0.051 0.052 0.416666
0.052 0.053 0.430526
0.053 0.054 0.441417
0.054 0.055 0.450977
0.055 0.056 0.460676
0.056 0.057 0.469017
0.057 0.058 0.650573
0.058 0.059 1.000000
0.059 0.060 0.829477
0.060 0.061 0.494117
0.061 0.062 0.494591
0.062 0.063 0.475336
0.063 0.064 0.471862
0.064 0.065 0.466653
0.065 0.066 0.462510
0.066 0.067 0.613646
0.067 0.068 0.611295
0.068 0.069 0.478916
0.069 0.070 0.435226
0.070 0.071 0.359587
0.071 0.072 0.353728
0.072 0.073 0.345244
0.073 0.074 0.340555
0.074 0.075 0.334849
0.075 0.076 0.327437
0.076 0.077 0.317238
0.077 0.078 0.307653
0.078 0.079 0.303779
0.079 0.080 0.298180
0.080 0.081 0.289559
0.081 0.082 0.279326
0.082 0.083 0.270229
0.083 0.084 0.261648
0.084 0.085 0.253679
0.085 0.086 0.246331
0.086 0.087 0.235818
0.087 0.088 0.230636
0.088 0.089 0.223748
0.089 0.090 0.214130
0.090 0.091 0.205393
0.091 0.092 0.193253
0.092 0.093 0.184989
0.093 0.094 0.180587
0.094 0.095 0.171313
0.095 0.096 0.164320
0.096 0.097 0.156754
0.097 0.098 0.147075
0.098 0.099 0.138184
0.099 0.100 0.131024
0.100 0.101 0.125296
0.101 0.102 0.118504
0.102 0.103 0.108779
0.103 0.104 0.103005
0.104 0.105 0.098058
0.105 0.106 0.091670
0.106 0.107 0.085574
0.107 0.108 0.078036
0.108 0.109 0.071588
0.109 0.110 0.064107
0.110 0.111 0.058819
0.111 0.112 0.054507
0.112 0.113 0.048609
0.113 0.114 0.043599
0.114 0.115 0.038742
0.115 0.116 0.032516
0.116 0.117 0.028513
0.117 0.118 0.024140
0.118 0.119 0.018373
0.119 0.120 0.014744
0.120 0.121 0.013724
0.121 0.122 0.011107
0.122 0.123 0.008390
0.123 0.124 0.004945
0.124 0.125 0.003122
0.125 0.126 0.000810
0.126 0.127 0.000000
0.127 0.128 0.000000
0.128 0.129 0.000000
0.129 0.130 0.000000
0.130 0.131 0.000000
0.131 0.132 0.000000
0.132 0.133 0.000000
0.133 0.134 0.000000
0.134 0.135 0.000000
0.135 0.136 0.000000
0.136 0.137 0.000000
0.137 0.138 0.000000
0.138 0.139 0.000000
0.139 0.140 0.000000
0.140 0.141 0.000000
0.141 0.142 0.000000
0.142 0.143 0.000000
0.143 0.144 0.000000
0.144 0.145 0.000000
0.145 0.146 0.000000
0.146 0.147 0.000000
0.147 0.148 0.000000
0.148 0.149 0.000000
0.149 0.150 0.000000
