1
0.000 0.001 0.000000
0.001 0.002 0.000000
0.002 0.003 0.000000
0.003 0.004 0.000000
0.004 0.005 0.000000
0.005 0.006 0.000000
0.006 0.007 0.000000
0.007 0.008 0.000000
0.008 0.009 0.000000
0.009 0.010 0.000000
0.010 0.011 0.000000
0.011 0.012 0.000000
0.012 0.013 0.000000
0.013 0.014 0.000000
0.014 0.015 0.000000
0.015 0.016 0.000000
0.016 0.017 0.000000
0.017 0.018 0.000000
0.018 0.019 0.000000
0.019 0.020 0.000000
0.020 0.021 0.000002
0.021 0.022 0.000010
0.022 0.023 0.000046
0.023 0.024 0.000164
0.024 0.025 0.000486
0.025 0.026 0.001230
0.026 0.027 0.002723
0.027 0.028 0.005431
0.028 0.029 0.009910
0.029 0.030 0.016614
0.030 0.031 0.026093
0.031 0.032 0.038740
0.032 0.033 0.054766
0.033 0.034 0.074166
0.034 0.035 0.096942
0.035 0.036 0.122870
0.036 0.037 0.151185
0.037 0.038 0.181212
0.038 0.039 0.212505
0.039 0.040 0.245162
0.040 0.041 0.277865
0.041 0.042 0.309950
0.042 0.043 0.342233
0.043 0.044 0.372690
0.044 0.045 0.401831
0.045 0.046 0.428320
0.046 0.047 0.451447
0.047 0.048 0.474481
0.048 0.049 0.495476
0.049 0.050 0.510311
0.050 0.051 0.523323
0.051 0.052 0.538268
0.052 0.053 0.550965
0.053 0.054 0.559029
0.054 0.055 0.563075
0.055 0.056 0.566685
0.056 0.057 0.570522
0.057 0.058 0.717245
0.058 0.059 1.000000
0.059 0.060 0.848301
0.060 0.061 0.564010
0.061 0.062 0.559028
0.062 0.063 0.537814
0.063 0.064 0.526485
0.064 0.065 0.515482
0.065 0.066 0.506132
0.066 0.067 0.622454
0.067 0.068 0.613064
0.068 0.069 0.493493
0.069 0.070 0.449481
0.070 0.071 0.383536
0.071 0.072 0.372212
0.072 0.073 0.356894
0.073 0.074 0.349934
0.074 0.075 0.340985
0.075 0.076 0.326668
0.076 0.077 0.310003
0.077 0.078 0.294159
0.078 0.079 0.287023
0.079 0.080 0.278159
0.080 0.081 0.265623
0.081 0.082 0.250842
0.082 0.083 0.236954
0.083 0.084 0.222514
0.084 0.085 0.208171
0.085 0.086 0.199163
0.086 0.087 0.188025
0.087 0.088 0.178611
0.088 0.089 0.168754
0.089 0.090 0.156470
0.090 0.091 0.142602
0.091 0.092 0.127537
0.092 0.093 0.118867
0.093 0.094 0.111739
0.094 0.095 0.102352
0.095 0.096 0.093476
0.096 0.097 0.082456
0.097 0.098 0.069316
0.098 0.099 0.058300
0.099 0.100 0.050917
0.100 0.101 0.047539
0.101 0.102 0.040697
0.102 0.103 0.030776
0.103 0.104 0.025296
0.104 0.105 0.021071
0.105 0.106 0.015996
0.106 0.107 0.009463
0.107 0.108 0.005983
0.108 0.109 0.001609
0.109 0.110 0.000000
0.110 0.111 0.000000
0.111 0.112 0.000000
0.112 0.113 0.000000
0.113 0.114 0.000000
0.114 0.115 0.000000
0.115 0.116 0.000000
0.116 0.117 0.000000
0.117 0.118 0.000000
0.118 0.119 0.000000
0.119 0.120 0.000000
0.120 0.121 0.000000
0.121 0.122 0.000000
0.122 0.123 0.000000
0.123 0.124 0.000000
0.124 0.125 0.000000
0.125 0.126 0.000000
0.126 0.127 0.000000
0.127 0.128 0.000000
0.128 0.129 0.000000
0.129 0.130 0.000000
0.130 0.131 0.000000
0.131 0.132 0.000000
0.132 0.133 0.000000
0.133 0.134 0.000000
0.134 0.135 0.000000
0.135 0.136 0.000000
0.136 0.137 0.000000
0.137 0.138 0.000000
0.138 0.139 0.000000
0.139 0.140 0.000000
0.140 0.141 0.000000
0.141 0.142 0.000000
0.142 0.143 0.000000
0.143 0.144 0.000000
0.144 0.145 0.000000
0.145 0.146 0.000000
0.146 0.147 0.000000
0.147 0.148 0.000000
0.148 0.149 0.000000
0.149 0.150 0.000000
