1
0.000 0.001 0.000000
0.001 0.002 0.000000
0.002 0.003 0.000000
0.003 0.004 0.000000
0.004 0.005 0.000000
0.005 0.006 0.000000
0.006 0.007 0.000000
0.007 0.008 0.000000
0.008 0.009 0.000000
0.009 0.010 0.000000
0.010 0.011 0.000000
0.011 0.012 0.000000
0.012 0.013 0.000000
0.013 0.014 0.000000
0.014 0.015 0.000000
0.015 0.016 0.000000
0.016 0.017 0.000001
0.017 0.018 0.000006
0.018 0.019 0.000039
0.019 0.020 0.000176
0.020 0.021 0.000604
0.021 0.022 0.001693
0.022 0.023 0.004014
0.023 0.024 0.008310
0.024 0.025 0.015413
0.025 0.026 0.026076
0.026 0.027 0.040787
0.027 0.028 0.060054
0.028 0.029 0.083898
0.029 0.030 0.111637
0.030 0.031 0.142934
0.031 0.032 0.177040
0.032 0.033 0.213295
0.033 0.034 0.250528
0.034 0.035 0.288324
0.035 0.036 0.326020
0.036 0.037 0.362342
0.037 0.038 0.395957
0.038 0.039 0.426615
0.039 0.040 0.455999
0.040 0.041 0.482685
0.041 0.042 0.506122
0.042 0.043 0.527778
0.043 0.044 0.545528
0.044 0.045 0.560790
0.045 0.046 0.572444
0.046 0.047 0.579668
0.047 0.048 0.587115
0.048 0.049 0.592370
0.049 0.050 0.593037
0.050 0.051 0.591912
0.051 0.052 0.592385
0.052 0.053 0.591824
0.053 0.054 0.586904
0.054 0.055 0.578772
0.055 0.056 0.571898
0.056 0.057 0.565764
0.057 0.058 0.713262
0.058 0.059 1.000000
0.059 0.060 0.832022
0.060 0.061 0.530200
0.061 0.062 0.519291
0.062 0.063 0.492779
0.063 0.064 0.477576
0.064 0.065 0.462861
0.065 0.066 0.450625
0.066 0.067 0.558526
0.067 0.068 0.546056
0.068 0.069 0.432334
0.069 0.070 0.390131
0.070 0.071 0.327533
0.071 0.072 0.316326
0.072 0.073 0.302505
0.073 0.074 0.295421
0.074 0.075 0.286829
0.075 0.076 0.274633
0.076 0.077 0.260504
0.077 0.078 0.247264
0.078 0.079 0.241301
0.079 0.080 0.233772
0.080 0.081 0.223175
0.081 0.082 0.211271
0.082 0.083 0.200424
0.083 0.084 0.189505
0.084 0.085 0.179695
0.085 0.086 0.170961
0.086 0.087 0.159412
0.087 0.088 0.152692
0.088 0.089 0.145687
0.089 0.090 0.136407
0.090 0.091 0.126197
0.091 0.092 0.115445
0.092 0.093 0.107422
0.093 0.094 0.100417
0.094 0.095 0.093692
0.095 0.096 0.087334
0.096 0.097 0.079562
0.097 0.098 0.070795
0.098 0.099 0.061279
0.099 0.100 0.054532
0.100 0.101 0.050054
0.101 0.102 0.045466
0.102 0.103 0.038978
0.103 0.104 0.033694
0.104 0.105 0.029714
0.105 0.106 0.024089
0.106 0.107 0.020526
0.107 0.108 0.016403
0.108 0.109 0.012650
0.109 0.110 0.008039
0.110 0.111 0.005802
0.111 0.112 0.003888
0.112 0.113 0.001042
0.113 0.114 0.000000
0.114 0.115 0.000000
0.115 0.116 0.000000
0.116 0.117 0.000000
0.117 0.118 0.000000
0.118 0.119 0.000000
0.119 0.120 0.000000
0.120 0.121 0.000000
0.121 0.122 0.000000
0.122 0.123 0.000000
0.123 0.124 0.000000
0.124 0.125 0.000000
0.125 0.126 0.000000
0.126 0.127 0.000000
0.127 0.128 0.000000
0.128 0.129 0.000000
0.129 0.130 0.000000
0.130 0.131 0.000000
0.131 0.132 0.000000
0.132 0.133 0.000000
0.133 0.134 0.000000
0.134 0.135 0.000000
0.135 0.136 0.000000
0.136 0.137 0.000000
0.137 0.138 0.000000
0.138 0.139 0.000000
0.139 0.140 0.000000
0.140 0.141 0.000000
0.141 0.142 0.000000
0.142 0.143 0.000000
0.143 0.144 0.000000
0.144 0.145 0.000000
0.145 0.146 0.000000
0.146 0.147 0.000000
0.147 0.148 0.000000
0.148 0.149 0.000000
0.149 0.150 0.000000
