1
0.000 0.001 0.000000
0.001 0.002 0.000000
0.002 0.003 0.000000
0.003 0.004 0.000000
0.004 0.005 0.000000
0.005 0.006 0.000000
0.006 0.007 0.000000
0.007 0.008 0.000000
0.008 0.009 0.000000
0.009 0.010 0.000000
0.010 0.011 0.000000
0.011 0.012 0.000000
0.012 0.013 0.000000
0.013 0.014 0.000000
0.014 0.015 0.000000
0.015 0.016 0.000000
0.016 0.017 0.000006
0.017 0.018 0.000048
0.018 0.019 0.000252
0.019 0.020 0.000978
0.020 0.021 0.002978
0.021 0.022 0.007457
0.022 0.023 0.015951
0.023 0.024 0.030144
0.024 0.025 0.051660
0.025 0.026 0.081262
0.026 0.027 0.119257
0.027 0.028 0.165382
0.028 0.029 0.218699
0.029 0.030 0.278642
0.030 0.031 0.341831
0.031 0.032 0.405507
0.032 0.033 0.470835
0.033 0.034 0.534764
0.034 0.035 0.595514
0.035 0.036 0.653359
0.036 0.037 0.704096
0.037 0.038 0.753289
0.038 0.039 0.798954
0.039 0.040 0.836827
0.040 0.041 0.868439
0.041 0.042 0.897378
0.042 0.043 0.919642
0.043 0.044 0.934805
0.044 0.045 0.949149
0.045 0.046 0.952437
0.046 0.047 0.954979
0.047 0.048 0.952856
0.048 0.049 0.943584
0.049 0.050 0.935425
0.050 0.051 0.925921
0.051 0.052 0.913861
0.052 0.053 0.895118
0.053 0.054 0.879066
0.054 0.055 0.861457
0.055 0.056 0.832032
0.056 0.057 0.800034
0.057 0.058 0.861201
0.058 0.059 1.000000
0.059 0.060 0.891862
0.060 0.061 0.705753
0.061 0.062 0.674180
0.062 0.063 0.637924
0.063 0.064 0.606971
0.064 0.065 0.573503
0.065 0.066 0.535636
0.066 0.067 0.565322
0.067 0.068 0.536004
0.068 0.069 0.446071
0.069 0.070 0.392088
0.070 0.071 0.340300
0.071 0.072 0.311956
0.072 0.073 0.274962
0.073 0.074 0.248210
0.074 0.075 0.219460
0.075 0.076 0.196499
0.076 0.077 0.173973
0.077 0.078 0.146449
0.078 0.079 0.123129
0.079 0.080 0.102372
0.080 0.081 0.086761
0.081 0.082 0.065248
0.082 0.083 0.051417
0.083 0.084 0.037675
0.084 0.085 0.026907
0.085 0.086 0.013868
0.086 0.087 0.002380
0.087 0.088 0.000000
0.088 0.089 0.000000
0.089 0.090 0.000000
0.090 0.091 0.000000
0.091 0.092 0.000000
0.092 0.093 0.000000
0.093 0.094 0.000000
0.094 0.095 0.000000
0.095 0.096 0.000000
0.096 0.097 0.000000
0.097 0.098 0.000000
0.098 0.099 0.000000
0.099 0.100 0.000000
0.100 0.101 0.000000
0.101 0.102 0.000000
0.102 0.103 0.000000
0.103 0.104 0.000000
0.104 0.105 0.000000
0.105 0.106 0.000000
0.106 0.107 0.000000
0.107 0.108 0.000000
0.108 0.109 0.000000
0.109 0.110 0.000000
0.110 0.111 0.000000
0.111 0.112 0.000000
0.112 0.113 0.000000
0.113 0.114 0.000000
0.114 0.115 0.000000
0.115 0.116 0.000000
0.116 0.117 0.000000
0.117 0.118 0.000000
0.118 0.119 0.000000
0.119 0.120 0.000000
0.120 0.121 0.000000
0.121 0.122 0.000000
0.122 0.123 0.000000
0.123 0.124 0.000000
0.124 0.125 0.000000
0.125 0.126 0.000000
0.126 0.127 0.000000
0.127 0.128 0.000000
0.128 0.129 0.000000
0.129 0.130 0.000000
0.130 0.131 0.000000
0.131 0.132 0.000000
0.132 0.133 0.000000
0.133 0.134 0.000000
0.134 0.135 0.000000
0.135 0.136 0.000000
0.136 0.137 0.000000
0.137 0.138 0.000000
0.138 0.139 0.000000
0.139 0.140 0.000000
0.140 0.141 0.000000
0.141 0.142 0.000000
0.142 0.143 0.000000
0.143 0.144 0.000000
0.144 0.145 0.000000
0.145 0.146 0.000000
0.146 0.147 0.000000
0.147 0.148 0.000000
0.148 0.149 0.000000
0.149 0.150 0.000000
