1
0.000 0.001 0.000000
0.001 0.002 0.000000
0.002 0.003 0.000000
0.003 0.004 0.000000
0.004 0.005 0.000000
0.005 0.006 0.000000
0.006 0.007 0.000000
0.007 0.008 0.000000
0.008 0.009 0.000000
0.009 0.010 0.000000
0.010 0.011 0.000000
0.011 0.012 0.000000
0.012 0.013 0.000000
0.013 0.014 0.000001
0.014 0.015 0.000016
0.015 0.016 0.000114
0.016 0.017 0.000541
0.017 0.018 0.001877
0.018 0.019 0.005096
0.019 0.020 0.011505
0.020 0.021 0.022475
0.021 0.022 0.038986
0.022 0.023 0.061642
0.023 0.024 0.090383
0.024 0.025 0.124584
0.025 0.026 0.163071
0.026 0.027 0.204519
0.027 0.028 0.248273
0.028 0.029 0.292539
0.029 0.030 0.335126
0.030 0.031 0.376454
0.031 0.032 0.415478
0.032 0.033 0.451126
0.033 0.034 0.483653
0.034 0.035 0.512191
0.035 0.036 0.535855
0.036 0.037 0.557770
0.037 0.038 0.576813
0.038 0.039 0.590179
0.039 0.040 0.601320
0.040 0.041 0.609884
0.041 0.042 0.613654
0.042 0.043 0.617270
0.043 0.044 0.618163
0.044 0.045 0.617412
0.045 0.046 0.613308
0.046 0.047 0.605736
0.047 0.048 0.600063
0.048 0.049 0.593406
0.049 0.050 0.581882
0.050 0.051 0.572373
0.051 0.052 0.564455
0.052 0.053 0.555610
0.053 0.054 0.544981
0.054 0.055 0.533647
0.055 0.056 0.523475
0.056 0.057 0.512741
0.057 0.058 0.679033
0.058 0.059 1.000000
0.059 0.060 0.807111
0.060 0.061 0.472618
0.061 0.062 0.459738
0.062 0.063 0.429693
0.063 0.064 0.417168
0.064 0.065 0.403943
0.065 0.066 0.392804
0.066 0.067 0.508493
0.067 0.068 0.497762
0.068 0.069 0.385388
0.069 0.070 0.344681
0.070 0.071 0.281405
0.071 0.072 0.272180
0.072 0.073 0.261382
0.073 0.074 0.254342
0.074 0.075 0.246597
0.075 0.076 0.236852
0.076 0.077 0.227699
0.077 0.078 0.219914
0.078 0.079 0.215036
0.079 0.080 0.208989
0.080 0.081 0.200769
0.081 0.082 0.191729
0.082 0.083 0.183797
0.083 0.084 0.176370
0.084 0.085 0.169503
0.085 0.086 0.163269
0.086 0.087 0.155403
0.087 0.088 0.149154
0.088 0.089 0.144135
0.089 0.090 0.137160
0.090 0.091 0.130564
0.091 0.092 0.122052
0.092 0.093 0.116302
0.093 0.094 0.113136
0.094 0.095 0.107296
0.095 0.096 0.101635
0.096 0.097 0.095523
0.097 0.098 0.088200
0.098 0.099 0.080974
0.099 0.100 0.076504
0.100 0.101 0.073059
0.101 0.102 0.069022
0.102 0.103 0.063421
0.103 0.104 0.059138
0.104 0.105 0.055652
0.105 0.106 0.051264
0.106 0.107 0.046966
0.107 0.108 0.041290
0.108 0.109 0.037862
0.109 0.110 0.034127
0.110 0.111 0.030661
0.111 0.112 0.027868
0.112 0.113 0.024208
0.113 0.114 0.021094
0.114 0.115 0.017471
0.115 0.116 0.014897
0.116 0.117 0.012614
0.117 0.118 0.010122
0.118 0.119 0.007011
0.119 0.120 0.004822
0.120 0.121 0.004211
0.121 0.122 0.002927
0.122 0.123 0.001135
0.123 0.124 0.000687
0.124 0.125 0.000000
0.125 0.126 0.000000
0.126 0.127 0.000000
0.127 0.128 0.000000
0.128 0.129 0.000000
0.129 0.130 0.000000
0.130 0.131 0.000000
0.131 0.132 0.000000
0.132 0.133 0.000000
0.133 0.134 0.000000
0.134 0.135 0.000000
0.135 0.136 0.000000
0.136 0.137 0.000000
0.137 0.138 0.000000
0.138 0.139 0.000000
0.139 0.140 0.000000
0.140 0.141 0.000000
0.141 0.142 0.000000
0.142 0.143 0.000000
0.143 0.144 0.000000
0.144 0.145 0.000000
0.145 0.146 0.000000
0.146 0.147 0.000000
0.147 0.148 0.000000
0.148 0.149 0.000000
0.149 0.150 0.000000
