1
0.000 0.001 0.000000
0.001 0.002 0.000000
0.002 0.003 0.000000
0.003 0.004 0.000000
0.004 0.005 0.000000
0.005 0.006 0.000000
0.006 0.007 0.000000
0.007 0.008 0.000000
0.008 0.009 0.000000
0.009 0.010 0.000000
0.010 0.011 0.000000
0.011 0.012 0.000000
0.012 0.013 0.000000
0.013 0.014 0.000000
0.014 0.015 0.000000
0.015 0.016 0.000000
0.016 0.017 0.000000
0.017 0.018 0.000000
0.018 0.019 0.000000
0.019 0.020 0.000000
0.020 0.021 0.000003
0.021 0.022 0.000016
0.022 0.023 0.000064
0.023 0.024 0.000210
0.024 0.025 0.000576
0.025 0.026 0.001363
0.026 0.027 0.002849
0.027 0.028 0.005418
0.028 0.029 0.009480
0.029 0.030 0.015317
0.030 0.031 0.023330
0.031 0.032 0.033738
0.032 0.033 0.046579
0.033 0.034 0.061881
0.034 0.035 0.079653
0.035 0.036 0.099518
0.036 0.037 0.121275
0.037 0.038 0.144225
0.038 0.039 0.167104
0.039 0.040 0.190792
0.040 0.041 0.215366
0.041 0.042 0.239198
0.042 0.043 0.263303
0.043 0.044 0.285876
0.044 0.045 0.308171
0.045 0.046 0.329421
0.046 0.047 0.346690
0.047 0.048 0.365521
0.048 0.049 0.384360
0.049 0.050 0.397931
0.050 0.051 0.409070
0.051 0.052 0.421850
0.052 0.053 0.435300
0.053 0.054 0.444157
0.054 0.055 0.450026
0.055 0.056 0.458380
0.056 0.057 0.466892
0.057 0.058 0.650314
0.058 0.059 1.000000
0.059 0.060 0.821794
0.060 0.061 0.481940
0.061 0.062 0.482145
0.062 0.063 0.464101
0.063 0.064 0.459258
0.064 0.065 0.453499
0.065 0.066 0.451341
0.066 0.067 0.598897
0.067 0.068 0.596009
0.068 0.069 0.468749
0.069 0.070 0.426311
0.070 0.071 0.352962
0.071 0.072 0.346194
0.072 0.073 0.337929
0.073 0.074 0.336848
0.074 0.075 0.333648
0.075 0.076 0.326836
0.076 0.077 0.316485
0.077 0.078 0.308571
0.078 0.079 0.306138
0.079 0.080 0.301108
0.080 0.081 0.292070
0.081 0.082 0.282048
0.082 0.083 0.273135
0.083 0.084 0.263834
0.084 0.085 0.256037
0.085 0.086 0.249677
0.086 0.087 0.240336
0.087 0.088 0.234601
0.088 0.089 0.228806
0.089 0.090 0.218369
0.090 0.091 0.206485
0.091 0.092 0.192789
0.092 0.093 0.184089
0.093 0.094 0.179446
0.094 0.095 0.170122
0.095 0.096 0.161161
0.096 0.097 0.150344
0.097 0.098 0.137465
0.098 0.099 0.123655
0.099 0.100 0.113971
0.100 0.101 0.109017
0.101 0.102 0.100486
0.102 0.103 0.088005
0.103 0.104 0.078064
0.104 0.105 0.070475
0.105 0.106 0.061868
0.106 0.107 0.052152
0.107 0.108 0.042110
0.108 0.109 0.034525
0.109 0.110 0.025961
0.110 0.111 0.018902
0.111 0.112 0.013707
0.112 0.113 0.009267
0.113 0.114 0.004121
0.114 0.115 0.000740
0.115 0.116 0.000000
0.116 0.117 0.000000
0.117 0.118 0.000000
0.118 0.119 0.000000
0.119 0.120 0.000000
0.120 0.121 0.000000
0.121 0.122 0.000000
0.122 0.123 0.000000
0.123 0.124 0.000000
0.124 0.125 0.000000
0.125 0.126 0.000000
0.126 0.127 0.000000
0.127 0.128 0.000000
0.128 0.129 0.000000
0.129 0.130 0.000000
0.130 0.131 0.000000
0.131 0.132 0.000000
0.132 0.133 0.000000
0.133 0.134 0.000000
0.134 0.135 0.000000
0.135 0.136 0.000000
0.136 0.137 0.000000
0.137 0.138 0.000000
0.138 0.139 0.000000
0.139 0.140 0.000000
0.140 0.141 0.000000
0.141 0.142 0.000000
0.142 0.143 0.000000
0.143 0.144 0.000000
0.144 0.145 0.000000
0.145 0.146 0.000000
0.146 0.147 0.000000
0.147 0.148 0.000000
0.148 0.149 0.000000
0.149 0.150 0.000000
