1
0.000 0.001 0.000000
0.001 0.002 0.000000
0.002 0.003 0.000000
0.003 0.004 0.000000
0.004 0.005 0.000000
0.005 0.006 0.000000
0.006 0.007 0.000000
0.007 0.008 0.000000
0.008 0.009 0.000000
0.009 0.010 0.000000
0.010 0.011 0.000000
0.011 0.012 0.000000
0.012 0.013 0.000000
0.013 0.014 0.000000
0.014 0.015 0.000000
0.015 0.016 0.000000
0.016 0.017 0.000000
0.017 0.018 0.000000
0.018 0.019 0.000000
0.019 0.020 0.000000
0.020 0.021 0.000002
0.021 0.022 0.000012
0.022 0.023 0.000048
0.023 0.024 0.000162
0.024 0.025 0.000454
0.025 0.026 0.001098
0.026 0.027 0.002335
0.027 0.028 0.004499
0.028 0.029 0.007968
0.029 0.030 0.013024
0.030 0.031 0.020019
0.031 0.032 0.029143
0.032 0.033 0.040571
0.033 0.034 0.054364
0.034 0.035 0.070301
0.035 0.036 0.088049
0.036 0.037 0.107623
0.037 0.038 0.128773
0.038 0.039 0.150251
0.039 0.040 0.172360
0.040 0.041 0.195011
0.041 0.042 0.217258
0.042 0.043 0.239584
0.043 0.044 0.261148
0.044 0.045 0.282465
0.045 0.046 0.301844
0.046 0.047 0.319369
0.047 0.048 0.337965
0.048 0.049 0.354837
0.049 0.050 0.368011
0.050 0.051 0.380362
0.051 0.052 0.393409
0.052 0.053 0.404455
0.053 0.054 0.412699
0.054 0.055 0.419906
0.055 0.056 0.428299
0.056 0.057 0.435795
0.057 0.058 0.629116
0.058 0.059 1.000000
0.059 0.060 0.814897
0.060 0.061 0.458207
0.061 0.062 0.458936
0.062 0.063 0.438977
0.063 0.064 0.436525
0.064 0.065 0.432550
0.065 0.066 0.429870
0.066 0.067 0.587421
0.067 0.068 0.585994
0.068 0.069 0.452911
0.069 0.070 0.410649
0.070 0.071 0.334405
0.071 0.072 0.330317
0.072 0.073 0.324277
0.073 0.074 0.321356
0.074 0.075 0.317913
0.075 0.076 0.312962
0.076 0.077 0.305215
0.077 0.078 0.299390
0.078 0.079 0.296476
0.079 0.080 0.291932
0.080 0.081 0.285006
0.081 0.082 0.276695
0.082 0.083 0.268943
0.083 0.084 0.261481
0.084 0.085 0.255056
0.085 0.086 0.249294
0.086 0.087 0.241658
0.087 0.088 0.236783
0.088 0.089 0.230051
0.089 0.090 0.220733
0.090 0.091 0.212272
0.091 0.092 0.200670
0.092 0.093 0.192692
0.093 0.094 0.188233
0.094 0.095 0.180638
0.095 0.096 0.173259
0.096 0.097 0.165388
0.097 0.098 0.155384
0.098 0.099 0.146270
0.099 0.100 0.138519
0.100 0.101 0.133055
0.101 0.102 0.126749
0.102 0.103 0.118554
0.103 0.104 0.112209
0.104 0.105 0.105877
0.105 0.106 0.099483
0.106 0.107 0.093619
0.107 0.108 0.086399
0.108 0.109 0.080317
0.109 0.110 0.073567
0.110 0.111 0.068277
0.111 0.112 0.063826
0.112 0.113 0.057687
0.113 0.114 0.052345
0.114 0.115 0.047005
0.115 0.116 0.042349
0.116 0.117 0.037856
0.117 0.118 0.033129
0.118 0.119 0.026483
0.119 0.120 0.023640
0.120 0.121 0.022343
0.121 0.122 0.019102
0.122 0.123 0.015343
0.123 0.124 0.012664
0.124 0.125 0.009599
0.125 0.126 0.006206
0.126 0.127 0.004395
0.127 0.128 0.002083
0.128 0.129 0.000551
0.129 0.130 0.000000
0.130 0.131 0.000000
0.131 0.132 0.000000
0.132 0.133 0.000000
0.133 0.134 0.000000
0.134 0.135 0.000000
0.135 0.136 0.000000
0.136 0.137 0.000000
0.137 0.138 0.000000
0.138 0.139 0.000000
0.139 0.140 0.000000
0.140 0.141 0.000000
0.141 0.142 0.000000
0.142 0.143 0.000000
0.143 0.144 0.000000
0.144 0.145 0.000000
0.145 0.146 0.000000
0.146 0.147 0.000000
0.147 0.148 0.000000
0.148 0.149 0.000000
0.149 0.150 0.000000
