1
0.000 0.001 0.000000
0.001 0.002 0.000000
0.002 0.003 0.000000
0.003 0.004 0.000000
0.004 0.005 0.000000
0.005 0.006 0.000000
0.006 0.007 0.000000
0.007 0.008 0.000000
0.008 0.009 0.000000
0.009 0.010 0.000000
0.010 0.011 0.000000
0.011 0.012 0.000000
0.012 0.013 0.000000
0.013 0.014 0.000000
0.014 0.015 0.000000
0.015 0.016 0.000000
0.016 0.017 0.000001
0.017 0.018 0.000007
0.018 0.019 0.000047
0.019 0.020 0.000210
0.020 0.021 0.000730
0.021 0.022 0.002048
0.022 0.023 0.004857
0.023 0.024 0.010035
0.024 0.025 0.018535
0.025 0.026 0.031213
0.026 0.027 0.048613
0.027 0.028 0.071187
0.028 0.029 0.098937
0.029 0.030 0.131328
0.030 0.031 0.167204
0.031 0.032 0.205378
0.032 0.033 0.247591
0.033 0.034 0.290566
0.034 0.035 0.331645
0.035 0.036 0.372796
0.036 0.037 0.411666
0.037 0.038 0.447458
0.038 0.039 0.483038
0.039 0.040 0.518250
0.040 0.041 0.546504
0.041 0.042 0.572399
0.042 0.043 0.595602
0.043 0.044 0.617203
0.044 0.045 0.635527
0.045 0.046 0.646410
0.046 0.047 0.658283
0.047 0.048 0.665775
0.048 0.049 0.669429
0.049 0.050 0.669720
0.050 0.051 0.671822
0.051 0.052 0.674920
0.052 0.053 0.667383
0.053 0.054 0.658566
0.054 0.055 0.653937
0.055 0.056 0.646923
0.056 0.057 0.634360
0.057 0.058 0.755778
0.058 0.059 1.000000
0.059 0.060 0.858779
0.060 0.061 0.603371
0.061 0.062 0.586280
0.062 0.063 0.552016
0.063 0.064 0.534588
0.064 0.065 0.518608
0.065 0.066 0.503013
0.066 0.067 0.591360
0.067 0.068 0.579045
0.068 0.069 0.475950
0.069 0.070 0.429294
0.070 0.071 0.371927
0.071 0.072 0.360395
0.072 0.073 0.344182
0.073 0.074 0.327562
0.074 0.075 0.310338
0.075 0.076 0.292214
0.076 0.077 0.275228
0.077 0.078 0.258906
0.078 0.079 0.245362
0.079 0.080 0.230558
0.080 0.081 0.211551
0.081 0.082 0.190400
0.082 0.083 0.172107
0.083 0.084 0.155972
0.084 0.085 0.138693
0.085 0.086 0.121658
0.086 0.087 0.102080
0.087 0.088 0.082545
0.088 0.089 0.061392
0.089 0.090 0.045167
0.090 0.091 0.033937
0.091 0.092 0.021701
0.092 0.093 0.010270
0.093 0.094 0.001333
0.094 0.095 0.000000
0.095 0.096 0.000000
0.096 0.097 0.000000
0.097 0.098 0.000000
0.098 0.099 0.000000
0.099 0.100 0.000000
0.100 0.101 0.000000
0.101 0.102 0.000000
0.102 0.103 0.000000
0.103 0.104 0.000000
0.104 0.105 0.000000
0.105 0.106 0.000000
0.106 0.107 0.000000
0.107 0.108 0.000000
0.108 0.109 0.000000
0.109 0.110 0.000000
0.110 0.111 0.000000
0.111 0.112 0.000000
0.112 0.113 0.000000
0.113 0.114 0.000000
0.114 0.115 0.000000
0.115 0.116 0.000000
0.116 0.117 0.000000
0.117 0.118 0.000000
0.118 0.119 0.000000
0.119 0.120 0.000000
0.120 0.121 0.000000
0.121 0.122 0.000000
0.122 0.123 0.000000
0.123 0.124 0.000000
0.124 0.125 0.000000
0.125 0.126 0.000000
0.126 0.127 0.000000
0.127 0.128 0.000000
0.128 0.129 0.000000
0.129 0.130 0.000000
0.130 0.131 0.000000
0.131 0.132 0.000000
0.132 0.133 0.000000
0.133 0.134 0.000000
0.134 0.135 0.000000
0.135 0.136 0.000000
0.136 0.137 0.000000
0.137 0.138 0.000000
0.138 0.139 0.000000
0.139 0.140 0.000000
0.140 0.141 0.000000
0.141 0.142 0.000000
0.142 0.143 0.000000
0.143 0.144 0.000000
0.144 0.145 0.000000
0.145 0.146 0.000000
0.146 0.147 0.000000
0.147 0.148 0.000000
0.148 0.149 0.000000
0.149 0.150 0.000000
