1
0.000 0.001 0.000000
0.001 0.002 0.000000
0.002 0.003 0.000000
0.003 0.004 0.000000
0.004 0.005 0.000000
0.005 0.006 0.000000
0.006 0.007 0.000000
0.007 0.008 0.000000
0.008 0.009 0.000000
0.009 0.010 0.000000
0.010 0.011 0.000000
0.011 0.012 0.000000
0.012 0.013 0.000000
0.013 0.014 0.000000
0.014 0.015 0.000000
0.015 0.016 0.000006
0.016 0.017 0.000045
0.017 0.018 0.000229
0.018 0.019 0.000861
0.019 0.020 0.002554
0.020 0.021 0.006278
0.021 0.022 0.013293
0.022 0.023 0.024894
0.023 0.024 0.042157
0.024 0.025 0.065838
0.025 0.026 0.095877
0.026 0.027 0.131926
0.027 0.028 0.173724
0.028 0.029 0.219938
0.029 0.030 0.268825
0.030 0.031 0.318622
0.031 0.032 0.368078
0.032 0.033 0.416822
0.033 0.034 0.464277
0.034 0.035 0.508933
0.035 0.036 0.551056
0.036 0.037 0.588729
0.037 0.038 0.619035
0.038 0.039 0.646008
0.039 0.040 0.671492
0.040 0.041 0.689878
0.041 0.042 0.704228
0.042 0.043 0.716170
0.043 0.044 0.722173
0.044 0.045 0.725258
0.045 0.046 0.728476
0.046 0.047 0.727215
0.047 0.048 0.725728
0.048 0.049 0.721561
0.049 0.050 0.711618
0.050 0.051 0.701942
0.051 0.052 0.693068
0.052 0.053 0.681938
0.053 0.054 0.668121
0.054 0.055 0.651312
0.055 0.056 0.633166
0.056 0.057 0.621456
0.057 0.058 0.749324
0.058 0.059 1.000000
0.059 0.060 0.839261
0.060 0.061 0.562681
0.061 0.062 0.545200
0.062 0.063 0.513976
0.063 0.064 0.492441
0.064 0.065 0.472690
0.065 0.066 0.453523
0.066 0.067 0.543099
0.067 0.068 0.528461
0.068 0.069 0.425562
0.069 0.070 0.382760
0.070 0.071 0.325308
0.071 0.072 0.310922
0.072 0.073 0.293082
0.073 0.074 0.282786
0.074 0.075 0.271235
0.075 0.076 0.253732
0.076 0.077 0.239333
0.077 0.078 0.227065
0.078 0.079 0.218382
0.079 0.080 0.208806
0.080 0.081 0.196745
0.081 0.082 0.182905
0.082 0.083 0.169803
0.083 0.084 0.155101
0.084 0.085 0.145569
0.085 0.086 0.137213
0.086 0.087 0.127618
0.087 0.088 0.118934
0.088 0.089 0.109806
0.089 0.090 0.099705
0.090 0.091 0.088681
0.091 0.092 0.076994
0.092 0.093 0.070196
0.093 0.094 0.063939
0.094 0.095 0.056737
0.095 0.096 0.049995
0.096 0.097 0.041780
0.097 0.098 0.032171
0.098 0.099 0.025006
0.099 0.100 0.020031
0.100 0.101 0.017352
0.101 0.102 0.011548
0.102 0.103 0.008197
0.103 0.104 0.005146
0.104 0.105 0.001483
0.105 0.106 0.000000
0.106 0.107 0.000000
0.107 0.108 0.000000
0.108 0.109 0.000000
0.109 0.110 0.000000
0.110 0.111 0.000000
0.111 0.112 0.000000
0.112 0.113 0.000000
0.113 0.114 0.000000
0.114 0.115 0.000000
0.115 0.116 0.000000
0.116 0.117 0.000000
0.117 0.118 0.000000
0.118 0.119 0.000000
0.119 0.120 0.000000
0.120 0.121 0.000000
0.121 0.122 0.000000
0.122 0.123 0.000000
0.123 0.124 0.000000
0.124 0.125 0.000000
0.125 0.126 0.000000
0.126 0.127 0.000000
0.127 0.128 0.000000
0.128 0.129 0.000000
0.129 0.130 0.000000
0.130 0.131 0.000000
0.131 0.132 0.000000
0.132 0.133 0.000000
0.133 0.134 0.000000
0.134 0.135 0.000000
0.135 0.136 0.000000
0.136 0.137 0.000000
0.137 0.138 0.000000
0.138 0.139 0.000000
0.139 0.140 0.000000
0.140 0.141 0.000000
0.141 0.142 0.000000
0.142 0.143 0.000000
0.143 0.144 0.000000
0.144 0.145 0.000000
0.145 0.146 0.000000
0.146 0.147 0.000000
0.147 0.148 0.000000
0.148 0.149 0.000000
0.149 0.150 0.000000
