1
0.000 0.001 0.000000
0.001 0.002 0.000000
0.002 0.003 0.000000
0.003 0.004 0.000000
0.004 0.005 0.000000
0.005 0.006 0.000000
0.006 0.007 0.000000
0.007 0.008 0.000000
0.008 0.009 0.000000
0.009 0.010 0.000000
0.010 0.011 0.000000
0.011 0.012 0.000000
0.012 0.013 0.000000
0.013 0.014 0.000000
0.014 0.015 0.000000
0.015 0.016 0.000000
0.016 0.017 0.000000
0.017 0.018 0.000001
0.018 0.019 0.000007
0.019 0.020 0.000039
0.020 0.021 0.000168
0.021 0.022 0.000560
0.022 0.023 0.001543
0.023 0.024 0.003627
0.024 0.025 0.007510
0.025 0.026 0.013952
0.026 0.027 0.023688
0.027 0.028 0.037480
0.028 0.029 0.055739
0.029 0.030 0.078528
0.030 0.031 0.105529
0.031 0.032 0.136031
0.032 0.033 0.170775
0.033 0.034 0.207772
0.034 0.035 0.245511
0.035 0.036 0.284856
0.036 0.037 0.323530
0.037 0.038 0.360976
0.038 0.039 0.398787
0.039 0.040 0.436123
0.040 0.041 0.468798
0.041 0.042 0.499704
0.042 0.043 0.528335
0.043 0.044 0.554161
0.044 0.045 0.578251
0.045 0.046 0.596181
0.046 0.047 0.612931
0.047 0.048 0.626288
0.048 0.049 0.635864
0.049 0.050 0.641960
0.050 0.051 0.648554
0.051 0.052 0.655648
0.052 0.053 0.654528
0.053 0.054 0.651769
0.054 0.055 0.649959
0.055 0.056 0.644571
0.056 0.057 0.636117
0.057 0.058 0.758048
0.058 0.059 1.000000
0.059 0.060 0.862917
0.060 0.061 0.610420
0.061 0.062 0.595347
0.062 0.063 0.565786
0.063 0.064 0.549448
0.064 0.065 0.533579
0.065 0.066 0.517518
0.066 0.067 0.605600
0.067 0.068 0.592778
0.068 0.069 0.488914
0.069 0.070 0.441732
0.070 0.071 0.382799
0.071 0.072 0.369072
0.072 0.073 0.350019
0.073 0.074 0.333935
0.074 0.075 0.316981
0.075 0.076 0.297672
0.076 0.077 0.278596
0.077 0.078 0.259955
0.078 0.079 0.243776
0.079 0.080 0.227043
0.080 0.081 0.208748
0.081 0.082 0.187436
0.082 0.083 0.167320
0.083 0.084 0.151499
0.084 0.085 0.134225
0.085 0.086 0.120778
0.086 0.087 0.105466
0.087 0.088 0.089544
0.088 0.089 0.075022
0.089 0.090 0.061361
0.090 0.091 0.052057
0.091 0.092 0.040547
0.092 0.093 0.032279
0.093 0.094 0.022713
0.094 0.095 0.015992
0.095 0.096 0.008421
0.096 0.097 0.001453
0.097 0.098 0.000000
0.098 0.099 0.000000
0.099 0.100 0.000000
0.100 0.101 0.000000
0.101 0.102 0.000000
0.102 0.103 0.000000
0.103 0.104 0.000000
0.104 0.105 0.000000
0.105 0.106 0.000000
0.106 0.107 0.000000
0.107 0.108 0.000000
0.108 0.109 0.000000
0.109 0.110 0.000000
0.110 0.111 0.000000
0.111 0.112 0.000000
0.112 0.113 0.000000
0.113 0.114 0.000000
0.114 0.115 0.000000
0.115 0.116 0.000000
0.116 0.117 0.000000
0.117 0.118 0.000000
0.118 0.119 0.000000
0.119 0.120 0.000000
0.120 0.121 0.000000
0.121 0.122 0.000000
0.122 0.123 0.000000
0.123 0.124 0.000000
0.124 0.125 0.000000
0.125 0.126 0.000000
0.126 0.127 0.000000
0.127 0.128 0.000000
0.128 0.129 0.000000
0.129 0.130 0.000000
0.130 0.131 0.000000
0.131 0.132 0.000000
0.132 0.133 0.000000
0.133 0.134 0.000000
0.134 0.135 0.000000
0.135 0.136 0.000000
0.136 0.137 0.000000
0.137 0.138 0.000000
0.138 0.139 0.000000
0.139 0.140 0.000000
0.140 0.141 0.000000
0.141 0.142 0.000000
0.142 0.143 0.000000
0.143 0.144 0.000000
0.144 0.145 0.000000
0.145 0.146 0.000000
0.146 0.147 0.000000
0.147 0.148 0.000000
0.148 0.149 0.000000
0.149 0.150 0.000000
