1
0.000 0.001 0.000000
0.001 0.002 0.000000
0.002 0.003 0.000000
0.003 0.004 0.000000
0.004 0.005 0.000000
0.005 0.006 0.000000
0.006 0.007 0.000000
0.007 0.008 0.000000
0.008 0.009 0.000000
0.009 0.010 0.000000
0.010 0.011 0.000000
0.011 0.012 0.000000
0.012 0.013 0.000000
0.013 0.014 0.000000
0.014 0.015 0.000000
0.015 0.016 0.000000
0.016 0.017 0.000005
0.017 0.018 0.000040
0.018 0.019 0.000202
0.019 0.020 0.000769
0.020 0.021 0.002323
0.021 0.022 0.005827
0.022 0.023 0.012560
0.023 0.024 0.024188
0.024 0.025 0.042101
0.025 0.026 0.067408
0.026 0.027 0.100557
0.027 0.028 0.141890
0.028 0.029 0.190646
0.029 0.030 0.244939
0.030 0.031 0.304341
0.031 0.032 0.365505
0.032 0.033 0.428324
0.033 0.034 0.489579
0.034 0.035 0.548890
0.035 0.036 0.603278
0.036 0.037 0.656068
0.037 0.038 0.706463
0.038 0.039 0.752857
0.039 0.040 0.793371
0.040 0.041 0.826612
0.041 0.042 0.855256
0.042 0.043 0.877581
0.043 0.044 0.895523
0.044 0.045 0.907721
0.045 0.046 0.908696
0.046 0.047 0.910350
0.047 0.048 0.903248
0.048 0.049 0.897486
0.049 0.050 0.889535
0.050 0.051 0.880792
0.051 0.052 0.870946
0.052 0.053 0.852946
0.053 0.054 0.833385
0.054 0.055 0.813201
0.055 0.056 0.787018
0.056 0.057 0.758373
0.057 0.058 0.834792
0.058 0.059 1.000000
0.059 0.060 0.878940
0.060 0.061 0.668462
0.061 0.062 0.641552
0.062 0.063 0.602699
0.063 0.064 0.574228
0.064 0.065 0.545950
0.065 0.066 0.515749
0.066 0.067 0.566680
0.067 0.068 0.542138
0.068 0.069 0.442873
0.069 0.070 0.396136
0.070 0.071 0.344563
0.071 0.072 0.326072
0.072 0.073 0.301687
0.073 0.074 0.279165
0.074 0.075 0.256305
0.075 0.076 0.233412
0.076 0.077 0.208443
0.077 0.078 0.190932
0.078 0.079 0.173818
0.079 0.080 0.158172
0.080 0.081 0.140830
0.081 0.082 0.120093
0.082 0.083 0.102443
0.083 0.084 0.084182
0.084 0.085 0.072152
0.085 0.086 0.059915
0.086 0.087 0.046302
0.087 0.088 0.030529
0.088 0.089 0.021713
0.089 0.090 0.014222
0.090 0.091 0.006016
0.091 0.092 0.003638
0.092 0.093 0.000000
0.093 0.094 0.000000
0.094 0.095 0.000000
0.095 0.096 0.000000
0.096 0.097 0.000000
0.097 0.098 0.000000
0.098 0.099 0.000000
0.099 0.100 0.000000
0.100 0.101 0.000000
0.101 0.102 0.000000
0.102 0.103 0.000000
0.103 0.104 0.000000
0.104 0.105 0.000000
0.105 0.106 0.000000
0.106 0.107 0.000000
0.107 0.108 0.000000
0.108 0.109 0.000000
0.109 0.110 0.000000
0.110 0.111 0.000000
0.111 0.112 0.000000
0.112 0.113 0.000000
0.113 0.114 0.000000
0.114 0.115 0.000000
0.115 0.116 0.000000
0.116 0.117 0.000000
0.117 0.118 0.000000
0.118 0.119 0.000000
0.119 0.120 0.000000
0.120 0.121 0.000000
0.121 0.122 0.000000
0.122 0.123 0.000000
0.123 0.124 0.000000
0.124 0.125 0.000000
0.125 0.126 0.000000
0.126 0.127 0.000000
0.127 0.128 0.000000
0.128 0.129 0.000000
0.129 0.130 0.000000
0.130 0.131 0.000000
0.131 0.132 0.000000
0.132 0.133 0.000000
0.133 0.134 0.000000
0.134 0.135 0.000000
0.135 0.136 0.000000
0.136 0.137 0.000000
0.137 0.138 0.000000
0.138 0.139 0.000000
0.139 0.140 0.000000
0.140 0.141 0.000000
0.141 0.142 0.000000
0.142 0.143 0.000000
0.143 0.144 0.000000
0.144 0.145 0.000000
0.145 0.146 0.000000
0.146 0.147 0.000000
0.147 0.148 0.000000
0.148 0.149 0.000000
0.149 0.150 0.000000
