1
0.000 0.001 0.000000
0.001 0.002 0.000000
0.002 0.003 0.000000
0.003 0.004 0.000000
0.004 0.005 0.000000
0.005 0.006 0.000000
0.006 0.007 0.000000
0.007 0.008 0.000000
0.008 0.009 0.000000
0.009 0.010 0.000000
0.010 0.011 0.000000
0.011 0.012 0.000000
0.012 0.013 0.000000
0.013 0.014 0.000000
0.014 0.015 0.000000
0.015 0.016 0.000000
0.016 0.017 0.000000
0.017 0.018 0.000000
0.018 0.019 0.000000
0.019 0.020 0.000000
0.020 0.021 0.000000
0.021 0.022 0.000001
0.022 0.023 0.000007
0.023 0.024 0.000032
0.024 0.025 0.000109
0.025 0.026 0.000315
0.026 0.027 0.000781
0.027 0.028 0.001718
0.028 0.029 0.003407
0.029 0.030 0.006144
0.030 0.031 0.010296
0.031 0.032 0.016260
0.032 0.033 0.024284
0.033 0.034 0.034618
0.034 0.035 0.047320
0.035 0.036 0.062186
0.036 0.037 0.079349
0.037 0.038 0.098918
0.038 0.039 0.119657
0.039 0.040 0.141662
0.040 0.041 0.164927
0.041 0.042 0.188461
0.042 0.043 0.212450
0.043 0.044 0.236335
0.044 0.045 0.260112
0.045 0.046 0.281899
0.046 0.047 0.302647
0.047 0.048 0.323965
0.048 0.049 0.342462
0.049 0.050 0.359542
0.050 0.051 0.376401
0.051 0.052 0.393328
0.052 0.053 0.407448
0.053 0.054 0.419225
0.054 0.055 0.429526
0.055 0.056 0.440038
0.056 0.057 0.449903
0.057 0.058 0.637709
0.058 0.059 1.000000
0.059 0.060 0.825653
0.060 0.061 0.479259
0.061 0.062 0.480859
0.062 0.063 0.461251
0.063 0.064 0.458705
0.064 0.065 0.454596
0.065 0.066 0.450949
0.066 0.067 0.608994
0.067 0.068 0.609520
0.068 0.069 0.474508
0.069 0.070 0.431582
0.070 0.071 0.353483
0.071 0.072 0.349716
0.072 0.073 0.343213
0.073 0.074 0.339447
0.074 0.075 0.335381
0.075 0.076 0.329942
0.076 0.077 0.321697
0.077 0.078 0.314932
0.078 0.079 0.310302
0.079 0.080 0.304675
0.080 0.081 0.297142
0.081 0.082 0.287459
0.082 0.083 0.277277
0.083 0.084 0.270295
0.084 0.085 0.264324
0.085 0.086 0.258871
0.086 0.087 0.251756
0.087 0.088 0.247143
0.088 0.089 0.240217
0.089 0.090 0.231062
0.090 0.091 0.223092
0.091 0.092 0.211739
0.092 0.093 0.203728
0.093 0.094 0.199413
0.094 0.095 0.191280
0.095 0.096 0.183356
0.096 0.097 0.174169
0.097 0.098 0.165648
0.098 0.099 0.158063
0.099 0.100 0.152001
0.100 0.101 0.146593
0.101 0.102 0.140444
0.102 0.103 0.132627
0.103 0.104 0.126635
0.104 0.105 0.120800
0.105 0.106 0.113445
0.106 0.107 0.106787
0.107 0.108 0.098721
0.108 0.109 0.091041
0.109 0.110 0.085898
0.110 0.111 0.080680
0.111 0.112 0.076182
0.112 0.113 0.069818
0.113 0.114 0.064239
0.114 0.115 0.059377
0.115 0.116 0.053877
0.116 0.117 0.048385
0.117 0.118 0.042820
0.118 0.119 0.034927
0.119 0.120 0.031854
0.120 0.121 0.030518
0.121 0.122 0.027196
0.122 0.123 0.023795
0.123 0.124 0.020178
0.124 0.125 0.015977
0.125 0.126 0.011093
0.126 0.127 0.009091
0.127 0.128 0.006796
0.128 0.129 0.004584
0.129 0.130 0.001771
0.130 0.131 0.000993
0.131 0.132 0.000000
0.132 0.133 0.000000
0.133 0.134 0.000000
0.134 0.135 0.000000
0.135 0.136 0.000000
0.136 0.137 0.000000
0.137 0.138 0.000000
0.138 0.139 0.000000
0.139 0.140 0.000000
0.140 0.141 0.000000
0.141 0.142 0.000000
0.142 0.143 0.000000
0.143 0.144 0.000000
0.144 0.145 0.000000
0.145 0.146 0.000000
0.146 0.147 0.000000
0.147 0.148 0.000000
0.148 0.149 0.000000
0.149 0.150 0.000000
