1
0.000 0.001 0.000000
0.001 0.002 0.000000
0.002 0.003 0.000000
0.003 0.004 0.000000
0.004 0.005 0.000000
0.005 0.006 0.000000
0.006 0.007 0.000000
0.007 0.008 0.000000
0.008 0.009 0.000000
0.009 0.010 0.000000
0.010 0.011 0.000000
0.011 0.012 0.000000
0.012 0.013 0.000000
0.013 0.014 0.000000
0.014 0.015 0.000000
0.015 0.016 0.000000
0.016 0.017 0.000000
0.017 0.018 0.000000
0.018 0.019 0.000001
0.019 0.020 0.000005
0.020 0.021 0.000027
0.021 0.022 0.000109
0.022 0.023 0.000355
0.023 0.024 0.000958
0.024 0.025 0.002223
0.025 0.026 0.004597
0.026 0.027 0.008538
0.027 0.028 0.014584
0.028 0.029 0.023279
0.029 0.030 0.034741
0.030 0.031 0.049201
0.031 0.032 0.066701
0.032 0.033 0.086962
0.033 0.034 0.109670
0.034 0.035 0.134378
0.035 0.036 0.160278
0.036 0.037 0.187389
0.037 0.038 0.214837
0.038 0.039 0.241582
0.039 0.040 0.268316
0.040 0.041 0.293644
0.041 0.042 0.317095
0.042 0.043 0.339410
0.043 0.044 0.361581
0.044 0.045 0.382606
0.045 0.046 0.400661
0.046 0.047 0.415738
0.047 0.048 0.431426
0.048 0.049 0.445209
0.049 0.050 0.454644
0.050 0.051 0.462286
0.051 0.052 0.470567
0.052 0.053 0.476731
0.053 0.054 0.479887
0.054 0.055 0.481641
0.055 0.056 0.483439
0.056 0.057 0.483866
0.057 0.058 0.659785
0.058 0.059 1.000000
0.059 0.060 0.819287
0.060 0.061 0.479929
0.061 0.062 0.476200
0.062 0.063 0.453909
0.063 0.064 0.447337
0.064 0.065 0.439287
0.065 0.066 0.432452
0.066 0.067 0.570490
0.067 0.068 0.564934
0.068 0.069 0.440234
0.069 0.070 0.397508
0.070 0.071 0.326447
0.071 0.072 0.319020
0.072 0.073 0.309353
0.073 0.074 0.303359
0.074 0.075 0.296572
0.075 0.076 0.288301
0.076 0.077 0.276622
0.077 0.078 0.269640
0.078 0.079 0.265710
0.079 0.080 0.260196
0.080 0.081 0.252048
0.081 0.082 0.242740
0.082 0.083 0.234456
0.083 0.084 0.226701
0.084 0.085 0.219577
0.085 0.086 0.213075
0.086 0.087 0.204506
0.087 0.088 0.198582
0.088 0.089 0.191273
0.089 0.090 0.181737
0.090 0.091 0.172196
0.091 0.092 0.162435
0.092 0.093 0.156019
0.093 0.094 0.152937
0.094 0.095 0.146388
0.095 0.096 0.140010
0.096 0.097 0.133129
0.097 0.098 0.124498
0.098 0.099 0.116561
0.099 0.100 0.110148
0.100 0.101 0.104972
0.101 0.102 0.098884
0.102 0.103 0.090165
0.103 0.104 0.085547
0.104 0.105 0.081551
0.105 0.106 0.076410
0.106 0.107 0.071556
0.107 0.108 0.065528
0.108 0.109 0.060418
0.109 0.110 0.054959
0.110 0.111 0.049761
0.111 0.112 0.045445
0.112 0.113 0.039034
0.113 0.114 0.035582
0.114 0.115 0.032311
0.115 0.116 0.028434
0.116 0.117 0.024899
0.117 0.118 0.021024
0.118 0.119 0.015902
0.119 0.120 0.013079
0.120 0.121 0.010633
0.121 0.122 0.008715
0.122 0.123 0.006728
0.123 0.124 0.004645
0.124 0.125 0.001724
0.125 0.126 0.000990
0.126 0.127 0.000000
0.127 0.128 0.000000
0.128 0.129 0.000000
0.129 0.130 0.000000
0.130 0.131 0.000000
0.131 0.132 0.000000
0.132 0.133 0.000000
0.133 0.134 0.000000
0.134 0.135 0.000000
0.135 0.136 0.000000
0.136 0.137 0.000000
0.137 0.138 0.000000
0.138 0.139 0.000000
0.139 0.140 0.000000
0.140 0.141 0.000000
0.141 0.142 0.000000
0.142 0.143 0.000000
0.143 0.144 0.000000
0.144 0.145 0.000000
0.145 0.146 0.000000
0.146 0.147 0.000000
0.147 0.148 0.000000
0.148 0.149 0.000000
0.149 0.150 0.000000
