1
0.000 0.001 0.000000
0.001 0.002 0.000000
0.002 0.003 0.000000
0.003 0.004 0.000000
0.004 0.005 0.000000
0.005 0.006 0.000000
0.006 0.007 0.000000
0.007 0.008 0.000000
0.008 0.009 0.000000
0.009 0.010 0.000000
0.010 0.011 0.000000
0.011 0.012 0.000000
0.012 0.013 0.000000
0.013 0.014 0.000000
0.014 0.015 0.000000
0.015 0.016 0.000000
0.016 0.017 0.000000
0.017 0.018 0.000001
0.018 0.019 0.000008
0.019 0.020 0.000047
0.020 0.021 0.000204
0.021 0.022 0.000701
0.022 0.023 0.001967
0.023 0.024 0.004696
0.024 0.025 0.009850
0.025 0.026 0.018490
0.026 0.027 0.031636
0.027 0.028 0.050269
0.028 0.029 0.075065
0.029 0.030 0.106121
0.030 0.031 0.143011
0.031 0.032 0.184616
0.032 0.033 0.231419
0.033 0.034 0.281461
0.034 0.035 0.332786
0.035 0.036 0.385196
0.036 0.037 0.436347
0.037 0.038 0.486869
0.038 0.039 0.536648
0.039 0.040 0.584208
0.040 0.041 0.626365
0.041 0.042 0.665566
0.042 0.043 0.700427
0.043 0.044 0.731112
0.044 0.045 0.758796
0.045 0.046 0.776773
0.046 0.047 0.793874
0.047 0.048 0.805692
0.048 0.049 0.810653
0.049 0.050 0.813198
0.050 0.051 0.814929
0.051 0.052 0.813389
0.052 0.053 0.802675
0.053 0.054 0.792271
0.054 0.055 0.781358
0.055 0.056 0.761018
0.056 0.057 0.739302
0.057 0.058 0.822831
0.058 0.059 1.000000
0.059 0.060 0.879900
0.060 0.061 0.667479
0.061 0.062 0.638201
0.062 0.063 0.602274
0.063 0.064 0.576289
0.064 0.065 0.550216
0.065 0.066 0.522054
0.066 0.067 0.575253
0.067 0.068 0.556387
0.068 0.069 0.462080
0.069 0.070 0.413371
0.070 0.071 0.359401
0.071 0.072 0.339133
0.072 0.073 0.310897
0.073 0.074 0.290077
0.074 0.075 0.268792
0.075 0.076 0.247438
0.076 0.077 0.226906
0.077 0.078 0.202801
0.078 0.079 0.185316
0.079 0.080 0.168960
0.080 0.081 0.150572
0.081 0.082 0.127030
0.082 0.083 0.111871
0.083 0.084 0.098844
0.084 0.085 0.084046
0.085 0.086 0.067043
0.086 0.087 0.054010
0.087 0.088 0.041266
0.088 0.089 0.025998
0.089 0.090 0.017411
0.090 0.091 0.009192
0.091 0.092 0.002518
0.092 0.093 0.000000
0.093 0.094 0.000000
0.094 0.095 0.000000
0.095 0.096 0.000000
0.096 0.097 0.000000
0.097 0.098 0.000000
0.098 0.099 0.000000
0.099 0.100 0.000000
0.100 0.101 0.000000
0.101 0.102 0.000000
0.102 0.103 0.000000
0.103 0.104 0.000000
0.104 0.105 0.000000
0.105 0.106 0.000000
0.106 0.107 0.000000
0.107 0.108 0.000000
0.108 0.109 0.000000
0.109 0.110 0.000000
0.110 0.111 0.000000
0.111 0.112 0.000000
0.112 0.113 0.000000
0.113 0.114 0.000000
0.114 0.115 0.000000
0.115 0.116 0.000000
0.116 0.117 0.000000
0.117 0.118 0.000000
0.118 0.119 0.000000
0.119 0.120 0.000000
0.120 0.121 0.000000
0.121 0.122 0.000000
0.122 0.123 0.000000
0.123 0.124 0.000000
0.124 0.125 0.000000
0.125 0.126 0.000000
0.126 0.127 0.000000
0.127 0.128 0.000000
0.128 0.129 0.000000
0.129 0.130 0.000000
0.130 0.131 0.000000
0.131 0.132 0.000000
0.132 0.133 0.000000
0.133 0.134 0.000000
0.134 0.135 0.000000
0.135 0.136 0.000000
0.136 0.137 0.000000
0.137 0.138 0.000000
0.138 0.139 0.000000
0.139 0.140 0.000000
0.140 0.141 0.000000
0.141 0.142 0.000000
0.142 0.143 0.000000
0.143 0.144 0.000000
0.144 0.145 0.000000
0.145 0.146 0.000000
0.146 0.147 0.000000
0.147 0.148 0.000000
0.148 0.149 0.000000
0.149 0.150 0.000000
