1
0.000 0.001 0.000000
0.001 0.002 0.000000
0.002 0.003 0.000000
0.003 0.004 0.000000
0.004 0.005 0.000000
0.005 0.006 0.000000
0.006 0.007 0.000000
0.007 0.008 0.000000
0.008 0.009 0.000000
0.009 0.010 0.000000
0.010 0.011 0.000000
0.011 0.012 0.000000
0.012 0.013 0.000000
0.013 0.014 0.000000
0.014 0.015 0.000000
0.015 0.016 0.000003
0.016 0.017 0.000022
0.017 0.018 0.000118
0.018 0.019 0.000461
0.019 0.020 0.001416
0.020 0.021 0.003587
0.021 0.022 0.007768
0.022 0.023 0.014944
0.023 0.024 0.025921
0.024 0.025 0.041447
0.025 0.026 0.061698
0.026 0.027 0.086459
0.027 0.028 0.115744
0.028 0.029 0.148851
0.029 0.030 0.184284
0.030 0.031 0.221340
0.031 0.032 0.259116
0.032 0.033 0.296880
0.033 0.034 0.333185
0.034 0.035 0.368191
0.035 0.036 0.401294
0.036 0.037 0.431600
0.037 0.038 0.458585
0.038 0.039 0.480712
0.039 0.040 0.500028
0.040 0.041 0.519640
0.041 0.042 0.535551
0.042 0.043 0.550033
0.043 0.044 0.561200
0.044 0.045 0.570501
0.045 0.046 0.576221
0.046 0.047 0.577994
0.047 0.048 0.580399
0.048 0.049 0.581646
0.049 0.050 0.578298
0.050 0.051 0.572779
0.051 0.052 0.568250
0.052 0.053 0.563411
0.053 0.054 0.555247
0.054 0.055 0.545653
0.055 0.056 0.537396
0.056 0.057 0.527343
0.057 0.058 0.688462
0.058 0.059 1.000000
0.059 0.060 0.818956
0.060 0.061 0.497892
0.061 0.062 0.487195
0.062 0.063 0.460002
0.063 0.064 0.446434
0.064 0.065 0.432594
0.065 0.066 0.421149
0.066 0.067 0.535731
0.067 0.068 0.524404
0.068 0.069 0.410232
0.069 0.070 0.367584
0.070 0.071 0.302784
0.071 0.072 0.290618
0.072 0.073 0.280314
0.073 0.074 0.274406
0.074 0.075 0.267344
0.075 0.076 0.258460
0.076 0.077 0.247655
0.077 0.078 0.238294
0.078 0.079 0.232481
0.079 0.080 0.225394
0.080 0.081 0.215641
0.081 0.082 0.204784
0.082 0.083 0.195253
0.083 0.084 0.186083
0.084 0.085 0.177553
0.085 0.086 0.168805
0.086 0.087 0.161172
0.087 0.088 0.155903
0.088 0.089 0.150053
0.089 0.090 0.141982
0.090 0.091 0.133910
0.091 0.092 0.124130
0.092 0.093 0.117369
0.093 0.094 0.113160
0.094 0.095 0.106127
0.095 0.096 0.099322
0.096 0.097 0.090855
0.097 0.098 0.083851
0.098 0.099 0.076918
0.099 0.100 0.071691
0.100 0.101 0.068353
0.101 0.102 0.063750
0.102 0.103 0.057159
0.103 0.104 0.052012
0.104 0.105 0.048090
0.105 0.106 0.043184
0.106 0.107 0.037331
0.107 0.108 0.033053
0.108 0.109 0.029344
0.109 0.110 0.025254
0.110 0.111 0.021508
0.111 0.112 0.018476
0.112 0.113 0.014747
0.113 0.114 0.010733
0.114 0.115 0.008739
0.115 0.116 0.006435
0.116 0.117 0.004378
0.117 0.118 0.001626
0.118 0.119 0.000832
0.119 0.120 0.000000
0.120 0.121 0.000000
0.121 0.122 0.000000
0.122 0.123 0.000000
0.123 0.124 0.000000
0.124 0.125 0.000000
0.125 0.126 0.000000
0.126 0.127 0.000000
0.127 0.128 0.000000
0.128 0.129 0.000000
0.129 0.130 0.000000
0.130 0.131 0.000000
0.131 0.132 0.000000
0.132 0.133 0.000000
0.133 0.134 0.000000
0.134 0.135 0.000000
0.135 0.136 0.000000
0.136 0.137 0.000000
0.137 0.138 0.000000
0.138 0.139 0.000000
0.139 0.140 0.000000
0.140 0.141 0.000000
0.141 0.142 0.000000
0.142 0.143 0.000000
0.143 0.144 0.000000
0.144 0.145 0.000000
0.145 0.146 0.000000
0.146 0.147 0.000000
0.147 0.148 0.000000
0.148 0.149 0.000000
0.149 0.150 0.000000
