1
0.000 0.001 0.000000
0.001 0.002 0.000000
0.002 0.003 0.000000
0.003 0.004 0.000000
0.004 0.005 0.000000
0.005 0.006 0.000000
0.006 0.007 0.000000
0.007 0.008 0.000000
0.008 0.009 0.000000
0.009 0.010 0.000000
0.010 0.011 0.000000
0.011 0.012 0.000000
0.012 0.013 0.000000
0.013 0.014 0.000000
0.014 0.015 0.000000
0.015 0.016 0.000000
0.016 0.017 0.000000
0.017 0.018 0.000000
0.018 0.019 0.000004
0.019 0.020 0.000021
0.020 0.021 0.000088
0.021 0.022 0.000291
0.022 0.023 0.000798
0.023 0.024 0.001878
0.024 0.025 0.003897
0.025 0.026 0.007275
0.026 0.027 0.012407
0.027 0.028 0.019753
0.028 0.029 0.029607
0.029 0.030 0.041821
0.030 0.031 0.056649
0.031 0.032 0.073797
0.032 0.033 0.093001
0.033 0.034 0.114084
0.034 0.035 0.136394
0.035 0.036 0.159156
0.036 0.037 0.182825
0.037 0.038 0.207117
0.038 0.039 0.229663
0.039 0.040 0.251452
0.040 0.041 0.273094
0.041 0.042 0.292942
0.042 0.043 0.311965
0.043 0.044 0.329628
0.044 0.045 0.346577
0.045 0.046 0.360779
0.046 0.047 0.372519
0.047 0.048 0.385811
0.048 0.049 0.397164
0.049 0.050 0.404473
0.050 0.051 0.410668
0.051 0.052 0.417827
0.052 0.053 0.423510
0.053 0.054 0.426290
0.054 0.055 0.428288
0.055 0.056 0.431974
0.056 0.057 0.434738
0.057 0.058 0.628873
0.058 0.059 1.000000
0.059 0.060 0.804201
0.060 0.061 0.441252
0.061 0.062 0.438678
0.062 0.063 0.416257
0.063 0.064 0.411400
0.064 0.065 0.404881
0.065 0.066 0.399971
0.066 0.067 0.548261
0.067 0.068 0.544084
0.068 0.069 0.416455
0.069 0.070 0.375325
0.070 0.071 0.302563
0.071 0.072 0.297728
0.072 0.073 0.291506
0.073 0.074 0.287952
0.074 0.075 0.283946
0.075 0.076 0.279180
0.076 0.077 0.271853
0.077 0.078 0.266072
0.078 0.079 0.263028
0.079 0.080 0.258564
0.080 0.081 0.251991
0.081 0.082 0.244460
0.082 0.083 0.237660
0.083 0.084 0.231321
0.084 0.085 0.225778
0.085 0.086 0.220797
0.086 0.087 0.214042
0.087 0.088 0.210117
0.088 0.089 0.204704
0.089 0.090 0.196737
0.090 0.091 0.189669
0.091 0.092 0.179508
0.092 0.093 0.172904
0.093 0.094 0.170066
0.094 0.095 0.163451
0.095 0.096 0.157010
0.096 0.097 0.150279
0.097 0.098 0.141582
0.098 0.099 0.133785
0.099 0.100 0.127460
0.100 0.101 0.122168
0.101 0.102 0.116159
0.102 0.103 0.108201
0.103 0.104 0.101912
0.104 0.105 0.096815
0.105 0.106 0.090379
0.106 0.107 0.084340
0.107 0.108 0.076633
0.108 0.109 0.071097
0.109 0.110 0.065266
0.110 0.111 0.059648
0.111 0.112 0.054598
0.112 0.113 0.049036
0.113 0.114 0.044254
0.114 0.115 0.039432
0.115 0.116 0.035015
0.116 0.117 0.030859
0.117 0.118 0.026122
0.118 0.119 0.020962
0.119 0.120 0.018232
0.120 0.121 0.016504
0.121 0.122 0.013975
0.122 0.123 0.011367
0.123 0.124 0.008299
0.124 0.125 0.005944
0.125 0.126 0.003352
0.126 0.127 0.001622
0.127 0.128 0.000440
0.128 0.129 0.000000
0.129 0.130 0.000000
0.130 0.131 0.000000
0.131 0.132 0.000000
0.132 0.133 0.000000
0.133 0.134 0.000000
0.134 0.135 0.000000
0.135 0.136 0.000000
0.136 0.137 0.000000
0.137 0.138 0.000000
0.138 0.139 0.000000
0.139 0.140 0.000000
0.140 0.141 0.000000
0.141 0.142 0.000000
0.142 0.143 0.000000
0.143 0.144 0.000000
0.144 0.145 0.000000
0.145 0.146 0.000000
0.146 0.147 0.000000
0.147 0.148 0.000000
0.148 0.149 0.000000
0.149 0.150 0.000000
