1
0.000 0.001 0.000000
0.001 0.002 0.000000
0.002 0.003 0.000000
0.003 0.004 0.000000
0.004 0.005 0.000000
0.005 0.006 0.000000
0.006 0.007 0.000000
0.007 0.008 0.000000
0.008 0.009 0.000000
0.009 0.010 0.000000
0.010 0.011 0.000000
0.011 0.012 0.000000
0.012 0.013 0.000000
0.013 0.014 0.000000
0.014 0.015 0.000000
0.015 0.016 0.000000
0.016 0.017 0.000000
0.017 0.018 0.000000
0.018 0.019 0.000001
0.019 0.020 0.000004
0.020 0.021 0.000020
0.021 0.022 0.000081
0.022 0.023 0.000263
0.023 0.024 0.000715
0.024 0.025 0.001678
0.025 0.026 0.003472
0.026 0.027 0.006494
0.027 0.028 0.011212
0.028 0.029 0.017973
0.029 0.030 0.026965
0.030 0.031 0.038537
0.031 0.032 0.052763
0.032 0.033 0.069343
0.033 0.034 0.087898
0.034 0.035 0.108847
0.035 0.036 0.131576
0.036 0.037 0.154983
0.037 0.038 0.179204
0.038 0.039 0.202917
0.039 0.040 0.226306
0.040 0.041 0.250271
0.041 0.042 0.272920
0.042 0.043 0.295380
0.043 0.044 0.316066
0.044 0.045 0.336125
0.045 0.046 0.354383
0.046 0.047 0.368721
0.047 0.048 0.384699
0.048 0.049 0.400434
0.049 0.050 0.411079
0.050 0.051 0.419003
0.051 0.052 0.428584
0.052 0.053 0.438881
0.053 0.054 0.444649
0.054 0.055 0.448115
0.055 0.056 0.454160
0.056 0.057 0.459691
0.057 0.058 0.645559
0.058 0.059 1.000000
0.059 0.060 0.814825
0.060 0.061 0.468194
0.061 0.062 0.466686
0.062 0.063 0.446804
0.063 0.064 0.441226
0.064 0.065 0.434272
0.065 0.066 0.430823
0.066 0.067 0.576350
0.067 0.068 0.572488
0.068 0.069 0.446632
0.069 0.070 0.404561
0.070 0.071 0.331976
0.071 0.072 0.325456
0.072 0.073 0.317871
0.073 0.074 0.315864
0.074 0.075 0.311988
0.075 0.076 0.305945
0.076 0.077 0.296636
0.077 0.078 0.289158
0.078 0.079 0.286652
0.079 0.080 0.281744
0.080 0.081 0.273072
0.081 0.082 0.263732
0.082 0.083 0.255845
0.083 0.084 0.248081
0.084 0.085 0.241256
0.085 0.086 0.235587
0.086 0.087 0.226864
0.087 0.088 0.221967
0.088 0.089 0.216765
0.089 0.090 0.207354
0.090 0.091 0.197523
0.091 0.092 0.184874
0.092 0.093 0.177183
0.093 0.094 0.173860
0.094 0.095 0.165720
0.095 0.096 0.157801
0.096 0.097 0.148672
0.097 0.098 0.137469
0.098 0.099 0.126135
0.099 0.100 0.117788
0.100 0.101 0.112952
0.101 0.102 0.105769
0.102 0.103 0.094768
0.103 0.104 0.086381
0.104 0.105 0.080498
0.105 0.106 0.072913
0.106 0.107 0.064806
0.107 0.108 0.055028
0.108 0.109 0.046340
0.109 0.110 0.036902
0.110 0.111 0.028140
0.111 0.112 0.020765
0.112 0.113 0.012308
0.113 0.114 0.000000
0.114 0.115 0.000000
0.115 0.116 0.000000
0.116 0.117 0.000000
0.117 0.118 0.000000
0.118 0.119 0.000000
0.119 0.120 0.000000
0.120 0.121 0.000000
0.121 0.122 0.000000
0.122 0.123 0.000000
0.123 0.124 0.000000
0.124 0.125 0.000000
0.125 0.126 0.000000
0.126 0.127 0.000000
0.127 0.128 0.000000
0.128 0.129 0.000000
0.129 0.130 0.000000
0.130 0.131 0.000000
0.131 0.132 0.000000
0.132 0.133 0.000000
0.133 0.134 0.000000
0.134 0.135 0.000000
0.135 0.136 0.000000
0.136 0.137 0.000000
0.137 0.138 0.000000
0.138 0.139 0.000000
0.139 0.140 0.000000
0.140 0.141 0.000000
0.141 0.142 0.000000
0.142 0.143 0.000000
0.143 0.144 0.000000
0.144 0.145 0.000000
0.145 0.146 0.000000
0.146 0.147 0.000000
0.147 0.148 0.000000
0.148 0.149 0.000000
0.149 0.150 0.000000
