1
0.000 0.001 0.000000
0.001 0.002 0.000000
0.002 0.003 0.000000
0.003 0.004 0.000000
0.004 0.005 0.000000
0.005 0.006 0.000000
0.006 0.007 0.000000
0.007 0.008 0.000000
0.008 0.009 0.000000
0.009 0.010 0.000000
0.010 0.011 0.000000
0.011 0.012 0.000000
0.012 0.013 0.000000
0.013 0.014 0.000000
0.014 0.015 0.000000
0.015 0.016 0.000001
0.016 0.017 0.000009
0.017 0.018 0.000060
0.018 0.019 0.000278
0.019 0.020 0.000968
0.020 0.021 0.002704
0.021 0.022 0.006319
0.022 0.023 0.012781
0.023 0.024 0.023074
0.024 0.025 0.037983
0.025 0.026 0.057857
0.026 0.027 0.082517
0.027 0.028 0.112031
0.028 0.029 0.145848
0.029 0.030 0.182150
0.030 0.031 0.220297
0.031 0.032 0.259349
0.032 0.033 0.298337
0.033 0.034 0.336552
0.034 0.035 0.373721
0.035 0.036 0.408401
0.036 0.037 0.440402
0.037 0.038 0.469556
0.038 0.039 0.493974
0.039 0.040 0.516116
0.040 0.041 0.535570
0.041 0.042 0.551213
0.042 0.043 0.565300
0.043 0.044 0.576061
0.044 0.045 0.584336
0.045 0.046 0.589077
0.046 0.047 0.589751
0.047 0.048 0.590976
0.048 0.049 0.592352
0.049 0.050 0.588280
0.050 0.051 0.582510
0.051 0.052 0.578678
0.052 0.053 0.574385
0.053 0.054 0.566296
0.054 0.055 0.555954
0.055 0.056 0.547551
0.056 0.057 0.539310
0.057 0.058 0.696235
0.058 0.059 1.000000
0.059 0.060 0.820031
0.060 0.061 0.501970
0.061 0.062 0.490860
0.062 0.063 0.463630
0.063 0.064 0.449408
0.064 0.065 0.435125
0.065 0.066 0.423467
0.066 0.067 0.535794
0.067 0.068 0.524130
0.068 0.069 0.410976
0.069 0.070 0.367373
0.070 0.071 0.304312
0.071 0.072 0.294674
0.072 0.073 0.283143
0.073 0.074 0.276721
0.074 0.075 0.269093
0.075 0.076 0.259265
0.076 0.077 0.247462
0.077 0.078 0.237202
0.078 0.079 0.230736
0.079 0.080 0.222157
0.080 0.081 0.212985
0.081 0.082 0.202989
0.082 0.083 0.194168
0.083 0.084 0.185575
0.084 0.085 0.177792
0.085 0.086 0.170940
0.086 0.087 0.162062
0.087 0.088 0.155490
0.088 0.089 0.148523
0.089 0.090 0.138761
0.090 0.091 0.130704
0.091 0.092 0.121252
0.092 0.093 0.114792
0.093 0.094 0.110777
0.094 0.095 0.104027
0.095 0.096 0.097525
0.096 0.097 0.090116
0.097 0.098 0.080908
0.098 0.099 0.073698
0.099 0.100 0.068343
0.100 0.101 0.065051
0.101 0.102 0.060311
0.102 0.103 0.053609
0.103 0.104 0.048299
0.104 0.105 0.043586
0.105 0.106 0.039807
0.106 0.107 0.035885
0.107 0.108 0.031146
0.108 0.109 0.026974
0.109 0.110 0.022466
0.110 0.111 0.017733
0.111 0.112 0.015340
0.112 0.113 0.012368
0.113 0.114 0.009774
0.114 0.115 0.006460
0.115 0.116 0.004623
0.116 0.117 0.002976
0.117 0.118 0.000793
0.118 0.119 0.000000
0.119 0.120 0.000000
0.120 0.121 0.000000
0.121 0.122 0.000000
0.122 0.123 0.000000
0.123 0.124 0.000000
0.124 0.125 0.000000
0.125 0.126 0.000000
0.126 0.127 0.000000
0.127 0.128 0.000000
0.128 0.129 0.000000
0.129 0.130 0.000000
0.130 0.131 0.000000
0.131 0.132 0.000000
0.132 0.133 0.000000
0.133 0.134 0.000000
0.134 0.135 0.000000
0.135 0.136 0.000000
0.136 0.137 0.000000
0.137 0.138 0.000000
0.138 0.139 0.000000
0.139 0.140 0.000000
0.140 0.141 0.000000
0.141 0.142 0.000000
0.142 0.143 0.000000
0.143 0.144 0.000000
0.144 0.145 0.000000
0.145 0.146 0.000000
0.146 0.147 0.000000
0.147 0.148 0.000000
0.148 0.149 0.000000
0.149 0.150 0.000000
