1
0.000 0.001 0.000000
0.001 0.002 0.000000
0.002 0.003 0.000000
0.003 0.004 0.000000
0.004 0.005 0.000000
0.005 0.006 0.000000
0.006 0.007 0.000000
0.007 0.008 0.000000
0.008 0.009 0.000000
0.009 0.010 0.000000
0.010 0.011 0.000000
0.011 0.012 0.000000
0.012 0.013 0.000000
0.013 0.014 0.000000
0.014 0.015 0.000001
0.015 0.016 0.000007
0.016 0.017 0.000045
0.017 0.018 0.000209
0.018 0.019 0.000726
0.019 0.020 0.002020
0.020 0.021 0.004720
0.021 0.022 0.009561
0.022 0.023 0.017271
0.023 0.024 0.028459
0.024 0.025 0.043468
0.025 0.026 0.062193
0.026 0.027 0.084455
0.027 0.028 0.110027
0.028 0.029 0.137937
0.029 0.030 0.167064
0.030 0.031 0.197623
0.031 0.032 0.228215
0.032 0.033 0.258825
0.033 0.034 0.288340
0.034 0.035 0.315713
0.035 0.036 0.341249
0.036 0.037 0.365176
0.037 0.038 0.387681
0.038 0.039 0.406639
0.039 0.040 0.422589
0.040 0.041 0.436689
0.041 0.042 0.448469
0.042 0.043 0.458059
0.043 0.044 0.465293
0.044 0.045 0.472074
0.045 0.046 0.475106
0.046 0.047 0.475706
0.047 0.048 0.479248
0.048 0.049 0.479922
0.049 0.050 0.477771
0.050 0.051 0.476307
0.051 0.052 0.475076
0.052 0.053 0.470515
0.053 0.054 0.465489
0.054 0.055 0.460169
0.055 0.056 0.454880
0.056 0.057 0.449878
0.057 0.058 0.638880
0.058 0.059 1.000000
0.059 0.060 0.795673
0.060 0.061 0.432191
0.061 0.062 0.423970
0.062 0.063 0.396354
0.063 0.064 0.386621
0.064 0.065 0.378123
0.065 0.066 0.369220
0.066 0.067 0.503906
0.067 0.068 0.496352
0.068 0.069 0.374853
0.069 0.070 0.335138
0.070 0.071 0.266855
0.071 0.072 0.261082
0.072 0.073 0.253396
0.073 0.074 0.247381
0.074 0.075 0.242080
0.075 0.076 0.236063
0.076 0.077 0.228427
0.077 0.078 0.222185
0.078 0.079 0.216901
0.079 0.080 0.210968
0.080 0.081 0.206089
0.081 0.082 0.199954
0.082 0.083 0.193614
0.083 0.084 0.187649
0.084 0.085 0.182535
0.085 0.086 0.177751
0.086 0.087 0.172709
0.087 0.088 0.168545
0.088 0.089 0.162849
0.089 0.090 0.156572
0.090 0.091 0.151102
0.091 0.092 0.143922
0.092 0.093 0.138168
0.093 0.094 0.133828
0.094 0.095 0.129258
0.095 0.096 0.125101
0.096 0.097 0.121024
0.097 0.098 0.115647
0.098 0.099 0.110494
0.099 0.100 0.106655
0.100 0.101 0.103144
0.101 0.102 0.098894
0.102 0.103 0.094374
0.103 0.104 0.090682
0.104 0.105 0.086523
0.105 0.106 0.081646
0.106 0.107 0.077433
0.107 0.108 0.072158
0.108 0.109 0.069087
0.109 0.110 0.066317
0.110 0.111 0.063119
0.111 0.112 0.060052
0.112 0.113 0.055920
0.113 0.114 0.052061
0.114 0.115 0.049114
0.115 0.116 0.046044
0.116 0.117 0.042496
0.117 0.118 0.039491
0.118 0.119 0.035544
0.119 0.120 0.033119
0.120 0.121 0.031580
0.121 0.122 0.029448
0.122 0.123 0.027351
0.123 0.124 0.025148
0.124 0.125 0.022440
0.125 0.126 0.019719
0.126 0.127 0.017528
0.127 0.128 0.014553
0.128 0.129 0.012919
0.129 0.130 0.011273
0.130 0.131 0.009431
0.131 0.132 0.008329
0.132 0.133 0.006814
0.133 0.134 0.004721
0.134 0.135 0.003704
0.135 0.136 0.002773
0.136 0.137 0.001885
0.137 0.138 0.000666
0.138 0.139 0.000340
0.139 0.140 0.000000
0.140 0.141 0.000000
0.141 0.142 0.000000
0.142 0.143 0.000000
0.143 0.144 0.000000
0.144 0.145 0.000000
0.145 0.146 0.000000
0.146 0.147 0.000000
0.147 0.148 0.000000
0.148 0.149 0.000000
0.149 0.150 0.000000
