1
0.000 0.001 0.000000
0.001 0.002 0.000000
0.002 0.003 0.000000
0.003 0.004 0.000000
0.004 0.005 0.000000
0.005 0.006 0.000000
0.006 0.007 0.000000
0.007 0.008 0.000000
0.008 0.009 0.000000
0.009 0.010 0.000000
0.010 0.011 0.000000
0.011 0.012 0.000000
0.012 0.013 0.000000
0.013 0.014 0.000000
0.014 0.015 0.000000
0.015 0.016 0.000000
0.016 0.017 0.000000
0.017 0.018 0.000000
0.018 0.019 0.000002
0.019 0.020 0.000013
0.020 0.021 0.000074
0.021 0.022 0.000312
0.022 0.023 0.001037
0.023 0.024 0.002853
0.024 0.025 0.006734
0.025 0.026 0.013958
0.026 0.027 0.025951
0.027 0.028 0.044282
0.028 0.029 0.070227
0.029 0.030 0.104235
0.030 0.031 0.146859
0.031 0.032 0.197026
0.032 0.033 0.253897
0.033 0.034 0.316038
0.034 0.035 0.382624
0.035 0.036 0.451383
0.036 0.037 0.518313
0.037 0.038 0.585655
0.038 0.039 0.652992
0.039 0.040 0.714425
0.040 0.041 0.770968
0.041 0.042 0.822876
0.042 0.043 0.867794
0.043 0.044 0.904548
0.044 0.045 0.933606
0.045 0.046 0.956887
0.046 0.047 0.976705
0.047 0.048 0.991997
0.048 0.049 0.995324
0.049 0.050 0.992541
0.050 0.051 0.987355
0.051 0.052 0.975853
0.052 0.053 0.966520
0.053 0.054 0.956788
0.054 0.055 0.937022
0.055 0.056 0.903926
0.056 0.057 0.872359
0.057 0.058 0.910458
0.058 0.059 1.000000
0.059 0.060 0.906956
0.060 0.061 0.748505
0.061 0.062 0.714371
0.062 0.063 0.676962
0.063 0.064 0.637318
0.064 0.065 0.591443
0.065 0.066 0.550375
0.066 0.067 0.566255
0.067 0.068 0.533154
0.068 0.069 0.445851
0.069 0.070 0.390989
0.070 0.071 0.333201
0.071 0.072 0.303508
0.072 0.073 0.265389
0.073 0.074 0.236179
0.074 0.075 0.206371
0.075 0.076 0.171017
0.076 0.077 0.147270
0.077 0.078 0.119353
0.078 0.079 0.086199
0.079 0.080 0.069154
0.080 0.081 0.053978
0.081 0.082 0.030315
0.082 0.083 0.019613
0.083 0.084 0.005678
0.084 0.085 0.000000
0.085 0.086 0.000000
0.086 0.087 0.000000
0.087 0.088 0.000000
0.088 0.089 0.000000
0.089 0.090 0.000000
0.090 0.091 0.000000
0.091 0.092 0.000000
0.092 0.093 0.000000
0.093 0.094 0.000000
0.094 0.095 0.000000
0.095 0.096 0.000000
0.096 0.097 0.000000
0.097 0.098 0.000000
0.098 0.099 0.000000
0.099 0.100 0.000000
0.100 0.101 0.000000
0.101 0.102 0.000000
0.102 0.103 0.000000
0.103 0.104 0.000000
0.104 0.105 0.000000
0.105 0.106 0.000000
0.106 0.107 0.000000
0.107 0.108 0.000000
0.108 0.109 0.000000
0.109 0.110 0.000000
0.110 0.111 0.000000
0.111 0.112 0.000000
0.112 0.113 0.000000
0.113 0.114 0.000000
0.114 0.115 0.000000
0.115 0.116 0.000000
0.116 0.117 0.000000
0.117 0.118 0.000000
0.118 0.119 0.000000
0.119 0.120 0.000000
0.120 0.121 0.000000
0.121 0.122 0.000000
0.122 0.123 0.000000
0.123 0.124 0.000000
0.124 0.125 0.000000
0.125 0.126 0.000000
0.126 0.127 0.000000
0.127 0.128 0.000000
0.128 0.129 0.000000
0.129 0.130 0.000000
0.130 0.131 0.000000
0.131 0.132 0.000000
0.132 0.133 0.000000
0.133 0.134 0.000000
0.134 0.135 0.000000
0.135 0.136 0.000000
0.136 0.137 0.000000
0.137 0.138 0.000000
0.138 0.139 0.000000
0.139 0.140 0.000000
0.140 0.141 0.000000
0.141 0.142 0.000000
0.142 0.143 0.000000
0.143 0.144 0.000000
0.144 0.145 0.000000
0.145 0.146 0.000000
0.146 0.147 0.000000
0.147 0.148 0.000000
0.148 0.149 0.000000
0.149 0.150 0.000000
